1757641186344 168.10167226072465 0
1757641186400 168.0680408283729 1
1757641186448 168.01760339436905 2
1757641186495 167.95877552243462 3
1757641186553 167.89576570287997 4
1757641186603 167.83067835402878 5
1757641186651 167.76456572429572 6
1757641186699 167.69795394362885 7
1757641186747 167.6311060743524 8
1757641186795 167.56415364287662 9
1757641186843 167.49716240712797 10
1757641186898 167.4301652406597 11
1757641186946 167.36317857480654 12
1757641186996 167.29621061978733 13
1757641187044 167.22926547526288 14
1757641187092 167.16234518561652 15
1757641187141 167.09545076759485 16
1757641187189 167.02858272412834 17
1757641187238 166.96174130124152 18
1757641187286 166.8949266165082 19
1757641187335 166.82813872327907 20
1757641187385 166.76137764279554 21
1757641187433 166.69464338024656 22
1757641187488 166.62793593279702 23
1757641187541 166.56125529360213 24
1757641187594 166.49460145381448 25
1757641187644 166.4279744035875 26
1757641187692 166.36137413257737 27
1757641187740 166.29480063019375 28
1757641187795 166.22825388572537 29
1757641187845 166.16173388840272 30
1757641187904 166.0952406274293 31
1757641187965 166.0287740919975 32
1757641188015 165.96233427129619 33
1757641188065 165.89592115451492 34
1757641188116 165.8295347308455 35
1757641188166 165.7631749894835 36
1757641188215 165.6968419196282 37
1757641188265 165.63053551048318 38
1757641188315 165.56425575125633 39
1757641188365 165.49800263115992 40
1757641188415 165.4317761394106 41
1757641188464 165.36557626522944 42
1757641188513 165.29940299784195 43
1757641188562 165.23325632647808 44
1757641188611 165.16713624037212 45
1757641188661 165.101042728763 46
1757641188710 165.03497578089377 47
1757641188759 164.96893538601216 48
1757641188808 164.90292153337015 49
1757641188858 164.83693421222426 50
1757641188907 164.77097341183534 51
1757641188956 164.70503912146873 52
1757641189009 164.63913133039412 53
1757641189058 164.5732500278856 54
1757641189107 164.5073952032218 55
1757641189157 164.44156684568554 56
1757641189206 164.37576494456422 57
1757641189255 164.30998948914961 58
1757641189304 164.24424046873784 59
1757641189354 164.1785178726295 60
1757641189404 164.11282169012946 61
1757641189454 164.04715191054714 62
1757641189504 163.98150852319625 63
1757641189560 163.91589151739495 64
1757641189611 163.8503008824657 65
1757641189662 163.78473660773548 66
1757641189717 163.7191986825355 67
1757641189826 163.65368709620157 68
1757641189883 163.58820183807364 69
1757641189942 163.52274289749622 70
1757641190003 163.45731026381813 71
1757641190057 163.3919039263926 72
1757641190108 163.3265238745771 73
1757641190159 163.26117009773373 74
1757641190212 163.19584258522872 75
1757641190263 163.13054132643282 76
1757641190314 163.065266310721 77
1757641190380 163.00001752747286 78
1757641190451 162.93479496607202 79
1757641190503 162.86959861590674 80
1757641190554 162.8044284663695 81
1757641190605 162.73928450685722 82
1757641190656 162.67416672677115 83
1757641190707 162.60907511551676 84
1757641190758 162.5440096625041 85
1757641190809 162.47897035714738 86
1757641190861 162.41395718886534 87
1757641190913 162.348970147081 88
1757641190964 162.28400922122154 89
1757641191016 162.21907440071874 90
1757641191067 162.15416567500867 91
1757641191116 162.0892830335316 92
1757641191167 162.0244264657323 93
1757641191218 161.9595959610598 94
1757641191269 161.89479150896742 95
1757641191319 161.83001309891293 96
1757641191370 161.76526072035838 97
1757641191421 161.7005343627701 98
1757641191472 161.6358340156188 99
1757641191522 161.57115966837952 100
1757641191578 161.50651131053158 101
1757641191629 161.44188893155865 102
1757641191681 161.3772925209487 103
1757641191731 161.3127220681941 104
1757641191782 161.24817756279148 105
1757641191832 161.18365899424168 106
1757641191883 161.11916635205006 107
1757641191934 161.05469962572607 108
1757641191985 160.99025880478368 109
1757641192040 160.92584387874106 110
1757641192090 160.86145483712065 111
1757641192141 160.79709166944926 112
1757641192192 160.732754365258 113
1757641192245 160.66844291408216 114
1757641192297 160.6041573054616 115
1757641192348 160.53989752894017 116
1757641192399 160.47566357406623 117
1757641192450 160.4114554303923 118
1757641192501 160.3472730874753 119
1757641192559 160.28311653487626 120
1757641192616 160.21898576216077 121
1757641192668 160.15488075889846 122
1757641192720 160.0908015146634 123
1757641192772 160.02674801903385 124
1757641192823 159.96272026159238 125
1757641192880 159.89871823192578 126
1757641192947 159.83474191962532 127
1757641193004 159.7707913142863 128
1757641193057 159.7068664055084 129
1757641193109 159.6429671828956 130
1757641193162 159.57909363605606 131
1757641193215 159.51524575460235 132
1757641193268 159.4514235281511 133
1757641193321 159.3876269463234 134
1757641193374 159.32385599874453 135
1757641193426 159.260110675044 136
1757641193479 159.19639096485557 137
1757641193531 159.1326968578173 138
1757641193589 159.06902834357152 139
1757641193644 159.0053854117648 140
1757641193697 158.9417680520479 141
1757641193749 158.87817625407587 142
1757641193801 158.81461000750807 143
1757641193852 158.751069302008 144
1757641193903 158.68755412724346 145
1757641193955 158.62406447288646 146
1757641194010 158.56060032861336 147
1757641194062 158.4971616841046 148
1757641194114 158.43374852904498 149
1757641194166 158.37036085312337 150
1757641194218 158.30699864603312 151
1757641194270 158.24366189747167 152
1757641194322 158.18035059714063 153
1757641194374 158.1170647347459 154
1757641194426 158.0538042999977 155
1757641194478 157.99056928261032 156
1757641194530 157.92735967230234 157
1757641194582 157.8641754587966 158
1757641194633 157.80101663182006 159
1757641194685 157.73788318110402 160
1757641194736 157.67477509638388 161
1757641194787 157.6116923673993 162
1757641194839 157.5486349838942 163
1757641194891 157.48560293561664 164
1757641194943 157.42259621231892 165
1757641194996 157.35961480375755 166
1757641195048 157.2966586996932 167
1757641195102 157.23372788989082 168
1757641195154 157.17082236411943 169
1757641195206 157.10794211215247 170
1757641195258 157.0450871237674 171
1757641195309 156.9822573887458 172
1757641195362 156.91945289687374 173
1757641195414 156.85667363794113 174
1757641195467 156.79391960174243 175
1757641195519 156.73119077807598 176
1757641195571 156.66848715674445 177
1757641195627 156.60580872755475 178
1757641195683 156.54315548031775 179
1757641195736 156.4805274048488 180
1757641195789 156.4179244909672 181
1757641195841 156.35534672849656 182
1757641195893 156.29279410726457 183
1757641195946 156.2302666171031 184
1757641195998 156.16776424784837 185
1757641196051 156.10528698934047 186
1757641196102 156.0428348314239 187
1757641196154 155.98040776394726 188
1757641196207 155.9180057767633 189
1757641196259 155.8556288597289 190
1757641196311 155.7932770027052 191
1757641196364 155.73095019555734 192
1757641196416 155.6686484281548 193
1757641196469 155.60637169037113 194
1757641196521 155.54411997208402 195
1757641196585 155.4818932631753 196
1757641196659 155.419691553531 197
1757641196714 155.35751483304136 198
1757641196768 155.29536309160056 199
1757641196822 155.23323631910722 200
1757641196876 155.17113450546378 201
1757641196930 155.10905764057708 202
1757641196983 155.04700571435797 203
1757641197036 154.98497871672146 204
1757641197089 154.92297663758674 205
1757641197142 154.86099946687713 206
1757641197196 154.79904719452 207
1757641197249 154.73711981044693 208
1757641197303 154.67521730459364 209
1757641197356 154.61333966689995 210
1757641197409 154.55148688730975 211
1757641197462 154.48965895577126 212
1757641197515 154.42785586223644 213
1757641197568 154.36607759666182 214
1757641197621 154.30432414900778 215
1757641197680 154.2425955092388 216
1757641197735 154.18089166732366 217
1757641197788 154.11921261323505 218
1757641197842 154.05755833694997 219
1757641197904 153.9959288284494 220
1757641197969 153.93432407771837 221
1757641198025 153.87274407474624 222
1757641198079 153.81118880952621 223
1757641198133 153.74965827205583 224
1757641198187 153.68815245233662 225
1757641198242 153.62667134037417 226
1757641198296 153.56521492617833 227
1757641198351 153.50378319976278 228
1757641198407 153.4423761511456 229
1757641198461 153.3809937703487 230
1757641198514 153.3196360473983 231
1757641198567 153.2583029723245 232
1757641198620 153.1969945351617 233
1757641198680 153.13571072594823 234
1757641198733 153.07445153472662 235
1757641198787 153.0132169515433 236
1757641198840 152.9520069664491 237
1757641198896 152.89082156949854 238
1757641198951 152.82966075075052 239
1757641199009 152.76852450026786 240
1757641199063 152.70741280811754 241
1757641199116 152.64632566437052 242
1757641199172 152.58526305910198 243
1757641199226 152.52422498239102 244
1757641199279 152.46321142432092 245
1757641199333 152.40222237497886 246
1757641199387 152.3412578244563 247
1757641199441 152.28031776284863 248
1757641199496 152.21940218025534 249
1757641199550 152.15851106677994 250
1757641199604 152.09764441253003 251
1757641199658 152.0368022076173 252
1757641199718 151.97598444215745 253
1757641199774 151.91519110627019 254
1757641199828 151.8544221900794 255
1757641199883 151.7936776837129 256
1757641199937 151.73295757730259 257
1757641199992 151.67226186098446 258
1757641200046 151.61159052489845 259
1757641200100 151.55094355918865 260
1757641200155 151.49032095400312 261
1757641200210 151.42972269949394 262
1757641200264 151.36914878581734 263
1757641200317 151.30859920313347 264
1757641200372 151.24807394160655 265
1757641200426 151.18757299140483 266
1757641200481 151.1270963427006 267
1757641200535 151.0666439856702 268
1757641200590 151.00621591049395 269
1757641200643 150.94581210735623 270
1757641200698 150.8854325664454 271
1757641200753 150.8250772779539 272
1757641200807 150.76474623207815 273
1757641200861 150.70443941901857 274
1757641200915 150.6441568289797 275
1757641200969 150.58389845216996 276
1757641201025 150.52366427880185 277
1757641201079 150.4634542990919 278
1757641201134 150.4032685032606 279
1757641201188 150.3431068815325 280
1757641201310 150.2829694241361 281
1757641201385 150.22285612130398 282
1757641201443 150.16276696327262 283
1757641201565 150.10270194028257 284
1757641201626 150.04266104257846 285
1757641201687 149.9826442604087 286
1757641201753 149.92265158402583 287
1757641201812 149.86268300368653 288
1757641201870 149.80273850965116 289
1757641201929 149.7428180921843 290
1757641201984 149.68292174155445 291
1757641202040 149.62304944803407 292
1757641202095 149.56320120189963 293
1757641202151 149.50337699343166 294
1757641202207 149.44357681291453 295
1757641202263 149.3838006506367 296
1757641202319 149.32404849689058 297
1757641202375 149.26432034197248 298
1757641202431 149.20461617618284 299
1757641202486 149.144935989826 300
1757641202541 149.0852797732102 301
1757641202607 149.02564751664775 302
1757641202664 148.9660392104549 303
1757641202720 148.90645484495184 304
1757641202776 148.84689441046277 305
1757641202831 148.7873578973158 306
1757641202890 148.72784529584303 307
1757641202959 148.6683565963806 308
1757641203016 148.60889178926848 309
1757641203073 148.54945086485066 310
1757641203129 148.49003381347507 311
1757641203185 148.43064062549365 312
1757641203242 148.37127129126222 313
1757641203299 148.31192580114052 314
1757641203355 148.25260414549234 315
1757641203411 148.19330631468543 316
1757641203466 148.13403229909136 317
1757641203521 148.07478208908574 318
1757641203577 148.01555567504806 319
1757641203632 147.95635304736192 320
1757641203689 147.89717419641454 321
1757641203745 147.83801911259735 322
1757641203806 147.77888778630566 323
1757641203862 147.71978020793867 324
1757641203919 147.66069636789953 325
1757641203975 147.60163625659524 326
1757641204031 147.54259986443694 327
1757641204086 147.48358718183948 328
1757641204142 147.42459819922175 329
1757641204198 147.3656329070065 330
1757641204254 147.30669129562054 331
1757641204309 147.24777335549436 332
1757641204365 147.18887907706258 333
1757641204420 147.1300084507637 334
1757641204476 147.07116146704007 335
1757641204532 147.01233811633801 336
1757641204587 146.95353838910768 337
1757641204644 146.89476227580323 338
1757641204699 146.8360097668827 339
1757641204755 146.77728085280805 340
1757641204811 146.7185755240451 341
1757641204867 146.65989377106357 342
1757641204923 146.60123558433713 343
1757641204978 146.54260095434338 344
1757641205034 146.48398987156372 345
1757641205092 146.42540232648355 346
1757641205148 146.36683830959205 347
1757641205205 146.30829781138246 348
1757641205261 146.24978082235174 349
1757641205316 146.1912873330008 350
1757641205372 146.13281733383457 351
1757641205429 146.07437081536162 352
1757641205485 146.0159477680946 353
1757641205542 145.95754818255003 354
1757641205598 145.89917204924822 355
1757641205654 145.84081935871342 356
1757641205711 145.7824901014737 357
1757641205767 145.7241842680612 358
1757641205841 145.66590184901165 359
1757641205900 145.60764283486486 360
1757641205962 145.5494072161645 361
1757641206020 145.491194983458 362
1757641206078 145.43300612729672 363
1757641206136 145.37484063823598 364
1757641206193 145.31669850683477 365
1757641206251 145.25857972365617 366
1757641206307 145.2004842792669 367
1757641206364 145.14241216423773 368
1757641206420 145.08436336914318 369
1757641206476 145.0263378845617 370
1757641206532 144.96833570107552 371
1757641206588 144.91035680927075 372
1757641206645 144.85240119973744 373
1757641206702 144.7944688630693 374
1757641206758 144.73655978986415 375
1757641206814 144.67867397072348 376
1757641206871 144.6208113962526 377
1757641206927 144.5629720570608 378
1757641206983 144.50515594376108 379
1757641207040 144.44736304697045 380
1757641207097 144.3895933573096 381
1757641207154 144.3318468654031 382
1757641207211 144.2741235618794 383
1757641207268 144.2164234373708 384
1757641207326 144.15874648251335 385
1757641207386 144.10109268794696 386
1757641207445 144.0434620443155 387
1757641207509 143.98585454226642 388
1757641207569 143.92827017245128 389
1757641207627 143.8707089255252 390
1757641207685 143.81317079214733 391
1757641207742 143.75565576298055 392
1757641207800 143.69816382869158 393
1757641207863 143.64069497995092 394
1757641207933 143.58324920743294 395
1757641207996 143.5258265018158 396
1757641208054 143.46842685378152 397
1757641208115 143.41105025401586 398
1757641208174 143.3536966932085 399
1757641208238 143.29636616205278 400
1757641208297 143.23905865124593 401
1757641208355 143.18177415148907 402
1757641208414 143.12451265348696 403
1757641208473 143.06727414794827 404
1757641208535 143.0100586255855 405
1757641208593 142.9528660771148 406
1757641208650 142.89569649325628 407
1757641208707 142.83854986473378 408
1757641208767 142.78142618227494 409
1757641208824 142.7243254366112 410
1757641208881 142.66724761847777 411
1757641208940 142.61019271861366 412
1757641208999 142.55316072776174 413
1757641209057 142.49615163666854 414
1757641209114 142.43916543608444 415
1757641209172 142.38220211676366 416
1757641209230 142.32526166946408 417
1757641209288 142.26834408494753 418
1757641209345 142.21144935397945 419
1757641209403 142.15457746732912 420
1757641209461 142.09772841576967 421
1757641209519 142.0409021900779 422
1757641209576 141.98409878103442 423
1757641209633 141.92731817942362 424
1757641209692 141.87056037603367 425
1757641209751 141.81382536165648 426
1757641209811 141.75711312708776 427
1757641209874 141.70042366312697 428
1757641209935 141.64375696057732 429
1757641209994 141.58711301024582 430
1757641210052 141.53049180294317 431
1757641210110 141.4738933294839 432
1757641210168 141.41731758068627 433
1757641210225 141.36076454737238 434
1757641210284 141.30423422036787 435
1757641210343 141.24772659050234 436
1757641210400 141.19124164860906 437
1757641210458 141.13477938552504 438
1757641210517 141.0783397920911 439
1757641210575 141.0219228591517 440
1757641210632 140.96552857755515 441
1757641210690 140.90915693815344 442
1757641210749 140.85280793180237 443
1757641210809 140.79648154936135 444
1757641210866 140.74017778169372 445
1757641210925 140.68389661966637 446
1757641210983 140.62763805414997 447
1757641211041 140.57140207601907 448
1757641211100 140.51518867615178 449
1757641211158 140.45899784543002 450
1757641211217 140.40282957473937 451
1757641211275 140.34668385496929 452
1757641211334 140.2905606770128 453
1757641211392 140.23446003176664 454
1757641211451 140.1783819101315 455
1757641211509 140.12232630301153 456
1757641211567 140.06629320131472 457
1757641211625 140.0102825959528 458
1757641211684 139.95429447784113 459
1757641211744 139.89832883789884 460
1757641211802 139.8423856670488 461
1757641211861 139.78646495621757 462
1757641211926 139.73056669633536 463
1757641211987 139.6746908783362 464
1757641212045 139.61883749315774 465
1757641212104 139.56300653174137 466
1757641212162 139.50719798503215 467
1757641212221 139.4514118439789 468
1757641212279 139.3956480995341 469
1757641212339 139.33990674265397 470
1757641212398 139.28418776429834 471
1757641212457 139.22849115543085 472
1757641212516 139.17281690701876 473
1757641212590 139.11716501003306 474
1757641212650 139.06153545544836 475
1757641212710 139.0059282342431 476
1757641212771 138.9503433373993 477
1757641212830 138.89478075590267 478
1757641212891 138.83924048074263 479
1757641212962 138.7837225029123 480
1757641213023 138.72822681340847 481
1757641213084 138.67275340323158 482
1757641213145 138.6173022633858 483
1757641213205 138.56187338487894 484
1757641213264 138.50646675872252 485
1757641213325 138.4510823759317 486
1757641213385 138.3957202275253 487
1757641213444 138.34038030452587 488
1757641213503 138.2850625979596 489
1757641213562 138.22976709885637 490
1757641213623 138.17449379824967 491
1757641213682 138.1192426871767 492
1757641213741 138.06401375667832 493
1757641213801 138.00880699779907 494
1757641213859 137.95362240158713 495
1757641213922 137.89845995909425 496
1757641213986 137.84331966137606 497
1757641214046 137.78820149949158 498
1757641214106 137.73310546450375 499
