1757644764441 0.013162828219674245 0
1757644764556 0.34597085055564186 1
1757644764661 0.11370009841240623 2
1757644764755 0.0011301133521362083 3
1757644764855 0.02143013556568242 4
1757644764963 0.02747335238291458 5
1757644765066 0.03896234011271013 6
1757644765161 0.008040809346687858 7
1757644765264 0.09553746569200564 8
1757644765362 0.017237406079084566 9
1757644765458 0.016098368626862355 10
1757644765555 0.07334143985587428 11
1757644765652 0.0002880883343439343 12
1757644765756 0.015076603659193962 13
1757644765853 0.10859755881135523 14
1757644765951 0.07827991857014356 15
1757644766047 0.017379719985914772 16
1757644766144 0.9251596124479189 17
1757644766240 0.04080419897781873 18
1757644766341 0.00020651845149854403 19
1757644766440 0.3718610103594413 20
1757644766538 0.042137151660659865 21
1757644766638 0.10051711979039804 22
1757644766736 0.08941927707090672 23
1757644766836 0.032332448731029174 24
1757644766942 0.002153621585508802 25
1757644767045 0.0003995078835136993 26
1757644767145 0.04689202238857954 27
1757644767245 0.013791255692381604 28
1757644767344 0.06626770667566831 29
1757644767443 0.1520916320058621 30
1757644767544 0.0059373883901053205 31
1757644767641 0.028613041624666238 32
1757644767737 0.00012185821762470142 33
1757644767838 0.23626488456689254 34
1757644767935 0.09113094906726521 35
1757644768031 0.00337130443372047 36
1757644768129 0.28652809603863416 37
1757644768226 0.013826414474631102 38
1757644768323 0.012290467391709083 39
1757644768422 0.1353311327335589 40
1757644768519 0.10065909122763225 41
1757644768614 0.05180665546722943 42
1757644768715 0.07902682551998517 43
1757644768826 0.20321429085207346 44
1757644768929 0.005315919137637048 45
1757644769034 0.08892495435102757 46
1757644769131 0.6387584215653823 47
1757644769228 0.008176776382072945 48
1757644769325 0.018297812016739176 49
1757644769421 0.08114345752686998 50
1757644769516 0.04573577871311704 51
1757644769615 0.17188007783116252 52
1757644769708 0.05037367120114846 53
1757644769808 0.02488535468049995 54
1757644769906 0.012759240417379625 55
1757644770002 0.03876653637757158 56
1757644770098 0.42133800946943417 57
1757644770192 0.06263492512361528 58
1757644770298 0.185577449171606 59
1757644770394 0.10354700718327228 60
1757644770488 0.02992434550864122 61
1757644770582 0.00021195943608216854 62
1757644770678 0.08397848761096069 63
1757644770773 1.0948579225859973 64
1757644770868 0.47836553037894236 65
1757644770962 0.0307415496382334 66
1757644771067 0.25137587757353547 67
1757644771162 0.018473836382430154 68
1757644771256 0.02819341992442859 69
1757644771350 0.205635024006072 70
1757644771445 0.04813928855848582 71
1757644771539 0.7863948281612141 72
1757644771633 0.0005379247687625026 73
1757644771728 0.0775106500195572 74
1757644771821 0.020515017703311326 75
1757644771918 0.0844265929026257 76
1757644772013 0.24410758181833553 77
1757644772107 0.28817717719753394 78
1757644772202 0.4402810162915705 79
1757644772298 0.04285214505288995 80
1757644772449 0.15556638188470118 81
1757644772552 0.022615149736341256 82
1757644772653 0.0014369099725607937 83
1757644772751 0.0015846083317675053 84
1757644772850 0.004433061459262104 85
1757644772944 0.12802547619376137 86
1757644773042 0.04967999084674177 87
1757644773141 0.0062893777114722115 88
1757644773236 0.027457627956711386 89
1757644773331 0.4452125068195917 90
1757644773426 0.08207241153798359 91
1757644773521 0.007090882831578347 92
1757644773615 0.0731749604277758 93
1757644773716 0.2632262547477151 94
1757644773844 0.0067783131674840165 95
1757644773943 0.10539991672209877 96
1757644774043 0.007713626078639447 97
1757644774141 0.16125129398131657 98
1757644774239 0.0024070977127466676 99
1757644774334 0.14445918963228424 100
1757644774429 0.0030648993693021456 101
1757644774522 0.017690056667140536 102
1757644774620 0.04490231051357745 103
1757644774735 0.003120336827930102 104
1757644774837 0.009087389909429252 105
1757644774988 0.12153361910471618 106
1757644775096 0.05252090373836138 107
1757644775194 0.015372043255975264 108
1757644775292 0.1269352233891101 109
1757644775391 0.023568064940075566 110
1757644775493 0.10286800646755122 111
1757644775592 0.03589331165885869 112
1757644775691 0.007020785627133808 113
1757644775789 0.18648210863033143 114
1757644775883 0.005423611262509947 115
1757644775989 0.002890611819018168 116
1757644776088 0.10251048591690412 117
1757644776183 0.011310323312283405 118
1757644776278 0.1271315553341306 119
1757644776373 0.025478297907034615 120
1757644776468 0.029694435365409652 121
1757644776563 0.10393827989094366 122
1757644776658 0.05454424724748321 123
1757644776766 0.00011820382233757329 124
1757644776864 0.11883368533940081 125
1757644776959 0.3548025781588273 126
1757644777056 0.5038386838637966 127
1757644777158 0.019877842664718932 128
1757644777254 0.033825096247732 129
1757644777349 0.1384250596838725 130
1757644777443 0.0988191863910992 131
1757644777539 0.013114264688792038 132
1757644777633 0.06886456165493499 133
1757644777727 0.053113327394657614 134
1757644777823 0.0017319380062486435 135
1757644777918 0.06776793643094604 136
1757644778014 1.0951860285877086 137
1757644778110 0.02982354302467732 138
1757644778205 0.002016654311152507 139
1757644778300 0.052301555738332416 140
1757644778396 0.0005287537353684806 141
1757644778491 0.009391421670806404 142
1757644778586 0.12518380655334102 143
1757644778681 0.0009176761000519808 144
1757644778790 0.007085922228466152 145
1757644778891 0.11451235202737249 146
1757644778991 0.05053783581398187 147
1757644779087 0.09209361850184687 148
1757644779189 0.02136684083275824 149
1757644779285 0.12077006187887081 150
1757644779384 0.39625182009836546 151
1757644779480 0.8370570909706202 152
1757644779576 0.05809580411466854 153
1757644779675 0.45846824276023135 154
1757644779772 0.2661550651654604 155
1757644779869 0.014281426201871172 156
1757644779965 0.01114954472658824 157
1757644780061 0.08974627814146761 158
1757644780157 0.0813516413407212 159
1757644780256 0.0012710692414325756 160
1757644780351 0.11308799275340384 161
1757644780447 0.034154388532616015 162
1757644780543 0.3993500078015185 163
1757644780639 0.001520656715523828 164
1757644780734 0.00011866621811173838 165
1757644780832 0.010773709861731842 166
1757644780928 2.5440111313422523e-05 167
1757644781024 0.002998453552475794 168
1757644781118 0.0026336472826531364 169
1757644781220 0.11195361990823155 170
1757644781317 0.0049761302283324585 171
1757644781415 0.1414960237855926 172
1757644781509 0.1776149756182006 173
1757644781604 0.345362412155666 174
1757644781698 0.0005741014209143166 175
1757644781793 0.005682151271802121 176
1757644781888 0.0028458188867083872 177
1757644781984 0.29294102940830036 178
1757644782078 0.9795860140088007 179
1757644782173 0.25313539187675566 180
1757644782268 0.03527138870755659 181
1757644782364 0.020152863176499166 182
1757644782460 0.03019286888492758 183
1757644782559 0.09376423563742094 184
1757644782655 0.5900697264903717 185
1757644782749 0.012692329946596265 186
1757644782844 0.11058731236776032 187
1757644782939 0.05329828818898143 188
1757644783035 0.9492117483901991 189
1757644783133 0.007693050723922475 190
1757644783237 0.0065164152097745 191
1757644783335 0.45788841318203644 192
1757644783434 0.11245783470737068 193
1757644783533 0.30278358631770325 194
1757644783635 0.13894128345431186 195
1757644783765 0.06729264065543297 196
1757644783873 0.07874459553519458 197
1757644783970 0.013335696978736784 198
1757644784067 0.013893538706339775 199
1757644784163 0.009147437970277034 200
1757644784259 0.19978636765916188 201
1757644784357 0.09541560296518324 202
1757644784452 0.32471694175257826 203
1757644784547 0.05320831412416206 204
1757644784642 0.01988527368786315 205
1757644784737 0.00421956250185708 206
1757644784834 0.04951176383372005 207
1757644784931 0.004773235265768281 208
1757644785031 0.14074856685820994 209
1757644785130 0.1767703387530229 210
1757644785232 0.010190164918209373 211
1757644785329 0.35020969071095154 212
1757644785425 0.06255963149067767 213
1757644785522 0.03313732808778577 214
1757644785823 0.006876990212917315 215
1757644785946 0.09342184491498969 216
1757644786079 0.031619728032252985 217
1757644786194 0.05525504618622658 218
1757644786297 0.055268405270921604 219
1757644786397 0.004147272133587629 220
1757644786497 0.0024024420950094667 221
1757644786596 0.17652272673260927 222
1757644786695 0.14866917018669487 223
1757644786794 0.3155668921858911 224
1757644786891 0.019946132186535508 225
1757644786990 0.42299618814718404 226
1757644787087 0.13445982686438576 227
1757644787184 0.16996531817815205 228
1757644787293 0.11906475352730829 229
1757644787397 0.19195082775957925 230
1757644787495 0.021758304769100904 231
1757644787592 0.3957397357468083 232
1757644787691 0.3372110752481514 233
1757644787788 0.01014067750697725 234
1757644787885 0.04145318221191741 235
1757644787982 0.020644647522341988 236
1757644788085 0.006227562899886131 237
1757644788188 0.15652571225880274 238
1757644788291 0.057633988812245275 239
1757644788389 0.0001527105480848007 240
1757644788486 0.6856020024240371 241
1757644788582 0.1490391825538248 242
1757644788678 0.4473667420325536 243
1757644788800 0.00047852924958615735 244
1757644788899 0.004197445445849015 245
1757644788998 0.0036227010965702707 246
1757644789096 0.11683740413439932 247
1757644789194 0.0004140728854515734 248
1757644789300 0.00915122362461343 249
1757644789402 0.0007456996422256831 250
1757644789500 0.012276727944009183 251
1757644789597 1.1164176341488651e-05 252
1757644789695 0.2651521716814264 253
1757644789797 0.03453848781141466 254
1757644789897 0.39349432343103136 255
1757644789993 0.026224376634026308 256
1757644790094 0.0026559115412005973 257
1757644790193 0.10464153986685937 258
1757644790290 0.009062176578366695 259
1757644790385 0.1460707718322291 260
1757644790484 0.15117565999636112 261
1757644790583 0.16293057267277725 262
1757644790717 0.0052609968056554456 263
1757644790816 0.0463405796432333 264
1757644790914 0.009624758035566824 265
1757644791011 0.007659545438143433 266
1757644791108 0.03098011285662036 267
1757644791206 0.01388249872774123 268
1757644791303 0.001671032126615889 269
1757644791408 0.1363721521960468 270
1757644791504 0.01657450842575265 271
1757644791601 0.0028818163872448123 272
1757644791698 0.01257105132689056 273
1757644791795 0.8238583614151498 274
1757644791895 0.1567063629149555 275
1757644791996 0.17261817315049238 276
1757644792097 0.025975226731732384 277
1757644792198 0.061346568479721496 278
1757644792304 0.026340453470276765 279
1757644792410 0.2623566980407594 280
1757644792517 0.3936648529881862 281
1757644792620 0.03040931634246499 282
1757644792726 0.038537256938582266 283
1757644792829 3.966618865387478e-05 284
1757644792932 0.022663734784534078 285
1757644793034 0.00015028885025113498 286
1757644793135 0.04593799760507932 287
1757644793237 0.005083289363478176 288
1757644793340 0.5567672331577185 289
1757644793451 0.08851728348895897 290
1757644793553 0.2615384230480067 291
1757644793656 0.5043290224124646 292
1757644793775 0.11837563507359562 293
1757644793880 0.0013247959490454494 294
1757644793984 0.01599053009159127 295
1757644794087 0.014108167766096118 296
1757644794189 0.06617241004841262 297
1757644794291 0.037874104936758676 298
1757644794394 0.004931169015083843 299
1757644794496 0.13947060766439845 300
1757644794598 0.28907894334625045 301
1757644794701 0.009643471552219823 302
1757644794807 0.16948733420080697 303
1757644794910 0.03536320125982775 304
1757644795012 0.012504369236142746 305
1757644795114 0.19307357734202496 306
1757644795219 0.2202160461748553 307
1757644795321 0.0027476760159439555 308
1757644795434 0.07457188203054826 309
1757644795542 0.0008889801222265003 310
1757644795700 0.5913347186708848 311
1757644795808 0.2276527251875327 312
1757644795911 0.08677984739136359 313
1757644796013 0.013567624801876342 314
1757644796115 0.8647246552175779 315
1757644796217 0.01502994212451534 316
1757644796320 0.013654329393431839 317
1757644796422 1.7272036086422238e-05 318
1757644796526 0.34478263137441995 319
1757644796629 0.05666053422830102 320
1757644796731 0.3731548650013369 321
1757644796834 0.2964556167355663 322
1757644796937 0.029800725878933895 323
1757644797042 0.17624954025184705 324
1757644797144 0.002862744686563185 325
1757644797247 0.23187335051477484 326
1757644797350 0.03693773512240791 327
1757644797458 0.075824468641047 328
1757644797562 0.033474754499265305 329
1757644797664 4.649606233037057e-05 330
1757644797767 0.48050855062908165 331
1757644797869 0.008755828223780321 332
1757644797972 0.03656189654341563 333
1757644798075 0.30383151148566473 334
1757644798179 0.004007114362866932 335
1757644798281 0.18420437044959895 336
1757644798384 0.2113456523711935 337
1757644798487 0.0699241161988541 338
1757644798590 0.006155894480998669 339
1757644798692 0.032337837310561036 340
1757644798810 0.09608215406161374 341
1757644798913 0.7581956070967961 342
1757644799020 0.0009401655556051038 343
1757644799122 0.17340718392229929 344
1757644799225 0.002785372367776838 345
1757644799328 0.013505783869243122 346
1757644799431 0.031168597716141704 347
1757644799539 0.020424358143874673 348
1757644799642 0.001819733549295615 349
1757644799745 0.03828831229371028 350
1757644799851 0.1905597965471131 351
1757644799954 0.07683968434292975 352
1757644800062 0.003471657365996334 353
1757644800164 0.010785397213700417 354
1757644800266 0.3087675296301659 355
1757644800369 0.018739984665505163 356
1757644800476 0.12323446563843245 357
1757644800579 0.00442911449673677 358
1757644800682 0.023998240939197925 359
1757644800788 0.2588982420205263 360
1757644800891 0.02525115305301847 361
1757644800995 0.003074656941674583 362
1757644801100 0.2981856409799219 363
1757644801204 0.0006315982313946667 364
1757644801308 0.028795002548519324 365
1757644801411 0.0003054693793260632 366
1757644801517 0.020062259554506315 367
1757644801624 0.024314004153897964 368
1757644801728 0.2610327123904404 369
1757644801831 0.18466072511577927 370
1757644801934 0.054549269551603406 371
1757644802037 0.08129988788755693 372
1757644802141 0.06487046445847201 373
1757644802244 0.20498906811577292 374
1757644802348 0.002257732925132676 375
1757644802452 0.06895386906009682 376
1757644802555 0.09612255512234882 377
1757644802659 0.009703539458241033 378
1757644802763 0.014714820331721938 379
1757644802866 0.010312440028546699 380
1757644802969 0.13846021231011862 381
1757644803073 0.06525385085658683 382
1757644803177 0.01832501509825967 383
1757644803281 0.07547833790219184 384
1757644803384 0.00022031734030114922 385
1757644803488 0.4407160262611845 386
1757644803595 5.996170672833244e-06 387
1757644803699 0.5291825884264377 388
1757644803830 0.09117725807824753 389
1757644803935 0.2165285770008452 390
1757644804040 0.1721852087823058 391
1757644804144 0.0010345152628550164 392
1757644804248 0.016592788142436032 393
1757644804351 0.03501112405631739 394
1757644804454 0.13017522810579105 395
1757644804558 0.7432044768024159 396
1757644804662 0.2748405678576979 397
1757644804768 0.002027379109005791 398
1757644804874 0.42387196562195983 399
1757644804978 0.031440422042544026 400
1757644805083 0.009448940178826817 401
1757644805188 0.0373230063251613 402
1757644805291 0.1052511480756422 403
1757644805396 0.0007700630397821853 404
1757644805502 0.11711767216861885 405
1757644805610 0.07710160546614257 406
1757644805716 0.15712875822506298 407
1757644805828 0.3665337654000082 408
1757644805937 0.0018927076500707153 409
1757644806047 0.028412256772787546 410
1757644806152 0.12443590129978256 411
1757644806257 0.0005370060522809917 412
1757644806361 0.012699086411937607 413
1757644806465 0.010496915520183486 414
1757644806570 0.20583859908534166 415
1757644806675 0.00983760914060076 416
1757644806780 2.1556807993341986e-07 417
1757644806884 0.03776184196028514 418
1757644806988 0.3924325375560179 419
1757644807094 0.0008461790672218143 420
1757644807198 0.0002388286861699819 421
1757644807303 0.057286395245369166 422
1757644807408 0.020637196876106434 423
1757644807514 0.2262735488443576 424
1757644807622 0.8702732970081144 425
1757644807729 0.046640806182717556 426
1757644807833 0.048347012729400986 427
1757644807938 0.13687152800190364 428
1757644808043 0.1594972968083371 429
1757644808151 2.586194460696339e-05 430
1757644808255 0.1191165141189618 431
1757644808360 0.018000519250848605 432
1757644808465 0.39215534487251685 433
1757644808570 0.7063970139763273 434
1757644808675 0.06603273375137063 435
1757644808791 0.1798841977965805 436
1757644808896 0.0006645220037090582 437
1757644809002 0.07357962878288028 438
1757644809158 0.039049316637968436 439
1757644809268 0.003748460866069841 440
1757644809373 0.14302753271817384 441
1757644809478 0.0048084347761760534 442
1757644809583 0.05461308136271044 443
1757644809693 0.2623981390363852 444
1757644809801 0.35476267175358417 445
1757644809907 0.08263507540741996 446
1757644810011 0.022914808749747658 447
1757644810116 0.14208390588017755 448
1757644810221 0.22291845779561917 449
1757644810326 0.003700205232618232 450
1757644810431 0.43451469847600527 451
1757644810536 0.06983007942572131 452
1757644810642 0.38432913256618023 453
1757644810752 0.007680223702974675 454
1757644810858 0.037984626521147355 455
1757644810964 0.17360904311112638 456
1757644811072 3.510254257956065e-05 457
1757644811178 0.10517973069400273 458
1757644811284 0.15930139131021914 459
1757644811390 0.1769978942005462 460
1757644811495 0.044688229030955665 461
1757644811600 0.1766631933850473 462
1757644811710 0.04042754109197505 463
1757644811817 0.0015658423389649325 464
1757644811923 0.07695156710191653 465
1757644812029 0.02353286238001888 466
1757644812135 0.13078360751785256 467
1757644812240 0.002664945598973853 468
1757644812346 0.012642765377702411 469
1757644812452 1.2401860661807662 470
1757644812559 0.004081080968754126 471
1757644812665 0.210753679628238 472
1757644812771 0.13127473799799697 473
1757644812878 0.19379488830583785 474
1757644812984 0.019326993470651893 475
1757644813091 0.016384319793450477 476
1757644813196 0.0010438021545206768 477
1757644813303 0.0004516608633867753 478
1757644813408 0.22255396407356856 479
1757644813516 0.04980853261805109 480
1757644813622 0.088828645582177 481
1757644813746 0.13308436541593008 482
1757644813879 0.01148936569465604 483
1757644813985 0.026035012901686895 484
1757644814092 0.11377893203566451 485
1757644814199 3.566503774472219e-06 486
1757644814306 0.07121075212581028 487
1757644814412 0.04041192921664763 488
1757644814518 0.01306467524303685 489
1757644814625 0.8311677795299461 490
1757644814731 0.11647616734627242 491
1757644814840 0.15229556835275218 492
1757644814949 0.10670510953882603 493
1757644815055 0.03524351201210245 494
1757644815162 0.0022428058244868794 495
1757644815268 0.09352929360727953 496
1757644815442 0.01259173102066101 497
1757644815553 0.05033862533537058 498
1757644815663 0.3043898390530158 499
