1757642550469 172.81613844080746 0
1757642550523 172.78155136595808 1
1757642550576 172.74697122824352 2
1757642550629 172.71239802626965 3
1757642550684 172.67783175864244 4
1757642550738 172.64327242396823 5
1757642550792 172.6087200208537 6
1757642550844 172.57417454790564 7
1757642550897 172.53963600373123 8
1757642550950 172.50510438693797 9
1757642551006 172.47057969613354 10
1757642551059 172.43606192992604 11
1757642551111 172.40155108692363 12
1757642551164 172.367047165735 13
1757642551218 172.33255016496898 14
1757642551271 172.2980600832346 15
1757642551323 172.2635769191414 16
1757642551375 172.22910067129905 17
1757642551429 172.19463133831746 18
1757642551480 172.16016891880696 19
1757642551533 172.12571341137803 20
1757642551593 172.09126481464153 21
1757642551647 172.05682312720853 22
1757642551704 172.0223883476904 23
1757642551758 171.98796047469884 24
1757642551814 171.95353950684571 25
1757642551868 171.91912544274328 26
1757642551923 171.88471828100398 27
1757642551977 171.8503180202407 28
1757642552031 171.8159246590664 29
1757642552085 171.78153819609446 30
1757642552137 171.74715862993844 31
1757642552189 171.7127859592123 32
1757642552241 171.67842018253017 33
1757642552296 171.64406129850653 34
1757642552350 171.60970930575607 35
1757642552403 171.57536420289384 36
1757642552457 171.5410259885351 37
1757642552511 171.50669466129543 38
1757642552565 171.4723702197907 39
1757642552618 171.438052662637 40
1757642552671 171.40374198845072 41
1757642552726 171.36943819584863 42
1757642552779 171.33514128344763 43
1757642552832 171.3008512498649 44
1757642552885 171.26656809371812 45
1757642552941 171.23229181362495 46
1757642553006 171.19802240820357 47
1757642553061 171.16375987607225 48
1757642553117 171.12950421584966 49
1757642553174 171.09525542615472 50
1757642553243 171.06101350560667 51
1757642553299 171.02677845282486 52
1757642553354 170.99255026642916 53
1757642553409 170.9583289450395 54
1757642553464 170.92411448727628 55
1757642553519 170.88990689176003 56
1757642553576 170.8557061571116 57
1757642553636 170.82151228195215 58
1757642553691 170.7873252649031 59
1757642553747 170.75314510458617 60
1757642553802 170.71897179962326 61
1757642553857 170.68480534863667 62
1757642553913 170.65064575024897 63
1757642553968 170.61649300308287 64
1757642554025 170.58234710576153 65
1757642554080 170.5482080569083 66
1757642554136 170.51407585514679 67
1757642554191 170.47995049910094 68
1757642554247 170.44583198739497 69
1757642554304 170.4117203186533 70
1757642554360 170.37761549150068 71
1757642554415 170.3435175045622 72
1757642554470 170.3094263564631 73
1757642554525 170.27534204582898 74
1757642554579 170.24126457128568 75
1757642554633 170.2071939314594 76
1757642554688 170.17313012497647 77
1757642554743 170.13907315046364 78
1757642554797 170.1050230065478 79
1757642554852 170.0709796918563 80
1757642554906 170.0369432050166 81
1757642554963 170.00291354465642 82
1757642555019 169.968890709404 83
1757642555074 169.93487469788755 84
1757642555128 169.90086550873573 85
1757642555184 169.8668631405775 86
1757642555239 169.832867592042 87
1757642555295 169.79887886175865 88
1757642555357 169.7648969483572 89
1757642555413 169.73092185046764 90
1757642555470 169.69695356672034 91
1757642555526 169.66299209574575 92
1757642555583 169.6290374361748 93
1757642555644 169.5950895866385 94
1757642555701 169.5611485457683 95
1757642555757 169.5272143121959 96
1757642555812 169.49328688455316 97
1757642555868 169.45936626147238 98
1757642555923 169.42545244158592 99
1757642555978 169.39154542352668 100
1757642556033 169.35764520592764 101
1757642556088 169.3237517874221 102
1757642556143 169.28986516664372 103
1757642556197 169.25598534222632 104
1757642556252 169.22211231280403 105
1757642556308 169.1882460770113 106
1757642556364 169.15438663348283 107
1757642556420 169.12053398085354 108
1757642556475 169.08668811775874 109
1757642556529 169.05284904283388 110
1757642556585 169.0190167547148 111
1757642556642 168.98519125203762 112
1757642556697 168.9513725334386 113
1757642556753 168.91756059755437 114
1757642556809 168.88375544302184 115
1757642556863 168.8499570684782 116
1757642556918 168.81616547256087 117
1757642556974 168.78238065390758 118
1757642557031 168.74860261115631 119
1757642557086 168.71483134294536 120
1757642557147 168.68106684791323 121
1757642557204 168.64730912469878 122
1757642557259 168.61355817194104 123
1757642557315 168.57981398827945 124
1757642557375 168.5460765723536 125
1757642557432 168.5123459228034 126
1757642557487 168.4786220382691 127
1757642557542 168.44490491739109 128
1757642557600 168.41119455881014 129
1757642557661 168.37749096116724 130
1757642557735 168.34379412310372 131
1757642557793 168.31010404326108 132
1757642557851 168.2764207202812 133
1757642557908 168.24274415280615 134
1757642557965 168.20907433947835 135
1757642558022 168.17541127894043 136
1757642558080 168.1417549698353 137
1757642558135 168.10810541080622 138
1757642558196 168.07446260049653 139
1757642558269 168.04082653755017 140
1757642558327 168.00719722061103 141
1757642558385 167.9735746483234 142
1757642558443 167.9399588193319 143
1757642558500 167.90634973228134 144
1757642558558 167.87274738581687 145
1757642558615 167.83915177858387 146
1757642558673 167.80556290922794 147
1757642558730 167.77198077639505 148
1757642558788 167.73840537873147 149
1757642558844 167.70483671488358 150
1757642558900 167.6712747834982 151
1757642558958 167.63771958322232 152
1757642559014 167.60417111270326 153
1757642559070 167.57062937058853 154
1757642559127 167.53709435552605 155
1757642559184 167.50356606616393 156
1757642559240 167.47004450115048 157
1757642559299 167.43652965913444 158
1757642559355 167.4030215387647 159
1757642559413 167.3695201386905 160
1757642559469 167.33602545756125 161
1757642559525 167.30253749402678 162
1757642559582 167.26905624673705 163
1757642559639 167.23558171434243 164
1757642559700 167.2021138954934 165
1757642559760 167.16865278884083 166
1757642559818 167.13519839303584 167
1757642559875 167.1017507067298 168
1757642559932 167.0683097285744 169
1757642559989 167.03487545722152 170
1757642560046 167.00144789132338 171
1757642560102 166.96802702953238 172
1757642560159 166.9346128705014 173
1757642560216 166.90120541288331 174
1757642560273 166.86780465533147 175
1757642560331 166.83441059649945 176
1757642560387 166.80102323504101 177
1757642560445 166.76764256961027 178
1757642560502 166.73426859886166 179
1757642560560 166.70090132144978 180
1757642560617 166.6675407360295 181
1757642560757 166.63418684125605 182
1757642560823 166.60083963578487 183
1757642560884 166.56749911827166 184
1757642560946 166.53416528737247 185
1757642561007 166.50083814174351 186
1757642561065 166.46751768004134 187
1757642561125 166.4342039009228 188
1757642561183 166.40089680304496 189
1757642561241 166.36759638506513 190
1757642561299 166.33430264564092 191
1757642561435 166.30101558343029 192
1757642561502 166.26773519709135 193
1757642561564 166.23446148528254 194
1757642561628 166.20119444666253 195
1757642561689 166.1679340798904 196
1757642561757 166.13468038362527 197
1757642561817 166.10143335652674 198
1757642561879 166.06819299725453 199
1757642561937 166.03495930446874 200
1757642561997 166.00173227682967 201
1757642562055 165.9685119129979 202
1757642562113 165.93529821163435 203
1757642562173 165.9020911714001 204
1757642562231 165.86889079095656 205
1757642562292 165.83569706896543 206
1757642562352 165.8025100040886 207
1757642562412 165.7693295949883 208
1757642562471 165.7361558403271 209
1757642562531 165.70298873876766 210
1757642562589 165.669828288973 211
1757642562647 165.63667448960646 212
1757642562705 165.60352733933155 213
1757642562764 165.57038683681213 214
1757642562822 165.5372529807123 215
1757642562881 165.50412576969646 216
1757642562938 165.47100520242915 217
1757642563010 165.43789127757537 218
1757642563070 165.40478399380024 219
1757642563130 165.37168334976926 220
1757642563194 165.3385893441481 221
1757642563265 165.3055019756027 222
1757642563324 165.27242124279942 223
1757642563383 165.23934714440472 224
1757642563443 165.2062796790854 225
1757642563504 165.17321884550847 226
1757642563562 165.14016464234138 227
1757642563622 165.10711706825157 228
1757642563682 165.074076121907 229
1757642563742 165.04104180197575 230
1757642563807 165.00801410712634 231
1757642563867 164.97499303602729 232
1757642563926 164.9419785873476 233
1757642563986 164.9089707597565 234
1757642564046 164.87596955192342 235
1757642564106 164.84297496251813 236
1757642564165 164.80998699021063 237
1757642564223 164.7770056336712 238
1757642564283 164.7440308915704 239
1757642564343 164.711062762579 240
1757642564402 164.6781012453681 241
1757642564460 164.64514633860912 242
1757642564520 164.6121980409736 243
1757642564579 164.57925635113344 244
1757642564637 164.54632126776082 245
1757642564695 164.51339278952813 246
1757642564753 164.48047091510807 247
1757642564811 164.4475556431736 248
1757642564869 164.41464697239795 249
1757642564928 164.38174490145457 250
1757642564987 164.3488494290173 251
1757642565046 164.31596055376008 252
1757642565104 164.28307827435722 253
1757642565163 164.25020258948337 254
1757642565223 164.21733349781326 255
1757642565281 164.184470998022 256
1757642565339 164.15161508878495 257
1757642565399 164.11876576877776 258
1757642565457 164.08592303667635 259
1757642565517 164.05308689115682 260
1757642565577 164.02025733089565 261
1757642565636 163.9874343545695 262
1757642565695 163.95461796085533 263
1757642565769 163.92180814843042 264
1757642565849 163.88900491597227 265
1757642565914 163.85620826215856 266
1757642565975 163.82341818566735 267
1757642566036 163.790634685177 268
1757642566097 163.75785775936598 269
1757642566156 163.72508740691316 270
1757642566217 163.69232362649765 271
1757642566278 163.65956641679884 272
1757642566339 163.62681577649627 273
1757642566400 163.5940717042699 274
1757642566461 163.56133419879984 275
1757642566521 163.52860325876654 276
1757642566581 163.49587888285072 277
1757642566641 163.4631610697333 278
1757642566702 163.4304498180955 279
1757642566762 163.39774512661884 280
1757642566823 163.36504699398503 281
1757642566884 163.33235541887615 282
1757642566943 163.29967039997442 283
1757642567002 163.26699193596247 284
1757642567061 163.234320025523 285
1757642567122 163.20165466733923 286
1757642567187 163.1689958600944 287
1757642567246 163.13634360247218 288
1757642567306 163.10369789315644 289
1757642567366 163.0710587308313 290
1757642567435 163.03842611418122 291
1757642567496 163.0058000418908 292
1757642567557 162.97318051264506 293
1757642567616 162.9405675251291 294
1757642567678 162.9079610780285 295
1757642567738 162.87536117002895 296
1757642567798 162.84276779981641 297
1757642567862 162.81018096607724 298
1757642567924 162.7776006674979 299
1757642567985 162.74502690276512 300
1757642568046 162.71245967056606 301
1757642568104 162.67989896958807 302
1757642568163 162.64734479851862 303
1757642568236 162.61479715604563 304
1757642568302 162.58225604085723 305
1757642568364 162.54972145164177 306
1757642568425 162.51719338708793 307
1757642568486 162.48467184588458 308
1757642568548 162.45215682672088 309
1757642568608 162.4196483282863 310
1757642568669 162.3871463492706 311
1757642568730 162.35465088836364 312
1757642568792 162.32216194425573 313
1757642568853 162.28967951563726 314
1757642568913 162.25720360119908 315
1757642568973 162.22473419963222 316
1757642569034 162.19227130962793 317
1757642569094 162.15981492987774 318
1757642569154 162.12736505907353 319
1757642569213 162.09492169590726 320
1757642569276 162.06248483907143 321
1757642569337 162.03005448725847 322
1757642569396 161.9976306391614 323
1757642569456 161.96521329347325 324
1757642569517 161.9328024488875 325
1757642569578 161.90039810409772 326
1757642569638 161.8680002577979 327
1757642569699 161.83560890868216 328
1757642569761 161.80322405544499 329
1757642569823 161.7708456967811 330
1757642569888 161.73847383138548 331
1757642569951 161.7061084579533 332
1757642570012 161.67374957518012 333
1757642570072 161.64139718176168 334
1757642570133 161.60905127639404 335
1757642570193 161.57671185777343 336
1757642570253 161.5443789245964 337
1757642570315 161.51205247555987 338
1757642570376 161.4797325093608 339
1757642570435 161.44741902469653 340
1757642570522 161.41511202026476 341
1757642570586 161.38281149476327 342
1757642570647 161.3505174468902 343
1757642570709 161.31822987534395 344
1757642570772 161.28594877882318 345
1757642570835 161.2536741560268 346
1757642570898 161.22140600565396 347
1757642570960 161.18914432640412 348
1757642571022 161.156889116977 349
1757642571083 161.1246403760725 350
1757642571143 161.0923981023909 351
1757642571203 161.06016229463265 352
1757642571265 161.02793295149854 353
1757642571325 160.9957100716896 354
1757642571384 160.963493653907 355
1757642571446 160.9312836968523 356
1757642571507 160.89908019922734 357
1757642571567 160.8668831597342 358
1757642571629 160.83469257707515 359
1757642571690 160.8025084499527 360
1757642571751 160.7703307770699 361
1757642571811 160.73815955712965 362
1757642571874 160.7059947888354 363
1757642571942 160.67383647089073 364
1757642572005 160.6416846019996 365
1757642572066 160.60953918086608 366
1757642572127 160.57740020619465 367
1757642572188 160.54526767668995 368
1757642572248 160.51314159105686 369
1757642572310 160.48102194800066 370
1757642572372 160.4489087462267 371
1757642572433 160.4168019844408 372
1757642572495 160.38470166134888 373
1757642572557 160.3526077756572 374
1757642572617 160.32052032607223 375
1757642572677 160.28843931130075 376
1757642572740 160.25636473004974 377
1757642572801 160.22429658102652 378
1757642572862 160.19223486293862 379
1757642572923 160.1601795744938 380
1757642572997 160.12813071440016 381
1757642573060 160.09608828136604 382
1757642573122 160.06405227409994 383
1757642573189 160.03202269131083 384
1757642573264 159.99999953170766 385
1757642573327 159.96798279399988 386
1757642573392 159.9359724768971 387
1757642573457 159.9039685791092 388
1757642573520 159.8719710993463 389
1757642573584 159.83998003631885 390
1757642573647 159.80799538873742 391
1757642573710 159.77601715531304 392
1757642573773 159.74404533475683 393
1757642573835 159.71207992578024 394
1757642573896 159.68012092709495 395
1757642573962 159.64816833741295 396
1757642574028 159.61622215544645 397
1757642574093 159.58428237990793 398
1757642574154 159.55234900951012 399
1757642574215 159.52042204296603 400
1757642574279 159.48850147898892 401
1757642574342 159.45658731629226 402
1757642574404 159.42467955358987 403
1757642574471 159.39277818959582 404
1757642574535 159.3608832230243 405
1757642574598 159.32899465258996 406
1757642574663 159.29711247700757 407
1757642574727 159.2652366949922 408
1757642574789 159.2333673052592 409
1757642574851 159.20150430652413 410
1757642574913 159.16964769750288 411
1757642574976 159.13779747691152 412
1757642575039 159.10595364346642 413
1757642575101 159.07411619588416 414
1757642575163 159.04228513288177 415
1757642575225 159.01046045317622 416
1757642575286 158.97864215548503 417
1757642575349 158.94683023852576 418
1757642575411 158.91502470101642 419
1757642575473 158.8832255416751 420
1757642575539 158.85143275922033 421
1757642575602 158.8196463523707 422
1757642575664 158.78786631984525 423
1757642575726 158.75609266036312 424
1757642575788 158.7243253726438 425
1757642575849 158.69256445540702 426
1757642575911 158.66080990737277 427
1757642575978 158.62906172726125 428
1757642576045 158.59731991379303 429
1757642576108 158.5655844656888 430
1757642576173 158.53385538166958 431
1757642576235 158.50213266045668 432
1757642576297 158.4704163007716 433
1757642576358 158.43870630133614 434
1757642576421 158.40700266087234 435
1757642576482 158.37530537810247 436
1757642576543 158.34361445174915 437
1757642576607 158.31192988053516 438
1757642576670 158.28025166318355 439
1757642576732 158.24857979841772 440
1757642576794 158.21691428496123 441
1757642576856 158.1852551215379 442
1757642576920 158.15360230687182 443
1757642576982 158.12195583968744 444
1757642577045 158.09031571870926 445
1757642577106 158.05868194266228 446
1757642577168 158.0270545102715 447
1757642577233 157.9954334202624 448
1757642577295 157.9638186713606 449
1757642577359 157.932210262292 450
1757642577422 157.90060819178277 451
1757642577484 157.8690124585593 452
1757642577547 157.8374230613483 453
1757642577616 157.8058399988766 454
1757642577680 157.77426326987154 455
1757642577741 157.74269287306043 456
1757642577803 157.71112880717106 457
1757642577870 157.67957107093133 458
1757642577933 157.64801966306942 459
1757642577997 157.6164745823139 460
1757642578066 157.58493582739342 461
1757642578133 157.553403397037 462
1757642578204 157.52187728997384 463
1757642578278 157.4903575049334 464
1757642578343 157.4588440406455 465
1757642578409 157.42733689584014 466
1757642578474 157.39583606924757 467
1757642578540 157.36434155959824 468
1757642578607 157.332853365623 469
1757642578672 157.30137148605283 470
1757642578736 157.26989591961902 471
1757642578799 157.23842666505317 472
1757642578861 157.206963721087 473
1757642578925 157.1755070864526 474
1757642579017 157.14405675988226 475
1757642579079 157.11261274010852 476
1757642579142 157.08117502586424 477
1757642579207 157.04974361588248 478
1757642579272 157.01831850889656 479
1757642579335 156.98689970364 480
1757642579398 156.95548719884673 481
1757642579461 156.92408099325084 482
1757642579525 156.89268108558664 483
1757642579588 156.86128747458872 484
1757642579652 156.829900158992 485
1757642579715 156.79851913753149 486
1757642579779 156.76714440894264 487
1757642579851 156.73577597196103 488
1757642579914 156.7044138253226 489
1757642579978 156.67305796776344 490
1757642580048 156.64170839801986 491
1757642580116 156.61036511482862 492
1757642580181 156.57902811692662 493
1757642580247 156.54769740305093 494
1757642580311 156.516372971939 495
1757642580374 156.48505482232844 496
1757642580440 156.4537429529572 497
1757642580505 156.4224373625635 498
1757642580569 156.39113804988568 499
