1757652014738 33.00144878501242 0
1757652014947 6.8078739492188625 1
1757652015124 1.7704624931274167 2
1757652015519 0.5267078117092872 3
1757652015766 0.009347122061330234 4
1757652016232 0.042954924247675295 5
1757652016419 0.9935655467274875 6
1757652016615 0.38222309768664137 7
1757652016781 0.018646576844315612 8
1757652016968 0.07490655407789122 9
1757652017147 0.05241943525650247 10
1757652017330 0.23119810953623404 11
1757652017496 0.40553869980333235 12
1757652017682 0.029678557811414995 13
1757652017860 0.0007828517155116691 14
1757652018036 0.021836303595828152 15
1757652018219 0.035777304068333224 16
1757652018445 0.5226318732402792 17
1757652018636 0.1178919509471998 18
1757652018845 0.0011715314674576249 19
1757652019009 0.0005680185595051579 20
1757652019165 0.18691552358132144 21
1757652019345 0.006674941834024695 22
1757652019511 0.4302395813470995 23
1757652019645 0.016371262911917737 24
1757652019790 0.013994489741023543 25
1757652019943 0.42421048401009626 26
1757652020111 0.20398459979190228 27
1757652020283 0.03728606010385584 28
1757652020510 0.18025259984068862 29
1757652020679 0.008046478164179933 30
1757652020843 0.2022490935663832 31
1757652020997 0.4838109697426951 32
1757652021176 0.10558500962664592 33
1757652021398 0.019308199537953957 34
1757652021569 0.032530321886984036 35
1757652021704 0.09099757786498221 36
1757652021877 0.0027389816878414207 37
1757652022051 0.016647989530576043 38
1757652022200 0.033971944791808435 39
1757652022330 0.021418823378808648 40
1757652022478 0.06609577860304752 41
1757652022611 0.37631788500485647 42
1757652022757 0.005679842208704144 43
1757652022874 0.061706884855613126 44
1757652023007 0.26290717334941555 45
1757652023148 0.4032201970334067 46
1757652023269 0.0078036414680634795 47
1757652023387 0.971233663777634 48
1757652023503 0.05432990479032558 49
1757652023653 0.016670172514626092 50
1757652023814 0.02130082152927172 51
1757652023937 0.03977183241631666 52
1757652024075 0.01723403790523654 53
1757652024198 0.06161879066884922 54
1757652024312 0.008083076240377376 55
1757652024425 0.028582561524645448 56
1757652024534 0.008955238550888976 57
1757652024660 0.0020775753048928795 58
1757652024809 0.0027396482307997295 59
1757652024960 0.04993880821482545 60
1757652025133 0.001286585465112578 61
1757652025512 1.7450524865476254e-05 62
1757652025688 8.587237891274071e-07 63
1757652025890 0.012146324743877694 64
1757652026055 0.07321016355916427 65
1757652026194 1.529936161489017e-05 66
1757652026338 0.20715051321823402 67
1757652026453 0.11954094547567126 68
1757652026650 0.005185298092693197 69
1757652026885 0.06577285244652843 70
1757652027047 0.02611988611328859 71
1757652027168 0.0009083887433822076 72
1757652027285 6.247125179976789e-05 73
1757652027398 0.20574521810621557 74
1757652027516 0.021901535870270973 75
1757652027635 0.006872966841406818 76
1757652027746 0.027674139572907014 77
1757652027866 0.11804889209011632 78
1757652028011 0.07439086313384775 79
1757652028154 0.6313376720131563 80
1757652028300 0.04275473156086424 81
1757652028455 0.132407375020212 82
1757652028614 0.09025843264445915 83
1757652028744 0.0038536407313380563 84
1757652028888 0.0077456394416047245 85
1757652029048 0.0008871971659277344 86
1757652029172 0.059918375780059686 87
1757652029290 0.08476955973061819 88
1757652029408 0.03040127033627655 89
1757652029522 0.01595100625541775 90
1757652029642 0.001637252106974415 91
1757652029758 0.0154897855211553 92
1757652029877 0.4241386603419912 93
1757652029994 0.08445679255324215 94
1757652030117 0.02693437965489666 95
1757652030251 0.06570422545150732 96
1757652030410 0.0007092248112034759 97
1757652030612 0.10245497219282895 98
1757652030776 0.6522785372773333 99
1757652030915 5.480115381691658e-06 100
1757652031066 0.09245439248181656 101
1757652031209 0.02651388846553616 102
1757652031323 0.03399285152069793 103
1757652031443 0.3204109307789129 104
1757652031587 0.035989182909227944 105
1757652031724 0.01104035650109261 106
1757652031848 0.0012336522030494375 107
1757652031977 0.0956188382119381 108
1757652032095 0.0057409592334934124 109
1757652032227 0.016945331855466192 110
1757652032359 0.04356092431057724 111
1757652032495 0.0003449698115546791 112
1757652032615 0.0920468692560505 113
1757652032734 0.4059264721219305 114
1757652032857 0.564042641064356 115
1757652032969 0.14408607137873972 116
1757652033080 0.6223078964918323 117
1757652033191 0.2262093490183787 118
1757652033300 0.07046711913427918 119
1757652033458 0.6306611736921348 120
1757652033595 0.20472034634157493 121
1757652033727 0.01571949086298887 122
1757652033847 0.03512384493659952 123
1757652033972 0.015209560015426525 124
1757652034103 0.10890465031530991 125
1757652034233 0.27989419323708103 126
1757652034363 0.04724881882924272 127
1757652034481 0.0008393300394124204 128
1757652034610 0.07519611140157795 129
1757652034726 0.004477342799694896 130
1757652034845 0.05728109812470612 131
1757652034963 0.09650004987633275 132
1757652035093 0.26496461587935694 133
1757652035223 0.1830235843919824 134
1757652035359 0.555485787132358 135
1757652035485 0.018941321948133794 136
1757652035613 0.41027994056878686 137
1757652035732 0.12538706245698736 138
1757652035885 0.12114263821512387 139
1757652036035 0.027050501106663443 140
1757652036173 0.026231460993916197 141
1757652036299 0.14418190630892672 142
1757652036439 0.11604150401201836 143
1757652036570 0.8905063704117384 144
1757652036695 0.16743186775214172 145
1757652036809 0.11161592944199057 146
1757652036928 0.17929208352763426 147
1757652037052 0.028604186886883837 148
1757652037174 0.0007218039779061926 149
1757652037294 0.00018829525494159198 150
1757652037412 0.004985784251416618 151
1757652037530 0.02383452448678888 152
1757652037708 0.13650809194503472 153
1757652037858 0.009762677777786997 154
1757652038033 0.02130495024784526 155
1757652038177 0.1310649102163014 156
1757652038315 0.14035026872337486 157
1757652038433 0.37587043929477704 158
1757652038739 0.16536875575804172 159
1757652038865 0.19890128772041138 160
1757652039012 0.008975580451923875 161
1757652039137 0.20779661467895877 162
1757652039269 0.0297504061820177 163
1757652039384 1.0011152049054346 164
1757652039504 1.6360152604823053 165
1757652039628 0.009487879717205768 166
1757652039752 0.0009863687827058644 167
1757652039865 0.0811824932860022 168
1757652039973 0.032200019090222284 169
1757652040094 0.014702573720582384 170
1757652040215 0.00868324714042457 171
1757652040356 0.00454763884259019 172
1757652040474 0.08127218150646937 173
1757652040586 8.179390618851035e-05 174
1757652040706 0.0005531335062980832 175
1757652040825 0.023664079279645853 176
1757652040936 0.0017632998663944905 177
1757652041055 0.10040054043165439 178
1757652041183 0.00827819914213205 179
1757652041303 0.031642966970024715 180
1757652041415 0.2204066528582469 181
1757652041523 0.038243152020818974 182
1757652041631 0.13153252354140293 183
1757652041744 0.05510037820403702 184
1757652041867 0.44983098931583154 185
1757652041983 0.18543830882965093 186
1757652042092 0.10574564976426945 187
1757652042207 0.00041356928711857075 188
1757652042326 0.026011082451309855 189
1757652042472 0.17434931929804248 190
1757652042613 0.35796096569035274 191
1757652042755 0.6843264435477773 192
1757652042888 0.16015215105685884 193
1757652043014 0.025298338950559357 194
1757652043135 0.2097138885967043 195
1757652043255 0.016028745963131398 196
1757652043379 0.018764977332772884 197
1757652043502 0.0003515058329100413 198
1757652043630 0.04626169010075602 199
1757652043745 0.026544831967574144 200
1757652043856 0.050827562916226955 201
1757652043976 0.00770089566135801 202
1757652044102 0.09064138546570757 203
1757652044233 0.022088448936750014 204
1757652044355 0.003028512334361382 205
1757652044487 0.3522020982706284 206
1757652044617 0.03297646641315736 207
1757652044734 0.12763467992378583 208
1757652044854 0.3564908523565572 209
1757652044999 0.12424710755278204 210
1757652045157 0.01964522168228871 211
1757652045297 0.12121642809923881 212
1757652045430 0.34577494700324035 213
1757652045553 0.010458934534587001 214
1757652045681 0.00028335673813756004 215
1757652045831 0.0315013618853206 216
1757652045966 0.0031929695235695804 217
1757652046082 0.05110440544688458 218
1757652046197 0.002979071321836981 219
1757652046310 0.07659682197000472 220
1757652046427 0.11383460555589009 221
1757652046539 0.015592305746341791 222
1757652046648 0.09132722332420613 223
1757652046756 0.00020839036521801832 224
1757652046865 0.09700197979502517 225
1757652046978 7.860518082308404e-07 226
1757652047087 0.07255573710009072 227
1757652047198 0.04221072836075016 228
1757652047307 0.0003210606030068094 229
1757652047421 0.052836184753444135 230
1757652047537 0.07287062277827316 231
1757652047648 0.3875008106248314 232
1757652047757 0.4267744460165129 233
1757652047866 0.020419973207280288 234
1757652047980 0.011320566622351992 235
1757652048088 0.009066512861693103 236
1757652048198 0.010781439329258027 237
1757652048317 0.687789021190595 238
1757652048429 0.005213105751837007 239
1757652048548 0.015671758227174554 240
1757652048658 0.16140574640159835 241
1757652048769 0.05790488551662631 242
1757652048880 0.0023071705137090526 243
1757652048991 0.0375104384792 244
1757652049099 0.021902432991153818 245
1757652049208 0.0010656947664369962 246
1757652049317 0.0019920463553668322 247
1757652049428 6.073575081809102e-05 248
1757652049546 0.05642809779375965 249
1757652049655 0.09314464170363793 250
1757652049764 0.11277013483628062 251
1757652049873 0.021188299212654412 252
1757652049983 0.038095024118561506 253
1757652050093 0.00403004765145781 254
1757652050202 0.08743275851465884 255
1757652050329 0.0013729275506823185 256
1757652050442 0.01624415091200737 257
1757652050561 0.3046192765648769 258
1757652050671 0.002247220190605606 259
1757652050780 0.14535343378937937 260
1757652050891 0.007712345456174561 261
1757652051005 0.0015675674277831 262
1757652051160 0.025829752835347827 263
1757652051275 0.8435644339157494 264
1757652051389 0.11130944059027749 265
1757652051499 0.000247673698878103 266
1757652051620 0.07442716937619963 267
1757652051729 0.188602594354334 268
1757652051862 0.0012548405179868831 269
1757652051995 0.05073500018329929 270
1757652052115 0.0004525101394038722 271
1757652052228 0.049734971912708766 272
1757652052343 0.002187649131647424 273
1757652052455 0.4248045225849412 274
1757652052581 0.23084107068110685 275
1757652052709 0.08119821818473545 276
1757652052852 0.033053370667586415 277
1757652052976 0.07019398814282755 278
1757652053099 0.16736605244217115 279
1757652053231 0.0029086327303984895 280
1757652053357 0.7208697391785714 281
1757652053505 0.042534174632155204 282
1757652053659 0.001761109082915467 283
1757652053788 0.023014514741264775 284
1757652053908 0.48398470623535084 285
1757652054023 0.050811258064540316 286
1757652054142 0.0003784007790840573 287
1757652054277 0.023636449316810387 288
1757652054426 0.11003117077427442 289
1757652054562 0.004636515401224633 290
1757652054715 0.07938954573291386 291
1757652054848 0.01795236272390343 292
1757652054968 0.6238794534911102 293
1757652055080 0.0011630625386384681 294
1757652055212 0.037656456024937564 295
1757652055364 0.005642610082761415 296
1757652055493 0.18666689116924276 297
1757652055615 0.05813607768087697 298
1757652055738 0.029694816380060173 299
1757652055865 0.030343381681862742 300
1757652055985 0.02771590558543601 301
1757652056100 0.03446672178468381 302
1757652056213 0.030034514028653453 303
1757652056324 0.21661133297006033 304
1757652056453 0.13033514248681988 305
1757652056578 0.11183452479296134 306
1757652056705 0.013540960637375516 307
1757652056834 0.04103139414032304 308
1757652056961 0.08535170271865988 309
1757652057104 0.06203552058559177 310
1757652057253 0.008600442124671188 311
1757652057398 0.2321524480865581 312
1757652057521 0.836986803658901 313
1757652057637 0.05401243623686 314
1757652057762 0.07239520878199017 315
1757652057887 0.008187588499574778 316
1757652058004 0.04432838468630328 317
1757652058117 0.001214226323137281 318
1757652058231 0.09829160819108922 319
1757652058362 0.110584757379437 320
1757652058484 0.09847246338320584 321
