1757646904706 143.0340845124086 0
1757646904763 120.1696973535675 1
1757646904821 102.90158722886723 2
1757646904878 85.73996378106995 3
1757646904932 71.46488453173205 4
1757646904987 59.04969684461483 5
1757646905042 53.061452779983426 6
1757646905101 41.36362931308122 7
1757646905156 36.41377246078879 8
1757646905210 29.556494470562512 9
1757646905265 25.211692920249078 10
1757646905322 20.309799584082413 11
1757646905377 19.305624264945198 12
1757646905433 15.216737226349856 13
1757646905487 12.385695100108162 14
1757646905542 10.79399257472342 15
1757646905598 10.048718523949084 16
1757646905652 8.329146113343526 17
1757646905708 6.039776577826691 18
1757646905763 5.473803301324702 19
1757646905829 5.325992336945801 20
1757646905889 3.992163477049705 21
1757646905966 3.005956971334001 22
1757646906026 2.971064642873193 23
1757646906087 2.5182030142079532 24
1757646906144 1.9843238542184816 25
1757646906203 1.9565158942343517 26
1757646906263 1.5706958258866082 27
1757646906319 1.291139390606102 28
1757646906375 1.2845394684621347 29
1757646906429 1.0284269368279946 30
1757646906483 0.8852860336550974 31
1757646906546 0.7951498368012668 32
1757646906602 0.467556724059233 33
1757646906658 0.5770566562810271 34
1757646906713 0.5595358334442943 35
1757646906768 0.34004392583542953 36
1757646906826 0.32839618834255474 37
1757646906881 0.3554765779205731 38
1757646906936 0.3157427773639383 39
1757646906991 0.2262542331128364 40
1757646907046 0.33196469531201644 41
1757646907102 0.254698299524146 42
1757646907157 0.17975171870381454 43
1757646907212 0.2308230709763303 44
1757646907267 0.21688220511116502 45
1757646907325 0.15944466121518966 46
1757646907380 0.19678216499136558 47
1757646907435 0.18899468735226668 48
1757646907490 0.17355773599350896 49
1757646907544 0.12104134598461865 50
1757646907600 0.17902070268156212 51
1757646907656 0.17302878870505706 52
1757646907712 0.10460335456609061 53
1757646907768 0.1925291462428876 54
1757646907824 0.14424338274537177 55
1757646907880 0.17119583981986336 56
1757646907936 0.11219418467653985 57
1757646907991 0.1384787776384655 58
1757646908046 0.08588153478744415 59
1757646908101 0.13641094062357978 60
1757646908158 0.12623426704066248 61
1757646908214 0.10271233679565178 62
1757646908271 0.2056931544062071 63
1757646908328 0.19536847717717204 64
1757646908385 0.17969862902491396 65
1757646908440 0.06598721705481919 66
1757646908496 0.11113024409911033 67
1757646908558 0.12395416279239839 68
1757646908614 0.17217195501944707 69
1757646908671 0.14339255251990096 70
1757646908727 0.14887134787480005 71
1757646908783 0.0661937902528928 72
1757646908840 0.11408248488578325 73
1757646908895 0.11915195014844876 74
1757646908950 0.09698578893365037 75
1757646909006 0.16178162186410125 76
1757646909063 0.1002495702198791 77
1757646909118 0.19883987461877217 78
1757646909177 0.08652078966729672 79
