1757639495617 173.82440275775426 0
1757639495667 165.49958030480258 1
1757639495716 151.59276629443644 2
1757639495775 144.69232286519517 3
1757639495826 144.83345579120177 4
1757639495877 144.68695179398546 5
1757639495927 134.08494134414912 6
1757639495976 132.8566596197404 7
1757639496024 127.61179159613414 8
1757639496072 121.78065637984665 9
1757639496125 119.58427356740094 10
1757639496178 115.44920461633195 11
1757639496229 112.21104466543004 12
1757639496280 102.54736885502733 13
1757639496331 103.88591910254176 14
1757639496388 98.82587585221243 15
1757639496454 93.431671191889 16
1757639496505 86.26571961943687 17
1757639496575 92.54174014897926 18
1757639496628 85.41125925673686 19
1757639496680 80.86559632605396 20
1757639496731 81.32946168673637 21
1757639496782 81.24840655206778 22
1757639496835 74.0007723790002 23
1757639496888 72.18366360240584 24
1757639496941 69.55686063654903 25
1757639496993 67.04427416265779 26
1757639497045 64.433789433117 27
1757639497097 62.87923760416624 28
1757639497150 59.28366988997615 29
1757639497201 57.48227333518057 30
1757639497252 56.525002759635804 31
1757639497304 56.78788037318662 32
1757639497357 52.63843616294938 33
1757639497410 51.69945015257085 34
1757639497460 47.909121938911255 35
1757639497512 49.049042494561796 36
1757639497563 45.69517964603028 37
1757639497613 42.7933437324782 38
1757639497683 44.54070030913452 39
1757639497745 42.37818619128807 40
1757639497807 41.296557318545254 41
1757639497863 39.96197501885048 42
1757639497919 37.391138235840494 43
1757639497973 35.7011603907078 44
1757639498027 36.437344868943164 45
1757639498082 33.76209343627345 46
1757639498135 34.46034555866178 47
1757639498188 32.831671365880446 48
1757639498239 30.908820332582 49
1757639498291 30.943481499950046 50
1757639498343 28.845053189561682 51
1757639498395 27.103031970629253 52
1757639498448 27.543434869017656 53
1757639498500 24.630923439490353 54
1757639498552 24.435450280970688 55
1757639498604 23.360616981266343 56
1757639498657 23.731385506198098 57
1757639498708 21.584598905651735 58
1757639498764 21.933349623815122 59
1757639498818 21.09697113482397 60
1757639498873 19.770498872748526 61
1757639498926 19.18564264803183 62
1757639498977 18.090433191714613 63
1757639499030 18.328311775492843 64
1757639499082 17.94527278991176 65
1757639499134 17.532668001685167 66
1757639499186 16.97169784809802 67
1757639499237 16.078705637341734 68
1757639499290 16.049152093628592 69
1757639499343 14.420697707642352 70
1757639499395 14.53686816662792 71
1757639499447 14.664122103842116 72
1757639499500 14.805674281943098 73
1757639499551 12.528027496419819 74
1757639499603 11.783689886886336 75
1757639499655 11.46800173314714 76
1757639499706 11.838957402954785 77
1757639499824 11.202653339799202 78
1757639499883 10.544174611861026 79
1757639499944 10.478470324141355 80
1757639500001 9.84049681469822 81
1757639500064 9.959733151672348 82
1757639500122 10.861431905164448 83
1757639500183 9.37578518764629 84
1757639500239 9.833555781542225 85
1757639500293 8.813577666976748 86
1757639500347 7.779031783867294 87
1757639500402 7.95431560650754 88
1757639500457 7.551058774680189 89
1757639500511 7.63117137098679 90
1757639500567 7.331367750516575 91
1757639500622 7.168766679484318 92
1757639500676 7.081128237586542 93
1757639500729 6.89808684519875 94
1757639500783 6.31604498669133 95
1757639500841 6.231661052093612 96
1757639500897 5.488761945300026 97
1757639500951 6.038870152141488 98
1757639501003 5.780709524802164 99
1757639501057 5.30102484368153 100
1757639501112 4.952505252500507 101
1757639501166 5.506460390217301 102
1757639501218 5.032001609008366 103
1757639501270 4.644362997269646 104
1757639501323 4.349995959745406 105
1757639501374 3.882614304613772 106
1757639501427 4.320850133293192 107
1757639501478 4.031397127867206 108
1757639501529 3.991963566932511 109
1757639501581 4.112524351729589 110
1757639501635 3.717632689576635 111
1757639501687 3.6045413103701667 112
1757639501738 3.4268839432744604 113
1757639501915 3.564974541334281 114
1757639501977 4.067517949498772 115
1757639502035 3.1716033577841922 116
1757639502114 3.0495583038889635 117
1757639502173 2.7664850066142725 118
1757639502232 2.9277744492417157 119
1757639502290 3.197926925797315 120
1757639502347 2.781007218570268 121
1757639502405 2.456022221537726 122
1757639502462 2.5861859062445633 123
1757639502523 2.3781744810059275 124
1757639502579 2.178105045869442 125
1757639502643 2.490441278479163 126
1757639502716 2.3337299776758877 127
1757639502773 1.8182308872150401 128
1757639502835 2.0744076386478123 129
1757639502894 1.868082172405216 130
1757639502953 1.9640417920364026 131
1757639503011 1.689589384201801 132
1757639503067 1.471619292078452 133
1757639503124 1.8615383932815441 134
1757639503178 1.7227916640574068 135
1757639503233 1.8537594564135156 136
1757639503289 1.5325853694076648 137
1757639503344 1.379575219101273 138
1757639503398 1.3947998675794149 139
1757639503453 1.5136099344675886 140
1757639503508 1.078936906444822 141
1757639503563 1.9559914306837782 142
1757639503618 1.2199299542631625 143
1757639503676 1.2839403675623688 144
1757639503734 1.1081342884096619 145
1757639503790 1.2966323487099933 146
1757639503845 1.2687062373956335 147
1757639503899 1.207298738301802 148
1757639503963 1.2359264102297391 149
1757639504024 1.0788993904287376 150
1757639504080 1.1368660410012175 151
1757639504137 0.9934800906584491 152
1757639504196 0.9523394127674902 153
1757639504254 0.7974894268526493 154
1757639504308 0.8656767236766151 155
1757639504363 0.8214409651008535 156
1757639504417 0.9611925368656522 157
1757639504473 0.9704653054600073 158
1757639504527 0.8293270880078081 159
1757639504581 0.7640434135491552 160
1757639504637 1.0747038471475052 161
1757639504693 0.8406181307763648 162
1757639504748 0.6943706211284896 163
1757639504802 0.6766339596562451 164
1757639504858 0.6041429203472419 165
1757639504913 0.6539178883446312 166
1757639504969 0.8260572671752463 167
1757639505026 0.6657100265066235 168
1757639505081 0.625790030153971 169
1757639505137 0.6114314454660507 170
1757639505192 0.6054804602923056 171
1757639505248 0.564334853140857 172
1757639505320 0.4005540600198662 173
1757639505401 0.6546497222993274 174
1757639505461 0.5785326291495273 175
1757639505522 0.4269759259281519 176
1757639505581 0.5432606278796568 177
1757639505640 0.4272531120057099 178
1757639505741 0.4002891830701268 179
1757639505855 0.5158818706326108 180
1757639505983 0.4186975942686952 181
1757639506053 0.4708153989939469 182
1757639506117 0.5135907660234742 183
1757639506175 0.3558662584767701 184
1757639506235 0.5303295525556683 185
1757639506293 0.6285419498202038 186
1757639506351 0.2630753049087489 187
1757639506408 0.325660461349353 188
1757639506464 0.37566407263483725 189
1757639506523 0.3630583463163594 190
1757639506583 0.41394627328295275 191
1757639506642 0.29118562202616166 192
1757639506701 0.33531978334075396 193
1757639506757 0.38756532298245744 194
1757639506814 0.49549992177991753 195
1757639506869 0.29927309582552414 196
1757639506924 0.31881897825488403 197
1757639506979 0.261815115020788 198
1757639507035 0.27229284833793316 199
1757639507093 0.3296838544316424 200
1757639507159 0.31095961885812967 201
1757639507256 0.26570499370672 202
1757639507318 0.3009304320614904 203
1757639507375 0.2514762389352 204
1757639507432 0.23132231050106325 205
1757639507488 0.32644318709410464 206
1757639507545 0.33925692254831985 207
1757639507601 0.2236433789911583 208
1757639507669 0.2650988392316473 209
1757639507736 0.28629350276747567 210
1757639507794 0.25055918146712547 211
1757639507851 0.23982519185091736 212
1757639507908 0.20896536221039314 213
1757639507964 0.25451076386412147 214
1757639508021 0.3896059427060311 215
1757639508084 0.21351452347613206 216
1757639508141 0.2714583381161838 217
1757639508198 0.19802734482981954 218
1757639508257 0.20818643479348975 219
1757639508314 0.30527221783089464 220
1757639508373 0.16182010523718987 221
1757639508430 0.1636473325051061 222
1757639508487 0.21404564545702756 223
1757639508545 0.1705183883668126 224
1757639508601 0.22349105566299068 225
1757639508659 0.18639267795905443 226
1757639508719 0.20943093682030067 227
1757639508781 0.19458166003840602 228
1757639508843 0.1893910028077152 229
1757639508906 0.14045677326141387 230
1757639508967 0.23936094367914756 231
1757639509029 0.18114014613113943 232
1757639509090 0.253024636685036 233
1757639509147 0.07177926862114307 234
1757639509205 0.19523936107955547 235
1757639509269 0.20878262649282092 236
1757639509326 0.20164622956505643 237
1757639509385 0.15855333336378394 238
1757639509443 0.12697485043278103 239
1757639509501 0.2021285603499548 240
1757639509562 0.22502578615448707 241
1757639509623 0.20225576106425405 242
1757639509681 0.22057615532930053 243
1757639509740 0.11951925948219067 244
1757639509798 0.23156505635565425 245
1757639509857 0.14041791019884367 246
1757639509917 0.21985720307347012 247
1757639509976 0.15522424215156513 248
1757639510032 0.18089433030309102 249
1757639510094 0.24294365674324025 250
1757639510153 0.1987084059782789 251
1757639510210 0.13559263732171056 252
1757639510267 0.10471967704020103 253
1757639510358 0.18829493731364738 254
1757639510434 0.08230038654708828 255
1757639510495 0.11246133187855836 256
1757639510554 0.22580466954458273 257
1757639510613 0.13451218701505344 258
1757639510672 0.1042828387603726 259
1757639510730 0.2228126419734834 260
1757639510786 0.1302631959488008 261
1757639510851 0.14638014730806442 262
1757639510909 0.16380174556630106 263
1757639510965 0.1406704085439156 264
1757639511024 0.1778229878577069 265
1757639511086 0.11675528426719636 266
1757639511145 0.1763618098832353 267
1757639511204 0.15102332964667453 268
1757639511262 0.1201033551984079 269
1757639511319 0.10140371181577915 270
1757639511376 0.10647575705614704 271
1757639511433 0.1999844881204156 272
1757639511491 0.12030297063674206 273
1757639511547 0.1936200996531624 274
1757639511610 0.13259634310444157 275
1757639511668 0.1461332319214435 276
1757639511725 0.11279832696296918 277
1757639511781 0.2105639103526187 278
1757639511837 0.22978838423765222 279
1757639511896 0.20446711947630464 280
1757639511953 0.16568693990006683 281
1757639512012 0.17260037979479506 282
1757639512073 0.12689413037368433 283
1757639512165 0.07520270079230923 284
1757639512224 0.12540628549848276 285
1757639512282 0.08393136071851913 286
1757639512344 0.09199301546548828 287
1757639512403 0.1530528854323794 288
1757639512462 0.15046226289815734 289
1757639512528 0.08306673067176228 290
1757639512588 0.10234958025616644 291
1757639512657 0.10945739140237032 292
1757639512727 0.11571043536001364 293
1757639512791 0.1609466163762078 294
1757639512850 0.16622818052736718 295
1757639512909 0.10812816953069067 296
1757639512971 0.24886391272878897 297
1757639513032 0.1040269263416125 298
1757639513093 0.08464824222363611 299
1757639513153 0.1080128178418003 300
1757639513211 0.0820779138328586 301
1757639513267 0.13531450136123302 302
1757639513324 0.1380377020371695 303
1757639513382 0.20038537951262783 304
1757639513439 0.14843319080220094 305
1757639513497 0.11594474407197339 306
1757639513553 0.10965745647924571 307
1757639513613 0.08342998479174922 308
1757639513670 0.10828111908485051 309
1757639513728 0.11627768453742633 310
1757639513786 0.15490184320194175 311
1757639513844 0.10532707468404838 312
1757639513902 0.1011375372447569 313
1757639513960 0.08939421635668497 314
1757639514019 0.12533822197845876 315
1757639514078 0.17541090620302507 316
1757639514138 0.09557959672694033 317
1757639514205 0.13301141047040843 318
1757639514263 0.08840367115429472 319
1757639514322 0.08809085267228448 320
1757639514381 0.11811597192149971 321
1757639514440 0.15135873558395554 322
1757639514497 0.07466940556057747 323
1757639514559 0.11445941671804584 324
1757639514621 0.1285656361066819 325
1757639514679 0.07652596331859944 326
1757639514737 0.10508016425465537 327
1757639514794 0.11133952531585355 328
1757639514852 0.19696692770444968 329
1757639514911 0.10735377239428645 330
1757639514968 0.10364203285981077 331
1757639515026 0.1460672370446964 332
1757639515084 0.10488991664228484 333
1757639515146 0.10469241145836929 334
1757639515204 0.08194332181993745 335
1757639515263 0.1319068491538221 336
1757639515319 0.10745154212339432 337
1757639515377 0.14083964153001077 338
1757639515437 0.16917858973727723 339
1757639515494 0.11296988995541896 340
1757639515552 0.07731886226773756 341
1757639515610 0.15405823015954992 342
1757639515669 0.16083989002681623 343
1757639515727 0.12115125688394761 344
1757639515783 0.07688598281113418 345
1757639515842 0.1864606149367347 346
1757639515902 0.16223652596518978 347
1757639515960 0.09045020257352455 348
1757639516017 0.06590701103135285 349
1757639516076 0.146463824406947 350
1757639516135 0.12694340004125085 351
1757639516194 0.19369019013742228 352
1757639516259 0.11089945202309986 353
1757639516317 0.22078671524440963 354
1757639516376 0.17923583598049792 355
1757639516434 0.17232723755559579 356
1757639516492 0.12455896324164174 357
1757639516549 0.14848318532260574 358
1757639516608 0.04646799067573755 359
1757639516670 0.1271965983801304 360
1757639516732 0.11842386099576045 361
1757639516791 0.15362907615526591 362
1757639516849 0.11289217914395709 363
1757639516909 0.13262953674842995 364
1757639516967 0.1640302938240954 365
1757639517024 0.14307641297805093 366
1757639517083 0.1286396758620566 367
1757639517142 0.09828584847934516 368
1757639517200 0.15241004746839001 369
1757639517258 0.09932392264523335 370
1757639517317 0.08795669118087526 371
1757639517375 0.13343066761500288 372
1757639517435 0.13114496587386587 373
1757639517492 0.07762729205330603 374
1757639517550 0.09531158199070396 375
1757639517609 0.06938502516983612 376
1757639517684 0.05632482884850235 377
1757639517749 0.07555899030592811 378
1757639517809 0.1578565922049694 379
1757639517869 0.09111360835396894 380
1757639517930 0.1757449412175586 381
1757639517991 0.11581562184509057 382
1757639518051 0.11368427823020204 383
1757639518112 0.15819944353681825 384
1757639518173 0.053234474157623966 385
1757639518234 0.06496896878695863 386
1757639518298 0.15312884523961925 387
1757639518359 0.11151049297030478 388
1757639518419 0.15031443588004337 389
1757639518477 0.10317629664045057 390
1757639518535 0.09990046629779992 391
1757639518595 0.08112617342961556 392
1757639518655 0.17131163119045267 393
1757639518715 0.09864009443820841 394
1757639518774 0.10170112804356951 395
1757639518832 0.20986802606605684 396
1757639518892 0.14809375369147015 397
1757639518960 0.09136221501257018 398
1757639519021 0.08693814912263144 399
1757639519085 0.06530471491275844 400
1757639519146 0.07783899816480805 401
1757639519208 0.12850761476350167 402
1757639519267 0.12208147947925171 403
1757639519325 0.056775686753468696 404
1757639519386 0.12859178578746822 405
1757639519448 0.10913635001817683 406
1757639519505 0.09897552871423959 407
1757639519565 0.1451909898493003 408
1757639519625 0.23059021159756876 409
1757639519686 0.09639192541986656 410
1757639519745 0.10131760708034684 411
1757639519803 0.1536271741224242 412
1757639519862 0.22920482422916025 413
1757639519922 0.11507791162220023 414
1757639519981 0.11717825856648653 415
1757639520045 0.1459357414546541 416
1757639520106 0.12355925444590503 417
1757639520166 0.21516211595924298 418
1757639520226 0.10000475729634001 419
1757639520291 0.124023741268744 420
1757639520352 0.06725418513942895 421
1757639520413 0.07442095502044907 422
1757639520473 0.07248318971959591 423
1757639520532 0.13236579784285293 424
1757639520592 0.12259044360527557 425
1757639520652 0.13299388108278173 426
1757639520715 0.07308488598519912 427
1757639520774 0.09195119830984586 428
1757639520833 0.0819601363925538 429
1757639520894 0.13624274780067544 430
1757639520956 0.12490752423904335 431
1757639521016 0.09011199358995096 432
1757639521076 0.1469042689283011 433
1757639521137 0.11036852993552065 434
1757639521197 0.12216567532332717 435
1757639521257 0.07268887837723315 436
1757639521316 0.16400572744633043 437
1757639521375 0.15425643304379769 438
1757639521436 0.18277232561566475 439
1757639521496 0.13878783811215495 440
1757639521555 0.04349608213477895 441
1757639521616 0.14123868539557444 442
1757639521676 0.1346498566092 443
1757639521737 0.08287721385284187 444
1757639521796 0.13372912053863104 445
1757639521855 0.11838076792583604 446
1757639521915 0.18430685571932434 447
1757639521976 0.06379224037720013 448
1757639522037 0.0985905023446763 449
1757639522110 0.11986074865267492 450
1757639522173 0.12989106511496043 451
1757639522236 0.22684264234746748 452
1757639522304 0.1223996869876176 453
1757639522372 0.18336339146417788 454
1757639522434 0.08158018533910433 455
1757639522494 0.15736255727715195 456
1757639522561 0.11527279749274791 457
1757639522624 0.12837837865028257 458
1757639522704 0.11773734247580471 459
1757639522768 0.06779033180030518 460
1757639522830 0.18356638648435758 461
1757639522892 0.20036027929511094 462
1757639522954 0.1366276646539898 463
1757639523017 0.11562890948444415 464
1757639523079 0.09937889582876194 465
1757639523153 0.11421044697884467 466
1757639523216 0.23817848486944918 467
1757639523276 0.13883421735292428 468
1757639523337 0.12017774184729696 469
1757639523397 0.10547809203439175 470
1757639523457 0.11747900536647833 471
1757639523518 0.0669644881211547 472
1757639523578 0.11638229859876602 473
1757639523739 0.11290239855657777 474
1757639523801 0.16917824152973027 475
1757639523865 0.08367311687513247 476
1757639523928 0.17980680508280694 477
1757639523992 0.13067692843495504 478
1757639524055 0.08118393778379229 479
1757639524119 0.14604672393694795 480
1757639524181 0.11622397382773253 481
1757639524243 0.15721620167997177 482
1757639524303 0.12608375426290644 483
1757639524370 0.12673427276667956 484
1757639524435 0.1268983217839823 485
1757639524498 0.12445559238199064 486
1757639524561 0.17228894883851945 487
1757639524625 0.14496082329092005 488
1757639524687 0.07209564479878944 489
1757639524747 0.13233163890217234 490
1757639524807 0.10887287464414135 491
1757639524867 0.10912991033329032 492
1757639524929 0.19982579493388458 493
1757639524989 0.09626070647648724 494
1757639525054 0.11537068078895522 495
1757639525123 0.08544767116208726 496
1757639525185 0.12088894058953188 497
1757639525246 0.06793921812628198 498
1757639525307 0.1401686099859171 499
