1757650395317 0.055068582531890356 0
1757650395435 0.0021448791517127887 1
1757650395568 0.05823711403467952 2
1757650395683 0.19514037997762854 3
1757650395795 0.029082410686884615 4
1757650395907 0.42766707394873776 5
1757650396020 0.001163328921401052 6
1757650396132 0.3372809999571571 7
1757650396242 0.06369955413295764 8
1757650396352 0.014582547934451217 9
1757650396462 1.177178247318325 10
1757650396574 0.0909603047735122 11
1757650396692 0.03712698935985074 12
1757650396807 0.00010122465450501234 13
1757650396919 0.018753776522121512 14
1757650397038 0.025101687007916998 15
1757650397151 0.20002300698486364 16
1757650397262 0.03693934681054366 17
1757650397371 0.07424344492346832 18
1757650397482 0.0010230223885034184 19
1757650397592 0.03835401946233546 20
1757650397704 0.02972557230878552 21
1757650397818 0.07446968855794148 22
1757650397931 0.04099999411583076 23
1757650398043 0.0374687342056852 24
1757650398157 0.07073684800929651 25
1757650398269 0.023347656855646937 26
1757650398379 0.012497866811895434 27
1757650398490 0.0034266994447329537 28
1757650398652 0.013275494021077474 29
1757650398777 0.012200575742484995 30
1757650398895 0.324236844025421 31
1757650399015 0.14689680139642367 32
1757650399133 0.00020279559218151782 33
1757650399246 0.061720267723979615 34
1757650399358 0.12405685229931417 35
1757650399469 0.0024640846266330875 36
1757650399581 0.31185498660193317 37
1757650399695 0.3806467931542385 38
1757650399810 0.009827251276252148 39
1757650399942 0.2341720172533718 40
1757650400060 0.08547208000082379 41
1757650400173 0.05484102190236837 42
1757650400286 0.15425714798253473 43
1757650400398 0.004158492220458793 44
1757650400510 0.00495903978375537 45
1757650400623 0.06051085777033423 46
1757650400735 0.10094892195396754 47
1757650400846 0.0528789260610052 48
1757650400959 0.5919455394125998 49
1757650401079 0.0003513776043942318 50
1757650401193 0.008223521051652428 51
1757650401304 0.00205286076438989 52
1757650401481 0.02006633313833523 53
1757650401605 0.0005725767837273305 54
1757650401726 0.06700085021771317 55
1757650401844 0.05403448248953653 56
1757650401963 0.0014730931208342898 57
1757650402080 0.025828466861064193 58
1757650402194 0.033892680165516886 59
1757650402305 0.00016228485825706674 60
1757650402418 0.06456105271651906 61
1757650402530 0.4090928520127608 62
1757650402643 0.051259605262315364 63
1757650402755 0.027314371908585166 64
1757650402869 0.03149274893026082 65
1757650402992 0.06358865951060548 66
1757650403119 0.013652321925417293 67
1757650403234 0.1630284579648592 68
1757650403346 0.05663082351726723 69
1757650403462 0.1675874797181546 70
1757650403578 0.07313469746176664 71
1757650403693 0.013443019032008958 72
1757650403806 0.004988580984357143 73
1757650403918 0.07377718604210927 74
1757650404030 0.4577138817642918 75
1757650404144 0.16395711748696665 76
1757650404257 0.15068355812544984 77
1757650404370 0.14322758213156359 78
1757650404482 0.13303010756803765 79
1757650404596 0.007492593653140641 80
1757650404710 0.10868096516912235 81
1757650404825 0.003591346678360576 82
1757650404954 0.032320314374763716 83
1757650405076 0.04791784150540318 84
1757650405196 0.24880806978214806 85
1757650405309 0.04937848935472527 86
1757650405423 0.03671044102258605 87
1757650405579 0.5207767677722445 88
1757650405703 0.600539271403005 89
1757650405821 0.06957659908856892 90
1757650405988 0.016287933824454336 91
