1757635315955 166.7654906108227 0
1757635316008 163.43551468806353 1
1757635316063 157.2345344165733 2
1757635316112 148.67431177199265 3
1757635316156 138.28668246305264 4
1757635316201 126.59657684214454 5
1757635316254 114.10070778019727 6
1757635316298 101.25165063820229 7
1757635316343 88.44688469385315 8
1757635316386 76.02225537051687 9
1757635316431 64.24924831382536 10
1757635316478 53.33543477420963 11
1757635316528 43.42744731471521 12
1757635316581 34.615869762829895 13
1757635316642 26.94146979429308 14
1757635316699 20.40226108123461 15
1757635316758 14.960949515659054 16
1757635316814 10.55239017356234 17
1757635316863 7.090754618045203 18
1757635316908 4.476178752862302 19
1757635316951 2.6007273287369137 20
1757635316997 1.3535706360078108 21
1757635317045 0.6253207606857842 22
1757635317097 0.31151844640990994 23
1757635317146 0.31529695785051587 24
1757635317194 0.5492766179698867 25
1757635317238 0.9367634138385045 26
1757635317293 1.4123379601060007 27
1757635317339 1.9219280345616014 28
1757635317383 2.4224597838052353 29
1757635317427 2.8811804814071436 30
1757635317473 3.274740321111556 31
1757635317517 3.588112998858746 32
1757635317561 3.8134255522407634 33
1757635317612 3.9487577600909867 34
1757635317657 3.996960929826522 35
1757635317704 3.964535582335904 36
1757635317749 3.8605977483885443 37
1757635317794 3.6959545867636923 38
1757635317838 3.4823020071342374 39
1757635317889 3.2315500400215376 40
1757635317957 2.955275888274105 41
1757635318143 2.664299913880774 42
1757635318214 2.3683762137616706 43
1757635318278 2.0759868407961743 44
1757635318362 1.7942270322914813 45
1757635318442 1.5287679042174698 46
1757635318512 1.2838828358838916 47
1757635318561 1.0625240852990847 48
1757635318609 0.866436922749211 49
1757635318663 0.6962996387938227 50
1757635318712 0.5518790721991377 51
1757635318761 0.4321927240685397 52
1757635318812 0.3356699997510165 53
1757635318860 0.2603065859708081 54
1757635318907 0.20380737560899773 55
1757635318957 0.1637146573091016 56
1757635319003 0.13751946335090767 57
1757635319048 0.1227549988408221 58
1757635319095 0.11707194876103444 59
1757635319155 0.11829617478067683 60
1757635319212 0.12446987500743338 61
1757635319258 0.13387769585904347 62
1757635319306 0.14505956830949746 63
1757635319354 0.15681220568381316 64
1757635319401 0.16818126314077436 65
1757635319450 0.17844613678366006 66
1757635319496 0.18709928964540534 67
1757635319614 0.1938218485958682 68
1757635319664 0.19845703539145282 69
1757635319719 0.20098279008601405 70
1757635319768 0.20148472767851577 71
1757635319819 0.20013034928862453 72
1757635319872 0.19714521566780432 73
1757635319919 0.19279159008765573 74
1757635319966 0.18734987457695335 75
1757635320015 0.18110300156653442 76
1757635320070 0.17432380434406788 77
1757635320117 0.1672652752192401 78
1757635320164 0.16015352983498032 79
1757635320215 0.15318322867329875 80
1757635320261 0.14651516087369632 81
1757635320308 0.14027566889254478 82
1757635320355 0.13455758283155594 83
1757635320406 0.12942233780740683 84
1757635320452 0.12490296381122948 85
1757635320499 0.12100766244665416 86
1757635320559 0.11772371620164358 87
1757635320610 0.11502151116936524 88
1757635320657 0.11285849131036174 89
1757635320710 0.11118289965741517 90
1757635320758 0.10993719783135665 91
1757635320803 0.10906108870064121 92
1757635320850 0.10849409712566424 93
1757635320905 0.10817768991300897 94
1757635320951 0.10805693805695207 95
1757635321003 0.10808174198351955 96
1757635321051 0.10820765394342986 97
1757635321099 0.1083963411825202 98
1757635321145 0.10861573942277371 99
1757635321194 0.10883994896166692 100
1757635321253 0.10904892583383057 101
1757635321304 0.10922801848341883 102
1757635321351 0.10936739676514996 103
1757635321398 0.10946141529499154 104
1757635321451 0.10950794763294089 105
1757635321500 0.1095077218723503 106
1757635321546 0.10946368224627005 107
1757635321602 0.10938039559449056 108
1757635321662 0.10926351615939832 109
1757635321711 0.10911931733297262 110
1757635321764 0.1089542947497419 111
1757635321813 0.10877484155618991 112
1757635321866 0.1085869937944635 113
1757635321916 0.10839624159658187 114
1757635321967 0.10820740025180005 115
1757635322019 0.10802453412577905 116
1757635322067 0.10785092580724674 117
1757635322116 0.10768908266243467 118
1757635322163 0.10754077311535569 119
1757635322210 0.10740708537086459 120
1757635322263 0.1072885018900648 121
1757635322312 0.10718498365298577 122
1757635322359 0.10709605904800432 123
1757635322406 0.10702091306555063 124
1757635322458 0.10695847330759885 125
1757635322506 0.10690749012435674 126
1757635322557 0.10686660893280651 127
1757635322607 0.10683443344220579 128
1757635322655 0.10680957909911168 129
1757635322705 0.10679071656368178 130
1757635322754 0.10677660543890131 131
1757635322806 0.10676611879734099 132
1757635322854 0.10675825929105691 133
1757635322902 0.10675216779626845 134
1757635322954 0.10674712564378662 135
1757635323002 0.10674255152788703 136
1757635323050 0.10673799417986499 137
1757635323101 0.10673312184720031 138
1757635323148 0.10672770954409495 139
1757635323197 0.10672162494246705 140
1757635323253 0.10671481366186175 141
1757635323310 0.10670728459881698 142
1757635323359 0.1066990958166663 143
1757635323406 0.10669034140024793 144
1757635323455 0.10668113957020284 145
1757635323508 0.10667162225125267 146
1757635323557 0.10666192619994935 147
1757635323605 0.10665218572102474 148
1757635323653 0.10664252693810958 149
1757635323700 0.10663306353415282 150
1757635323750 0.10662389383881524 151
1757635323804 0.10661509911354516 152
1757635323853 0.10660674286883177 153
1757635323901 0.10659887104096265 154
1757635323949 0.1065915128560951 155
1757635323998 0.1065846822161696 156
1757635324047 0.10657837945276556 157
1757635324097 0.10657259331011437 158
1757635324149 0.106567303035949 159
1757635324198 0.10656248047761276 160
1757635324247 0.10655809209995591 161
1757635324296 0.10655410086023945 162
1757635324349 0.10655046789294123 163
1757635324397 0.10654715397353066 164
1757635324446 0.106544120744638 165
1757635324501 0.10654133170036285 166
1757635324551 0.10653875293467281 167
1757635324600 0.10653635366792019 168
1757635324648 0.10653410657155006 169
1757635324698 0.10653198791520689 170
1757635324747 0.10652997756288442 171
1757635324800 0.10652805884569715 172
1757635324854 0.10652621833854288 173
1757635324903 0.10652444556659765 174
1757635324953 0.10652273266548948 175
1757635325003 0.10652107401635455 176
1757635325053 0.10651946587399451 177
1757635325172 0.10651790600321075 178
1757635325229 0.10651639333524736 179
1757635325284 0.1065149276532477 180
1757635325342 0.10651350931282853 181
1757635325393 0.10651213900136453 182
1757635325441 0.10651081753740042 183
1757635325492 0.1065095457097966 184
1757635325546 0.1065083241547616 185
1757635325595 0.1065071532678333 186
1757635325649 0.1065060331470954 187
1757635325699 0.10650496356345202 188
1757635325753 0.1065039439535589 189
1757635325810 0.10650297343101293 190
1757635325870 0.10650205081157427 191
1757635325922 0.10650117464849315 192
1757635325973 0.10650034327441206 193
1757635326023 0.10649955484677023 194
1757635326073 0.10649880739411238 195
1757635326131 0.10649809886120026 196
1757635326186 0.10649742715128828 197
1757635326250 0.1064967901643669 198
1757635326302 0.10649618583057444 199
1757635326401 0.10649561213832541 200
1757635326454 0.10649506715699893 201
1757635326508 0.10649454905427336 202
1757635326565 0.10649405610838403 203
1757635326625 0.10649358671572257 204
1757635326683 0.10649313939429633 205
1757635326732 0.10649271278362149 206
1757635326782 0.10649230564165617 207
1757635326832 0.10649191683937079 208
1757635326892 0.10649154535353596 209
1757635326943 0.10649119025826145 210
1757635326993 0.1064908507157739 211
1757635327043 0.10649052596685361 212
1757635327096 0.10649021532129202 213
1757635327145 0.10648991814866161 214
1757635327195 0.10648963386963022 215
1757635327246 0.10648936194798607 216
1757635327296 0.10648910188348971 217
1757635327352 0.1064888532056172 218
1757635327408 0.1064886154682157 219
1757635327458 0.10648838824505849 220
1757635327507 0.10648817112625839 221
1757635327561 0.10648796371547353 222
1757635327615 0.10648776562782936 223
1757635327668 0.10648757648846416 224
1757635327722 0.10648739593160655 225
1757635327773 0.10648722360008889 226
1757635327826 0.10648705914520538 227
1757635327878 0.10648690222682865 228
1757635327935 0.10648675251370586 229
1757635327988 0.10648660968386614 230
1757635328038 0.1064864734250787 231
1757635328091 0.10648634343531406 232
1757635328146 0.10648621942316765 233
1757635328199 0.10648610110821866 234
1757635328252 0.1064859882213009 235
1757635328305 0.10648588050467671 236
1757635328357 0.10648577771210471 237
1757635328409 0.10648567960880469 238
1757635328465 0.10648558597132281 239
1757635328516 0.106485496587306 240
1757635328572 0.10648541125519709 241
1757635328629 0.10648532978386255 242
1757635328679 0.10648525199216763 243
1757635328730 0.10648517770851056 244
1757635328780 0.1064851067703316 245
1757635328830 0.10648503902360662 246
1757635328881 0.10648497432233824 247
1757635328931 0.10648491252805309 248
1757635328986 0.10648485350931376 249
1757635329037 0.10648479714125195 250
1757635329087 0.10648474330512697 251
1757635329138 0.10648469188791448 252
1757635329189 0.1064846427819252 253
1757635329240 0.10648459588445734 254
1757635329290 0.10648455109747965 255
1757635329342 0.10648450832734607 256
1757635329397 0.10648446748453964 257
1757635329448 0.10648442848344278 258
1757635329504 0.1064843912421324 259
1757635329555 0.10648435568219641 260
1757635329607 0.10648432172857 261
1757635329661 0.10648428930938704 262
1757635329715 0.10648425835584556 263
1757635330064 0.10648422880208508 264
1757635330116 0.10648420058507212 265
1757635330167 0.10648417364449381 266
1757635330220 0.1064841479226567 267
1757635330274 0.10648412336439035 268
1757635330326 0.1064840999169541 269
1757635330380 0.10648407752994664 270
1757635330433 0.10648405615521729 271
1757635330488 0.10648403574677956 272
1757635330556 0.10648401626072561 273
1757635330619 0.10648399765514258 274
1757635330678 0.10648397989002953 275
1757635330732 0.10648396292721779 276
1757635330785 0.1064839467302903 277
1757635330839 0.1064839312645049 278
1757635330891 0.10648391649671926 279
1757635330942 0.10648390239531723 280
1757635330994 0.10648388893013788 281
1757635331051 0.10648387607240818 282
1757635331104 0.10648386379467631 283
1757635331157 0.10648385207074963 284
1757635331208 0.1064838408756338 285
1757635331261 0.10648383018547561 286
1757635331312 0.10648381997750861 287
1757635331364 0.10648381023000084 288
1757635331423 0.10648380092220543 289
1757635331477 0.10648379203431443 290
1757635331535 0.10648378354741384 291
1757635331597 0.10648377544344229 292
1757635331669 0.10648376770515108 293
1757635331724 0.10648376031606663 294
1757635331775 0.10648375326045495 295
