1757625201647 169.17813275916612 0
1757625201702 165.80819472757315 1
1757625201747 162.50563386161275 2
1757625201793 159.26909386665716 3
1757625201837 156.0972461729467 4
1757625201879 152.98878934931514 5
1757625201930 149.94244853020456 6
1757625201985 146.95697485563005 7
1757625202049 144.0311449237623 8
1757625202099 141.16376025580902 9
1757625202145 138.35364677288348 10
1757625202188 135.59965428455965 11
1757625202242 132.90065598882032 12
1757625202293 130.25554798311546 13
1757625202349 127.66324878625448 14
1757625202407 125.12269887086536 15
1757625202460 122.63286020616049 16
1757625202513 120.19271581075765 17
1757625202567 117.80126931531053 18
1757625202621 115.45754453471103 19
1757625202674 113.16058504963205 20
1757625202721 110.9094537971862 21
1757625202776 108.70323267048161 22
1757625202832 106.54102212686293 23
1757625202891 104.42194080463075 24
1757625202947 102.34512514803862 25
1757625203000 100.30972904037293 26
1757625203055 98.3149234449248 27
1757625203108 96.35989605367013 28
1757625203155 94.44385094347722 29
1757625203203 92.5660082396675 30
1757625203253 90.72560378675861 31
1757625203306 88.9218888262245 32
1757625203358 87.15412968111042 33
1757625203409 85.42160744734645 34
1757625203463 83.72361769160572 35
1757625203516 82.05947015555861 36
1757625203569 80.42848846637759 37
1757625203620 78.83000985335102 38
1757625203675 77.26338487046829 39
1757625203725 75.72797712484149 40
1757625203770 74.22316301083315 41
1757625203813 72.74833144976189 42
1757625203864 71.30288363506156 43
1757625203914 69.88623278277296 44
1757625203963 68.49780388724912 45
1757625204013 67.13703348195916 46
1757625204069 65.8033694052782 47
1757625204116 64.49627057115286 48
1757625204166 63.215206744536296 49
1757625204219 61.95965832148715 50
1757625204269 60.72911611383114 51
1757625204315 59.523081138285505 52
1757625204369 58.34106440994916 53
1757625204429 57.18258674006366 54
1757625204478 56.047178537952675 55
1757625204531 54.93437961704938 56
1757625204608 53.84373900492359 57
1757625204663 52.77481475722247 58
1757625204720 51.72717377544086 59
1757625204775 50.70039162843881 60
1757625204830 49.694052377626264 61
1757625204882 48.707748405736396 62
1757625204939 47.74108024911113 63
1757625204993 46.79365643342396 64
1757625205047 45.86509331276706 65
1757625205098 44.9550149120311 66
1757625205149 44.0630527725084 67
1757625205201 43.1888458006506 68
1757625205252 42.33204011991485 69
1757625205301 41.49228892563291 70
1757625205348 40.669252342839776 71
1757625205393 39.862597286999346 72
1757625205439 39.07199732756665 73
1757625205484 38.29713255432673 74
1757625205527 37.537689446452305 75
1757625205572 36.79336074422332 76
1757625205616 36.06384532335273 77
1757625205659 35.348848071864005 78
1757625205703 34.64807976946761 79
1757625205792 33.96125696938388 80
1757625205895 33.288101882562046 81
1757625205952 32.62834226424501 82
1757625206002 31.981711302831886 83
1757625206050 31.34794751099014 84
1757625206106 30.726794618971073 85
1757625206152 30.118001470083097 86
1757625206197 29.521321918278044 87
1757625206241 28.936514727807076 88
1757625206287 28.36334347490351 89
1757625206332 27.80157645145073 90
1757625206378 27.250986570594446 91
1757625206431 26.71135127425922 92
1757625206519 26.18245244253025 93
1757625206579 25.664076304862032 94
1757625206638 25.156013353076528 95
1757625206696 24.65805825611407 96
1757625206757 24.170009776501246 97
1757625206813 23.691670688500484 98
1757625206869 23.222847697907042 99
1757625206922 22.76335136345986 100
1757625206989 22.31299601983303 101
1757625207052 21.871599702175878 102
1757625207109 21.438984072170076 103
1757625207165 21.01497434557279 104
1757625207222 20.599399221215542 105
1757625207276 20.192090811429413 106
1757625207330 19.792884573867244 107
1757625207385 19.401619244694828 108
1757625207440 19.01813677312283 109
1757625207496 18.642282257252678 110
1757625207545 18.273903881209378 111
1757625207602 17.91285285353543 112
1757625207658 17.55898334682006 113
1757625207711 17.21215243853898 114
1757625207763 16.872220053079864 115
1757625207818 16.53904890492985 116
1757625207874 16.212504443001325 117
1757625207926 15.892454796073073 118
1757625207978 15.578770719324268 119
1757625208029 15.271325541939106 120
1757625208079 14.969995115760614 121
1757625208142 14.67465776497231 122
1757625208193 14.385194236787076 123
1757625208245 14.101487653122833 124
1757625208298 13.82342346324525 125
1757625208353 13.550889397357754 126
1757625208412 13.2837754211201 127
1757625208467 13.021973691076417 128
1757625208516 12.765378510974731 129
1757625208563 12.513886288959776 130
1757625208609 12.267395495621702 131
1757625208656 12.02580662288337 132
1757625208703 11.789022143709312 133
1757625208750 11.556946472619956 134
1757625208859 11.329485926994892 135
1757625208928 11.106548689149259 136
1757625208982 10.888044769167744 137
1757625209039 10.673885968481061 138
1757625209092 10.463985844169883 139
1757625209152 10.258259673981678 140
1757625209202 10.05662442204616 141
1757625209252 9.858998705275273 142
1757625209299 9.665302760434068 143
1757625209352 9.475458411868873 144
1757625209413 9.28938903987976 145
1757625209461 9.10701954972424 146
1757625209508 8.928276341239599 147
1757625209556 8.753087279071465 148
1757625209605 8.581381663496463 149
1757625209652 8.413090201827039 150
1757625209698 8.248144980386842 151
1757625209746 8.08647943704515 152
1757625209792 7.928028334299229 153
1757625209840 7.772727732893651 154
1757625209888 7.62051496596574 155
1757625209939 7.471328613706699 156
1757625209997 7.325108478528108 157
1757625210047 7.181795560723588 158
1757625210094 7.041332034615843 159
1757625210144 6.903661225179279 160
1757625210196 6.7687275851287225 161
1757625210243 6.636476672464967 162
1757625210290 6.506855128467914 163
1757625210343 6.379810656128468 164
1757625210401 6.255291999010306 165
1757625210461 6.133248920533055 166
1757625210516 6.013632183668326 167
1757625210567 5.896393531040482 168
1757625210616 5.78148566542393 169
1757625210664 5.6688622306291405 170
1757625210711 5.558477792769505 171
1757625210759 5.450287821901545 172
1757625210809 5.344248674030917 173
1757625210856 5.240317573476977 174
1757625210904 5.138452595588702 175
1757625210951 5.038612649805009 176
1757625211000 4.9407574630525035 177
1757625211048 4.844847563474028 178
1757625211095 4.750844264481346 179
1757625211144 4.658709649125483 180
1757625211197 4.568406554778448 181
1757625211254 4.479898558120033 182
1757625211306 4.393149960423725 183
1757625211354 4.30812577313559 184
1757625211402 4.224791703740492 185
1757625211450 4.143114141909743 186
1757625211499 4.0630601459246405 187
1757625211546 3.984597429370416 188
1757625211594 3.907694348095131 189
1757625211641 3.832319887428321 190
1757625211692 3.7584436496541356 191
1757625211740 3.6860358417339163 192
1757625211790 3.615067263273283 193
1757625211839 3.545509294728797 194
1757625211887 3.477333885849459 195
1757625211939 3.4105135443483467 196
1757625211999 3.3450213247998097 197
1757625212062 3.2808308177577192 198
1757625212117 3.217916139090363 199
1757625212169 3.156251919527706 200
1757625212222 3.0958132944167254 201
1757625212271 3.036575893680684 202
1757625212322 2.9785158319783522 203
1757625212373 2.921609699059088 204
1757625212427 2.8658345503099207 205
1757625212494 2.8111678974908454 206
1757625212548 2.7575876996545268 207
1757625212600 2.7050723542467456 208
1757625212654 2.6536006883840138 209
1757625212712 2.603151950304808 210
1757625212767 2.5537058009909503 211
1757625212822 2.505242305955808 212
1757625212887 2.457741927195877 213
1757625212947 2.411185515302625 214
1757625213014 2.365554301731301 215
1757625213136 2.3208298912236427 216
1757625213267 2.276994254381372 217
1757625213585 2.2340297203875292 218
1757625213639 2.1919189698726527 219
1757625213689 2.1506450279229328 220
1757625213740 2.110191257227535 221
1757625213790 2.070541351362289 222
1757625213857 2.031679328207061 223
1757625213906 1.9935895234941037 224
1757625213956 1.9562565844848103 225
1757625214006 1.9196654637723247 226
1757625214056 1.8838014132074516 227
1757625214105 1.8486499779454595 228
1757625214156 1.814196990611362 229
1757625214208 1.780428565581282 230
1757625214261 1.7473310933776391 231
1757625214310 1.7148912351758598 232
1757625214370 1.683095917420401 233
1757625214437 1.6519323265478998 234
1757625214488 1.6213879038153416 235
1757625214537 1.5914503402311333 236
1757625214587 1.5621075715870285 237
1757625214637 1.533347773588937 238
1757625214687 1.50515935708458 239
1757625214736 1.4775309633861482 240
1757625214786 1.4504514596859988 241
1757625214836 1.4239099345635675 242
1757625214887 1.3978956935817024 243
1757625214936 1.372398254970602 244
1757625214986 1.3474073453976252 245
1757625215038 1.3229128958212801 246
1757625215088 1.2989050374277 247
1757625215138 1.2753740976479646 248
1757625215187 1.2523105962546681 249
1757625215237 1.2297052415361462 250
1757625215287 1.207548926546819 251
1757625215336 1.1858327254321432 252
1757625215387 1.1645478898266726 253
1757625215438 1.143685845323782 254
1757625215488 1.1232381880156397 255
1757625215539 1.1031966811019995 256
1757625215595 1.0835532515664754 257
1757625215650 1.0642999869189342 258
1757625215713 1.045429132002695 259
1757625215768 1.026933085865258 260
1757625215822 1.0088043986912778 261
1757625215875 0.9910357687965684 262
1757625215930 0.973620039681885 263
1757625215985 0.9565501971453413 264
1757625216045 0.9398193664522719 265
1757625216105 0.923420809561371 266
1757625216163 0.9073479224060502 267
1757625216222 0.8915942322298498 268
1757625216283 0.8761533949748719 269
1757625216342 0.8610191927221722 270
1757625216398 0.8461855311830515 271
1757625216457 0.8316464372402744 272
1757625216513 0.817396056538181 273
1757625216570 0.8034286511207603 274
1757625216624 0.7897385971166869 275
1757625216681 0.7763203824704188 276
1757625216733 0.763168604718436 277
1757625216790 0.7502779688097055 278
1757625216847 0.7376432849695003 279
1757625216905 0.7252594666057229 280
1757625216965 0.7131215282568677 281
1757625217034 0.7012245835808049 282
1757625217085 0.6895638433835702 283
1757625217137 0.6781346136873738 284
1757625217190 0.6669322938370286 285
1757625217242 0.6559523746440462 286
1757625217300 0.6451904365676611 287
1757625217357 0.6346421479320209 288
1757625217413 0.6243032631788505 289
1757625217466 0.6141696211548716 290
1757625217518 0.6042371434332763 291
1757625217569 0.594501832668609 292
1757625217622 0.58495977098435 293
1757625217720 0.5756071183925854 294
1757625217775 0.5664401112451044 295
1757625217829 0.5574550607153083 296
1757625217885 0.5486483513103146 297
1757625217938 0.5400164394126526 298
1757625217988 0.5315558518509748 299
1757625218040 0.5232631844991817 300
1757625218091 0.5151351009034284 301
1757625218142 0.5071683309364237 302
1757625218193 0.4993596694785083 303
1757625218244 0.49170597512495606 304
1757625218300 0.484204168918996 305
1757625218351 0.47685123311002453 306
1757625218402 0.46964420993652917 307
1757625218454 0.4625802004332023 308
1757625218506 0.4556563632617965 309
1757625218557 0.4488699135652286 310
1757625218609 0.4422181218444636 311
1757625218660 0.43569831285775995 312
1757625218712 0.4293078645417859 313
1757625218764 0.42304420695420203 314
1757625218815 0.4169048212372795 315
1757625218866 0.4108872386021222 316
1757625218917 0.40498903933309843 317
1757625218969 0.3992078518120686 318
1757625219021 0.3935413515620216 319
1757625219072 0.3879872603097316 320
1757625219124 0.38254334506706056 321
1757625219175 0.3772074172305204 322
1757625219226 0.37197733169876285 323
1757625219278 0.36685098600760074 324
1757625219330 0.3618263194822464 325
1757625219392 0.356901312406401 326
1757625219448 0.35207398520787747 327
1757625219499 0.3473423976604106 328
1757625219552 0.34270464810135115 329
1757625219604 0.3381588726649098 330
1757625219659 0.33370324453065203 331
1757625219714 0.3293359731869461 332
1757625219772 0.32505530370904556 333
1757625219828 0.3208595160515409 334
1757625219890 0.3167469243548775 335
1757625219947 0.3127158762656627 336
1757625220003 0.3087647522704961 337
1757625220059 0.30489196504304267 338
1757625220113 0.3010959588040925 339
1757625220168 0.2973752086943468 340
1757625220225 0.29372822015967753 341
1757625220279 0.2901535283486128 342
1757625220341 0.2866496975218017 343
1757625220400 0.28321532047322584 344
1757625220461 0.27984901796291994 345
1757625220514 0.276549438160972 346
1757625220568 0.273315256102582 347
1757625220620 0.27014517315395853 348
1757625220674 0.2670379164888318 349
1757625220731 0.2639922385753834 350
1757625220793 0.2610069166733731 351
1757625220864 0.2580807523412706 352
1757625220922 0.2552125709531835 353
1757625220980 0.2524012212253947 354
1757625221037 0.24964557475231694 355
1757625221093 0.2469445255516675 356
1757625221151 0.24429698961869445 357
1757625221207 0.2417019044892687 358
1757625221263 0.23915822881165183 359
1757625221321 0.23666494192679816 360
1757625221377 0.23422104345698394 361
1757625221434 0.23182555290262974 362
1757625221491 0.22947750924713442 363
1757625221545 0.22717597056956723 364
1757625221604 0.224920013665062 365
1757625221663 0.22270873367276195 366
1757625221722 0.2205412437111563 367
1757625221776 0.21841667452067723 368
1757625221828 0.21633417411339562 369
1757625221881 0.21429290742968435 370
1757625221933 0.21229205600171294 371
1757625221987 0.21033081762362674 372
1757625222040 0.20840840602828914 373
1757625222093 0.2065240505704518 374
1757625222150 0.20467699591621855 375
1757625222202 0.20286650173869064 376
1757625222255 0.20109184241966155 377
1757625222308 0.19935230675724297 378
1757625222366 0.19764719767930017 379
1757625222419 0.1959758319625955 380
1757625222480 0.19433753995750525 381
1757625222545 0.19273166531821737 382
1757625222611 0.19115756473828877 383
1757625222718 0.18961460769146596 384
1757625222780 0.18810217617765326 385
1757625222844 0.18661966447393466 386
1757625222905 0.18516647889055057 387
1757625222962 0.1837420375317128 388
1757625223021 0.1823457700611939 389
1757625223076 0.18097711747256162 390
1757625223130 0.17963553186398973 391
1757625223186 0.17832047621754293 392
1757625223241 0.17703142418285314 393
1757625223295 0.17576785986509183 394
1757625223348 0.17452927761716283 395
1757625223402 0.17331518183602518 396
1757625223455 0.17212508676306362 397
1757625223508 0.17095851628843048 398
1757625223563 0.16981500375927713 399
1757625223619 0.16869409179179584 400
1757625223701 0.1675953320870031 401
1757625223764 0.1665182852501809 402
1757625223872 0.16546252061390954 403
1757625224044 0.16442761606461878 404
1757625224107 0.1634131578725885 405
1757625224174 0.16241874052532707 406
1757625224294 0.16144396656426344 407
1757625224376 0.16048844642468515 408
1757625224454 0.15955179827886098 409
1757625224513 0.15863364788227852 410
1757625224572 0.15773362842294256 411
1757625224631 0.1568513803736645 412
1757625224689 0.15598655134729522 413
1757625224744 0.15513879595483063 414
1757625224798 0.15430777566633705 415
1757625224852 0.15349315867464877 416
1757625224906 0.1526946197617679 417
1757625224961 0.1519118401679208 418
1757625225020 0.15114450746322433 419
1757625225079 0.15039231542189496 420
1757625225137 0.1496549638989639 421
1757625225192 0.1489321587094408 422
1757625225245 0.14822361150988034 423
1757625225300 0.147529039682302 424
1757625225353 0.14684816622042157 425
1757625225411 0.14618071961813797 426
1757625225472 0.14552643376024135 427
1757625225529 0.14488504781529243 428
1757625225587 0.14425630613063087 429
1757625225643 0.14363995812947164 430
1757625225722 0.14303575821004688 431
1757625225792 0.1424434656467506 432
1757625225857 0.14186284449325248 433
1757625225915 0.14129366348753317 434
1757625225976 0.14073569595881125 435
1757625226041 0.1401887197363159 436
1757625226108 0.13965251705987783 437
1757625226167 0.13912687449229513 438
1757625226223 0.1386115828334388 439
1757625226281 0.13810643703607026 440
1757625226337 0.13761123612332865 441
1757625226393 0.1371257831078596 442
1757625226454 0.13664988491255267 443
1757625226509 0.13618335229285075 444
1757625226563 0.13572599976060726 445
1757625226618 0.13527764550945603 446
1757625226672 0.1348381113416627 447
1757625226727 0.13440722259643345 448
1757625226781 0.13398480807964439 449
1757625226835 0.13357069999497073 450
1757625226889 0.13316473387638578 451
1757625226943 0.13276674852199774 452
1757625227011 0.1323765859292043 453
1757625227067 0.1319940912311366 454
1757625227126 0.1316191126343639 455
1757625227185 0.1312515013578394 456
1757625227244 0.13089111157305666 457
1757625227301 0.1305378003453976 458
1757625227357 0.13019142757664462 459
1757625227413 0.1298518559486371 460
1757625227468 0.12951895086804652 461
1757625227522 0.12919258041224868 462
1757625227577 0.12887261527627306 463
1757625227633 0.1285589287208058 464
1757625227689 0.12825139652122566 465
1757625227750 0.12794989691765438 466
1757625227813 0.1276543105659977 467
1757625227875 0.12736452048996091 468
1757625227932 0.12708041203401793 469
1757625227987 0.12680187281731423 470
1757625228043 0.12652879268848652 471
1757625228099 0.1262610636813805 472
1757625228154 0.12599857997164737 473
1757625228210 0.12574123783420518 474
1757625228269 0.12548893560154337 475
1757625228329 0.12524157362285734 476
1757625228394 0.12499905422399445 477
1757625228465 0.12476128166819563 478
1757625228531 0.12452816211761863 479
1757625228613 0.12429960359562409 480
1757625228681 0.12407551594981304 481
1757625228742 0.1238558108157967 482
1757625228801 0.12364040158168813 483
1757625228874 0.12342920335329824 484
1757625228934 0.12322213292002483 485
1757625228992 0.12301910872141748 486
1757625229050 0.1228200508144086 487
1757625229107 0.12262488084119462 488
1757625229164 0.1224335219977567 489
1757625229230 0.12224589900300457 490
1757625229295 0.12206193806853649 491
1757625229370 0.12188156686899745 492
1757625229445 0.12170471451302868 493
1757625229507 0.12153131151479185 494
1757625229606 0.12136128976606196 495
1757625229673 0.1211945825088723 496
1757625229738 0.12103112430870383 497
1757625229809 0.12087085102820883 498
1757625229872 0.12071369980145324 499
