1757644579524 0.7982479161366067 0
1757644579631 0.003488264721815829 1
1757644579738 0.45346002457809176 2
1757644579841 0.040381371912511725 3
1757644579942 0.0032529661437637313 4
1757644580044 0.3677633383658738 5
1757644580145 0.027116019692192014 6
1757644580246 0.007880546665029691 7
1757644580347 0.31169067050754284 8
1757644580447 0.33406679387337224 9
1757644580550 0.16600407965637656 10
1757644580651 0.0029099335481614854 11
1757644580752 0.039165172171482965 12
1757644580853 0.013793425835906021 13
1757644580959 0.030554978515162885 14
1757644581060 0.06608203662235335 15
1757644581163 0.03248654318714462 16
1757644581266 0.06505132335649659 17
1757644581367 0.05646217645807826 18
1757644581468 0.5428312342638227 19
1757644581568 0.009723693033041419 20
1757644581673 0.024216753546913005 21
1757644581778 0.012301089739625381 22
1757644581880 1.7421376434772524 23
1757644581981 0.02671869121730885 24
1757644582083 0.0009553078399815243 25
1757644582185 0.2270846192236905 26
1757644582288 0.0883830454123699 27
1757644582391 0.045738153871912046 28
1757644582492 0.07840434259993932 29
1757644582594 0.27563909692625016 30
1757644582695 0.1980552051114662 31
1757644582797 0.07496508179800329 32
1757644582901 0.018857572900183108 33
1757644583003 0.00013485452532014912 34
1757644583104 0.3926115039616936 35
1757644583206 0.04799418076296089 36
1757644583307 0.6210418862667737 37
1757644583408 0.00018524144915191577 38
1757644583511 0.004921274445647272 39
1757644583613 0.1952050792063567 40
1757644583741 0.07214629379263207 41
1757644583850 0.002212586164316349 42
1757644583955 0.11536797460537215 43
1757644584058 0.3321625019627763 44
1757644584160 0.06074965690334566 45
1757644584261 0.021065503089311936 46
1757644584363 0.005122240155806896 47
1757644584465 0.18833012943129127 48
1757644584568 0.0006868778455531416 49
1757644584671 0.7243929375307715 50
1757644584774 0.02288554343122225 51
1757644584877 0.0008667396373756626 52
1757644584980 0.764991470207883 53
1757644585083 0.029323517323036938 54
1757644585187 1.6127309738314384 55
1757644585289 0.03087384775072668 56
1757644585392 0.08339939401724179 57
1757644585495 0.3047941549799868 58
1757644585598 0.01815225275094301 59
1757644585702 0.02998685919100682 60
1757644585809 0.0002488940687042498 61
1757644585912 0.06554207877397009 62
1757644586014 0.00036289391326930093 63
1757644586116 0.004324011650109268 64
1757644586221 0.021763363744046534 65
1757644586324 0.2915351381543534 66
1757644586425 0.0074302508385906164 67
1757644586526 0.14120686748699168 68
1757644586626 0.548667968060793 69
1757644586729 0.386049318941752 70
1757644586886 0.03645050578364218 71
1757644586992 0.08625059668481999 72
1757644587101 0.08539286239284188 73
1757644587205 0.40652521946000914 74
1757644587309 0.0034705046626918347 75
1757644587415 0.058593919633081616 76
1757644587519 0.16077710197246486 77
1757644587621 0.024567375805593112 78
1757644587725 0.0005535116217080489 79
1757644587833 0.00035876753986979277 80
1757644587937 0.4010847408005302 81
1757644588041 0.018640874394555234 82
1757644588143 0.030373939683011882 83
1757644588246 0.1850913362719348 84
1757644588348 0.10454692821895117 85
1757644588452 0.016683620098478204 86
1757644588557 0.0050916349604074795 87
1757644588662 0.020645988779828494 88
1757644588778 0.07937176945910569 89
1757644588881 0.012466180773114162 90
1757644588985 0.09158696695080583 91
1757644589089 0.010109774408350897 92
1757644589192 0.2406309655402036 93
1757644589295 0.061201554265247655 94
1757644589399 0.010261530315187816 95
1757644589502 0.008436637175068146 96
1757644589605 0.10318703926366897 97
1757644589723 0.008561321233676799 98
1757644589848 0.0006229759524006975 99
1757644589955 0.30594298549894255 100
1757644590113 0.49936244971808685 101
1757644590225 0.013455281594077738 102
1757644590332 0.006708460811264732 103
1757644590435 0.012701796274025316 104
1757644590539 0.048523032685746044 105
1757644590642 0.022720169939313452 106
1757644590747 0.9022733344532375 107
1757644590852 0.09804015623809721 108
1757644590955 0.16261625428057866 109
1757644591057 0.07610267649721694 110
1757644591161 0.0006435690615297297 111
1757644591265 0.18951841999074678 112
1757644591369 0.47393137126691925 113
1757644591485 0.0005086572082068017 114
1757644591589 0.25625670689520313 115
1757644591694 0.538117299386986 116
1757644591797 0.05521477172074201 117
1757644591908 0.7671940394562682 118
1757644592012 0.21013639462918396 119
1757644592116 0.028494948556285062 120
1757644592220 0.005111987325982686 121
1757644592323 0.018561846296326845 122
1757644592428 3.895212505747912e-05 123
1757644592532 0.15560122957521055 124
1757644592637 0.059813639016969226 125
1757644592741 0.011775486174935176 126
1757644592846 0.15679465091527414 127
1757644592950 0.0389901918142994 128
1757644593055 0.0025966327999081473 129
1757644593160 0.07585232139613945 130
1757644593265 0.08146220649081974 131
1757644593437 0.027848982212942647 132
1757644593548 1.722944243779436e-05 133
1757644593669 0.06469910581183422 134
1757644593799 0.10357166340694005 135
1757644593911 0.15094011953813607 136
1757644594020 0.03311876525895411 137
1757644594129 0.09041520978945711 138
1757644594240 0.04113003583725375 139
1757644594347 0.21314016814725542 140
1757644594451 0.00026987461029154926 141
1757644594555 0.014633004896678924 142
1757644594660 0.0012708911279429205 143
1757644594767 0.011528763415240048 144
1757644594874 0.06838998648663044 145
1757644594978 0.04436062890507606 146
1757644595083 0.1501011544603884 147
1757644595188 0.0008334967453123056 148
1757644595293 0.49120150870265766 149
1757644595399 0.02395272731578166 150
1757644595510 0.1810609361883135 151
1757644595614 0.03890831509902878 152
1757644595719 0.22405120017960128 153
1757644595824 0.0013931328644406114 154
1757644595930 0.029541872548016258 155
1757644596037 0.12994931215853328 156
1757644596141 0.013066077551023134 157
1757644596246 0.040810346021788624 158
1757644596351 0.03574816980744368 159
1757644596456 0.7054967689812802 160
1757644596562 0.026073667425014123 161
1757644596667 0.04617005328239146 162
1757644596772 0.028228980709648722 163
1757644596877 0.357599961564755 164
1757644596982 0.08444950401625448 165
1757644597088 0.12054938526496949 166
1757644597194 0.44524434752262954 167
1757644597299 0.03293892743840048 168
1757644597404 0.06554075678817506 169
1757644597506 0.013629693797953 170
1757644597612 0.006359191921527566 171
1757644597716 0.02691904549538216 172
1757644597825 0.0056122687272049405 173
1757644597932 0.05892628921145966 174
1757644598042 0.003150472960525463 175
1757644598148 0.004019625619466679 176
1757644598254 0.012656294004288254 177
1757644598359 0.07236053696069598 178
1757644598465 0.0006948546534581383 179
1757644598570 0.00040736826219483254 180
1757644598676 0.02748864818488359 181
1757644598793 0.1418239036994686 182
1757644598899 0.0004331050252942641 183
1757644599003 0.11205700430095822 184
1757644599108 0.0096765247855269 185
1757644599214 0.013646491061622992 186
1757644599320 0.008154893501117052 187
1757644599426 0.00040729989068586075 188
1757644599530 0.06755644919685974 189
1757644599635 0.03551886942256372 190
1757644599742 0.014859107772318317 191
1757644599849 0.6668746166398802 192
1757644599955 0.07845609382859965 193
1757644600068 0.01638826392421172 194
1757644600173 0.008661545550784262 195
1757644600278 0.15196509275983772 196
1757644600384 0.0071634767172425624 197
1757644600490 0.014351317468513942 198
1757644600595 0.0036551454589187483 199
1757644600700 0.006574190154424878 200
1757644600806 0.00606240727388756 201
1757644600909 0.6549891533420361 202
1757644601017 0.03162934817019384 203
1757644601123 0.12161866876101961 204
1757644601229 0.0005585648925684649 205
1757644601334 0.005143644459945026 206
1757644601437 0.004199183657164816 207
1757644601542 0.08532205592132125 208
1757644601646 0.09485076116771492 209
1757644601752 0.025340224434899042 210
1757644601859 0.0001613016726987609 211
1757644601965 0.046068536598740786 212
1757644602074 0.012044000178338022 213
1757644602181 0.43789282834366433 214
1757644602287 0.007467761725906331 215
1757644602394 0.028771797832770514 216
1757644602499 0.03900078547846969 217
1757644602603 0.2042612577806313 218
1757644602708 0.06383533545842611 219
1757644602813 0.02864901588283209 220
1757644602919 0.4767489197227258 221
1757644603025 0.3170003170549947 222
1757644603129 0.018143662720228694 223
1757644603234 0.05349351754754825 224
1757644603339 0.46902835433953627 225
1757644603445 0.15130786180476632 226
1757644603550 0.006265112891404516 227
1757644603665 0.0021297279292040346 228
1757644603794 0.7997615513481344 229
1757644603902 0.05545652807366048 230
1757644604009 0.023855593031526307 231
1757644604124 0.517395535394193 232
1757644604232 0.060880939204521346 233
1757644604339 0.24939500978109636 234
1757644604446 0.05119602746185632 235
1757644604553 0.02388059033722227 236
1757644604660 0.17780173609805022 237
1757644604770 0.002272602517787297 238
1757644604876 0.1724634615500532 239
1757644604983 0.004369144781545314 240
1757644605090 0.0005113891845947766 241
1757644605196 0.024301329957086178 242
1757644605302 0.02140896950802537 243
1757644605409 0.07538052795990319 244
1757644605516 0.012775826053609404 245
1757644605624 0.7051138505956341 246
1757644605735 1.0847893852014412 247
1757644605843 0.016299302284312978 248
1757644605950 0.00351124748516857 249
1757644606057 0.04475651477072466 250
1757644606170 0.00022704657852193962 251
1757644606280 0.820193095909766 252
1757644606387 0.0006998655515997968 253
1757644606494 0.07349730401437701 254
1757644606601 0.046125821058387376 255
1757644606706 0.06562147173922869 256
1757644606845 0.11795003720443846 257
1757644606974 0.08254048443875212 258
1757644607086 0.09119090436016347 259
1757644607194 0.16091076800866055 260
1757644607302 0.04631198170492076 261
1757644607409 0.011230118247381125 262
1757644607516 0.08650413938781544 263
1757644607623 0.022520399950608325 264
1757644607731 0.12214971868165335 265
1757644607839 0.0004351711867404882 266
1757644607946 0.1484149149028735 267
1757644608052 0.02123771412627097 268
1757644608161 0.07139270367343252 269
1757644608269 0.16428507915094107 270
1757644608378 0.005184649698467678 271
1757644608487 0.005149568304921262 272
1757644608594 0.004925565991406816 273
1757644608707 0.03060289435950871 274
1757644608822 0.033503790631369504 275
1757644608930 0.08553380526967132 276
1757644609037 0.006370256633372879 277
1757644609145 1.0518054118244826 278
1757644609253 0.08217199824963371 279
1757644609360 0.013434406591067012 280
1757644609468 0.04245621783414845 281
1757644609577 0.12586321836904307 282
1757644609685 0.03177485296659121 283
1757644609794 0.07828385999525216 284
1757644609902 0.03376981887009937 285
1757644610009 0.04798380875315685 286
1757644610117 0.005648976528567262 287
1757644610231 0.0919616443474121 288
1757644610338 0.04344853770121031 289
1757644610446 0.04006584129576166 290
1757644610553 0.6400618945532516 291
1757644610684 0.09406999317107569 292
1757644610794 0.14478636035794906 293
1757644610902 0.012826923983738558 294
1757644611010 0.12077216078118601 295
1757644611118 0.02108874299276683 296
1757644611227 0.12560635860471744 297
1757644611335 0.06992890900148263 298
1757644611443 0.1447716368337554 299
1757644611551 0.24756134176951727 300
1757644611658 9.569741004779265e-05 301
1757644611767 0.018953367152753687 302
1757644611877 0.11838852947889365 303
1757644611983 0.08558248181033357 304
1757644612091 0.00011866175251871238 305
1757644612202 0.0025427491921948893 306
1757644612312 0.17609771091291598 307
1757644612421 0.029133558753547926 308
1757644612529 0.13408108982773786 309
1757644612635 0.046444745828645446 310
1757644612741 0.11603028207754928 311
1757644612849 0.2470499799983395 312
1757644612954 0.043253679013044354 313
1757644613062 0.0009439174872148579 314
1757644613168 0.0005372905969342418 315
1757644613274 0.004136212080617453 316
1757644613382 0.2496129663651519 317
1757644613489 0.03753062967457176 318
1757644613596 0.018091123658081035 319
1757644613710 0.2642945470549136 320
1757644613829 0.06893933404977348 321
1757644613938 0.010117150261685939 322
1757644614047 0.000539271024768986 323
1757644614155 0.0005853568480923834 324
1757644614269 0.055043979053861616 325
1757644614378 0.03490377305995766 326
1757644614486 0.0029751938703785757 327
1757644614595 0.0026245314576034064 328
1757644614707 0.006011859052291358 329
1757644614817 0.038715368526926947 330
1757644614927 0.6141556238569851 331
1757644615036 0.07098774675643088 332
1757644615146 0.09420419005393668 333
1757644615256 0.2766694044594364 334
1757644615365 0.05290463966195459 335
1757644615474 0.1494444488221795 336
1757644615583 0.17767599335851422 337
1757644615694 0.03964350385182648 338
1757644615803 0.8348177352279417 339
1757644615911 0.030914523063358672 340
1757644616019 0.2699577167772231 341
1757644616126 0.0125191550446345 342
1757644616235 0.11414838645118944 343
1757644616351 0.004306036605144409 344
1757644616462 0.0879666829616534 345
1757644616571 0.031247483408400122 346
1757644616682 0.014020526312377215 347
1757644616792 0.11587424211099451 348
1757644616903 6.26000432141223e-05 349
1757644617013 0.00011371669919580426 350
1757644617122 0.08223389897784128 351
1757644617231 0.051295434580214634 352
1757644617341 0.006748046308722577 353
1757644617452 0.062278414243564985 354
1757644617561 0.002894756138490463 355
1757644617670 0.254848139043341 356
1757644617777 0.23855234840519304 357
1757644617884 0.22501041934897514 358
1757644617991 0.09283564264287274 359
1757644618099 0.5525546439831368 360
1757644618208 0.11721793144670761 361
1757644618318 0.2237674710668872 362
1757644618429 0.03318588904368723 363
1757644618539 0.8609386002457429 364
1757644618646 0.0709784583620332 365
1757644618769 0.3807046207365348 366
1757644618880 0.24604270622841062 367
1757644618989 0.003420841532688667 368
1757644619099 0.0014691332486166109 369
1757644619210 0.28034177896818363 370
1757644619319 0.004670905846450806 371
1757644619427 0.02303050008479568 372
1757644619536 0.03141601288600902 373
1757644619649 0.017847613790545665 374
1757644619760 0.003898475670890582 375
1757644619873 0.04720921803832243 376
1757644619982 0.0662094179562011 377
1757644620153 0.06592789272847902 378
1757644620275 0.0072538453380063695 379
1757644620394 0.2748670752766418 380
1757644620506 0.00017593344993227132 381
1757644620618 0.025277829771594647 382
1757644620728 0.02450473808845205 383
1757644620840 0.037241105535673814 384
1757644620949 0.07989404518127183 385
1757644621058 0.2890843075666696 386
1757644621168 0.003690430503018194 387
1757644621280 0.00038454338803774543 388
1757644621391 0.10870717414393417 389
1757644621502 0.11068332572086106 390
1757644621612 0.0001976246802890771 391
1757644621722 0.4197295793921988 392
1757644621831 0.004293301629741909 393
1757644621941 0.48626137828354254 394
1757644622049 0.10366256353051653 395
1757644622158 0.23659793833963935 396
1757644622266 0.18777454455245987 397
1757644622377 0.02707286866543325 398
1757644622488 0.0454477123689467 399
1757644622599 0.024636667538331304 400
1757644622708 0.2822443077829926 401
1757644622819 0.005744899700166615 402
1757644622927 0.17339570006976335 403
1757644623036 0.029115480222944808 404
1757644623144 0.5271978674108677 405
1757644623254 0.12727991247421594 406
1757644623363 0.012485122527083977 407
1757644623472 0.036469760514052936 408
1757644623581 0.21248736383761607 409
1757644623697 0.19535923240287137 410
1757644623820 0.10366022771196466 411
1757644623931 0.06742595116996916 412
1757644624101 0.7202667133812451 413
1757644624219 0.030125057626673436 414
1757644624335 0.0005927796934878504 415
1757644624453 3.2835018987709496e-05 416
1757644624564 0.11682610727296451 417
1757644624675 0.0684998591787565 418
1757644624788 0.026860090920872815 419
1757644624900 0.0022042379301096524 420
1757644625010 0.03056854712430164 421
1757644625121 0.33351693503895086 422
1757644625232 0.0021415384021425425 423
1757644625344 0.012209491909383903 424
1757644625455 0.0020228237371483692 425
1757644625566 0.006485203920447662 426
1757644625677 0.14867039916665528 427
1757644625799 0.1474643808885275 428
1757644625916 0.053915491611654626 429
1757644626028 1.3656929346318842 430
1757644626138 0.0038299231772093477 431
1757644626250 0.010223473506690913 432
1757644626362 0.0038806958159730296 433
1757644626476 0.0795622562528073 434
1757644626589 0.014960875300143357 435
1757644626700 0.00014993846302034243 436
1757644626810 0.04205049863077768 437
1757644626921 0.07845612833357526 438
1757644627032 0.028006655323340172 439
1757644627142 0.016205464518094206 440
1757644627252 0.012171283817581553 441
1757644627362 0.007803330264374648 442
1757644627472 0.09603809538310638 443
1757644627581 2.1695578821106017e-05 444
1757644627689 0.16104533253540554 445
1757644627799 0.0021109413395048026 446
1757644627909 0.1643856279441535 447
1757644628018 0.0629415677667231 448
1757644628127 0.149798941807458 449
1757644628237 0.44121089339443803 450
1757644628347 0.6402092181320401 451
1757644628461 0.20816765535384577 452
1757644628575 0.011173845827212281 453
1757644628690 0.09950343089720076 454
1757644628812 0.031196442688537586 455
1757644628924 1.1022734236905811 456
1757644629037 0.31263476182863564 457
1757644629149 0.20995953350565377 458
1757644629261 0.13705529625646598 459
1757644629374 0.08701598383068183 460
1757644629486 0.002497081012947674 461
1757644629597 0.05958182259130054 462
1757644629708 0.2172209832610594 463
1757644629820 0.01955277780128453 464
1757644629932 0.06797489200582052 465
1757644630043 0.00017368240621682952 466
1757644630153 0.08464093737298062 467
1757644630267 1.9586351534528266 468
1757644630377 0.22628337038524893 469
1757644630489 0.48213366740063557 470
1757644630610 0.0018971715587745095 471
1757644630722 0.009963102039301062 472
1757644630835 0.0186114973531173 473
1757644630947 0.19722876758414082 474
1757644631058 0.08158680003994132 475
1757644631168 0.1014055996825028 476
1757644631279 0.009662822893792193 477
1757644631389 0.05819787544695067 478
1757644631499 0.43189627548486387 479
1757644631609 0.0017882828260422103 480
1757644631721 0.04471374585418623 481
1757644631832 0.003439222308309289 482
1757644631942 0.13193751746787044 483
1757644632053 0.0008577090768153869 484
1757644632164 0.0013448096990496474 485
1757644632275 0.062106744226607134 486
1757644632386 0.21207175171474882 487
1757644632497 0.008279167748071994 488
1757644632613 0.09391898338456758 489
1757644632727 0.08635176718822883 490
1757644632838 0.12880562602631973 491
1757644632949 0.008670988259780903 492
1757644633059 0.002718975156982427 493
1757644633169 0.2963565480382879 494
1757644633281 0.08087961566133052 495
1757644633393 0.005808855144208127 496
1757644633503 0.002879496996151183 497
1757644633613 0.11779409267231797 498
1757644633741 0.0001953398470797743 499
