1757647161382 177.0200285859345 0
1757647161439 163.52919147018713 1
1757647161496 149.40698180039496 2
1757647161551 161.57831211763312 3
1757647161607 148.12098412853095 4
1757647161663 144.63129516588776 5
1757647161718 140.6611750583929 6
1757647161772 130.43129836254616 7
1757647161828 124.85216576166519 8
1757647161885 128.8348356569623 9
1757647161940 116.39791092757753 10
1757647161996 117.93756936768763 11
1757647162052 117.82792424357513 12
1757647162107 108.86728440956894 13
1757647162166 100.58719613104066 14
1757647162222 101.72279507734848 15
1757647162276 100.1216294473889 16
1757647162331 94.9897618638214 17
1757647162388 95.11654345115832 18
1757647162443 82.97841303665854 19
1757647162499 84.5951453883577 20
1757647162554 82.80007528161235 21
1757647162615 83.13273060187608 22
1757647162671 77.96913042116458 23
1757647162726 72.72516226063615 24
1757647162782 75.18550332348619 25
1757647162837 70.24636645028787 26
1757647162893 66.15879263611225 27
1757647162950 66.98255526195939 28
1757647163006 65.1466609869198 29
1757647163067 61.89342238136215 30
1757647163125 56.28454642773798 31
1757647163186 56.40792317134785 32
1757647163242 53.81233496272264 33
1757647163299 51.66939790431692 34
1757647163361 51.73459894805161 35
1757647163416 46.31468505774386 36
1757647163473 48.173336948136196 37
1757647163531 47.699031230741525 38
1757647163587 47.20344998789863 39
1757647163644 42.53982183031712 40
1757647163705 42.82568708700068 41
1757647163760 39.02674776935299 42
1757647163817 37.6763600078819 43
1757647163929 39.7670001494442 44
1757647163993 36.19378016665034 45
1757647164056 33.104234302104814 46
1757647164118 34.701897058691095 47
1757647164180 31.270434708618495 48
1757647164367 35.26219112025669 49
1757647164434 30.49928598026343 50
1757647164497 31.98159244577487 51
1757647164561 29.073577424429924 52
1757647164622 28.272156231187992 53
1757647164683 26.574169346485107 54
1757647164742 27.35446372709226 55
1757647164801 24.705632438152342 56
1757647164861 24.63642594213615 57
1757647164921 23.14272862174205 58
1757647164980 22.14590106276187 59
1757647165039 22.355855434539524 60
1757647165104 20.483345204176395 61
1757647165164 19.356024412773024 62
1757647165223 20.2874630042541 63
1757647165283 19.62458088758313 64
1757647165341 18.78889686856394 65
1757647165400 18.050343903253534 66
1757647165458 16.26713056122668 67
1757647165515 16.262982600550348 68
1757647165572 16.64394205656302 69
1757647165629 15.997183747140802 70
1757647165686 15.22649063774783 71
1757647165742 15.207405487535816 72
1757647165799 14.06546898712638 73
1757647165859 14.580590475170933 74
1757647165916 14.487029839972163 75
1757647165974 13.238525925419538 76
1757647166031 12.98822390166912 77
1757647166087 11.780617861916465 78
1757647166144 11.174404495763584 79
1757647166201 11.369744335594778 80
1757647166258 9.627095967060944 81
1757647166315 10.59997608519718 82
1757647166373 9.177261852872059 83
1757647166431 9.659265372536655 84
1757647166489 9.095904285362419 85
1757647166546 9.51456364448697 86
1757647166605 8.757349082329357 87
1757647166662 8.342784862843915 88
1757647166718 7.880107837544039 89
1757647166776 7.752741987230068 90
1757647166833 8.0859672865891 91
1757647166891 8.364587030146563 92
1757647166950 7.258834058714641 93
1757647167008 6.959009334985712 94
1757647167066 6.891865353130131 95
1757647167129 6.650437902478694 96
1757647167189 6.109220670219885 97
1757647167247 6.175812437817219 98
1757647167305 5.573898223107868 99
1757647167362 6.395769115165432 100
1757647167419 5.805444381009692 101
1757647167477 5.543296014975054 102
1757647167535 5.3547804047310255 103
1757647167593 5.281195143019426 104
1757647167652 4.988804855802977 105
1757647167709 4.6911169744561585 106
1757647167766 4.625028235956162 107
1757647167823 3.945491932357313 108
1757647167881 4.171251686125075 109
1757647167938 3.7110335263621868 110
1757647167995 4.269213168867757 111
1757647168054 3.5104748765321543 112
1757647168113 3.5554212382977353 113
1757647168171 3.49151069287832 114
1757647168229 3.450350221156265 115
1757647168287 3.3946765872060753 116
1757647168344 2.935495298782275 117
1757647168403 3.513028373698748 118
1757647168461 3.285096141872316 119
1757647168518 2.922805497655445 120
1757647168577 2.548708726480805 121
1757647168636 3.133989178123838 122
1757647168694 2.9291892702426194 123
1757647168753 2.8465980347966666 124
1757647168811 2.2564502877495975 125
1757647168869 2.5395070896112304 126
1757647168927 2.6276756990655605 127
1757647168986 2.2230133908814094 128
1757647169043 1.885721370620017 129
1757647169102 1.986972582499534 130
1757647169169 2.2118048200781013 131
1757647169241 2.0560299054797 132
1757647169308 1.569454271155109 133
1757647169370 1.6359860229812968 134
1757647169430 1.8548086408064655 135
1757647169491 1.7342559263772994 136
1757647169552 1.8018772201842077 137
1757647169611 1.4070791953722321 138
1757647169670 1.3849919458198094 139
1757647169729 1.5005213790508751 140
1757647169788 1.5017738344715221 141
1757647169846 1.4843647749199407 142
1757647169906 1.5882368514879572 143
1757647169970 1.297789278421876 144
1757647170030 1.096388133842153 145
1757647170089 1.5572558075276328 146
1757647170147 1.2398005101662122 147
1757647170206 1.1907487545914683 148
1757647170266 1.0471468777563482 149
1757647170326 1.0008688047120051 150
1757647170403 1.4424033155229015 151
1757647170463 0.9866360301622751 152
1757647170522 0.8041831799519807 153
1757647170580 0.9859873282663797 154
1757647170640 0.9235709180731618 155
1757647170698 1.5871491194583898 156
1757647170756 0.9276501324332445 157
1757647170817 0.9096097039571666 158
1757647170876 0.8988425909903135 159
1757647170935 0.8520618574870014 160
1757647170995 0.8752032857067075 161
1757647171053 0.8152861799370765 162
1757647171112 0.9190158714143685 163
1757647171172 0.6891314459869424 164
1757647171238 0.796439352500365 165
1757647171297 0.671851650581577 166
1757647171356 0.5513791296171406 167
1757647171416 0.5075572968436928 168
1757647171475 0.6464376694574228 169
1757647171534 0.6096440340192844 170
1757647171620 0.7003743466411518 171
1757647171684 0.5429337785093555 172
1757647171746 0.5158954403291032 173
1757647171808 0.4576530848427229 174
1757647171922 0.45893435868456367 175
1757647171987 0.5049284210567027 176
1757647172053 0.3604608171848701 177
1757647172116 0.5022186337521934 178
1757647172179 0.6006652656864511 179
1757647172240 0.5080099358775294 180
1757647172302 0.4691162432745921 181
1757647172364 0.3835501373530716 182
1757647172423 0.466539877437952 183
1757647172482 0.4690565005093562 184
1757647172542 0.49547230077839627 185
1757647172602 0.36456098967296513 186
1757647172662 0.37553597390264 187
1757647172722 0.4882451798699279 188
1757647172781 0.4124585229999388 189
1757647172840 0.33449777610441955 190
1757647172901 0.3274563560587628 191
1757647172960 0.5575898679965838 192
1757647173020 0.49967129185430964 193
1757647173080 0.5480312529522476 194
1757647173140 0.35452620567652604 195
1757647173201 0.24790537192593692 196
1757647173268 0.28026389135405877 197
1757647173329 0.35688793780268874 198
1757647173389 0.3045628338834553 199
1757647173449 0.3823090245312118 200
1757647173509 0.25045699405549504 201
1757647173573 0.21954128435467424 202
1757647173634 0.4558269512327864 203
1757647173695 0.4016912252108754 204
1757647173755 0.38287871242833854 205
1757647173815 0.22151770454242553 206
1757647173874 0.29210964830423175 207
1757647173939 0.23020323255936956 208
1757647173999 0.3167642140297523 209
1757647174059 0.27213561906659184 210
1757647174118 0.31890570332875334 211
1757647174179 0.263163849325405 212
1757647174255 0.21275875709841283 213
1757647174322 0.2174958624495378 214
1757647174398 0.23735375929852753 215
1757647174460 0.22161369780325274 216
1757647174523 0.20607677890081477 217
1757647174586 0.35622274305963075 218
1757647174648 0.24975879217902663 219
1757647174710 0.2560842398294655 220
1757647174772 0.1951471640872822 221
1757647174834 0.26755508559570024 222
1757647174895 0.39309711720846696 223
1757647174956 0.1604877998029196 224
1757647175015 0.19755401069198125 225
1757647175076 0.44992652981203785 226
1757647175137 0.39592308043809865 227
1757647175198 0.16351281849877425 228
1757647175266 0.4042265089819667 229
1757647175331 0.16190107878507362 230
1757647175395 0.17651108546117217 231
1757647175457 0.1751207110422445 232
1757647175518 0.18612690328742765 233
1757647175583 0.13667682126058625 234
1757647175650 0.1392934628521937 235
1757647175712 0.1365925958162914 236
1757647175773 0.15896146778596024 237
1757647175835 0.18632953014583065 238
1757647175897 0.21500534766710877 239
1757647175958 0.19326892674420118 240
1757647176020 0.1318858050340899 241
1757647176080 0.18050282494302983 242
1757647176141 0.11984785114468138 243
1757647176203 0.14791720337435174 244
1757647176263 0.22329882693198205 245
1757647176323 0.12324644453323416 246
1757647176385 0.1962945487476641 247
1757647176447 0.19437844528472598 248
1757647176508 0.15824605639865014 249
1757647176570 0.12264625019450759 250
1757647176630 0.2579942111379256 251
1757647176691 0.22760379239341044 252
1757647176752 0.1560820243243863 253
1757647176814 0.14189261875741155 254
1757647176875 0.206819167798112 255
1757647176937 0.14471492553401585 256
1757647176999 0.167446381447025 257
1757647177060 0.26934775822416673 258
1757647177122 0.12250184917991569 259
1757647177183 0.11835493294948574 260
1757647177244 0.287737499563338 261
1757647177310 0.12819161957110026 262
1757647177372 0.12005609305252361 263
1757647177432 0.18628568210438146 264
1757647177494 0.20513294725833828 265
1757647177556 0.18270129194973364 266
1757647177617 0.11028188667145801 267
1757647177678 0.17066547583720892 268
1757647177740 0.12493654609533494 269
1757647177801 0.12054985254132447 270
1757647177863 0.20587906110015247 271
1757647177924 0.1692898229294032 272
1757647177985 0.10210253436894529 273
1757647178048 0.23177713038522613 274
1757647178110 0.17667953785971577 275
1757647178172 0.09083785844596559 276
1757647178234 0.08663576864501954 277
1757647178295 0.11572001356735039 278
1757647178356 0.16426970849526984 279
1757647178418 0.15152730851005528 280
1757647178479 0.08595693865759932 281
1757647178541 0.1385901041018396 282
1757647178604 0.1268456644662223 283
1757647178666 0.16734449163919923 284
1757647178729 0.13290627813720982 285
1757647178791 0.2208471048257052 286
1757647178853 0.13673428096735907 287
1757647178915 0.1309211430645143 288
1757647178977 0.12700420882036395 289
1757647179038 0.13403567061320537 290
1757647179100 0.1598891147007752 291
1757647179163 0.09401779410176336 292
1757647179234 0.08917599678091823 293
1757647179306 0.15763675945757788 294
1757647179376 0.10900653668284369 295
1757647179440 0.19692552499148683 296
1757647179506 0.12537218987958326 297
1757647179568 0.17587848667977418 298
1757647179630 0.1410008692035352 299
1757647179692 0.11773030999602072 300
1757647179755 0.1298079973261047 301
1757647179818 0.1264377448526474 302
1757647179881 0.1490222031318926 303
1757647179943 0.15030806318071427 304
1757647180006 0.12012164615433248 305
1757647180068 0.13491221921801447 306
1757647180130 0.13165774078756268 307
1757647180192 0.11665372143816946 308
1757647180255 0.2814798527697783 309
1757647180319 0.13336961609452885 310
1757647180382 0.1160051342830108 311
1757647180444 0.18232405210606722 312
1757647180507 0.16268709332097345 313
1757647180569 0.18145818302274141 314
1757647180631 0.1168536549848944 315
1757647180693 0.07655632694250883 316
1757647180756 0.10703747579587425 317
1757647180820 0.15494491013672793 318
1757647180883 0.11378787781611234 319
1757647180946 0.09796505473701991 320
1757647181009 0.0854919963767444 321
1757647181072 0.2127831714293637 322
1757647181134 0.2621817860913644 323
1757647181197 0.14492329976671028 324
1757647181259 0.1600347899675737 325
1757647181322 0.17977338195454917 326
1757647181391 0.09731450054917251 327
1757647181456 0.0997702626792446 328
1757647181519 0.21315765531646103 329
1757647181582 0.17356143155543807 330
1757647181645 0.17777094510924016 331
1757647181708 0.19622586163274475 332
1757647181771 0.15663439920591232 333
1757647181836 0.10891782357940766 334
1757647181899 0.10028482489225174 335
1757647181963 0.13335027078260875 336
1757647182027 0.20188754212927595 337
1757647182090 0.1771857890835058 338
1757647182153 0.127304578549611 339
1757647182216 0.15361731519822433 340
1757647182279 0.0833130435435965 341
1757647182343 0.18729259448851884 342
1757647182406 0.1040872034605765 343
1757647182470 0.25867915564222677 344
1757647182533 0.16829872152559666 345
1757647182597 0.14587710446066288 346
1757647182659 0.13999494137160393 347
1757647182722 0.08659972615924698 348
1757647182786 0.1973294966913329 349
1757647182850 0.22375370941413492 350
1757647182913 0.1381020932809087 351
1757647182977 0.10584236387517203 352
1757647183041 0.12949959993326748 353
1757647183106 0.12325672543178329 354
1757647183175 0.1539174774947241 355
1757647183238 0.1407407414366587 356
1757647183301 0.19013463698981986 357
1757647183365 0.10602724084072883 358
1757647183433 0.10347383137589071 359
1757647183497 0.20591861400256367 360
1757647183562 0.16467187841662057 361
1757647183626 0.0740351877161782 362
1757647183690 0.10798969023284789 363
1757647183753 0.16319988329429713 364
1757647183817 0.132960393673082 365
1757647183880 0.10966613749837506 366
1757647183944 0.16479015976504713 367
1757647184007 0.16936411703532378 368
1757647184078 0.1983138655939582 369
1757647184142 0.12325476071846395 370
1757647184211 0.23240557580274046 371
1757647184287 0.17144685728550774 372
1757647184369 0.16398100151800704 373
1757647184437 0.26752595557807735 374
1757647184503 0.08350145375693879 375
1757647184568 0.1951956027393909 376
1757647184632 0.2074009819790932 377
1757647184697 0.13265174121460255 378
1757647184762 0.06907432063976242 379
1757647184827 0.11972094356730154 380
1757647184891 0.12312797499661585 381
1757647184955 0.1672196365304472 382
1757647185020 0.09941685770132884 383
1757647185084 0.10738688926483206 384
1757647185148 0.18772366263873963 385
1757647185212 0.13904637476692516 386
1757647185278 0.1499307731068117 387
1757647185343 0.1374897541619397 388
1757647185409 0.1108596216518835 389
1757647185478 0.0985776203273848 390
1757647185544 0.1345056051766216 391
1757647185608 0.10468403684785552 392
1757647185672 0.19885091417875947 393
1757647185741 0.1571662896778035 394
