1757639168966 158.30932015696737 0
1757639169043 157.37743718433083 1
1757639169094 149.22775353537207 2
1757639169147 145.34201439381522 3
1757639169195 140.66782853284323 4
1757639169241 131.9342873518536 5
1757639169288 134.64379716433493 6
1757639169341 130.64589102559333 7
1757639169388 120.04775288268608 8
1757639169435 118.55810628052512 9
1757639169481 115.27661810789589 10
1757639169529 114.34680005038638 11
1757639169579 106.70782577506722 12
1757639169624 105.5258754942683 13
1757639169673 100.4007687730232 14
1757639169729 100.76594778641649 15
1757639169776 98.63283930046865 16
1757639169823 87.77477098885342 17
1757639169878 85.59330211198488 18
1757639169929 84.99057591381072 19
1757639169981 83.70845488145824 20
1757639170029 77.97590315759176 21
1757639170075 74.79481777850272 22
1757639170121 73.1184639158883 23
1757639170169 71.55629962995621 24
1757639170221 66.24435865043502 25
1757639170272 66.59395879696356 26
1757639170320 63.35370198400727 27
1757639170368 64.19348411290143 28
1757639170416 59.01116824751527 29
1757639170463 61.5578349477844 30
1757639170510 57.45936100054792 31
1757639170559 52.83507982952988 32
1757639170606 52.0454337910854 33
1757639170655 51.77878021909198 34
1757639170704 50.24975466785589 35
1757639170753 45.48764774377134 36
1757639170801 47.04913763496676 37
1757639170848 45.25689377579892 38
1757639170896 42.76622822038207 39
1757639170943 43.58652019617794 40
1757639170990 41.33248737299206 41
1757639171041 39.92139259644124 42
1757639171090 36.457239465852346 43
1757639171139 38.02963755170198 44
1757639171187 35.39077341192039 45
1757639171235 33.448637706225604 46
1757639171283 30.83263902784357 47
1757639171331 30.824452600660102 48
1757639171380 31.272648135145875 49
1757639171427 28.962239454192645 50
1757639171475 27.72467137346471 51
1757639171522 26.571400074490253 52
1757639171569 27.111236086822434 53
1757639171615 27.25298135786874 54
1757639171663 24.2173688705412 55
1757639171713 23.80848543327549 56
1757639171763 22.612832172275212 57
1757639171813 23.402847358726113 58
1757639171861 20.65001917528875 59
1757639171914 20.602039409410985 60
1757639171966 20.913047616023956 61
1757639172036 18.19327098854986 62
1757639172087 17.86716126353 63
1757639172136 18.801847809187826 64
1757639172187 18.266137782994633 65
1757639172237 17.18328409632345 66
1757639172288 16.184508769662788 67
1757639172337 16.925143917068183 68
1757639172386 14.584031439794337 69
1757639172435 14.859474293816858 70
1757639172483 14.84556852762113 71
1757639172531 14.03401886791913 72
1757639172583 14.171149383905183 73
1757639172648 14.543809177960705 74
1757639172701 11.603131269618467 75
1757639172751 11.149154660925241 76
1757639172801 11.579759141915583 77
1757639172851 12.271591436508787 78
1757639172902 10.254960259340338 79
1757639172952 10.919358943182889 80
1757639173003 9.90711154830086 81
1757639173056 9.373844972652519 82
1757639173107 9.454970384318804 83
1757639173156 9.286931119933232 84
1757639173205 9.3107886774553 85
1757639173253 8.8890641111151 86
1757639173302 7.997247438545486 87
1757639173350 7.818545639189976 88
1757639173398 8.335466616756776 89
1757639173446 7.869859912507105 90
1757639173495 6.9644437445023435 91
1757639173544 7.106380477066689 92
1757639173593 6.957829807337199 93
1757639173645 6.42499725320585 94
1757639173698 6.55176465469309 95
1757639173754 6.067142686040035 96
1757639173864 6.104847106847297 97
1757639173923 5.2861868823971925 98
1757639173985 5.348185687588017 99
1757639174042 5.491835414170464 100
1757639174095 5.0022808339231615 101
1757639174147 5.148077664249364 102
1757639174198 5.316462972977726 103
1757639174249 5.080831923264507 104
1757639174301 4.641420163295249 105
1757639174351 4.378572554238791 106
1757639174408 4.071876967815151 107
1757639174461 4.259457972680974 108
1757639174513 4.234998859798451 109
1757639174566 4.117738121563614 110
1757639174617 3.5585449599382897 111
1757639174667 3.405333258357657 112
1757639174717 3.411142278175311 113
1757639174764 3.2818078702135542 114
1757639174814 3.1228382408832673 115
1757639174864 3.0691909204778476 116
1757639174915 3.1355908037679345 117
1757639175190 3.1249526589445455 118
1757639175248 2.550774121559098 119
1757639175304 3.213120508734131 120
1757639175358 3.231825788647205 121
1757639175414 2.639722913393005 122
1757639175466 2.787667058371961 123
1757639175517 2.623275306132653 124
1757639175568 2.1324181623066827 125
1757639175620 2.315774580216158 126
1757639175671 2.2820153790486675 127
1757639175723 2.35863181152255 128
1757639175774 1.8241718427442324 129
1757639175825 1.948446863084176 130
1757639175877 1.723455318260199 131
1757639175929 1.8922361481341676 132
1757639175991 1.5469425147278972 133
1757639176044 1.7241103994274656 134
1757639176097 1.4700761097697481 135
1757639176149 1.7995125212218175 136
1757639176199 1.5751218605553439 137
1757639176249 1.5508268702218928 138
1757639176298 1.7872602858930906 139
1757639176350 1.5131156650815716 140
1757639176399 1.28494218712497 141
1757639176448 1.2020539550299365 142
1757639176500 1.3703629750026558 143
1757639176550 1.3061985813966859 144
1757639176601 1.3410930617820518 145
1757639176651 1.002412936664581 146
1757639176701 0.8080742788536879 147
1757639176752 1.3435587583911601 148
1757639176802 1.0863649131233644 149
1757639176853 1.23060056915355 150
1757639176904 1.0546382978130482 151
1757639176954 1.092025371015557 152
1757639177005 1.744178406911037 153
1757639177055 1.0705229747050413 154
1757639177105 0.9419448425655823 155
1757639177157 0.7756135950848316 156
1757639177208 0.8491628182582117 157
1757639177259 0.8386671807353315 158
1757639177309 0.7777224143749255 159
1757639177361 0.9243827200210626 160
1757639177412 0.6979182431270756 161
1757639177463 0.8389338569005845 162
1757639177512 0.7210435073116214 163
1757639177563 0.48189786748238306 164
1757639177626 0.7100165479069537 165
1757639177687 0.8261927869787549 166
1757639177740 0.6128772596734493 167
1757639177794 0.6396501926325258 168
1757639177847 0.47406813686465993 169
1757639177899 0.5528692774804703 170
1757639177953 0.6297440480856769 171
1757639178008 0.47663060823496417 172
1757639178064 0.5039121858442218 173
1757639178116 0.34844945263145705 174
1757639178168 0.5354331074019316 175
1757639178218 0.453770859192922 176
1757639178269 0.5418785362946248 177
1757639178320 0.5311996561609154 178
1757639178370 0.3797536134172557 179
1757639178422 0.4364139249709875 180
1757639178474 0.48659323986377484 181
1757639178531 0.5303220069184611 182
1757639178582 0.3862055374086303 183
1757639178634 0.5320194398385888 184
1757639178687 0.4920752293253845 185
1757639178742 0.35194891213932417 186
1757639178794 0.4824644277899979 187
1757639178846 0.3948190048330488 188
1757639178897 0.2980063053270587 189
1757639178948 0.3292102704606922 190
1757639179005 0.522176107501365 191
1757639179056 0.4514773323951003 192
1757639179108 0.4105095858394303 193
1757639179168 0.4391618648054989 194
1757639179235 0.4039086049338929 195
1757639179301 0.26324461223283213 196
1757639179355 0.367831429723186 197
1757639179412 0.3074173063373729 198
1757639179473 0.231540404753002 199
1757639179537 0.385202733077132 200
1757639179594 0.16660867406917657 201
1757639179649 0.39354973075207395 202
1757639179705 0.33528039504265467 203
1757639179804 0.33970394898090506 204
1757639179912 0.27519785463193797 205
1757639180015 0.3165105617727018 206
1757639180085 0.28306401789912206 207
1757639180146 0.3324776308260733 208
1757639180327 0.23986791167124522 209
1757639180569 0.2843401664777068 210
1757639180700 0.23226138612128983 211
1757639180767 0.35998494358026234 212
1757639180831 0.20382648741352374 213
1757639180894 0.17627585579063493 214
1757639180955 0.25337347142021105 215
1757639181015 0.22338956647097366 216
1757639181074 0.1926630914173368 217
1757639181131 0.16989535683205462 218
1757639181187 0.2164754333742717 219
1757639181243 0.373128486921024 220
1757639181300 0.2688692077133234 221
1757639181356 0.25920229652129645 222
1757639181411 0.2348669310918792 223
1757639181465 0.2075572556431834 224
1757639181519 0.7197572511420688 225
1757639181573 0.13859889136257025 226
1757639181628 0.23629580404463524 227
1757639181682 0.17256464232505836 228
1757639181736 0.18202508744416282 229
1757639181790 0.19883692098660938 230
1757639181843 0.22912060804837406 231
1757639181897 0.20729244082468865 232
1757639181951 0.203525370404458 233
1757639182020 0.18283305940107855 234
1757639182076 0.15807733460494716 235
1757639182134 0.13239720637747224 236
1757639182189 0.15050038128247334 237
1757639182244 0.24909962003731875 238
1757639182299 0.14318726343536664 239
1757639182353 0.18661991179507 240
1757639182408 0.17467758455620797 241
1757639182462 0.15960217625389397 242
1757639182516 0.144014440756884 243
1757639182569 0.1489083036424864 244
1757639182635 0.15617271716893458 245
1757639182695 0.18485576039461635 246
1757639182750 0.15118583209477646 247
1757639182805 0.1293505316802252 248
1757639182860 0.15523632411281058 249
1757639182915 0.20100325370355587 250
1757639182970 0.10811941944557517 251
1757639183026 0.2271245403693359 252
1757639183079 0.22484711743697908 253
1757639183131 0.09541983656087233 254
1757639183185 0.2356103816105207 255
1757639183238 0.18117483362454564 256
1757639183291 0.17473492683672703 257
1757639183344 0.07622576827565232 258
1757639183397 0.21592212607443648 259
1757639183451 0.19498894048320986 260
1757639183504 0.1926629906482565 261
1757639183558 0.1334210552334449 262
1757639183611 0.2611732726840056 263
1757639183665 0.15647171023695536 264
1757639183721 0.18895521703339274 265
1757639183774 0.23122027802085504 266
1757639183827 0.5927636053449385 267
1757639183881 0.12460691925516348 268
1757639183933 0.11224154066840525 269
1757639183986 0.13994924083619903 270
1757639184040 0.16435104780254206 271
1757639184094 0.12450848273257108 272
1757639184153 0.09469878094828625 273
1757639184207 0.11146862650668415 274
1757639184262 0.12717908879480722 275
1757639184315 0.2032367061150364 276
1757639184369 0.10644165571014015 277
1757639184421 0.09096689891308668 278
1757639184475 0.24300883137172247 279
1757639184530 0.11643825793237012 280
1757639184583 0.10809329086385176 281
1757639184635 0.1292801010390195 282
1757639184689 0.15437211118900385 283
1757639184744 0.18292594621109443 284
1757639184797 0.0927937632828086 285
1757639184852 0.17415887844963826 286
1757639184905 0.06495836973467678 287
1757639184959 0.13756332075980557 288
1757639185014 0.11158302672810182 289
1757639185067 0.09480718041221582 290
1757639185120 0.11458802297854286 291
1757639185174 0.10431737188091375 292
1757639185227 0.11021233842365327 293
1757639185282 0.21555190934450752 294
1757639185336 0.07772955348399688 295
1757639185389 0.07575448933400106 296
1757639185445 0.19476516754351778 297
1757639185498 0.14248907557403434 298
1757639185553 0.13134513793750272 299
1757639185606 0.1509832837959533 300
1757639185660 0.15536841275503374 301
1757639185713 0.1588112617570405 302
1757639185767 0.13904364167990482 303
1757639185821 0.12128658385195275 304
1757639185873 0.0775260423298193 305
1757639185926 0.09305502804272764 306
1757639185981 0.14633517377677008 307
1757639186036 0.15101627969763773 308
1757639186090 0.16555936027863133 309
1757639186225 0.14034387169578996 310
1757639186283 0.09184224943113098 311
1757639186342 0.1047539663305969 312
1757639186399 0.18762438153381056 313
1757639186455 0.10476897525734152 314
1757639186511 0.10560769529319854 315
1757639186567 0.08160872417972567 316
1757639186623 0.12658958970289658 317
1757639186679 0.08417176803592609 318
1757639186736 0.14299198943770575 319
1757639186792 0.09789539651992402 320
1757639186848 0.10874720885761938 321
1757639186903 0.1450626806102923 322
1757639186957 0.2380243434413216 323
1757639187011 0.13713434554687695 324
1757639187065 0.24004876805905237 325
1757639187120 0.2111746591903776 326
1757639187174 0.14193102571836783 327
1757639187228 0.08542891456365709 328
1757639187282 0.17262100264836033 329
1757639187337 0.15315414069498556 330
1757639187391 0.14532526731114379 331
1757639187446 0.09508495918565249 332
1757639187500 0.06681482249423379 333
1757639187555 0.13021682030686588 334
1757639187617 0.10880738172905312 335
1757639187696 0.10560823225809057 336
1757639187753 0.11722635126216098 337
1757639187809 0.1203008420639742 338
1757639187865 0.09658249322370899 339
1757639187921 0.09456490202692151 340
1757639187978 0.15722845985164982 341
1757639188036 0.15007078483354305 342
1757639188092 0.5266332839662639 343
1757639188148 0.13615336529364225 344
1757639188204 0.11026146483267554 345
1757639188266 0.06539210502862725 346
1757639188322 0.10969330372570395 347
1757639188384 0.11577119875064995 348
1757639188439 0.10072422245735708 349
1757639188494 0.14233214778924352 350
1757639188548 0.10396986232405027 351
1757639188604 0.12864347814952082 352
1757639188663 0.09622250089987348 353
1757639188720 0.07705302076897617 354
1757639188776 0.07838607321678338 355
1757639188831 0.12617861286798995 356
1757639188888 0.1129221911134492 357
1757639188944 0.15175726443540147 358
1757639189000 0.1213405263051057 359
1757639189055 0.10660175186133622 360
1757639189110 0.10154224619896475 361
1757639189164 0.14542269612623435 362
1757639189219 0.06496798144271335 363
1757639189275 0.11141044590249205 364
1757639189334 0.09790260322358713 365
1757639189390 0.13252296409240386 366
1757639189445 0.12980369996180235 367
1757639189503 0.14214512760521694 368
1757639189564 0.1790751204543555 369
1757639189620 0.09323617104711429 370
1757639189675 0.09913258677202923 371
1757639189731 0.1310952352125008 372
1757639189786 0.12942647790755452 373
1757639189841 0.20804058180760163 374
1757639189898 0.22310240604755058 375
1757639189954 0.10600443811188359 376
1757639190010 0.1302589973910209 377
1757639190065 0.08701552783514918 378
1757639190121 0.09347347376982222 379
1757639190176 0.1183747844810144 380
1757639190232 0.09892408439716839 381
1757639190293 0.10372871332356032 382
1757639190351 0.17213097768993876 383
1757639190406 0.10232409982221437 384
1757639190461 0.1066283243794536 385
1757639190517 0.13044876108398767 386
1757639190574 0.09275873197813533 387
1757639190630 0.11653804974509564 388
1757639190686 0.08847455804675491 389
1757639190742 0.07253258697935111 390
1757639190799 0.1453851681940707 391
1757639190855 0.08246318842591598 392
1757639190910 0.1400417197355903 393
1757639190966 0.12298160046580173 394
1757639191022 0.1307700743671509 395
1757639191077 0.10372738347164816 396
1757639191132 0.0882547621290077 397
1757639191189 0.1319950250374031 398
1757639191245 0.13079099866140514 399
1757639191301 0.12539531141976093 400
1757639191357 0.0966252524862185 401
1757639191411 0.12124880556055521 402
1757639191467 0.10650655154941044 403
1757639191523 0.12196884654243277 404
1757639191579 0.22999817911455148 405
1757639191635 0.10498751342026044 406
1757639191690 0.2176023469126874 407
1757639191746 0.12485229545906469 408
1757639191802 0.11976089181451739 409
1757639191858 0.12502933188382334 410
1757639191915 0.13641721316456934 411
1757639191972 0.12111216868256071 412
1757639192040 0.09225449214758823 413
1757639192098 0.1708597878809478 414
1757639192155 0.14901531551863442 415
1757639192213 0.09962189539750468 416
1757639192271 0.10335528697711946 417
1757639192333 0.11963032963474206 418
1757639192390 0.13797305719606148 419
1757639192447 0.07079475443045373 420
1757639192502 0.16058402801649432 421
1757639192559 0.12355673769225957 422
1757639192625 0.17976384111279342 423
1757639192690 0.0903469334316159 424
1757639192748 0.18779953841671787 425
1757639192806 0.11313664119801 426
1757639192864 0.1945252347710982 427
1757639192922 0.12931458127806916 428
1757639192979 0.06532253549052193 429
1757639193037 0.12223164071676054 430
1757639193096 0.09226927897268869 431
1757639193152 0.10776655284568805 432
1757639193209 0.11890312808270179 433
1757639193264 0.17074245287125606 434
1757639193320 0.11119572637570121 435
1757639193377 0.12609255857716134 436
1757639193433 0.19482838389083565 437
1757639193489 0.13210516023739935 438
1757639193546 0.14950568519283078 439
1757639193602 0.1574343691516435 440
1757639193657 0.1361583030777966 441
1757639193715 0.20101781611936023 442
1757639193772 0.08419338359121847 443
1757639193829 0.15667526868038348 444
1757639193886 0.09154750986524175 445
1757639193942 0.0940678590844921 446
1757639193999 0.1452129490312599 447
1757639194056 0.19258447214381175 448
1757639194112 0.15532515207192107 449
1757639194169 0.13075743215515204 450
1757639194226 0.11403483416569789 451
1757639194281 0.13352809788870215 452
1757639194344 0.0780700128192506 453
1757639194402 0.07000557844526506 454
1757639194460 0.14284025871273012 455
1757639194518 0.1285775077481237 456
1757639194578 0.087169230405259 457
1757639194635 0.12750796839510262 458
1757639194692 0.12202036426434539 459
1757639194749 0.10269588196979652 460
1757639194805 0.16817183090297264 461
1757639194861 0.0892182791722968 462
1757639194918 0.09474108727481267 463
1757639194975 0.1114742665162186 464
1757639195033 0.12197006843820493 465
1757639195091 0.11311912716398274 466
1757639195162 0.171335766591213 467
1757639195222 0.10824492185802279 468
1757639195281 0.08465014930224908 469
1757639195339 0.056861189437627774 470
1757639195396 0.06586643523995431 471
1757639195454 0.14138957731024349 472
1757639195511 0.1355974878005063 473
1757639195567 0.11975397769465154 474
1757639195624 0.13567230712531586 475
1757639195682 0.13121625604276754 476
1757639195739 0.15291019190343227 477
1757639195796 0.11965580227343327 478
1757639195903 0.20792182633617817 479
1757639195960 0.20087984589838892 480
1757639196017 0.1106957772821634 481
1757639196074 0.10680023423694174 482
1757639196131 0.15524039869586825 483
1757639196187 0.1120372930989373 484
1757639196244 0.04910129506977025 485
1757639196302 0.12506174896011793 486
1757639196365 0.07269703712490826 487
1757639196424 0.242194998895224 488
1757639196481 0.07453958754653112 489
1757639196539 0.11605500741940204 490
1757639196596 0.13515946333922263 491
1757639196653 0.11440642269998327 492
1757639196710 0.10678987229693053 493
1757639196767 0.23918993783340994 494
1757639196823 0.08618735098203348 495
1757639196880 0.10935829219640184 496
1757639196939 0.10763830526816388 497
1757639196997 0.175748032902315 498
1757639197055 0.17360291387080043 499
