1757635224323 0.1037038854287788 0
1757635224395 0.184344811050472 1
1757635224472 0.06454096277914015 2
1757635224539 0.13369543203169235 3
1757635224608 0.15716726445613752 4
1757635224714 0.11247310605793649 5
1757635224766 0.12290476501371395 6
1757635224820 0.1343820495114212 7
1757635224871 0.1342791894090215 8
1757635224929 0.06684509905091741 9
1757635224985 0.047569549236554425 10
1757635225065 0.1503840718847339 11
1757635225152 0.14860549299302334 12
1757635225203 0.08326849624156175 13
1757635225250 0.11775933980533779 14
1757635225306 0.09502885915303019 15
1757635225366 0.11441980289469336 16
1757635225429 0.07999078371301624 17
1757635225488 0.07502614842353275 18
1757635225559 0.09262142705205642 19
1757635225616 0.10903065963223535 20
1757635225683 0.161479083826444 21
1757635225742 0.06824812752650067 22
1757635225793 0.1240498328405656 23
1757635225847 0.10140155112853587 24
1757635225900 0.10927333509429715 25
1757635225958 0.12215272813264327 26
1757635226006 0.12175189848666514 27
1757635226059 0.19585370020432402 28
1757635226115 0.11344312922640117 29
1757635226189 0.13919716014816083 30
1757635226247 0.12655043070628555 31
1757635226302 0.10255656141145914 32
1757635226361 0.11116958481284028 33
1757635226417 0.13758860013136914 34
1757635226472 0.08255313060709366 35
1757635226533 0.06911252027518264 36
1757635226603 0.11426365861170824 37
1757635226680 0.12065520203846315 38
1757635226737 0.08338829544779915 39
1757635226789 0.15886227351541551 40
1757635226840 0.052365570526755695 41
1757635226893 0.12309919102941295 42
1757635226943 0.10555570936612588 43
1757635226994 0.16128063882825566 44
1757635227052 0.06814253018553702 45
1757635227109 0.09086658903785064 46
1757635227170 0.1298110206250839 47
1757635227230 0.10981908061589297 48
1757635227285 0.08994102994346696 49
1757635227339 0.17276251151955374 50
1757635227391 0.05035593669966906 51
1757635227444 0.1729756988580487 52
1757635227498 0.13742840252400934 53
1757635227553 0.11497424925035979 54
1757635227602 0.08449267224020303 55
1757635227651 0.10326555942225124 56
1757635227705 0.06307070638331613 57
1757635227753 0.1253708498937361 58
1757635227886 0.125636262924526 59
1757635227939 0.1174994820553604 60
1757635227989 0.10707357197977561 61
1757635228041 0.12786308775825195 62
1757635228092 0.18270703959372123 63
1757635228143 0.07407530893328754 64
1757635228191 0.09091385566498024 65
1757635228244 0.1089776619733462 66
1757635228291 0.055468940596022 67
1757635228339 0.11097288305919921 68
1757635228384 0.07866114731535782 69
1757635228430 0.1321130103441814 70
1757635228477 0.0628979721558157 71
1757635228525 0.05047173975383457 72
1757635228586 0.09536618858631249 73
1757635228634 0.10908692002330918 74
1757635228689 0.10145845219587162 75
1757635228740 0.10788813150632265 76
1757635228790 0.09572971014678024 77
1757635228838 0.15627130216375465 78
1757635228888 0.05225096792944622 79
1757635228940 0.10756877541677798 80
1757635228999 0.08861715336130876 81
1757635229049 0.10134242157081048 82
1757635229100 0.09672099758706097 83
1757635229149 0.07011084552125564 84
1757635229206 0.11359777000118282 85
1757635229266 0.15739285900899244 86
1757635229315 0.07927107184463797 87
1757635229363 0.12934456528173435 88
1757635229410 0.0706857551854848 89
1757635229456 0.08045546024199936 90
1757635229504 0.08610857025627058 91
1757635229551 0.08857663725852741 92
1757635229601 0.07947471669858472 93
1757635229650 0.07384809439658621 94
1757635229698 0.09584512169444716 95
1757635229746 0.1615750048037454 96
1757635229796 0.10837897759085897 97
1757635229844 0.0852111936692179 98
1757635229894 0.07192498710446267 99
1757635229943 0.10634292686469861 100
1757635229994 0.10064966378669642 101
1757635230046 0.14095216656163834 102
1757635230095 0.1693059187747361 103
1757635230145 0.13231258636089896 104
1757635230193 0.07228913178315735 105
1757635230243 0.14863414422642354 106
1757635230296 0.14256142248436532 107
1757635230344 0.09134175714192475 108
1757635230392 0.10499527199170654 109
1757635230440 0.1811844717091823 110
1757635230487 0.12338418112080334 111
1757635230552 0.0845792981078058 112
1757635230601 0.08288482902762277 113
1757635230655 0.11571359307695396 114
1757635230704 0.06499853835855432 115
1757635230753 0.11124939731879513 116
1757635230807 0.1383130222029086 117
1757635230854 0.08135410104845946 118
1757635230902 0.130572087691854 119
1757635230950 0.11661063233853988 120
1757635231000 0.1220399873533172 121
1757635231052 0.083409861348579 122
1757635231108 0.14029924793936147 123
1757635231166 0.07239542785336767 124
1757635231231 0.13187517994566111 125
1757635231284 0.1375938769002506 126
1757635231339 0.0618545106046143 127
1757635231390 0.07706152125036857 128
1757635231441 0.09688052375073894 129
1757635231489 0.134871543377118 130
1757635231538 0.14054549521688947 131
1757635231595 0.12997883245793296 132
1757635231660 0.23086168093539675 133
1757635231709 0.10840191253134479 134
1757635231758 0.08896229433703277 135
1757635231806 0.11024154039019977 136
1757635231860 0.1482162283534133 137
1757635231908 0.07902356690158276 138
1757635231958 0.14802072642278297 139
1757635232007 0.10781118349398096 140
1757635232056 0.11941762433313242 141
1757635232104 0.17847340513815194 142
1757635232153 0.05674524525670913 143
1757635232202 0.07537334640486043 144
1757635232250 0.15859985250397138 145
1757635232298 0.08579518909126399 146
1757635232352 0.09468876932225326 147
1757635232402 0.1526457948142083 148
1757635232451 0.09920022535168548 149
1757635232499 0.1181266899600301 150
1757635232549 0.045316019281360385 151
1757635232598 0.09526434323426099 152
1757635232648 0.050912748549206 153
1757635232705 0.12317413848622928 154
1757635232754 0.11798828548693562 155
1757635232803 0.09029221900786263 156
1757635232860 0.10859006206075902 157
1757635232909 0.07412110719592006 158
1757635232958 0.1398517064884358 159
1757635233007 0.10686968801084033 160
1757635233058 0.10768105461110117 161
1757635233107 0.11390223898024146 162
1757635233157 0.13780413867193067 163
1757635233207 0.12830527168903333 164
1757635233259 0.1179463139076614 165
1757635233311 0.13576494601647499 166
1757635233363 0.10984845802488588 167
1757635233414 0.03479968327759883 168
1757635233462 0.059383751255094784 169
1757635233513 0.07221263715330249 170
1757635233563 0.12354663236959809 171
1757635233612 0.1352328283832764 172
1757635233663 0.16408884378510455 173
1757635233716 0.1292081894107862 174
1757635233766 0.0689450197546547 175
1757635233815 0.06740683841930507 176
1757635233866 0.06532464505534703 177
1757635233920 0.11339247119239952 178
1757635233969 0.11582995838597954 179
1757635234018 0.1122045469564347 180
1757635234068 0.10664561342169972 181
1757635234117 0.052790488544435084 182
1757635234167 0.059145294850700345 183
1757635234222 0.12578641180187042 184
1757635234272 0.1630882328122779 185
1757635234321 0.057829218263867326 186
1757635234383 0.10658972433968905 187
1757635234458 0.11715434844568427 188
1757635234564 0.09327644224179404 189
1757635234617 0.15213251834543876 190
1757635234671 0.07543452479713894 191
1757635234727 0.05505166138416436 192
1757635234778 0.07832178606157596 193
1757635234829 0.16461878856856962 194
1757635234885 0.07374940833620705 195
1757635234942 0.07269362650275542 196
1757635235085 0.0679331796448893 197
1757635235135 0.13978460817353336 198
1757635235188 0.06825883224348375 199
1757635235238 0.15010039040020115 200
1757635235292 0.11033325489538182 201
1757635235344 0.10664075014500608 202
1757635235395 0.10640782039158915 203
1757635235450 0.07649745378606401 204
1757635235500 0.12749408372744037 205
1757635235550 0.1380900111575051 206
1757635235600 0.08031038414837191 207
1757635235651 0.11909184736570427 208
1757635235702 0.11994751047696155 209
1757635235756 0.13762091559611236 210
1757635235808 0.0749825746588631 211
1757635235858 0.16035226854998838 212
1757635235908 0.08530819888967377 213
1757635235963 0.10386111162988801 214
1757635236013 0.1532810765474671 215
1757635236063 0.11113104892910292 216
1757635236115 0.07374407810123529 217
1757635236165 0.1398892761778063 218
1757635236215 0.061367099820229365 219
1757635236266 0.07529653518767601 220
1757635236316 0.11749121600309817 221
1757635236367 0.10429957180573 222
1757635236419 0.13236345527064125 223
1757635236474 0.09963302542317334 224
1757635236524 0.0839635878448057 225
1757635236579 0.08937603713776253 226
1757635236644 0.1424999176261135 227
1757635236695 0.0962362329154173 228
1757635236747 0.09067195988052325 229
1757635236801 0.11972449354650751 230
1757635236851 0.12200801765631784 231
1757635236902 0.05852178415659606 232
1757635236956 0.1041180981856508 233
1757635237008 0.16528706372164909 234
1757635237057 0.08655003543435436 235
1757635237108 0.0643526639365649 236
1757635237160 0.14919294670367525 237
1757635237211 0.2040415308773697 238
1757635237262 0.057058539479075514 239
1757635237315 0.08334131896074093 240
1757635237369 0.09270886786083875 241
1757635237420 0.08582975626071868 242
1757635237476 0.10065337481091716 243
1757635237527 0.04185607902730995 244
1757635237579 0.09285603692148683 245
1757635237630 0.1255531170865644 246
1757635237682 0.17064269064377224 247
1757635237733 0.130865586667022 248
1757635237785 0.12974746804817525 249
1757635237840 0.09087202794215049 250
1757635237891 0.11315775336212579 251
1757635237942 0.07319214135777796 252
1757635237998 0.1534795216251122 253
1757635238050 0.11532839508017721 254
1757635238102 0.08811212296214026 255
1757635238153 0.1093393234139578 256
1757635238204 0.05991827632621413 257
1757635238255 0.04697932057316576 258
1757635238306 0.07649163231866193 259
1757635238358 0.06975254293089689 260
1757635238409 0.049462640380612634 261
1757635238461 0.12104102508395759 262
1757635238518 0.15504050896007707 263
1757635238569 0.12217974606146127 264
1757635238621 0.11649097828201009 265
1757635238672 0.05805002397858034 266
1757635238724 0.1252579585699993 267
1757635238776 0.1072334050573102 268
1757635238834 0.12814425838991267 269
1757635238890 0.09008105556840289 270
1757635238941 0.058979510115565625 271
1757635238993 0.0708741769807805 272
1757635239049 0.10993700879660401 273
1757635239101 0.0956928199964461 274
1757635239153 0.04923535593064925 275
1757635239204 0.05145991845287381 276
1757635239256 0.08598538915819542 277
1757635239308 0.13234415059333257 278
1757635239367 0.08211413261526582 279
1757635239424 0.09309868375976695 280
1757635239489 0.06438734289238375 281
1757635239567 0.16439804010261974 282
1757635239636 0.08575056011800268 283
1757635239701 0.10375042525422493 284
1757635239760 0.05400021697930505 285
1757635239822 0.0669962746215796 286
1757635239891 0.09359259392557387 287
1757635239953 0.19608446727184836 288
1757635240013 0.1611821518567645 289
1757635240077 0.11483581466382621 290
1757635240139 0.10890656699302455 291
1757635240199 0.13135847673984302 292
1757635240265 0.131056263710609 293
1757635240331 0.06251767406823862 294
1757635240392 0.12516989620678703 295
1757635240454 0.11616546067107018 296
1757635240527 0.1758625666874396 297
1757635240605 0.08212307666900773 298
1757635240666 0.07408313464907015 299
1757635240726 0.0770779390317353 300
1757635240786 0.12999660926796436 301
1757635240845 0.1238938944101999 302
1757635240902 0.09466802082553002 303
1757635240957 0.11252746051152375 304
1757635241011 0.07862866124958996 305
1757635241064 0.1530670273552406 306
1757635241122 0.056618770621696714 307
1757635241175 0.06882614070217008 308
1757635241226 0.07039749105289571 309
1757635241279 0.1065964162127732 310
1757635241331 0.05527641241811102 311
1757635241390 0.09867927316996895 312
1757635241445 0.12623090186508645 313
1757635241498 0.055328122990679844 314
1757635241551 0.11316535806254574 315
1757635241624 0.15840683504904568 316
1757635241683 0.14377456330626792 317
1757635241739 0.1696430522415525 318
1757635241794 0.09280861941747717 319
1757635241857 0.13779753683609017 320
1757635241928 0.08768757386208564 321
1757635241992 0.06480255250013832 322
1757635242055 0.14317979690782007 323
1757635242127 0.04807914744261999 324
1757635242188 0.15416995235769737 325
1757635242248 0.11658796565512418 326
1757635242308 0.13751622264879898 327
1757635242368 0.08953347576791386 328
1757635242430 0.1242720072236874 329
1757635242489 0.14145029963576683 330
1757635242551 0.05865800469083868 331
1757635242611 0.043458186076459224 332
1757635242677 0.1465586450544523 333
1757635242739 0.07394206868774907 334
1757635242805 0.09020944329855983 335
1757635242871 0.10196551149141748 336
1757635242934 0.08801407512591444 337
1757635243014 0.08117864780566358 338
1757635243078 0.09366803040315202 339
1757635243147 0.06492064349650382 340
1757635243207 0.10963288299614789 341
1757635243268 0.16267830485472748 342
1757635243329 0.049507046474268276 343
1757635243387 0.088355341571301 344
1757635243451 0.11178999011221358 345
1757635243507 0.17916821523054263 346
1757635243560 0.11747135792939574 347
1757635243614 0.10501477109937467 348
1757635243672 0.13300315029554757 349
1757635243734 0.059810313884802575 350
1757635243794 0.12640203590979318 351
1757635243859 0.09152202522173049 352
1757635243918 0.10054479572061827 353
1757635243973 0.15097889671523293 354
1757635244032 0.10133451449139329 355
1757635244090 0.08168533658966198 356
1757635244143 0.14466756959480973 357
1757635244202 0.0894990524552699 358
1757635244256 0.12333154514038099 359
1757635244310 0.20293658199200873 360
1757635244369 0.1355808835787869 361
1757635244431 0.11566078787856218 362
1757635244493 0.09950686450668049 363
1757635244560 0.128976600350529 364
1757635244622 0.10559034480474914 365
1757635244692 0.13523653739537714 366
1757635244754 0.12689990775173965 367
1757635244812 0.12392355660750592 368
1757635244868 0.1793487133333279 369
1757635244923 0.15360405408387995 370
1757635244976 0.05303690627421915 371
1757635245032 0.1137883252597204 372
1757635245087 0.23432490165159944 373
1757635245141 0.04589243173273732 374
1757635245198 0.15440513378969783 375
1757635245255 0.07133421472116085 376
1757635245309 0.08122308820761356 377
1757635245363 0.1408645892278653 378
1757635245417 0.08154031881864456 379
1757635245477 0.06854310260459799 380
1757635245534 0.10742002648620992 381
1757635245588 0.1307760235395649 382
1757635245642 0.09046180720366653 383
1757635245742 0.06773070127660119 384
1757635245802 0.1090339489810885 385
1757635245857 0.2187049196571398 386
1757635245912 0.1574017291659855 387
1757635245967 0.04507796897182399 388
1757635246021 0.059910418082015755 389
1757635246080 0.14829140285903356 390
1757635246135 0.08791772021071834 391
1757635246189 0.1223602211301209 392
1757635246248 0.07559389573922357 393
1757635246307 0.07549767828274599 394
1757635246364 0.13362061266310066 395
1757635246418 0.1110953855472171 396
1757635246472 0.15373176460096954 397
1757635246527 0.16713737255155092 398
1757635246587 0.09703146769727265 399
1757635246656 0.0709470980634789 400
1757635246714 0.06966208106982234 401
1757635246774 0.12920855566398015 402
1757635246827 0.09092528046111112 403
1757635246881 0.07722122923814585 404
1757635246940 0.09174874389487009 405
1757635246995 0.07420710751608858 406
1757635247050 0.11501905917824894 407
1757635247109 0.08057100636493114 408
1757635247163 0.11956534483842997 409
1757635247218 0.16646213385873124 410
1757635247277 0.07613125774033538 411
1757635247332 0.18265229590737345 412
1757635247387 0.08027705910892159 413
1757635247441 0.2019748064403755 414
1757635247503 0.1595458935873402 415
1757635247562 0.07297895563698935 416
1757635247628 0.08753347255541861 417
1757635247695 0.14852156120416046 418
1757635247757 0.09654911167600748 419
1757635247820 0.0789428003610414 420
1757635247876 0.13862575197539356 421
1757635247932 0.046540005636270004 422
1757635247990 0.11543857788626798 423
1757635248052 0.17024413944548836 424
1757635248120 0.08565333575189343 425
1757635248193 0.06367288478743777 426
1757635248257 0.11270974081416561 427
1757635248322 0.10576561621286018 428
1757635248379 0.13334343086338954 429
1757635248435 0.11799155242224188 430
1757635248492 0.09285165980831642 431
1757635248548 0.05535901610576065 432
1757635248612 0.0836596817490909 433
1757635248676 0.06988804841267575 434
1757635248740 0.06750401437207038 435
1757635248817 0.1216002877968655 436
1757635248882 0.0823645415930894 437
1757635248942 0.08668030399592548 438
1757635249000 0.08916699201113679 439
1757635249067 0.10426185653178778 440
1757635249137 0.12087427723179187 441
1757635249204 0.0870776246271546 442
1757635249269 0.0928340445463101 443
1757635249340 0.1089500033473422 444
1757635249406 0.13600574988611205 445
1757635249467 0.1903214087747344 446
1757635249529 0.0732814384142355 447
1757635249587 0.07201560624319113 448
1757635249646 0.13860140192748563 449
1757635249704 0.07994538678024292 450
1757635249761 0.11842585763803497 451
1757635249816 0.04959783365871246 452
1757635249885 0.07981060544241139 453
1757635249948 0.08974054943079847 454
1757635250008 0.12007562139108814 455
1757635250113 0.052307615229681526 456
1757635250176 0.11782747412972389 457
1757635250234 0.07127541977250272 458
1757635250291 0.17532001558370194 459
1757635250362 0.10382115583065908 460
1757635250427 0.13200389887558975 461
1757635250491 0.13721624578821698 462
1757635250574 0.07063970372597225 463
1757635250634 0.0707412079532965 464
1757635250695 0.10811567980113587 465
1757635250761 0.11926561647619596 466
1757635250827 0.13952512692784308 467
1757635250892 0.14340161341980126 468
1757635250952 0.08428583386088526 469
1757635251017 0.08859202573581931 470
1757635251083 0.09824361791826909 471
1757635251148 0.08054607955695917 472
1757635251216 0.2097615530350163 473
1757635251282 0.15362314164471977 474
1757635251349 0.10654444575753227 475
1757635251422 0.08308185348472043 476
1757635251485 0.08374410698643302 477
1757635251547 0.09152554858659999 478
1757635251629 0.05755992983731166 479
1757635251692 0.11537382096956487 480
1757635251750 0.1938620243324462 481
1757635251806 0.18939967706305777 482
1757635251862 0.19387199278958545 483
1757635251923 0.1491507723927063 484
1757635251982 0.1080268412824029 485
1757635252042 0.10512943187311065 486
1757635252108 0.11049555805012316 487
1757635252176 0.10674386873607301 488
1757635252245 0.10966405041720444 489
1757635252307 0.04653864930675208 490
1757635252365 0.1020243500528018 491
1757635252429 0.12867919496575578 492
1757635252486 0.08800740113366955 493
1757635252544 0.11828563326688497 494
1757635252602 0.1410850286020055 495
1757635252661 0.09135771067282192 496
1757635252719 0.11568979291467768 497
1757635252784 0.06620589371052778 498
1757635252848 0.09848611038123545 499
