1757640180903 115.89102331114512 0
1757640180973 80.724816850575 1
1757640181047 59.2547934172651 2
1757640181113 39.58235361152797 3
1757640181196 28.45432693502179 4
1757640181279 19.634072974540917 5
1757640181339 14.39448377491622 6
1757640181398 9.410199040208282 7
1757640181455 6.954283350524031 8
1757640181513 5.27033620862901 9
1757640181575 3.661282749945664 10
1757640181637 2.4748845804345447 11
1757640181698 2.0255181185887925 12
1757640181758 1.2705899955489657 13
1757640181829 1.2297420533450658 14
1757640181896 0.8802427153202135 15
1757640182266 0.6217272563871838 16
1757640182774 0.3519587288263317 17
1757640182871 0.3486413965032704 18
1757640182946 0.29812532122340285 19
1757640183013 0.2393187920158955 20
1757640183076 0.25569070669260735 21
1757640183138 0.21380633866180668 22
1757640183196 0.14162953130197137 23
1757640183255 0.11458902967248176 24
1757640183315 0.16284144027920808 25
1757640183375 0.17363378200736534 26
1757640183431 0.13041858754734312 27
1757640183486 0.1436751342950403 28
1757640183540 0.2680926748421843 29
1757640183596 0.14738632875325205 30
1757640183649 0.1469233199085258 31
1757640183703 0.08094849250553705 32
1757640183757 0.18726924439804882 33
1757640183814 0.13911399962284615 34
1757640183866 0.1271966534458177 35
1757640183920 0.10876457577379114 36
1757640184000 0.14944040997814542 37
1757640184057 0.16598975364397275 38
1757640184114 0.11828770864558215 39
1757640184169 0.21349515670674893 40
1757640184223 0.1072058337227925 41
1757640184276 0.06852610548623878 42
1757640184331 0.07641848999821346 43
1757640184395 0.0974407220080455 44
1757640184450 0.10359672607797299 45
1757640184506 0.07538100043076063 46
1757640184560 0.13152384897950903 47
1757640184614 0.1788983049483155 48
1757640184667 0.14168332640815096 49
1757640184722 0.19579192274265303 50
1757640184777 0.22963993372717534 51
1757640184839 0.0876067152705524 52
1757640184891 0.08438870420699622 53
1757640184944 0.1487489206170984 54
1757640184998 0.10161741576418522 55
1757640185050 0.08170308362299988 56
1757640185116 0.0767553413190024 57
1757640185170 0.07884747671337936 58
1757640185223 0.08238155376964834 59
1757640185275 0.15246655611389612 60
1757640185327 0.14900914614819694 61
1757640185379 0.07831420725041321 62
1757640185433 0.1517455832864594 63
1757640185484 0.11147535447973284 64
1757640185537 0.09362504820976256 65
1757640185590 0.12939049031583566 66
1757640185642 0.11668345476504913 67
1757640185694 0.16193356489366134 68
1757640185755 0.08041023879082941 69
1757640185813 0.12153742842566688 70
1757640185867 0.10346203860255879 71
1757640185923 0.17783670706285662 72
1757640185976 0.11791958289411823 73
1757640186029 0.13133360938272914 74
1757640186080 0.15516286283779893 75
1757640186132 0.08494771452537951 76
1757640186183 0.08440573811383505 77
1757640186234 0.13996433493711458 78
1757640186285 0.15029744809774193 79
1757640186337 0.09258559990844402 80
1757640186387 0.22486338064063074 81
1757640186438 0.06934515645247429 82
1757640186489 0.1634287501661033 83
1757640186540 0.1486143624638864 84
