1757643797224 33.34236153633372 0
1757643797329 6.0431373807100925 1
1757643797432 0.4649573253311597 2
1757643797532 0.26462598780975605 3
1757643797631 0.022043937441038525 4
1757643797731 0.11516760692878958 5
1757643797834 0.13271926734438969 6
1757643797940 0.2820845534115251 7
1757643798042 0.16610742377438759 8
1757643798147 0.10379484331548389 9
1757643798250 0.06390312857560804 10
1757643798365 0.03639023729786638 11
1757643798480 0.0829236833343461 12
1757643798710 0.056715680374487216 13
1757643798829 0.28726384624932555 14
1757643798947 0.024465907497976364 15
1757643799058 0.000544249631167398 16
1757643799178 0.012785716466397572 17
1757643799291 0.13462945330023587 18
1757643799402 0.2275684538699266 19
1757643799511 0.23755753326199977 20
1757643799622 0.2177591143401805 21
1757643799738 0.013266016662457913 22
1757643799852 0.2046459702941752 23
1757643799975 0.02701866974677631 24
1757643800086 1.209910433449542e-05 25
1757643800195 0.04145832008496211 26
1757643800304 0.09589533029831566 27
1757643800415 0.09550981474658812 28
1757643800526 0.1842958224636038 29
1757643800635 0.019989287492804604 30
1757643800745 0.04711854834592844 31
1757643800850 0.07649836234606423 32
1757643800956 0.01703615238317078 33
1757643801062 0.07519554215800556 34
1757643801167 0.019912522491507052 35
1757643801279 0.5514088943888168 36
1757643801385 0.37026126957347905 37
1757643801487 0.03303064550320077 38
1757643801593 0.06255682868030334 39
1757643801697 0.004966095212339382 40
1757643801799 0.007460363663825937 41
1757643801903 0.17658997841233928 42
1757643802016 0.23277049844031686 43
1757643802119 0.006494743932035972 44
1757643802222 0.34164062327107175 45
1757643802326 0.062045057780383675 46
1757643802435 0.004157067391424427 47
1757643802547 0.0073479423178621035 48
1757643802652 0.011328403094929164 49
1757643802756 0.03885890352081041 50
1757643802863 0.12678807607826295 51
1757643802965 0.0019664469805123932 52
1757643803068 0.49537749790448105 53
1757643803172 0.49386382743871265 54
1757643803277 0.10641687776901608 55
1757643803382 0.007842822184074765 56
1757643803517 0.0033780593720977308 57
1757643803647 2.512679513357484e-06 58
1757643803757 0.003353773131991335 59
1757643803862 0.0015368855284586935 60
1757643803971 0.00010628725796842351 61
1757643804079 0.021503162884543493 62
1757643804185 0.00048485592867811137 63
1757643804291 0.004463394450144475 64
1757643804395 0.002559930057302099 65
1757643804500 0.00011644743237326849 66
1757643804606 0.117894697006959 67
1757643804710 0.5845414533421831 68
1757643804819 0.008842843581706832 69
1757643804924 0.09383187652380767 70
1757643805027 0.2663561116849877 71
1757643805131 0.004235136333689694 72
1757643805236 0.03785994115287314 73
1757643805340 0.0023322357771742045 74
1757643805444 0.07263085601608898 75
1757643805549 0.05743902181107454 76
1757643805653 0.01329752950490361 77
1757643805753 0.0016437226267602965 78
1757643805857 0.054173115949775225 79
1757643805960 0.2795613152219046 80
1757643806070 0.02701300225957383 81
1757643806175 0.006717408850059967 82
1757643806278 8.939639270009459e-05 83
1757643806382 0.029039160633589793 84
1757643806484 0.030037543287155376 85
1757643806585 0.16467100511342597 86
1757643806686 0.03258275917156925 87
1757643806788 0.060538506220511254 88
1757643806891 0.003026425033515261 89
1757643806993 1.229436367598748 90
1757643807096 0.11488295825988133 91
1757643807200 0.08317466562091706 92
1757643807300 0.07762434736453071 93
1757643807428 0.028515695311046158 94
1757643807538 0.03855860957301455 95
1757643807642 0.10268896590434387 96
1757643807806 0.08415111864848192 97
1757643807915 0.02402563829797503 98
1757643808022 0.048316892275103315 99
1757643808134 0.11751621725568714 100
1757643808239 0.07417201048556836 101
1757643808345 0.0018440988562432557 102
1757643808450 0.03257171421763757 103
1757643808571 0.12897634481338743 104
1757643808685 0.319896677474298 105
1757643808794 0.04721532302699242 106
1757643808898 0.38626426124793456 107
1757643809005 0.030289881179640352 108
1757643809110 0.011590265228624714 109
1757643809214 0.32953297211987564 110
1757643809319 0.47286209052506784 111
1757643809424 0.06419101850559342 112
1757643809528 0.08656850481910912 113
1757643809637 0.008109459679587845 114
1757643809742 0.07342138714214819 115
1757643809852 0.001468843921354975 116
1757643809961 0.02155768372465251 117
1757643810069 0.1717518915308307 118
1757643810177 0.024683445320057045 119
1757643810280 0.003279900303254514 120
1757643810385 0.611081115628803 121
1757643810487 0.04299601259982982 122
1757643810590 0.1608739028178872 123
1757643810693 0.42130242243062066 124
1757643810797 0.25056126921316235 125
1757643810904 0.2732139412348986 126
1757643811008 0.2589666753535227 127
1757643811111 0.5883222831265957 128
1757643811215 0.09769491125740541 129
1757643811318 0.4637084706759622 130
1757643811421 0.006154157578577256 131
1757643811524 0.09970323711569654 132
1757643811629 1.1257796462407957e-06 133
1757643811732 0.0032061904325958257 134
1757643811860 0.021325068116310148 135
1757643811978 0.09256317652241279 136
1757643812083 0.2928835795318464 137
1757643812195 0.018478816951951492 138
1757643812302 0.0781464233871527 139
1757643812408 0.0047425138705637715 140
1757643812510 0.016864892554575822 141
1757643812616 0.3620841124055518 142
1757643812719 0.015067200815388022 143
1757643812823 0.012207376159250815 144
1757643812927 0.09785796544444726 145
1757643813030 0.0849558978566789 146
1757643813134 0.009140080242463619 147
1757643813238 0.4359556269878122 148
1757643813342 0.013197770497971136 149
1757643813455 0.04385399639086538 150
1757643813566 0.2907285514594138 151
1757643813683 0.02419569426828222 152
1757643813788 0.043409677451851626 153
1757643813896 0.07656171356572777 154
1757643814005 0.03389390425810183 155
1757643814111 0.03423309870885901 156
1757643814226 0.10394116876986526 157
1757643814339 0.002739993056325878 158
1757643814446 0.017423103532138887 159
1757643814551 0.05888340815501162 160
1757643814661 0.0003405517835862675 161
1757643814767 0.00014311354774927833 162
1757643814873 0.41403890423880935 163
1757643814978 0.010069845596011637 164
1757643815085 0.0035924738839381606 165
1757643815191 0.07567923226082408 166
1757643815297 0.11768374649207483 167
1757643815403 0.07345891618024031 168
1757643815515 0.002710086665612568 169
1757643815623 0.23365225556488245 170
1757643815730 0.08074146365024686 171
1757643815836 0.011668769124636486 172
1757643815944 0.08812340188728972 173
1757643816051 0.08127515685331274 174
1757643816155 0.14730918823857497 175
1757643816267 0.0017099402915834057 176
1757643816373 0.026083424333669867 177
1757643816478 0.31169828654167037 178
1757643816583 0.002505903688805569 179
1757643816688 0.43737320459091533 180
1757643816798 0.0283352424489435 181
1757643816905 0.03338647107405516 182
1757643817011 0.0856760660789213 183
1757643817116 0.013418243492680912 184
1757643817220 0.030538870444795904 185
1757643817326 0.03574558475258729 186
1757643817431 0.0029802702596262763 187
1757643817541 0.24048273258713174 188
1757643817647 0.5604779991682141 189
1757643817753 0.006198437844180844 190
1757643817858 0.0005741550943686612 191
1757643817962 0.22634454347497823 192
1757643818073 0.39101210974150047 193
1757643818181 0.05887245324382065 194
1757643818293 0.004598629938605806 195
1757643818401 0.07733657728473589 196
1757643818507 0.4399740405820045 197
1757643818814 0.10334571065368932 198
1757643818940 0.38722473046102984 199
1757643819109 0.00986045598985138 200
1757643819226 0.14985116950932856 201
1757643819338 0.35152847444695523 202
1757643819452 0.424131071209835 203
1757643819568 0.263087422351563 204
1757643819677 0.00039900242954970703 205
1757643819786 0.009808209788823144 206
1757643819893 0.11125630312330677 207
1757643820001 0.0016400226788029716 208
1757643820109 0.08320635968673999 209
1757643820225 0.029673146193999873 210
1757643820339 0.31088739212428407 211
1757643820447 0.016072139414033463 212
1757643820556 0.11090526462412158 213
1757643820663 0.5617584915125973 214
1757643820772 0.00043798269739534016 215
1757643820880 0.0076154621674978905 216
1757643820987 0.0038554112543105518 217
1757643821096 0.0001893022583589913 218
1757643821203 0.011737332396412399 219
1757643821310 0.13670888568650624 220
1757643821417 0.002706614017026232 221
1757643821525 0.1358481258490042 222
1757643821631 0.05388042434415506 223
1757643821739 0.009856189943899115 224
1757643821845 0.09321214903904272 225
1757643821998 0.14512049271848915 226
1757643822114 0.014072862034488421 227
1757643822228 0.19528218665132974 228
1757643822346 0.010969183882352733 229
1757643822456 0.08975404924349178 230
1757643822564 0.0014784605224566147 231
1757643822672 0.0737518722037008 232
1757643822781 9.92169387018922e-05 233
1757643822890 0.004554282678564561 234
1757643822997 0.0037717437762544424 235
1757643823104 0.018284684863220435 236
1757643823214 0.061011722855850985 237
1757643823325 0.005891474114082101 238
1757643823450 0.1734850020745432 239
1757643823571 0.02986417928699625 240
1757643823690 0.01679569317526931 241
1757643823806 0.009030465973343428 242
1757643823916 0.03343376264153106 243
1757643824023 0.0025125752652616273 244
1757643824131 0.013851204086869231 245
1757643824239 0.0184974547936734 246
1757643824350 0.010055544950316386 247
1757643824459 0.7584653427742594 248
1757643824567 0.06226945233832498 249
1757643824676 0.1371427798545545 250
1757643824784 0.1629665043573618 251
1757643824894 0.07261128040698749 252
1757643825003 0.09584411895237298 253
1757643825111 0.10090469613788586 254
1757643825218 0.014486766547550758 255
1757643825327 0.14242990803824426 256
1757643825436 0.0005198094698093473 257
1757643825545 0.03295935406431491 258
1757643825652 0.0009746276070855695 259
1757643825810 0.10502682567850108 260
1757643825925 0.06254895430377616 261
1757643826038 0.035569260939604885 262
1757643826145 0.09870115383630063 263
1757643826253 0.24259291577243128 264
1757643826364 0.003408691695780477 265
1757643826473 9.001970530683758e-07 266
1757643826582 0.0013872451316437832 267
1757643826690 0.06975790660232874 268
1757643826799 0.011409852959542577 269
1757643826907 0.013936295927085845 270
1757643827017 0.02534654297253894 271
1757643827125 0.003471347573813811 272
1757643827234 0.022209723152120532 273
1757643827344 0.015001587466094342 274
1757643827453 0.0041758652619328564 275
1757643827562 0.026430045662236955 276
1757643827670 0.02167501062017644 277
1757643827778 0.18851983245211612 278
1757643827887 2.4778894506325058 279
1757643827993 0.46331477185828274 280
1757643828101 0.11550361869039331 281
1757643828207 0.007603596082123317 282
1757643828316 0.15197830018653882 283
1757643828427 0.20106817694020732 284
1757643828540 0.10704256145064368 285
1757643828662 0.029201202581636675 286
1757643828771 0.08187047106087851 287
1757643828880 0.24954942305437242 288
1757643828988 0.16711858870190016 289
1757643829100 0.583560792830008 290
1757643829209 0.06236753500535225 291
1757643829318 0.005505234191759188 292
1757643829426 0.3183263466747658 293
1757643829534 0.16773808125313627 294
1757643829644 0.05944061620076581 295
1757643829754 0.001386018985476547 296
1757643829863 0.007082675565005872 297
1757643829971 0.049248295100670206 298
1757643830079 0.40680401991982806 299
1757643830188 0.0018667219244016034 300
1757643830298 0.08975114496315462 301
1757643830410 0.027240302585328665 302
1757643830521 0.030325713860085868 303
1757643830680 0.0011810405438254065 304
1757643830795 0.006481760160235338 305
1757643830909 0.11225552526253998 306
1757643831018 0.04370333375747388 307
1757643831127 0.03941663378896953 308
1757643831238 0.010652816792194193 309
1757643831347 0.0013336634187600307 310
1757643831456 0.04336535884599904 311
1757643831566 0.00022043704461286855 312
1757643831673 2.027888406110245e-05 313
1757643831783 0.048353099201671385 314
1757643831890 0.3048717410852992 315
1757643832001 0.08368374379182171 316
1757643832110 0.051293545024276056 317
1757643832220 0.12580025019216204 318
1757643832330 0.005879778856329839 319
1757643832442 0.010595788826112649 320
1757643832553 7.988960596113041e-06 321
1757643832665 0.033263025428087664 322
1757643832774 0.0014771647174126672 323
1757643832884 0.04011831922111858 324
1757643832993 0.0003334874039347462 325
1757643833102 0.1430294975830361 326
1757643833211 0.036223491394954774 327
1757643833321 0.08926763550746812 328
1757643833452 0.00033741744323046043 329
1757643833573 0.036877951396422665 330
1757643833699 0.3858672402934318 331
1757643833815 0.04612802965900817 332
