1757639773384 5.442977802587319 0
1757639773440 0.3204137164790442 1
1757639773489 0.164038162753802 2
1757639773547 0.13128396701555553 3
1757639773597 0.06390052175168937 4
1757639773643 0.1279593797162765 5
1757639773688 0.14823102684890613 6
1757639773735 0.08561406827156068 7
1757639773786 0.13812998596517137 8
1757639773833 0.12167523650962027 9
1757639773879 0.10932126638266842 10
1757639773927 0.1141087941618363 11
1757639773975 0.12446002005436058 12
1757639774022 0.10641221382048612 13
1757639774068 0.10837028177905164 14
1757639774114 0.10016733890712697 15
1757639774159 0.09676777713435522 16
1757639774207 0.12876415949646336 17
1757639774259 0.11534839995760138 18
1757639774304 0.13028040197394922 19
1757639774350 0.11306860759706075 20
1757639774397 0.1819451051025993 21
1757639774444 0.11935535174864545 22
1757639774490 0.12853479580600946 23
1757639774536 0.10572922670138017 24
1757639774583 0.1801463165545948 25
1757639774635 0.2333353506914488 26
1757639774685 0.11234305567068653 27
1757639774734 0.07815154405506372 28
1757639774782 0.12449872324396098 29
1757639774830 0.11135534699434864 30
1757639774875 0.08687698166116041 31
1757639774922 0.13968327088260327 32
1757639774969 0.17732098467894836 33
1757639775016 0.11438381144292485 34
1757639775063 0.1732020681339921 35
1757639775110 0.11431350898511446 36
1757639775158 0.21583007711801977 37
1757639775212 0.1251265502860894 38
1757639775259 0.16030641204196025 39
1757639775306 0.061820447196242995 40
1757639775353 0.1266554988372797 41
1757639775402 0.14722788918926877 42
1757639775450 0.13837471572783894 43
1757639775496 0.10855899408519216 44
1757639775543 0.08656795096848677 45
1757639775590 0.09485491265039207 46
1757639775636 0.13495831636090663 47
1757639775683 0.08367699460689891 48
1757639775731 0.07067120922764894 49
1757639775778 0.07183618673872845 50
1757639775825 0.16405847211279512 51
1757639775872 0.06226968517113614 52
1757639775919 0.08458236452864304 53
1757639775967 0.15404219227330773 54
1757639776014 0.1171125991970125 55
1757639776061 0.10660033743194182 56
1757639776109 0.1465294098667122 57
1757639776156 0.13602333330005434 58
1757639776203 0.11612880372722183 59
1757639776250 0.13387211902293378 60
1757639776296 0.15657765480598326 61
1757639776343 0.12778924635021022 62
1757639776397 0.10476162162719031 63
1757639776445 0.14444041085423662 64
1757639776492 0.08308825109247112 65
1757639776539 0.15056847706848914 66
1757639776585 0.16896871720906964 67
1757639776633 0.16383076750919548 68
1757639776680 0.11173538217018049 69
1757639776728 0.10705809268785547 70
1757639776775 0.1787631722451344 71
1757639776822 0.1551379954618756 72
1757639776872 0.09866928136268675 73
1757639776919 0.07219899630102482 74
1757639776967 0.11555861382486123 75
1757639777014 0.1325263692755218 76
1757639777062 0.14847796886297837 77
1757639777109 0.17619876850132396 78
1757639777156 0.14948707248727452 79
1757639777209 0.09635775898725223 80
1757639777261 0.11676137513144051 81
1757639777309 0.16462946764656303 82
1757639777356 0.18293396400650247 83
1757639777404 0.08172700960555863 84
1757639777454 0.18121256298282928 85
1757639777501 0.06930929015036243 86
1757639777549 0.15016782745996063 87
1757639777595 0.16889679214459602 88
1757639777643 0.12338139828005518 89
1757639777695 0.07577804918683222 90
1757639777758 0.11489296213413107 91
1757639777809 0.07633200149782357 92
1757639777859 0.11533876942212481 93
1757639777909 0.12758296462409377 94
1757639777959 0.16030383993798475 95
1757639778007 0.161993141418593 96
1757639778054 0.1294965308104405 97
1757639778102 0.17389957077717738 98
1757639778150 0.08386425812811575 99
1757639778197 0.08342860772377687 100
1757639778245 0.12190559482894818 101
1757639778293 0.156915289812522 102
1757639778341 0.08710391875839553 103
1757639778389 0.14267768292135127 104
1757639778437 0.07597210564512384 105
1757639778486 0.07760882555868984 106
1757639778533 0.12856468868381185 107
1757639778582 0.16928454867666082 108
1757639778630 0.11318506551460697 109
1757639778678 0.0713601303459249 110
1757639778727 0.17740285839252856 111
1757639778778 0.1230154491659859 112
1757639778826 0.09892723877627062 113
1757639778875 0.13473284484576034 114
1757639778924 0.06370944185791157 115
1757639778973 0.13002136083374585 116
1757639779021 0.11592480557572614 117
1757639779069 0.09910432699866664 118
1757639779118 0.10742672342623859 119
1757639779167 0.14133797965665953 120
1757639779215 0.11144312472999775 121
1757639779270 0.12038910493010346 122
1757639779319 0.14627113382286375 123
1757639779368 0.050710356505442374 124
1757639779416 0.1298301054358629 125
1757639779465 0.12781391837926176 126
1757639779514 0.12446986303062219 127
1757639779562 0.11874388155577896 128
1757639779611 0.15099811230099877 129
1757639779659 0.15231280757146365 130
1757639779708 0.052659421187634205 131
1757639779756 0.10499837379315655 132
1757639779805 0.10711501057450731 133
1757639779853 0.13109853177991718 134
1757639779902 0.11038796176709269 135
1757639779951 0.1800207285862991 136
1757639780000 0.12662391627270994 137
1757639780049 0.16465868268434117 138
1757639780098 0.18615025028574136 139
1757639780147 0.18380695186373838 140
1757639780196 0.09641110930114544 141
1757639780245 0.09950461332111805 142
1757639780295 0.08391164991069895 143
1757639780344 0.13061331055330283 144
1757639780393 0.09164961514249291 145
1757639780442 0.06985997240049233 146
1757639780491 0.1523743333946616 147
1757639780540 0.1353106976967537 148
1757639780589 0.1414730408375077 149
1757639780640 0.14658694820052073 150
1757639780689 0.10684179080539306 151
1757639780738 0.16486410876629704 152
1757639780787 0.12082074583410117 153
1757639780836 0.21367246969927772 154
1757639780885 0.0995920648169822 155
1757639780935 0.10962333314683095 156
1757639780984 0.10154290004496284 157
1757639781033 0.35117069646225 158
1757639781082 0.1928672238211336 159
1757639781131 0.20798970444934084 160
1757639781180 0.3362738331917242 161
1757639781230 0.16793699526844635 162
1757639781284 0.18513597623453842 163
1757639781334 0.13043141015346033 164
1757639781388 0.15505145577936866 165
1757639781438 0.10778822780162627 166
1757639781487 0.2199090013946235 167
1757639781538 0.1394534670801452 168
1757639781587 0.14286132884408467 169
1757639781638 0.1366399497226278 170
1757639781687 0.1206449705251269 171
1757639781737 0.24039935140293847 172
1757639781787 0.12959689104140507 173
1757639781837 0.12086592892503115 174
1757639781889 0.13755217123400476 175
1757639782015 0.15268349886537766 176
1757639782070 0.15490849138036947 177
1757639782124 0.10161273768610711 178
1757639782191 0.08840983443758725 179
1757639782244 0.14245730975880627 180
1757639782297 0.10350840361255399 181
1757639782354 0.11478238734107042 182
1757639782405 0.14292942480376147 183
1757639782457 0.1214721757233808 184
1757639782510 0.1087309792862975 185
1757639782563 0.09094088419005765 186
1757639782614 0.18140819354567644 187
1757639782664 0.08938527970731476 188
1757639782729 0.16288573202600595 189
1757639782787 0.14913942178582165 190
1757639782839 0.11639752354028346 191
1757639782892 0.14851994312447003 192
1757639782944 0.10793364273327243 193
1757639782995 0.1542955614584261 194
1757639783046 0.1673532504663939 195
1757639783096 0.09474155287208683 196
1757639783147 0.13552752602227536 197
1757639783198 0.117704922347218 198
1757639783250 0.10889581014196471 199
1757639783308 0.11405261807662664 200
1757639783362 0.1792639454424055 201
1757639783416 0.20324777069338543 202
1757639783471 0.11066840987232451 203
1757639783523 0.11314016016486156 204
1757639783582 0.10983799086083307 205
1757639783646 0.12839870637427916 206
1757639783773 0.11452678066042335 207
1757639783831 0.054612794986552464 208
1757639783886 0.19184332148660463 209
1757639783941 0.08808938490171894 210
1757639783995 0.13516714363769872 211
1757639784048 0.057977332876895535 212
1757639784101 0.07356112709273914 213
1757639784154 0.1034604047430518 214
1757639784207 0.11957527692208987 215
1757639784258 0.14420944163776916 216
1757639784309 0.12991250464095386 217
1757639784361 0.14657837665108067 218
1757639784412 0.16990069454752363 219
1757639784463 0.12114330314182566 220
1757639784515 0.08492429946017026 221
1757639784566 0.1521151663162526 222
1757639784618 0.12557560365900494 223
1757639784669 0.13022243161842956 224
1757639784722 0.10512621579889841 225
1757639784774 0.16797113822155513 226
1757639784825 0.13518562633192208 227
1757639784877 0.19093479043076178 228
1757639784928 0.14056790061953695 229
1757639784979 0.11390250781302864 230
1757639785031 0.10760720188561819 231
1757639785082 0.09306215642730865 232
1757639785133 0.12637490203110616 233
1757639785185 0.2022783690649758 234
1757639785236 0.1075360217809506 235
1757639785287 0.14966852175192974 236
1757639785344 0.17796319926811263 237
1757639785397 0.15067861877835756 238
1757639785449 0.14864730850249272 239
1757639785501 0.15515698193317953 240
1757639785553 0.09328650254358996 241
1757639785605 0.21046896927763495 242
1757639785657 0.15096701859828585 243
1757639785709 0.15369055345112156 244
1757639785761 0.12388019236471051 245
1757639785813 0.17252140088799708 246
1757639785865 0.14446243803597167 247
1757639785917 0.12440531276643273 248
1757639785970 0.0890593220168262 249
1757639786022 0.14311797907497417 250
1757639786074 0.20136195613988 251
1757639786126 0.13209875051332834 252
1757639786177 0.08371920025780948 253
1757639786229 0.1428894627712341 254
1757639786282 0.16856118358288033 255
1757639786336 0.13839420722493756 256
1757639786388 0.13205509174252394 257
1757639786441 0.13688969390765818 258
1757639786492 0.1411280057323769 259
1757639786544 0.09712651780931483 260
1757639786596 0.144887670272464 261
1757639786648 0.13443242729692845 262
1757639786701 0.08854090573716414 263
1757639786752 0.10864681245280808 264
1757639786804 0.21411469186599447 265
1757639786857 0.13148222546795582 266
1757639786909 0.09113305843734244 267
1757639786961 0.08657266562629051 268
1757639787013 0.07556772727630254 269
1757639787064 0.0687655683022577 270
1757639787116 0.1910273852170107 271
1757639787169 0.07964443577328374 272
1757639787221 0.07390534012825789 273
1757639787273 0.11454297834771084 274
1757639787326 0.12458611559531653 275
1757639787386 0.11450101401432068 276
1757639787439 0.15007906078351457 277
1757639787492 0.24532281964027766 278
1757639787544 0.0974451256621608 279
1757639787597 0.09692548473121801 280
1757639787650 0.10266408036651009 281
1757639787711 0.0746973210371549 282
1757639787771 0.1149196021717339 283
1757639787824 0.14045554541095762 284
1757639787877 0.0874822293154317 285
1757639787930 0.21396193334318894 286
1757639787982 0.09541316726467688 287
1757639788036 0.17341656343968812 288
1757639788090 0.10214891721645769 289
1757639788142 0.11079876819934215 290
1757639788195 0.11105895321637504 291
1757639788247 0.17195799531361997 292
1757639788299 0.17378839250213524 293
1757639788352 0.18185353807934498 294
1757639788404 0.0969325102032404 295
1757639788457 0.1894615896985119 296
1757639788509 0.1551414737869859 297
1757639788562 0.11983939719216645 298
1757639788615 0.1568752954717646 299
1757639788668 0.2404916859351108 300
1757639788720 0.10733008806148522 301
1757639788774 0.07979991074246386 302
1757639788827 0.12349600747370476 303
1757639788880 0.16287422434363497 304
1757639788934 0.14808992770771284 305
1757639788987 0.12218169132328519 306
1757639789041 0.129242048058393 307
1757639789093 0.1628695282207186 308
1757639789146 0.11193784636460777 309
1757639789200 0.12394962795636037 310
1757639789253 0.11556956937163035 311
1757639789306 0.11508281857922027 312
1757639789360 0.1018356233773111 313
1757639789419 0.12841065480402303 314
1757639789473 0.0921092436208887 315
1757639789531 0.09726921319102871 316
1757639789584 0.09777524416164403 317
1757639789638 0.16695642011107484 318
1757639789691 0.13433619550419654 319
1757639789744 0.1687320354510937 320
1757639789797 0.14680691329645118 321
1757639789850 0.10381072780853758 322
1757639789904 0.2310001635070662 323
1757639789958 0.14692070555096295 324
1757639790012 0.20532009878340246 325
1757639790066 0.1621314626717534 326
1757639790118 0.09629504026662775 327
1757639790172 0.16666539510678702 328
1757639790225 0.09732676821017602 329
1757639790279 0.14689853836261382 330
1757639790333 0.1254288037630795 331
1757639790391 0.06841159042234903 332
1757639790445 0.1791857849851262 333
1757639790500 0.07720248960333158 334
1757639790554 0.1666272452856277 335
1757639790611 0.114186239111702 336
1757639790665 0.15047274522573492 337
1757639790718 0.08444214283059427 338
1757639790772 0.19691074120418672 339
1757639790828 0.1529779128906747 340
1757639790886 0.1404217720942158 341
1757639790940 0.0889743290143593 342
1757639790994 0.19562212221316352 343
1757639791049 0.0807046959513037 344
1757639791103 0.19848736069368592 345
1757639791157 0.06838409357565471 346
1757639791211 0.13966629496971064 347
1757639791265 0.11537564850930146 348
1757639791320 0.0945547944510456 349
1757639791376 0.22335620885818253 350
1757639791434 0.11947838454002221 351
1757639791496 0.2146157612245791 352
