1757640231685 166.15621912585848 0
1757640231741 161.252695548109 1
1757640231804 156.01817523955222 2
1757640231873 147.45024959713638 3
1757640231929 144.32317893927 4
1757640231988 141.49808083327576 5
1757640232041 135.28942502818936 6
1757640232094 132.65533474868712 7
1757640232151 126.388570877679 8
1757640232205 124.32565901745735 9
1757640232260 119.11807146256595 10
1757640232332 116.6936287009722 11
1757640232388 110.6264062868341 12
1757640232442 108.02090945111983 13
1757640232496 101.5098323014002 14
1757640232550 100.3342283590703 15
1757640232604 97.87405687430983 16
1757640232658 91.58920048441279 17
1757640232712 92.42615266675922 18
1757640232778 85.331037175657 19
1757640232845 85.81704446859565 20
1757640232903 81.39266957297147 21
1757640232963 76.36633397759694 22
1757640233024 75.00875356542667 23
1757640233083 73.31620212025611 24
1757640233139 72.28916095024489 25
1757640233194 70.32787917028573 26
1757640233248 69.09319044722254 27
1757640233303 65.8943248342083 28
1757640233383 62.7847411279662 29
1757640233448 61.32447834439856 30
1757640233503 57.632634745268085 31
1757640233560 55.22878407719566 32
1757640233618 55.45149311811715 33
1757640233793 51.48700900068206 34
1757640233872 50.84907574325724 35
1757640233938 49.194017844134756 36
1757640233998 48.20957055731888 37
1757640234059 45.47663261453069 38
1757640234118 43.19696071377687 39
1757640234179 42.40776229854698 40
1757640234239 42.69354010710012 41
1757640234303 39.6802073408308 42
1757640234359 38.036535767832284 43
1757640234414 37.10274879487892 44
1757640234470 36.10461898973012 45
1757640234525 33.53120890864312 46
1757640234580 33.47212952713283 47
1757640234635 32.57687241842494 48
1757640234690 30.723407293872135 49
1757640234745 28.737239538373174 50
1757640234805 28.552512616933022 51
1757640234865 29.07793679395651 52
1757640234920 26.919219332660386 53
1757640234977 26.649392247289665 54
1757640235035 24.070325139630413 55
1757640235113 23.17232933169203 56
1757640235169 22.791329068362124 57
1757640235224 22.680807221111426 58
1757640235280 22.152903737527307 59
1757640235335 22.42770024237943 60
1757640235390 21.462136749668502 61
1757640235447 18.83904485309625 62
1757640235502 18.926553653158358 63
1757640235557 19.16495472745729 64
1757640235612 19.44447297379208 65
1757640235667 17.79858101353355 66
1757640235723 16.693368047081368 67
1757640235779 17.27842469804021 68
1757640235835 16.841196502337297 69
1757640235889 15.320533046755443 70
1757640235943 14.527850314530406 71
1757640235999 14.67542664774224 72
1757640236051 13.479057496148815 73
1757640236104 12.379366206153797 74
1757640236157 12.815983953184153 75
1757640236210 11.776882952588878 76
1757640236264 12.290867099339481 77
1757640236318 11.523991888958216 78
1757640236370 11.754677349280048 79
1757640236424 10.432866632016797 80
1757640236477 10.359069409906915 81
1757640236529 10.244884641989767 82
1757640236582 9.350411574223818 83
1757640236635 9.560054212743475 84
1757640236689 9.36527428748963 85
1757640236741 8.683380446279907 86
1757640236794 9.510697633637374 87
1757640236862 8.424759891910396 88
1757640236920 8.695306512078432 89
1757640236976 7.256931284028631 90
1757640237032 7.174420916052502 91
1757640237086 6.558072000451957 92
1757640237143 7.122024155147079 93
1757640237208 7.043454672179191 94
1757640237265 6.646723359879265 95
1757640237320 6.386135025033485 96
1757640237374 6.2420043585833564 97
1757640237427 5.893436346107404 98
1757640237480 5.987051057566915 99
1757640237532 5.346889418674453 100
1757640237586 5.237173154677049 101
1757640237638 5.290750957011842 102
1757640237695 5.180459554932273 103
1757640237758 4.353540454186905 104
1757640237829 4.539288647676055 105
1757640237886 4.01600497034937 106
1757640237943 4.461924555446737 107
1757640237999 4.3544449026679155 108
1757640238055 4.3516428955558055 109
1757640238113 3.953328548206511 110
1757640238166 3.7641024220119172 111
1757640238220 3.8004191655953456 112
1757640238274 3.286436080574715 113
1757640238330 3.108651883755413 114
1757640238383 3.541370479713117 115
1757640238438 3.382516367965961 116
1757640238492 3.2943763059649687 117
1757640238544 2.751372067726254 118
1757640238599 2.5019107071647917 119
1757640238652 2.8034483776149464 120
1757640238705 3.0578936044726914 121
1757640238758 2.667430722805753 122
1757640238813 2.116231993934439 123
1757640238870 2.5732769696737754 124
1757640238924 2.428709149735988 125
1757640238980 2.3820951713069114 126
1757640239034 2.132129243296805 127
1757640239088 1.9575362734049155 128
1757640239142 2.1988897045477738 129
1757640239200 2.250507088827312 130
1757640239254 1.8921873944447036 131
1757640239308 1.6430300637636297 132
1757640239374 2.2195508208176555 133
1757640239429 1.5352186876561984 134
1757640239483 1.8175850032441063 135
1757640239537 1.6445087055030956 136
1757640239590 1.5419525148691955 137
1757640239648 1.2678090272770965 138
1757640239703 1.4811605501441194 139
1757640239757 1.919247964326266 140
1757640239812 1.5345521405800793 141
1757640239870 1.2968757832341995 142
1757640239925 1.092999972540046 143
1757640239980 1.400037897312345 144
1757640240038 1.29237709924748 145
1757640240095 1.0991342046812471 146
1757640240149 1.0347912045491574 147
1757640240204 1.1396002536889749 148
1757640240258 1.236147657054864 149
1757640240313 1.0783642683785661 150
1757640240368 1.2219408891946244 151
1757640240423 0.860899654857696 152
1757640240478 0.9640585824708399 153
1757640240534 1.1223406186126814 154
1757640240588 0.9677916363272558 155
1757640240642 0.9714260883185362 156
1757640240697 0.9724614139185954 157
1757640240752 0.8432265004643954 158
1757640240805 0.8100851988569208 159
1757640240859 0.8469614441529183 160
1757640240915 0.7373820510993342 161
1757640240970 0.8641448369313051 162
1757640241024 0.7530864408994408 163
1757640241078 0.7324584686752041 164
1757640241132 0.8553999835041675 165
1757640241188 0.8835191310559308 166
1757640241249 0.5848920131348398 167
1757640241304 0.589816194882099 168
1757640241359 0.5937970523974632 169
1757640241414 0.5955346165002207 170
1757640241469 0.5465339719372688 171
1757640241524 0.709772032010543 172
1757640241576 0.4760226235577683 173
1757640241632 0.6389913556548001 174
1757640241687 0.6330743636535642 175
1757640241741 0.5006616420997831 176
1757640241795 0.4708598088330176 177
1757640241849 0.5162760237675343 178
1757640241923 0.4747770334085786 179
1757640242004 0.42878502743953056 180
1757640242061 0.4271728097600616 181
1757640242118 0.45609747163480846 182
1757640242225 0.3633548688444694 183
1757640242295 0.3135653458636952 184
1757640242368 0.43923056385510695 185
1757640242426 0.3322139470263268 186
1757640242484 0.46100211153447984 187
1757640242545 0.4550676415251622 188
1757640242604 0.3070342526491492 189
1757640242661 0.41019421249161303 190
1757640242716 0.304788923816496 191
1757640242783 0.3855333013773616 192
1757640242847 0.35532075334851215 193
1757640242906 0.32919647910692573 194
1757640242964 0.35589633245610364 195
1757640243019 0.31810768885853097 196
1757640243077 0.354420836060229 197
1757640243133 0.46278050029241186 198
1757640243189 0.21269356838941514 199
1757640243248 0.23653201469808927 200
1757640243307 0.2394128599381267 201
1757640243365 0.19207199864121474 202
1757640243422 0.28964193516711945 203
1757640243477 0.14426796903959094 204
1757640243533 0.23811763001717592 205
1757640243590 0.24612070879655137 206
1757640243647 0.25308793168626503 207
1757640243849 0.28870102986614704 208
1757640243911 0.20845675493141305 209
1757640243971 0.2887684980713851 210
1757640244031 0.36407675018516605 211
1757640244090 0.16981830131193207 212
1757640244149 0.21487721377350485 213
1757640244208 0.27052534697479336 214
1757640244266 0.2191758950710019 215
1757640244323 0.21060142077104985 216
1757640244380 0.27286365073749397 217
1757640244435 0.19762319567292977 218
1757640244492 0.21088880684800584 219
1757640244549 0.19982753191252747 220
1757640244605 0.1655502204296114 221
1757640244661 0.20646378478769722 222
1757640244718 0.20628026193382323 223
1757640244775 0.19667664379877756 224
1757640244831 0.13841485754747734 225
1757640244887 0.24578755101622513 226
1757640244944 0.22732569654408136 227
1757640245000 0.15031402973123648 228
1757640245056 0.21134860770082714 229
1757640245112 0.14927753009618652 230
1757640245169 0.1671569113682505 231
1757640245224 0.2096939698004417 232
1757640245285 0.16322156782120864 233
1757640245346 0.21517626333761722 234
1757640245404 0.15656688130603957 235
1757640245459 0.18353378629727124 236
1757640245516 0.26619655356630706 237
1757640245572 0.11252949310728363 238
1757640245628 0.180439734727407 239
1757640245683 0.1878799688480315 240
1757640245738 0.1533533370112257 241
1757640245808 0.13882988920584438 242
1757640245867 0.1642903055085107 243
1757640245927 0.17407380345182089 244
1757640245984 0.11217547450366275 245
1757640246041 0.17124086989115486 246
1757640246098 0.13388018786744627 247
1757640246155 0.12018136066635186 248
1757640246212 0.18538096672199955 249
1757640246269 0.19469348923185473 250
1757640246325 0.11213301920620869 251
1757640246382 0.13242232382309163 252
1757640246437 0.1837849567117443 253
1757640246494 0.18823027008664456 254
1757640246550 0.17505832343796382 255
1757640246607 0.1627591628112409 256
1757640246663 0.1726742579020524 257
1757640246718 0.14970056483232397 258
1757640246774 0.19288095157640464 259
1757640246831 0.16156861990315505 260
1757640246888 0.141578768454093 261
1757640246943 0.13489534315343238 262
1757640247000 0.19593498909652204 263
1757640247056 0.2267967007843516 264
1757640247112 0.1956819558219831 265
1757640247169 0.12128156530818213 266
1757640247224 0.1374026902522204 267
1757640247280 0.13041917439996084 268
1757640247342 0.10114369506298414 269
1757640247400 0.13817924881684837 270
1757640247458 0.09662202791719625 271
1757640247515 0.13247717826861885 272
1757640247571 0.19639456543605774 273
1757640247628 0.12345843973285528 274
1757640247684 0.143975648803537 275
1757640247742 0.13954488044711583 276
1757640247812 0.1499500663211705 277
1757640247874 0.24033487122029373 278
1757640247933 0.1287340079216296 279
1757640247992 0.11314638784828072 280
1757640248050 0.12320595306434111 281
1757640248107 0.11449963492325091 282
1757640248166 0.24626972474117384 283
1757640248224 0.15601544638930923 284
1757640248281 0.1507190986470439 285
1757640248339 0.230771073209179 286
1757640248399 0.07362213720797074 287
1757640248457 0.14669491010928154 288
1757640248515 0.1804875952075524 289
1757640248571 0.0704337570510191 290
1757640248629 0.11495207803172097 291
1757640248686 0.1663314037758251 292
1757640248743 0.16963906102816792 293
1757640248798 0.10862338342548242 294
1757640248857 0.07692789161094357 295
1757640248916 0.11645063022836671 296
1757640248972 0.07341944264596044 297
1757640249029 0.17309596739028463 298
1757640249087 0.1863668015254207 299
1757640249151 0.1140152010697139 300
1757640249209 0.06885881492740374 301
1757640249265 0.1291340001883787 302
1757640249321 0.07586863465362828 303
1757640249384 0.13210462111836913 304
1757640249447 0.1306110305778915 305
1757640249505 0.10942300567443837 306
1757640249563 0.06312981022562301 307
1757640249621 0.10553846011140781 308
1757640249681 0.1811487292544006 309
1757640249738 0.1677231441876003 310
1757640249795 0.10241309562668978 311
1757640249851 0.13815413712072852 312
1757640249908 0.08779661311197737 313
1757640249966 0.13368779552981613 314
1757640250024 0.13812531761116895 315
1757640250081 0.09957538594838561 316
1757640250139 0.1138277682053934 317
1757640250197 0.1508693744587539 318
1757640250255 0.11120955696653503 319
1757640250311 0.1096451023061738 320
1757640250368 0.100823353921035 321
1757640250426 0.1729710616430919 322
1757640250484 0.13704948724720167 323
1757640250542 0.12333485038142852 324
1757640250599 0.14200064137251642 325
1757640250658 0.146171527070543 326
1757640250715 0.06963784005515636 327
1757640250774 0.09731022569481267 328
1757640250829 0.07571906241847652 329
1757640250887 0.10441217901302498 330
1757640250945 0.07587900828254762 331
1757640251003 0.11553948623854951 332
1757640251062 0.12109734457905881 333
1757640251120 0.11560898972115771 334
1757640251179 0.1333373360181214 335
1757640251237 0.1841571150192752 336
1757640251296 0.11765310860264316 337
1757640251353 0.10882546559137565 338
1757640251416 0.07952023244471443 339
1757640251476 0.13591514789963405 340
1757640251535 0.11277119286454296 341
1757640251594 0.17441228049966734 342
1757640251652 0.15981756847941456 343
1757640251711 0.12408256849961957 344
1757640251770 0.1394352149464608 345
1757640251830 0.09841822149191483 346
1757640251887 0.09351442758288468 347
1757640251945 0.105420423309952 348
1757640252004 0.2297060305937509 349
1757640252063 0.1852783147887101 350
1757640252121 0.0724870012140763 351
1757640252180 0.17549330340086794 352
1757640252239 0.19606079958359166 353
1757640252307 0.11723642440284912 354
1757640252367 0.09342739456196127 355
1757640252427 0.13049215189919594 356
1757640252486 0.07805516013448839 357
1757640252546 0.0828094072501333 358
1757640252606 0.14894075801367568 359
1757640252665 0.13264919007660134 360
1757640252724 0.11038413162702987 361
1757640252796 0.13191998151357645 362
1757640252860 0.1628063401844493 363
1757640252920 0.121554821563472 364
1757640252979 0.16520588280349346 365
1757640253039 0.16719231555586636 366
1757640253099 0.11559999030174957 367
1757640253159 0.11846939493165086 368
1757640253219 0.15443714426402386 369
1757640253278 0.11057834366831723 370
1757640253339 0.12221330083391377 371
1757640253399 0.19621683693121575 372
1757640253465 0.16941446640566118 373
1757640253525 0.13645866287173106 374
1757640253586 0.14376800823146454 375
1757640253646 0.1791275133325732 376
1757640253706 0.08188052793222612 377
1757640253766 0.08709174860320777 378
1757640253824 0.19466239909916663 379
1757640253885 0.12689796949282275 380
1757640253944 0.08149922434398513 381
1757640254003 0.1432333450583563 382
1757640254062 0.17500894624897284 383
1757640254121 0.22014409105745741 384
1757640254179 0.154867662534726 385
1757640254239 0.25101869603833366 386
1757640254298 0.10860210854971113 387
1757640254358 0.142536208115634 388
1757640254417 0.20267698175595258 389
1757640254476 0.13728506666283682 390
1757640254534 0.10033531240711388 391
1757640254593 0.08519522714470941 392
1757640254653 0.13692796918224187 393
1757640254712 0.09394964474432058 394
1757640254773 0.08074104543018287 395
1757640254834 0.1360910879809724 396
1757640254895 0.11892659267407976 397
1757640254953 0.12542562983207456 398
1757640255013 0.15737297453676283 399
1757640255072 0.13282724722503528 400
1757640255132 0.10644294163951969 401
1757640255192 0.11826922137289327 402
1757640255251 0.14801222056931806 403
1757640255310 0.12997579284875582 404
1757640255369 0.12071444367311245 405
1757640255429 0.10501670373526373 406
1757640255523 0.1732467212806122 407
1757640255583 0.09603187488290423 408
1757640255645 0.1090817353032918 409
1757640255706 0.10251831147610702 410
1757640255767 0.12421353276552229 411
1757640255828 0.35828047137994684 412
1757640255888 0.07953650791737076 413
1757640255949 0.08944826626327049 414
1757640256010 0.22125421579307075 415
1757640256071 0.15585383518692464 416
1757640256132 0.07856206470160579 417
1757640256193 0.08230674668766756 418
1757640256254 0.11183313395480093 419
1757640256313 0.18883363292270194 420
1757640256374 0.16287654809334373 421
1757640256433 0.13520956809227883 422
1757640256493 0.2033108264715439 423
1757640256552 0.13916757663551557 424
1757640256610 0.14281313124400022 425
1757640256671 0.15191571637308585 426
1757640256732 0.18781102367722552 427
1757640256792 0.1363897179289841 428
