1757647649466 169.35337134490703 0
1757647649519 165.9489763979919 1
1757647649638 162.62182049800387 2
1757647649698 159.36213171386203 3
1757647649759 156.16862051448388 4
1757647649820 153.03980251176566 5
1757647649879 149.97444004025462 6
1757647649936 146.9711165196872 7
1757647650006 144.02864438693717 8
1757647650064 141.14571717239482 9
1757647650121 138.32105580640945 10
1757647650180 135.5535525937339 11
1757647650238 132.84193600364992 12
1757647650302 130.18514409499753 13
1757647650363 127.58196066673582 14
1757647650420 125.03136798805404 15
1757647650478 122.53220206004607 16
1757647650535 120.08348787080689 17
1757647650592 117.68415135011489 18
1757647650650 115.3331363298718 19
1757647650710 113.0295370706445 20
1757647650766 110.7722998633817 21
1757647650825 108.56055794955121 22
1757647650882 106.39330057060802 23
1757647650939 104.26969862650532 24
1757647650998 102.18878196613505 25
1757647651055 100.14975786664064 26
1757647651114 98.15169458635512 27
1757647651171 96.19383453765563 28
1757647651233 94.27532280931966 29
1757647651291 92.39531435676666 30
1757647651351 90.55310993703877 31
1757647651408 88.74785728738715 32
1757647651470 86.97888913670513 33
1757647651535 85.24538516762749 34
1757647651597 83.5467089720358 35
1757647651656 81.88207051558443 36
1757647651717 80.25086317718524 37
1757647651776 78.65237021131338 38
1757647651835 77.0858803101266 39
1757647651893 75.55083747629708 40
1757647651951 74.0465129586265 41
1757647652019 72.5723777733056 42
1757647652078 71.12772860000013 43
1757647652136 69.7120625069379 44
1757647652195 68.32470033726304 45
1757647652254 66.96516427818098 46
1757647652313 65.63284830005836 47
1757647652372 64.327148696639 48
1757647652430 63.047631537745865 49
1757647652489 61.793665217191304 50
1757647652547 60.564838489435886 51
1757647652605 59.36054025147003 52
1757647652663 58.18038111022099 53
1757647652723 57.023825231693955 54
1757647652781 55.89033740932922 55
1757647652840 54.77956741746603 56
1757647652900 53.690943478976784 57
1757647652961 52.62413502696532 58
1757647653019 51.578587832136705 59
1757647653077 50.55399024624605 60
1757647653136 49.54986603796356 61
1757647653194 48.565738336196304 62
1757647653253 47.601330427851565 63
1757647653312 46.65612075715902 64
1757647653373 45.72984955599649 65
1757647653432 44.82201042171798 66
1757647653491 43.93235987532372 67
1757647653551 43.0604724900775 68
1757647653612 42.205921259258375 69
1757647653672 41.36849384884169 70
1757647653732 40.54771112928616 71
1757647653792 39.7433752835175 72
1757647653853 38.95509145621741 73
1757647653912 38.182462775337626 74
1757647653974 37.42532001654329 75
1757647654040 36.68320824873006 76
1757647654104 35.95597113106779 77
1757647654164 35.243165829207804 78
1757647654224 34.54464836018585 79
1757647654292 33.86006295080604 80
1757647654370 33.18905124861421 81
1757647654433 32.531494756421836 82
1757647654496 31.88697100742443 83
1757647654579 31.25503763718007 84
1757647654641 30.636037648060835 85
1757647654703 30.02929401273121 86
1757647654765 29.434724646313683 87
1757647654823 28.85192323005129 88
1757647654883 28.28081713359496 89
1757647654942 27.721093953064763 90
1757647655001 27.172438428110045 91
1757647655063 26.63479923984665 92
1757647655122 26.10778665897268 93
1757647655181 25.591357596683167 94
1757647655240 25.084894685365292 95
1757647655299 24.588753959032218 96
1757647655359 24.102584461575333 97
1757647655418 23.626100595861264 98
1757647655477 23.159013949329434 99
1757647655537 22.701321452433064 100
1757647655600 22.252651576473184 101
1757647655665 21.81300755132613 102
1757647655725 21.38212016880372 103
1757647655785 20.95971730687252 104
1757647655844 20.54550344554243 105
1757647655903 20.13975542074085 106
1757647655963 19.74217992735591 107
1757647656022 19.35252147376663 108
1757647656090 18.97052170487943 109
1757647656151 18.596223416282005 110
1757647656214 18.22937777186165 111
1757647656275 17.869733144587048 112
1757647656335 17.51734669902724 113
1757647656393 17.17187389194707 114
1757647656452 16.833067367794076 115
1757647656511 16.501312805011626 116
1757647656571 16.17605696585729 117
1757647656630 15.857376156430742 118
1757647656691 15.545038882967365 119
1757647656750 15.238811000234406 120
1757647656829 14.938781096363996 121
1757647656897 14.644616495797688 122
1757647656959 14.356106916566027 123
1757647657021 14.07363963711888 124
1757647657083 13.7965993292886 125
1757647657144 13.525268926262067 126
1757647657204 13.259259274608922 127
1757647657264 12.998514856880991 128
1757647657324 12.743067503798315 129
1757647657385 12.492627821420928 130
1757647657445 12.246848890017423 131
1757647657506 12.00628939290764 132
1757647657566 11.770589844990587 133
1757647657626 11.539459846341716 134
1757647657686 11.312977292493976 135
1757647657746 11.090952578244755 136
1757647657806 10.87339690686718 137
1757647657869 10.659962028559677 138
1757647657929 10.450922962184281 139
1757647657990 10.246101793158378 140
1757647658051 10.045418169189022 141
1757647658116 9.848545787822623 142
1757647658179 9.655769854282196 143
1757647658239 9.466513914886738 144
1757647658300 9.281209688451147 145
1757647658360 9.099668903260502 146
1757647658420 8.921608157119763 147
1757647658480 8.747138413314605 148
1757647658539 8.57621723559673 149
1757647658600 8.408492573236721 150
1757647658660 8.244003049530672 151
1757647658722 8.083138562177137 152
1757647658783 7.925429607067425 153
1757647658843 7.7706002522226365 154
1757647658903 7.618898460397708 155
1757647658963 7.470418167705129 156
1757647659023 7.32479524380092 157
1757647659082 7.1820061874774215 158
1757647659141 7.042259875319017 159
1757647659200 6.905104536404255 160
1757647659261 6.770469821211572 161
1757647659337 6.638863305752685 162
1757647659402 6.509767369513365 163
1757647659462 6.383200650846673 164
1757647659523 6.259335660919348 165
1757647659584 6.137543703183767 166
1757647659663 6.018379254356858 167
1757647659819 5.901763909915567 168
1757647659889 5.7874272710285135 169
1757647659957 5.675119833492614 170
1757647660023 5.565055353713349 171
1757647660085 5.4574515306150815 172
1757647660150 5.351664420977979 173
1757647660215 5.248301160753594 174
1757647660276 5.146731073880457 175
1757647660337 5.047159262742216 176
1757647660402 4.949845408076629 177
1757647660463 4.854426589113573 178
1757647660524 4.7608346711987295 179
1757647660586 4.668785430627142 180
1757647660647 4.578991806905565 181
1757647660708 4.490837133685438 182
1757647660770 4.404412929208135 183
1757647660832 4.319619538625745 184
1757647660894 4.236660315101939 185
1757647660956 4.155245423379687 186
1757647661018 4.075557303569783 187
1757647661080 3.9975516613266633 188
1757647661142 3.9208433854356435 189
1757647661204 3.84564191636451 190
1757647661266 3.772161744882621 191
1757647661334 3.70009612950049 192
1757647661395 3.62912295709947 193
1757647661456 3.5599846317122212 194
1757647661517 3.492095724163968 195
1757647661578 3.4256826757498198 196
1757647661643 3.360202872600533 197
1757647661703 3.2962811986154876 198
1757647661765 3.233755941917527 199
1757647661826 3.1723542136815244 200
1757647661889 3.1119054786848968 201
1757647661951 3.052999982356718 202
1757647662012 2.995233121002884 203
1757647662072 2.93845950430935 204
1757647662133 2.882773240984384 205
1757647662199 2.828418605717761 206
1757647662263 2.7751873624271037 207
1757647662325 2.722756460064635 208
1757647662387 2.6713816365974203 209
1757647662447 2.6212027793838577 210
1757647662508 2.572040364879409 211
1757647662569 2.5236474708251087 212
1757647662629 2.4762299140771664 213
1757647662689 2.429990976534142 214
1757647662749 2.3845695774588296 215
1757647662811 2.3399561755882834 216
1757647662870 2.296180452954701 217
1757647662933 2.253467392018172 218
1757647662995 2.211602516667734 219
1757647663055 2.170185981950281 220
1757647663116 2.130022271270771 221
1757647663177 2.0905606811819952 222
1757647663237 2.0519809219495353 223
1757647663296 2.013689758888527 224
1757647663358 1.9766329769306517 225
1757647663420 1.9402705589346287 226
1757647663480 1.9046212018333097 227
1757647663541 1.8693077362273858 228
1757647663603 1.8350650278384764 229
1757647663663 1.8015561258473314 230
1757647663724 1.7684496268131624 231
1757647663786 1.7360540469849959 232
1757647663845 1.7044218006136613 233
1757647663906 1.6735061380861336 234
1757647663968 1.6429977813744863 235
1757647664028 1.6130353951202319 236
1757647664089 1.583901076608267 237
1757647664150 1.5553213402427768 238
1757647664213 1.527165884146057 239
1757647664281 1.499500243785602 240
1757647664358 1.472650864505632 241
1757647664422 1.4461377995246942 242
1757647664485 1.4202899987844655 243
1757647664565 1.39478317449131 244
1757647664628 1.3695747235461173 245
1757647664691 1.3452782068052096 246
1757647664755 1.3214334580951927 247
1757647664818 1.2978960301819225 248
1757647664881 1.2746100952427128 249
1757647664944 1.2522025208894572 250
1757647665007 1.230260618486136 251
1757647665069 1.2083093490583923 252
1757647665133 1.1870229080423582 253
1757647665197 1.1662989152094012 254
1757647665258 1.1460621214725475 255
1757647665320 1.125787345612931 256
1757647665383 1.1063546412701304 257
1757647665446 1.0870925423762008 258
1757647665507 1.0681841202129425 259
1757647665568 1.0496948880044366 260
1757647665628 1.0317002199176906 261
1757647665693 1.013919562794584 262
1757647665796 0.9964657808188976 263
1757647665866 0.9794016906408515 264
1757647665933 0.9628643904814651 265
1757647665995 0.9464345212015197 266
1757647666057 0.9303317851716226 267
1757647666119 0.9145183247861179 268
1757647666179 0.8992709353230625 269
1757647666242 0.8841025937868182 270
1757647666310 0.8692391367976322 271
1757647666374 0.8547009110598703 272
1757647666436 0.8404062279451123 273
1757647666498 0.8266339175580965 274
1757647666560 0.8128487281944142 275
1757647666622 0.7994307777359438 276
1757647666684 0.7862976143304455 277
1757647666745 0.7735305708424689 278
1757647666807 0.7608935435453216 279
1757647666871 0.748243002016961 280
1757647666932 0.7362963729317622 281
1757647666993 0.7245220312769873 282
1757647667056 0.7128601332307346 283
1757647667120 0.7012271512282015 284
1757647667182 0.690145224317553 285
1757647667245 0.6793524648257074 286
1757647667306 0.6683471018046443 287
1757647667367 0.6579865730123453 288
1757647667429 0.6476163384729402 289
1757647667492 0.6375929210741145 290
1757647667554 0.627484973384134 291
1757647667615 0.6178634805170072 292
1757647667678 0.6082906631514948 293
1757647667740 0.5988793098882105 294
1757647667802 0.5897089891843279 295
1757647667864 0.5809069528714058 296
1757647667926 0.5722146453737144 297
1757647667988 0.5633685970374753 298
1757647668052 0.5548312543532821 299
1757647668113 0.5467209942073428 300
1757647668175 0.5386099715015842 301
1757647668239 0.5303346287875458 302
1757647668309 0.5227171612778598 303
1757647668373 0.5151669453224439 304
1757647668437 0.5076821914340451 305
1757647668500 0.5000962384720339 306
1757647668561 0.49300040539787976 307
1757647668624 0.4859428297029212 308
1757647668685 0.47913015528989816 309
1757647668747 0.4723301145159232 310
1757647668813 0.4655698405639196 311
1757647668875 0.4590559734450569 312
1757647668937 0.45285418071582983 313
1757647669000 0.4464949790557632 314
1757647669061 0.44015214448735224 315
1757647669123 0.4342464845005105 316
1757647669186 0.4285227358158531 317
1757647669249 0.4227414465923533 318
1757647669325 0.4169912829357271 319
1757647669395 0.4114053793529537 320
1757647669459 0.40586447311708285 321
1757647669524 0.40054807666677306 322
1757647669589 0.3954913282203772 323
1757647669653 0.39024902702473085 324
1757647669719 0.3852091158917143 325
1757647669784 0.3802180937797788 326
1757647669848 0.37556477614389494 327
1757647669910 0.3710239062579807 328
1757647669977 0.36588479802540547 329
1757647670040 0.36153161271473927 330
1757647670102 0.35716394332862006 331
1757647670165 0.3529880979905674 332
1757647670227 0.3482911083680292 333
1757647670289 0.34420018036923283 334
1757647670363 0.3402603547436763 335
1757647670428 0.3359713544675885 336
1757647670493 0.3321945850846486 337
1757647670556 0.3282916753610882 338
1757647670619 0.32459813338029814 339
1757647670682 0.3206815487783751 340
1757647670746 0.31722871218768234 341
1757647670846 0.3135092598987136 342
1757647670912 0.3100248432993063 343
1757647670979 0.3064782371683846 344
1757647671044 0.3033069077344371 345
1757647671109 0.3001761377330847 346
1757647671173 0.296643094535169 347
1757647671238 0.2934512271635896 348
1757647671304 0.290446535307647 349
1757647671369 0.28739864047979885 350
1757647671432 0.28438363329462313 351
1757647671496 0.28134062585546804 352
1757647671560 0.27866763308946596 353
1757647671623 0.2757593399239392 354
1757647671685 0.27258350900807266 355
1757647671750 0.2700579194249384 356
1757647672010 0.26734011251102624 357
1757647672083 0.2649442790936023 358
1757647672155 0.2621820291496717 359
1757647672225 0.25956944824773653 360
1757647672294 0.2571244595311572 361
1757647672376 0.25483628175064416 362
1757647672443 0.2522791416384052 363
1757647672509 0.250009163104185 364
1757647672574 0.24760399056886345 365
1757647672639 0.24559826171585808 366
1757647672704 0.24313223904612294 367
1757647672771 0.24104307684444012 368
1757647672837 0.23890869349603852 369
1757647672903 0.23679602227441515 370
1757647672971 0.2346416501563731 371
1757647673038 0.23285864796769462 372
1757647673101 0.2310489820953924 373
1757647673166 0.22873986916401093 374
1757647673230 0.22683671481846804 375
1757647673293 0.22520813656502198 376
1757647673358 0.2236470971672972 377
1757647673422 0.22144871180280182 378
1757647673487 0.21972346576778023 379
1757647673551 0.21813901754465428 380
1757647673616 0.21653935435886623 381
1757647673680 0.21475821601939088 382
1757647673745 0.21330518901537943 383
1757647673809 0.21174182362407318 384
1757647673873 0.21005231188565482 385
1757647673938 0.20851465982472106 386
1757647674003 0.20724468993886955 387
1757647674066 0.20552806803364818 388
1757647674131 0.2039642560877071 389
1757647674195 0.20281887328403164 390
1757647674260 0.2015616635993858 391
1757647674342 0.20029325743330695 392
1757647674415 0.19859380873086946 393
1757647674485 0.1974532422290259 394
1757647674565 0.19643948939259678 395
1757647674632 0.19478527684389044 396
1757647674700 0.19382203905215592 397
1757647674766 0.19259598780119738 398
1757647674832 0.19140362791714602 399
1757647674899 0.19012044221940486 400
1757647674966 0.189248625777906 401
1757647675033 0.18825329656171388 402
1757647675101 0.1869059650123684 403
1757647675168 0.1857116535279969 404
1757647675234 0.18492580715085907 405
1757647675300 0.1839891504915128 406
1757647675366 0.1827519095193626 407
1757647675432 0.18202605375811787 408
1757647675498 0.1807576165750455 409
1757647675562 0.17972914728902406 410
1757647675626 0.17901853752055405 411
1757647675693 0.1782638761354659 412
1757647675764 0.17741780484331635 413
1757647675831 0.1759318125235341 414
1757647675898 0.17523922598853278 415
1757647675963 0.1744530779498188 416
1757647676030 0.17345715526054675 417
1757647676094 0.17287014282069807 418
1757647676158 0.1720893287367861 419
1757647676227 0.1708363344005074 420
1757647676294 0.1701693482479225 421
1757647676358 0.16964827802858634 422
1757647676424 0.1689188178452684 423
1757647676505 0.16809198993543875 424
1757647676574 0.16730799730532075 425
1757647676641 0.16661813047772295 426
1757647676709 0.16584342216868966 427
1757647676776 0.16518447852058799 428
1757647676842 0.1647613670360301 429
1757647676907 0.16388754779915674 430
1757647676972 0.16315866589803196 431
1757647677038 0.1625502513342175 432
1757647677106 0.16193226999557542 433
1757647677172 0.16145406487869235 434
1757647677237 0.16068809277073817 435
1757647677304 0.16029922805498747 436
1757647677368 0.1594349990896177 437
1757647677435 0.1588705256894081 438
1757647677500 0.15860855273112479 439
1757647677566 0.15791145052400857 440
1757647677632 0.1574211241060011 441
1757647677698 0.1569797516331413 442
1757647677763 0.15625826611857627 443
1757647677829 0.15585561912189602 444
1757647677894 0.15523891641971627 445
1757647677958 0.1548046921242296 446
1757647678025 0.15442755033892233 447
1757647678091 0.1539187322665762 448
1757647678156 0.15354923597883696 449
1757647678222 0.15308089528989097 450
1757647678288 0.15256548139682205 451
1757647678355 0.15225756306999386 452
1757647678419 0.15184880215422775 453
1757647678489 0.1513206033060062 454
1757647678559 0.15117021118454033 455
1757647678714 0.15041100955576034 456
1757647678781 0.15015862680509753 457
1757647678846 0.14994648633676352 458
1757647678911 0.14929159370582232 459
1757647678978 0.14902662961380334 460
1757647679043 0.14863187819905405 461
1757647679111 0.14836545448756325 462
1757647679177 0.14792147122258847 463
1757647679242 0.14759163458175314 464
1757647679320 0.14754859668695458 465
1757647679394 0.14683224634145042 466
1757647679462 0.14664701229240953 467
1757647679529 0.14650897655131628 468
1757647679595 0.14592748154743237 469
1757647679660 0.1457643622347195 470
1757647679728 0.14539967122229425 471
1757647679795 0.14524847183510234 472
1757647679861 0.14481908627324486 473
1757647679934 0.14458779327138024 474
1757647680004 0.14449659797286452 475
1757647680074 0.1438029324417416 476
1757647680143 0.1437942872002558 477
1757647680211 0.14374701304996546 478
1757647680280 0.14320856133429713 479
1757647680349 0.1430112601457323 480
1757647680418 0.1428114129832629 481
1757647680484 0.14267463842317565 482
1757647680563 0.14233328535765508 483
1757647680631 0.1421182585275423 484
1757647680699 0.14196038439799433 485
1757647680766 0.14143500684223773 486
1757647680832 0.14150542741988043 487
1757647680901 0.14109214235880263 488
1757647680967 0.1410229574997628 489
1757647681034 0.14083766219670152 490
1757647681102 0.14077322235647963 491
1757647681167 0.1403682456099755 492
1757647681234 0.14006599279225343 493
1757647681303 0.1401641990107195 494
1757647681369 0.13986422699426332 495
1757647681435 0.13996891646993728 496
1757647681502 0.1395589149027568 497
1757647681569 0.1391436474697835 498
1757647681635 0.13922633215728947 499
