1757646524837 134.2438195667095 0
1757646524899 120.15830729320967 1
1757646524952 100.30507068182493 2
1757646525008 83.00202115534434 3
1757646525063 69.34633172136627 4
1757646525117 61.244901323177395 5
1757646525174 49.444887229514976 6
1757646525231 40.34304975489682 7
1757646525288 34.753684553828364 8
1757646525351 29.312183550696478 9
1757646525407 23.509118068844213 10
1757646525461 20.89585565962963 11
1757646525515 18.760634492631734 12
1757646525570 13.92685653152683 13
1757646525624 13.525312544125965 14
1757646525679 11.210857915322373 15
1757646525758 9.203223060465396 16
1757646525824 7.504180604874984 17
1757646525881 7.146676542092869 18
1757646525937 5.8345413066067255 19
1757646525993 4.532278346413182 20
1757646526052 4.097878335788539 21
1757646526107 3.3113237807277875 22
1757646526162 2.6543661340771747 23
1757646526217 2.2704267930806186 24
1757646526274 2.222602811286347 25
1757646526328 1.9240130743556232 26
1757646526383 1.565237094361859 27
1757646526439 1.2237678066414976 28
1757646526494 1.0926621192755737 29
1757646526549 1.0448692897444085 30
1757646526604 0.7738719406768573 31
1757646526659 0.6303720330615455 32
1757646526715 0.8119300242317801 33
1757646526774 0.6633178106058283 34
1757646526829 0.44796487935300566 35
1757646526884 0.32272168113744465 36
1757646526940 0.4532216993841 37
1757646526995 0.3930951095878341 38
1757646527050 0.20545396407287708 39
1757646527105 0.3150192064023616 40
1757646527161 0.29498841068119347 41
1757646527216 0.2039097988779377 42
1757646527272 0.26896361645497235 43
1757646527328 0.17423307466954735 44
1757646527391 0.21297715044215249 45
1757646527447 0.17264339067396572 46
1757646527505 0.1568796916539139 47
1757646527560 0.10655451605987472 48
1757646527615 0.13637642563865496 49
1757646527670 0.2804083174577285 50
1757646527725 0.09455737245673716 51
1757646527781 0.20861613365251294 52
1757646527837 0.10093277949339541 53
1757646527893 0.1343767497741294 54
1757646527949 0.13922377138047293 55
1757646528005 0.2690528797867848 56
1757646528059 0.05558472589171105 57
1757646528114 0.12624961291503095 58
1757646528169 0.2061788151571406 59
1757646528225 0.08097057534737437 60
1757646528280 0.11389711125544823 61
1757646528335 0.1435820784082136 62
1757646528391 0.1557073773604538 63
1757646528447 0.14946770966148776 64
1757646528502 0.09767242655340348 65
1757646528556 0.13699458818149365 66
1757646528613 0.08338555770792129 67
1757646528669 0.08569673807721184 68
1757646528724 0.14924339999992792 69
1757646528783 0.07566133948741169 70
1757646528839 0.13168008068933984 71
1757646528896 0.14904460910385778 72
1757646528951 0.13408491767938763 73
1757646529006 0.11116987578958616 74
1757646529060 0.1675682379602734 75
1757646529117 0.23744154459821393 76
1757646529182 0.186054801879141 77
1757646529247 0.12029763365899439 78
1757646529304 0.15287637052176956 79
1757646529361 0.13227705251742553 80
1757646529426 0.09138006879535866 81
1757646529484 0.1070516573692221 82
1757646529544 0.10572758948063725 83
1757646529608 0.1173371770715836 84
1757646529664 0.1046606917906444 85
1757646529722 0.15311414256289127 86
1757646529778 0.18866958666242972 87
1757646529835 0.15002893053519936 88
1757646529891 0.12633035800036 89
1757646529949 0.09664577956216237 90
1757646530006 0.11025910125448812 91
1757646530063 0.1413042164853986 92
1757646530120 0.1307399633583915 93
