1757629627716 31.156507957493975 0
1757629627813 6.169468136168063 1
1757629627918 0.5355576715043397 2
1757629628022 0.22803886721862535 3
1757629628134 0.1413494660348869 4
1757629628248 0.009519074924012568 5
1757629628386 0.5034660067353657 6
1757629628502 0.10711469388644779 7
1757629628667 0.08395516093949751 8
1757629628788 0.49097658528969396 9
1757629628915 1.0208579120254018 10
1757629629036 0.659060578114784 11
1757629629160 0.00032560109504988177 12
1757629629286 0.20362566421946693 13
1757629629408 0.6598845594581804 14
1757629629520 0.06268999023974828 15
1757629629629 0.0015594279355650503 16
1757629629738 0.36339614155809447 17
1757629629840 0.020565335904361836 18
1757629629942 0.0025771293840697596 19
1757629630042 0.019255636299934785 20
1757629630141 0.0014031242138803322 21
1757629630237 0.127521558767153 22
1757629630346 0.22794309632968623 23
1757629630457 0.000651283170901253 24
1757629630555 0.02421289677462562 25
1757629630656 0.20163588402588462 26
1757629630752 0.4196277027283652 27
1757629630849 0.013341017319096399 28
1757629630947 0.018690151677937125 29
1757629631044 0.006697697585838408 30
1757629631140 0.08222220960060703 31
1757629631239 0.003794673709194085 32
1757629631337 0.001954761074377281 33
1757629631435 0.1025185488036663 34
1757629631533 0.12762257956906217 35
1757629631630 0.008776872430919415 36
1757629631733 0.08647689188744968 37
1757629631829 0.0861485183305303 38
1757629631924 0.07048215327532738 39
1757629632020 0.2594031127484007 40
1757629632117 0.2632588593937662 41
1757629632220 0.06195071114016613 42
1757629632323 0.02999380286978679 43
1757629632420 0.3708060251478439 44
1757629632517 0.045804822761023746 45
1757629632770 0.009144507220231258 46
1757629632876 0.04797359961019385 47
1757629632981 0.13239445694353377 48
1757629633097 0.3159762925282843 49
1757629633236 0.025457050267040163 50
1757629633354 0.0013232110924409832 51
1757629633464 0.016261191193989125 52
1757629633574 0.0022564036324091716 53
1757629633681 0.0027660607412074915 54
1757629633793 0.0013703005176457239 55
1757629633912 0.022843303046300577 56
1757629634019 0.0790816988258527 57
1757629634123 0.0028166122275157445 58
1757629634232 0.10035818187551081 59
1757629634332 0.00013374613987730726 60
1757629634431 0.7242054341459133 61
1757629634533 1.0622317519136977 62
1757629634645 0.08028628183779564 63
1757629634765 0.05084650602697521 64
1757629634868 0.023519736723314002 65
1757629634969 0.11386982746933073 66
1757629635068 0.0041531429046640115 67
1757629635166 0.0020163689183655387 68
1757629635265 0.13282631838822995 69
1757629635379 0.12006380330732334 70
1757629635483 0.028702135975058857 71
1757629635584 0.02479112500290669 72
1757629635710 0.003441879785975114 73
1757629635810 0.44627798176870537 74
1757629635909 0.4267416145631385 75
1757629636006 0.0003790284841799415 76
1757629636210 0.02377011298259532 77
1757629636319 0.39946958640127445 78
1757629636430 0.13084294521991274 79
1757629636530 0.0005157935847836538 80
1757629636629 0.03510417921223836 81
1757629636729 0.01693321578529349 82
1757629636835 0.42837165421398865 83
1757629636932 0.22325647374387303 84
1757629637031 0.207938776267726 85
1757629637129 0.21617460607439834 86
1757629637228 0.21920653485866656 87
1757629637326 0.0021360154665918283 88
1757629637421 0.30777688190562236 89
1757629637518 0.2358147985644356 90
1757629637615 0.18985989993847524 91
1757629637725 0.0008809761119088118 92
1757629637832 0.09910154527635082 93
1757629637994 0.04293689754385812 94
1757629638162 0.000778650724054344 95
1757629638270 0.19432842503275405 96
1757629638390 0.017073858255418177 97
1757629638494 0.06355096271314829 98
1757629638596 0.03817143690908859 99
1757629638698 0.17702782870722664 100
1757629638817 0.05665212340682945 101
1757629638943 0.0025833734199207 102
1757629639055 0.024457720595738034 103
1757629639173 0.04480171480282218 104
1757629639290 0.0036466192413607246 105
1757629639398 2.6695335084976596e-05 106
1757629639502 0.007571935674777276 107
1757629639604 0.14862130941191284 108
1757629639704 0.05290312207214407 109
1757629639804 0.0062317135626229325 110
1757629639903 0.002918529218571396 111
1757629640003 0.21222597842433769 112
1757629640103 0.15452877021078515 113
1757629640203 0.014093804486150023 114
1757629640302 0.007355149503496383 115
1757629640413 0.02274159616543134 116
1757629640512 0.013562453870279143 117
1757629640609 0.7032157481641045 118
1757629640706 0.3635346629902067 119
1757629640800 1.2791629002986575 120
1757629640895 0.01344858846057175 121
1757629640989 0.009254568974236866 122
1757629641082 0.41028881157843156 123
1757629641175 0.115602589216237 124
1757629641268 0.04730510061009227 125
1757629641361 0.004009226619736716 126
1757629641452 0.01858542832875335 127
1757629641542 0.0031495412960405723 128
1757629641632 0.01412417579032816 129
1757629641727 0.03314529881596095 130
1757629641825 0.22401276941903292 131
1757629641919 0.007716276951515293 132
1757629642009 0.27892210544986085 133
1757629642100 0.04659303774502714 134
1757629642190 0.9709017227140648 135
1757629642283 0.0830196166130797 136
1757629642380 0.038522687347121706 137
1757629642473 0.15392236044075858 138
1757629642563 0.11020587644905663 139
1757629642657 0.11697356767787866 140
1757629642770 1.1599191391733644e-05 141
1757629642879 0.044437637872085975 142
1757629642988 0.033931678844272166 143
1757629643096 3.620037517069521e-05 144
1757629643200 0.06776514629815304 145
1757629643305 0.11226241068070474 146
1757629643405 0.0006270008203824887 147
1757629643503 0.08868636708637768 148
1757629643596 0.8444140517958202 149
1757629643690 0.04793991876503378 150
1757629643784 0.009576245259146106 151
1757629643882 2.228144426361615e-05 152
1757629643982 0.05677379459528127 153
1757629644094 0.16686930773090178 154
1757629644207 0.040673194469868314 155
1757629644317 0.43440170594900734 156
1757629644426 0.02873805925888736 157
1757629644537 0.003913663558211653 158
1757629644647 0.20178451962706548 159
1757629644753 0.006225473583265681 160
1757629644855 0.02146043720249191 161
1757629644964 0.0648309827197887 162
1757629645077 0.05264608022788974 163
1757629645194 0.022975866977287377 164
1757629645309 0.28483001396361174 165
1757629645429 0.20798360944014693 166
1757629645534 0.45111682228214256 167
1757629645633 0.06741837802860821 168
1757629645731 0.13388264843992598 169
1757629645829 0.5555864270409786 170
1757629645925 0.05901628985438652 171
1757629646020 0.04102847925952389 172
1757629646113 0.42802767811496184 173
1757629646207 0.45499303767580007 174
1757629646302 0.12299981534634231 175
1757629646397 0.0010356225569853018 176
1757629646497 0.0018938956222773924 177
1757629646598 0.30155834254869457 178
1757629646700 0.029284018617865924 179
1757629646814 0.013937323025519352 180
1757629646927 0.10075366648564053 181
1757629647042 0.11788084244812998 182
1757629647150 0.039826231605106024 183
1757629647258 0.014206170679965342 184
1757629647361 1.5375304854156835 185
1757629647463 0.21944197688392614 186
1757629647561 0.018892034544483738 187
1757629647657 0.007580383836743866 188
1757629647752 0.011285424138653835 189
1757629647848 0.03326931948746827 190
1757629647943 0.07524972177438019 191
1757629648044 0.0012636903269999335 192
1757629648167 0.09224190129498613 193
1757629648287 0.21295960849799683 194
1757629648423 0.012024328940785539 195
1757629648543 0.2573031866744872 196
1757629648660 0.2365676958059892 197
1757629648780 0.26339527569480603 198
1757629648895 0.06344518246515737 199
1757629649007 0.05607008571260156 200
1757629649113 0.28564456786815023 201
1757629649215 0.0045115958152390405 202
1757629649315 0.13953984289015528 203
1757629649417 0.22202621850206983 204
1757629649516 0.4496710798699714 205
1757629649613 0.3700847252676953 206
1757629649709 0.016118228386313216 207
1757629649808 0.38827980638854304 208
1757629649907 0.00018222028723061315 209
1757629650005 0.06773454836533788 210
1757629650102 0.22041621624572363 211
1757629650205 0.20680449839347584 212
1757629650307 0.204563920435399 213
1757629650427 0.29411958690454515 214
1757629650531 0.08688605738900551 215
1757629650636 0.0867175619672695 216
1757629650744 0.06472402760686247 217
1757629650849 1.9258524407294218e-05 218
1757629650954 0.019433124040105273 219
1757629651064 0.004372611256854435 220
1757629651160 0.6207026355766245 221
1757629651259 0.0043558245590631746 222
1757629651359 0.01799175521533897 223
1757629651459 5.0571534004007857e-05 224
1757629651560 0.07793757365460693 225
1757629651656 0.08020717003247352 226
1757629651757 0.007193811947608874 227
1757629651944 0.01995942463501063 228
1757629652084 0.26211632162775883 229
1757629652196 0.005233040343833266 230
1757629652304 0.20710943755085562 231
1757629652411 0.005350641635855617 232
1757629652522 0.12965241549441017 233
1757629652629 0.00013932391678556552 234
1757629652736 0.014777294383156846 235
1757629652844 0.536302015949661 236
1757629652951 0.21131391737082317 237
1757629653057 0.6683757667116423 238
1757629653166 0.26605754942710735 239
1757629653279 0.002428681235729698 240
1757629653405 0.00012247198669179912 241
1757629653538 0.013750576993055522 242
1757629653665 0.048455936073032 243
1757629653775 0.09437184557877541 244
1757629653884 0.22605868753190717 245
1757629653990 0.23071986865650665 246
1757629654094 0.039127374449091756 247
1757629654197 0.017751027802322766 248
1757629654298 0.011610212876402671 249
1757629654403 0.0011821625007021417 250
1757629654509 0.3709371892760889 251
1757629654638 0.012006600265920667 252
1757629654743 0.008687366860553979 253
1757629654850 5.383553803157175e-06 254
1757629654959 0.04102605609372462 255
1757629655072 0.008640224366820324 256
1757629655181 0.09078951753995614 257
1757629655286 0.08660649587699282 258
1757629655411 0.006749938219951413 259
1757629655532 0.001629460922883712 260
1757629655658 0.5005726991722322 261
1757629655790 0.000892944292577752 262
1757629655906 3.282838773407686e-05 263
1757629656018 0.006179412947308138 264
1757629656153 0.032122663923070414 265
1757629656291 0.17396520668900237 266
1757629656415 0.0206449439269523 267
1757629656555 0.060570451737743544 268
1757629656687 0.015174987523868462 269
1757629656807 0.03019347558169711 270
1757629656922 0.15159976765212493 271
1757629657039 0.01684046257402567 272
1757629657158 0.10245626640805308 273
1757629657273 0.3537741410802688 274
1757629657382 0.17761956288283604 275
1757629657489 0.050929040486285757 276
1757629657596 0.3617033537749937 277
1757629657701 0.0008833097393112533 278
1757629657805 0.8234344987871531 279
1757629657910 0.05211633355494589 280
1757629658075 0.15878205115742097 281
1757629658186 0.03834106184281393 282
1757629658295 0.39962332651238436 283
1757629658419 0.2605073219674697 284
1757629658530 0.49806371666437804 285
1757629658636 0.09268113612424216 286
1757629658741 0.5775902424789113 287
1757629658851 0.009894156786028922 288
1757629658958 0.02775835436900353 289
1757629659071 0.0007412433502574486 290
1757629659182 0.1094278462949342 291
1757629659301 0.02683137633498207 292
1757629659411 0.010038083903730875 293
1757629659527 0.2622799018168449 294
1757629659633 0.016158346721574405 295
1757629659737 0.07611493011130617 296
1757629659844 0.13374511853606483 297
1757629659948 0.03207043630833255 298
1757629660052 0.03595826543311872 299
1757629660159 0.016142420334951595 300
1757629660270 0.01462261067025885 301
1757629660384 0.584323345796401 302
1757629660496 0.09944153904038378 303
1757629660599 0.03925965256046007 304
1757629660705 0.10338861396818695 305
1757629660889 0.003063734433735765 306
1757629660990 0.05371127288357792 307
1757629661093 0.1039341799202497 308
1757629661195 0.013025709580473001 309
1757629661302 0.10716188837692875 310
1757629661401 0.38679065900503895 311
1757629661502 0.6766429894521949 312
1757629661599 0.0014576169606079496 313
1757629661705 0.007286997484164765 314
1757629661805 0.0002601099547306252 315
1757629661909 0.025952231514705302 316
1757629662007 0.03263254883335457 317
1757629662108 0.01526245031441157 318
1757629662208 0.1200624066791623 319
1757629662308 1.8310086443775666 320
1757629662409 0.572334847914434 321
1757629662508 0.0027592615425373244 322
1757629662608 2.3560538476752637e-06 323
1757629662711 0.006046817510615946 324
1757629662814 0.04034784974504228 325
1757629662913 0.020641106303781714 326
1757629663014 0.026694731801354996 327
1757629663113 0.0015652844405317401 328
1757629663212 0.21539609129202233 329
1757629663314 0.0051042046384574095 330
1757629663413 0.024065156764342586 331
1757629663512 0.09169765602145621 332
1757629663610 0.07055190461633704 333
1757629663708 0.20347605602060742 334
1757629663807 0.0028264409667014805 335
1757629663909 0.0007684589940997384 336
1757629664012 0.09907556516442487 337
1757629664109 0.03602403431777311 338
1757629664211 0.002440793525851631 339
1757629664309 0.11835113278643991 340
1757629664411 0.0004787292855490071 341
1757629664512 0.1380584593375728 342
1757629664611 0.20791415270113162 343
1757629664707 0.0010747699215438796 344
1757629664802 0.3447226460088554 345
1757629664903 0.23234836896690947 346
1757629665003 0.07594233067240927 347
1757629665099 0.18039706708401773 348
1757629665199 0.027322428712145845 349
1757629665301 0.0026118970732078735 350
1757629665435 0.13748232217110612 351
1757629665543 0.21382958925987286 352
1757629665655 0.6563909247488204 353
1757629665811 0.11011915175793328 354
1757629665922 0.0006811326666282563 355
1757629666030 0.0020338651630726146 356
1757629666190 0.003956065663022254 357
1757629666299 0.24846975092171522 358
1757629666407 0.4240345726616862 359
1757629666512 0.16728504132847447 360
1757629666614 0.006189543428802823 361
1757629666715 0.02186693901155755 362
1757629666815 0.48647261232883876 363
1757629666914 0.03935158585691512 364
1757629667013 0.001149891919832536 365
1757629667114 0.42765756648081127 366
1757629667214 0.0003587543210732075 367
1757629667320 0.001163211511552471 368
1757629667421 0.01727038749212988 369
1757629667520 0.17857896178913682 370
1757629667620 0.04693279313262358 371
1757629667717 0.2481105039550946 372
1757629667815 0.06562451853090175 373
1757629667913 0.006963997305582881 374
1757629668012 0.15927067700969608 375
1757629668113 0.02577609227468486 376
1757629668218 0.24383712189672296 377
1757629668317 0.6223443230979148 378
1757629668432 0.29937094207468196 379
1757629668537 0.003102661211862913 380
1757629668640 0.03238227697988099 381
1757629668742 0.06930672014690949 382
1757629668845 0.0021766844850135453 383
1757629668950 0.11846173959298961 384
1757629669052 0.025980530634965762 385
1757629669155 0.0509694974439374 386
1757629669257 0.4351443276551679 387
1757629669364 0.2868114826675125 388
1757629669469 0.05320903161850389 389
1757629669574 0.0014649747357747941 390
1757629669679 0.06956343538288196 391
1757629669790 0.0060249944438248056 392
1757629669910 0.17868577092491528 393
1757629670014 0.004560257753767259 394
1757629670117 0.08516520558760363 395
1757629670219 6.623121148258948e-05 396
1757629670321 0.03700130264356765 397
1757629670439 0.0005382493794944528 398
1757629670546 0.14570264206366762 399
1757629670650 0.1453646604056457 400
1757629670751 0.05140187192653726 401
1757629670851 0.1115704325573437 402
1757629670954 8.190871043766401e-06 403
1757629671056 0.01147864826333141 404
1757629671154 0.6661742367737473 405
1757629671258 0.05427342199649665 406
1757629671359 0.17716353362480428 407
1757629671464 0.010087138930976205 408
1757629671566 0.012166222624886798 409
1757629671668 0.2936175240365017 410
1757629671769 0.08294647426547833 411
1757629671870 0.20195314573236997 412
1757629671971 0.009152615733250862 413
1757629672072 0.005801212385658766 414
1757629672174 0.009450345221730834 415
1757629672278 0.10646486322803332 416
1757629672380 0.19041824436275975 417
1757629672484 0.07071589709517549 418
1757629672584 0.13171109732016809 419
1757629672688 0.04075058566446529 420
1757629672790 0.0031425901399404115 421
1757629672889 0.20021501515974377 422
1757629672990 0.14687627957213428 423
1757629673089 0.32941813140229564 424
1757629673188 0.0947473716729285 425
1757629673288 0.010313442523751746 426
1757629673387 0.107971769117209 427
1757629673492 0.5583235792632789 428
1757629673598 0.04354114815919908 429
1757629673701 0.12832982770186044 430
1757629673810 0.03145203590317488 431
1757629673913 0.43008600977410505 432
1757629674019 0.06636306292318739 433
1757629674119 0.2074751188620952 434
1757629674226 0.002059106635244316 435
1757629674328 0.01441435288538194 436
1757629674428 0.42786676063681345 437
1757629674532 0.03644622563432851 438
1757629674632 0.3791028298167443 439
1757629674731 0.410428046318964 440
1757629674830 0.2610601737709528 441
1757629674929 0.04039016080109627 442
1757629675027 0.011156470871811567 443
1757629675125 0.05973056967060756 444
1757629675225 0.3552459053491118 445
1757629675329 0.06273907350316242 446
1757629675446 0.013749770751891084 447
1757629675553 0.05690114097253212 448
1757629675653 0.004042577335868316 449
1757629675755 0.1732275611628985 450
1757629675857 0.014661357937009576 451
1757629675958 0.1879749214021427 452
1757629676059 0.3146374622729243 453
1757629676162 0.410341173873957 454
1757629676259 0.0688785332227264 455
1757629676357 0.08034697926351132 456
1757629676455 0.03994435324557303 457
1757629676554 0.017817148586672535 458
1757629676652 0.028086380132580878 459
1757629676750 0.9290132088851469 460
1757629676848 0.28499663177667395 461
1757629676945 0.007803646386453465 462
1757629677049 0.020248063676393806 463
1757629677147 0.026982758622124726 464
