1757635186453 172.98089804342627 0
1757635186509 169.5328034713066 1
1757635186592 163.1112719563516 2
1757635186656 154.24525952977234 3
1757635186717 143.4843731264137 4
1757635186770 131.3711343124076 5
1757635186837 118.41906818157408 6
1757635186890 105.096326256348 7
1757635186954 91.81439646461028 8
1757635187017 78.92134380695006 9
1757635187072 66.69895788158026 10
1757635187126 55.36315282747437 11
1757635187179 45.066965800763676 12
1757635187248 35.90552594399527 13
1757635187298 27.922411151585596 14
1757635187358 21.11686928767008 15
1757635187420 15.45144885446636 16
1757635187481 10.859657009159413 17
1757635187540 7.253336515637551 18
1757635187595 4.529524617204466 19
1757635187652 2.576623538948014 20
1757635187717 1.2797726401783818 21
1757635187768 0.5253650047392986 22
1757635187815 0.20469587620050028 23
1757635187871 0.21676666215573018 24
1757635187922 0.4702964598984408 25
1757635187976 0.8850136913915096 26
1757635188022 1.3923141811128945 27
1757635188068 1.9353797029342694 28
1757635188113 2.4688535707252326 29
1757635188159 2.958168180683332 30
1757635188204 3.3786144378447105 31
1757635188250 3.714235566514413 32
1757635188301 3.956618688457805 33
1757635188366 4.1036474351616405 34
1757635188412 4.1582683227473 35
1757635188458 4.1273131396986935 36
1757635188503 4.020409558757544 37
1757635188548 3.849002872401639 38
1757635188592 3.6255033689861067 39
1757635188639 3.3625665420393696 40
1757635188684 3.0725071225656464 41
1757635188729 2.766842854506945 42
1757635188775 2.4559599649204777 43
1757635188821 2.14888934796865 44
1757635188872 1.8531804962379945 45
1757635188916 1.5748590684729262 46
1757635188962 1.318453564127816 47
1757635189007 1.0870767628781006 48
1757635189053 0.8825482628916587 49
1757635189099 0.7055455013995133 50
1757635189144 0.5557719586883991 51
1757635189190 0.43213273563417487 52
1757635189234 0.33290927016419514 53
1757635189280 0.25592654661211284 54
1757635189330 0.19870769336892924 55
1757635189381 0.15861231052076488 56
1757635189426 0.13295618421912964 57
1757635189472 0.11911120342734303 58
1757635189518 0.11458528262419408 59
1757635189563 0.11708290514192599 60
1757635189609 0.1245475377983217 61
1757635189657 0.13518763632383085 62
1757635189712 0.14748827563313854 63
1757635189768 0.1602106156514066 64
1757635189828 0.1723814709040554 65
1757635189906 0.18327521034191407 66
1757635189958 0.192390093049207 67
1757635190006 0.19942096511703947 68
1757635190137 0.20423002134415902 69
1757635190223 0.2068170890746497 70
1757635190282 0.20729063482297258 71
1757635190352 0.2058404394981232 72
1757635190425 0.20271264478453668 73
1757635190486 0.19818764901030977 74
1757635190574 0.1925611308859774 75
1757635190631 0.1861283070909978 76
1757635190702 0.17917138633671534 77
1757635190774 0.17195006828876405 78
1757635190899 0.16469484944605797 79
1757635190970 0.1576028376976089 80
1757635191031 0.15083574011948245 81
1757635191098 0.14451967153577266 82
1757635191166 0.13874643115936708 83
1757635191232 0.13357590794174 84
1757635191298 0.12903929890947188 85
1757635191361 0.1251428557905468 86
1757635191413 0.1218719109807658 87
1757635191468 0.11919497206390949 88
1757635191532 0.11706771274327225 89
1757635191602 0.115436725603344 90
1757635191655 0.1142429373923905 91
1757635191718 0.11342461962393678 92
1757635191791 0.11291995565863724 93
1757635191850 0.11266914972607556 94
1757635191902 0.11261608347359403 95
1757635191960 0.1127095416569805 96
1757635192012 0.112904040723489 97
1757635192061 0.11316030259028208 98
1757635192111 0.11344542126946668 99
1757635192161 0.11373277255473029 100
1757635192211 0.11400171720285975 101
1757635192258 0.11423714635413965 102
1757635192307 0.11442891476086549 103
1757635192353 0.11457120312767446 104
1757635192412 0.11466184587001853 105
1757635192468 0.11470165518561333 106
1757635192521 0.11469376678146549 107
1757635192569 0.11464302713410193 108
1757635192627 0.11455543696604582 109
1757635192680 0.1144376608375978 110
1757635192732 0.11429660847980928 111
1757635192782 0.11413908979600818 112
1757635192835 0.11397154236710404 113
1757635192883 0.1137998278143147 114
1757635192934 0.11362909148310736 115
1757635192985 0.1134636785770114 116
1757635193051 0.11330709903864529 117
1757635193105 0.11316203308740676 118
1757635193156 0.1130303693126131 119
1757635193206 0.11291326751901544 120
1757635193258 0.11281123906066685 121
1757635193308 0.11272423811434654 122
1757635193358 0.11265175817529133 123
1757635193412 0.11259292895240447 124
1757635193468 0.11254660975125835 125
1757635193523 0.11251147632270445 126
1757635193572 0.11248609899227448 127
1757635193621 0.11246901064799936 128
1757635193671 0.11245876383616364 129
1757635193720 0.11245397678670596 130
1757635193770 0.11245336865902449 131
1757635193824 0.11245578466610674 132
1757635193881 0.11246021200529706 133
1757635193933 0.11246578770561147 134
1757635193984 0.11247179960433089 135
1757635194042 0.11247768170085616 136
1757635194093 0.1124830051152762 137
1757635194144 0.11248746581446077 138
1757635194194 0.11249087017094367 139
1757635194251 0.11249311929969551 140
1757635194308 0.11249419298427904 141
1757635194360 0.11249413386472579 142
1757635194412 0.11249303242131106 143
1757635194490 0.11249101315645711 144
1757635194561 0.11248822225515086 145
1757635194620 0.11248481689529247 146
