1757626431619 169.07997121767914 0
1757626431677 165.71445924490897 1
1757626431733 162.41613285763472 2
1757626431788 159.18364544992744 3
1757626431860 156.01567761940404 4
1757626431915 152.9109366089717 5
1757626431962 149.8681557603854 6
1757626432006 146.88609397935403 7
1757626432056 143.9635352119364 8
1757626432099 141.099287931977 9
1757626432147 138.29218463933415 10
1757626432194 135.54108136866245 11
1757626432240 132.84485720851504 12
1757626432285 130.20241383053755 13
1757626432331 127.6126750285317 14
1757626432379 125.07458626717028 15
1757626432429 122.58711424015279 16
1757626432472 120.14924643759322 17
1757626432518 117.75999072243921 18
1757626432564 115.41837491572437 19
1757626432610 113.12344639046168 20
1757626432657 110.8742716739896 21
1757626432705 108.6699360585871 22
1757626432755 106.50954322017883 23
1757626432807 104.39221484495431 24
1757626432869 102.31709026373102 25
1757626432920 100.28332609389358 26
1757626432974 98.29009588874578 27
1757626433028 96.33658979411676 28
1757626433081 94.42201421206417 29
1757626433132 92.5455914715235 30
1757626433184 90.70655950575382 31
1757626433231 88.90417153643509 32
1757626433280 87.13769576427471 33
1757626433329 85.40641506598497 34
1757626433376 83.70962669749504 35
1757626433424 82.04664200326565 36
1757626433470 80.41678613157644 37
1757626433513 78.81939775565934 38
1757626433560 77.25382880055433 39
1757626433655 75.71944417556647 40
1757626433705 74.21562151220562 41
1757626433753 72.74175090749368 42
1757626433800 71.29723467252563 43
1757626433849 69.88148708617427 44
1757626433900 68.4939341538301 45
1757626433950 67.13401337107078 46
1757626433997 65.80117349215702 47
1757626434046 64.49487430325311 48
1757626434095 63.21458640027363 49
1757626434143 61.959790971259736 50
1757626434188 60.72997958318976 51
1757626434234 59.52465397313233 52
1757626434283 58.343325843650845 53
1757626434331 57.185516662371214 54
1757626434379 56.050757465625864 55
1757626434427 54.938588666089494 56
1757626434475 53.84855986432357 57
1757626434522 52.78022966414848 58
1757626434566 51.73316549176385 59
1757626434616 50.70694341853962 60
1757626434664 49.70114798740164 61
1757626434709 48.71537204273756 62
1757626434757 47.749216563750224 63
1757626434813 46.80229050118745 64
1757626434870 45.87421061737843 65
1757626434927 44.96460132950858 66
1757626434982 44.07309455606621 67
1757626435031 43.19932956639555 68
1757626435078 42.34295283329242 69
1757626435126 41.50361788857982 70
1757626435175 40.68098518160222 71
1757626435224 39.87472194057882 72
1757626435272 39.08450203675686 73
1757626435323 38.310005851307764 74
1757626435371 37.5509201449097 75
1757626435423 36.806937929961805 76
1757626435481 36.077758345376026 77
1757626435537 35.363086533893835 78
1757626435589 34.66263352187635 79
1757626435635 33.97611610151715 80
1757626435680 33.30325671542848 81
1757626435726 32.64378334355227 82
1757626435771 31.997429392348582 83
1757626435818 31.363933586215133 84
1757626435870 30.743039861092296 85
1757626435921 30.13449726020916 86
1757626435987 29.53805983192703 87
1757626436061 28.95348652963772 88
1757626436117 28.380541113674795 89
1757626436169 27.818992055196855 90
1757626436213 27.268612442002823 91
1757626436262 26.729179886239958 92
1757626436311 26.200476433966227 93
1757626436359 25.682288476529322 94
1757626436411 25.174406663725456 95
1757626436463 24.676625818702032 96
1757626436519 24.188744854568625 97
1757626436573 23.710566692681695 98
1757626436627 23.24189818256936 99
1757626436680 22.782550023462647 100
1757626436737 22.33233668740106 101
1757626436796 21.891076343880417 102
1757626436851 21.45859078601173 103
1757626436905 21.03470535816085 104
1757626436959 20.61924888503858 105
1757626437015 20.21205360221224 106
1757626437072 19.812955088009797 107
1757626437125 19.421792196788594 108
1757626437177 19.038406993540963 109
1757626437235 18.66264468980992 110
1757626437284 18.294353580888338 111
1757626437348 17.933384984275904 112
1757626437400 17.579593179368278 113
1757626437451 17.23283534835389 114
1757626437501 16.892971518293763 115
1757626437554 16.55986450436072 116
1757626437609 16.233379854214554 117
1757626437655 15.913385793490283 118
1757626437700 15.599753172377138 119
1757626437745 15.29235541326623 120
1757626437797 14.991068459445547 121
1757626437848 14.695770724821015 122
1757626437900 14.40634304464322 123
1757626437952 14.122668627219324 124
1757626438024 13.844633006590595 125
1757626438082 13.572123996155984 126
1757626438135 13.30503164322287 127
1757626438188 13.043248184466162 128
1757626438247 12.786668002277755 129
1757626438302 12.535187581988236 130
1757626438355 12.2887054699435 131
1757626438411 12.047122232418987 132
1757626438466 11.810340415354823 133
1757626438519 11.57826450489533 134
1757626438569 11.35080088871676 135
1757626438619 11.127857818127573 136
1757626438670 10.909345370925516 137
1757626438721 10.695175414996617 138
1757626438768 10.48526157264098 139
1757626438818 10.279519185610956 140
1757626438869 10.077865280847346 141
1757626438921 9.880218536899672 142
1757626438973 9.68649925101681 143
1757626439025 9.496629306894524 144
1757626439077 9.310532143066803 145
1757626439137 9.128132721928022 146
1757626439197 8.949357499373406 147
1757626439252 8.774134395045282 148
1757626439304 8.602392763173148 149
1757626439356 8.434063363995488 150
1757626439408 8.2690783357519 151
1757626439460 8.10737116723388 152
1757626439559 7.948876670883369 153
1757626439612 7.793530956427797 154
1757626439668 7.641271405041152 155
1757626439722 7.492036644020412 156
1757626439782 7.345766521967052 157
1757626439837 7.202402084463544 158
1757626439894 7.061885550234948 159
1757626439948 6.924160287785886 160
1757626439998 6.789170792503425 161
1757626440050 6.656862664216482 162
1757626440098 6.52718258520274 163
1757626440147 6.400078298633999 164
1757626440195 6.275498587451324 165
1757626440242 6.15339325366131 166
1757626440289 6.033713098045087 167
1757626440334 5.9164099002718435 168
1757626440381 5.801436399408718 169
1757626440428 5.688746274819221 170
1757626440479 5.578294127442348 171
1757626440535 5.470035461444872 172
1757626440588 5.36392666623927 173
1757626440640 5.2599249988600425 174
1757626440696 5.15798856669123 175
1757626440751 5.058076310538161 176
1757626440804 4.960147988036539 177
1757626440854 4.864164157392086 178
1757626440906 4.770086161444222 179
1757626440963 4.677876112047263 180
1757626441030 4.58749687476284 181
1757626441088 4.498912053857242 182
1757626441138 4.412085977597742 183
1757626441190 4.326983683841759 184
1757626441243 4.243570905913188 185
1757626441301 4.161814058760073 186
1757626441353 4.081680225387967 187
1757626441405 4.003137143563635 188
1757626441457 3.9261531927835303 189
1757626441510 3.850697381501871 190
1757626441563 3.776739334613122 191
1757626441618 3.704249281183761 192
1757626441666 3.633198042428448 193
1757626441715 3.563557019925595 194
1757626441764 3.4952981840676918 195
1757626441824 3.428394062741628 196
1757626441893 3.362817730234434 197
1757626442009 3.2985427963599814 198
1757626442072 3.2355433958021917 199
1757626442124 3.173794177670477 200
1757626442176 3.1132702952631375 201
1757626442228 3.053947396034627 202
1757626442284 2.995801611762566 203
1757626442339 2.9388095489105632 204
1757626442396 2.8829482791828944 205
1757626442447 2.8281953302672966 206
1757626442497 2.774528676762 207
1757626442547 2.7219267312834883 208
1757626442600 2.670368335751233 209
1757626442655 2.619832752845951 210
1757626442705 2.5702996576379653 211
1757626442758 2.5217491293821426 212
1757626442812 2.4741616434762705 213
1757626442866 2.4275180635794595 214
1757626442919 2.381799633887457 215
1757626442970 2.3369879715617574 216
1757626443029 2.293065059309382 217
1757626443085 2.2500132381104256 218
1757626443150 2.207815200090296 219
1757626443217 2.166453981533879 220
1757626443283 2.125912956038746 221
1757626443341 2.0861758278046394 222
1757626443400 2.047226625056543 223
1757626443460 2.0090496935986337 224
1757626443517 1.971629690496541 225
1757626443575 1.9349515778853812 226
1757626443630 1.899000616900974 227
1757626443687 1.863762361731908 228
1757626443745 1.8292226537899345 229
1757626443802 1.7953676159963985 230
1757626443858 1.7621836471824017 231
1757626443915 1.7296574166003826 232
1757626443970 1.697775858544938 233
1757626444032 1.666526167080689 234
1757626444101 1.6358957908750715 235
1757626444166 1.6058724281339716 236
1757626444227 1.5764440216380942 237
1757626444279 1.5475987538781746 238
1757626444336 1.5193250422869455 239
1757626444393 1.4916115345660128 240
1757626444448 1.4644471041057077 241
1757626444503 1.4378208454960957 242
1757626444557 1.411722070127301 243
1757626444613 1.3861403018773664 244
1757626444666 1.3610652728859465 245
1757626444721 1.3364869194120739 246
1757626444775 1.312395377774347 247
1757626444830 1.2887809803719121 248
1757626444882 1.2656342517846126 249
1757626444936 1.2429459049507163 250
1757626444990 1.2207068374207346 251
1757626445041 1.1989081276857254 252
1757626445095 1.1775410315786987 253
1757626445146 1.1565969787475952 254
1757626445201 1.1360675691984463 255
1757626445257 1.1159445699073032 256
1757626445313 1.0962199114995914 257
1757626445368 1.0768856849955122 258
1757626445476 1.0579341386202075 259
1757626445529 1.0393576746773832 260
1757626445583 1.02114884648513 261
1757626445637 1.0033003553727164 262
1757626445693 0.9858050477371073 263
1757626445750 0.9686559121580648 264
1757626445806 0.9518460765706278 265
1757626445859 0.9353688054938507 266
1757626445912 0.9192174973146604 267
1757626445965 0.9033856816257697 268
1757626446034 0.8878670166165242 269
1757626446090 0.8726552865156737 270
1757626446149 0.857744399084999 271
1757626446207 0.8431283831628169 272
1757626446258 0.8288013862563284 273
1757626446310 0.8147576721818909 274
1757626446364 0.8009916187521997 275
1757626446419 0.7874977155095022 276
1757626446475 0.7742705615038885 277
1757626446531 0.7613048631157848 278
1757626446586 0.7485954319217634 279
1757626446638 0.7361371826027896 280
1757626446690 0.723925130894102 281
1757626446741 0.7119543915758456 282
1757626446791 0.7002201765036961 283
1757626446841 0.6887177926786457 284
1757626446891 0.67744264035519 285
1757626446944 0.666390211187135 286
1757626447004 0.6555560864102928 287
1757626447055 0.6449359350613255 288
1757626447109 0.6345255122320143 289
1757626447160 0.6243206573582476 290
1757626447215 0.6143172925430491 291
1757626447271 0.6045114209129585 292
1757626447337 0.5948991250071046 293
1757626447409 0.5854765651983098 294
1757626447471 0.5762399781456158 295
1757626447531 0.5671856752775715 296
1757626447586 0.558310041305697 297
1757626447641 0.5496095327675105 298
1757626447696 0.541080676598534 299
1757626447752 0.5327200687326981 300
1757626447805 0.5245243727305852 301
1757626447861 0.5164903184349549 302
1757626447915 0.5086147006530071 303
1757626447969 0.5008943778648596 304
1757626448024 0.49332627095770326 305
1757626448081 0.48590736198513373 306
1757626448138 0.4786346929511688 307
1757626448192 0.47150536461843096 308
1757626448247 0.46451653534005083 309
1757626448302 0.4576654199147824 310
1757626448357 0.4509492884649109 311
1757626448411 0.4443654653364505 312
1757626448468 0.4379113280212352 313
1757626448525 0.43158430610043497 314
1757626448581 0.4253818802090834 315
1757626448635 0.41930158102120074 316
1757626448690 0.41334098825509735 317
1757626448745 0.40749772969846304 318
1757626448799 0.4017694802528369 319
1757626448854 0.39615396099708355 320
1757626448909 0.39064893826949004 321
1757626448964 0.38525222276812626 322
1757626449017 0.37996166866907954 323
1757626449071 0.37477517276224176 324
1757626449127 0.36969067360426283 325
1757626449183 0.36470615068837003 326
1757626449234 0.3598196236306753 327
1757626449287 0.3550291513726782 328
1757626449341 0.3503328313996209 329
1757626449397 0.3457287989743849 330
1757626449453 0.3412152263866246 331
1757626449509 0.33679032221683913 332
1757626449565 0.33245233061505697 333
1757626449620 0.32819953059388896 334
1757626449677 0.324030235335621 335
1757626449733 0.319942791513095 336
1757626449789 0.31593557862408456 337
1757626449850 0.3120070083389149 338
1757626449923 0.3081555238610507 339
1757626449985 0.30437959930039865 340
1757626450048 0.3006777390590695 341
1757626450113 0.2970484772293586 342
1757626450175 0.29349037700368846 343
1757626450230 0.2900020300962937 344
1757626450283 0.286582056176395 345
1757626450338 0.2832291023126529 346
1757626450393 0.27994184242866055 347
1757626450450 0.2767189767692668 348
1757626450507 0.2735592313775067 349
1757626450565 0.2704613575819375 350
1757626450621 0.26742413149416444 351
1757626450676 0.26444635351635476 352
1757626450736 0.2615268478585488 353
1757626450801 0.2586644620655648 354
1757626450865 0.25585806655331084 355
1757626450929 0.253106554154313 356
1757626451005 0.2504088396722876 357
1757626451074 0.24776385944556079 358
1757626451132 0.24517057091916794 359
1757626451190 0.24262795222546868 360
1757626451247 0.2401350017730911 361
1757626451304 0.23769073784405553 362
1757626451361 0.23529419819890043 363
1757626451418 0.23294443968966652 364
1757626451471 0.2306405378805688 365
1757626451527 0.2283815866762139 366
1757626451594 0.22616669795720892 367
1757626451660 0.22399500122300803 368
1757626451723 0.2218656432418707 369
1757626451789 0.21977778770776904 370
1757626451856 0.21773061490412074 371
1757626451926 0.21572332137420497 372
1757626451993 0.21375511959813193 373
1757626452060 0.2118252376762346 374
1757626452119 0.20993291901875025 375
1757626452179 0.20807742204167723 376
1757626452250 0.20625801986867381 377
1757626452316 0.20447400003888272 378
1757626452377 0.20272466422056767 379
1757626452449 0.20100932793043666 380
1757626452518 0.1993273202585525 381
1757626452577 0.19767798359870448 382
1757626452637 0.19606067338414102 383
1757626452708 0.19447475782856286 384
1757626452771 0.1929196176722531 385
1757626452838 0.19139464593326438 386
1757626452900 0.18989924766354457 387
1757626452968 0.18843283970991478 388
1757626453026 0.18699485047979547 389
1757626453084 0.185584719711592 390
1757626453139 0.18420189824964192 391
1757626453195 0.18284584782363594 392
1757626453251 0.1815160408324256 393
1757626453307 0.18021196013212631 394
1757626453363 0.17893309882843197 395
1757626453420 0.1776789600730593 396
1757626453477 0.17644905686423518 397
1757626453535 0.1752429118511538 398
1757626453593 0.17406005714231645 399
1757626453651 0.17290003411768273 400
1757626453711 0.1717623932445551 401
1757626453766 0.17064669389712306 402
1757626453823 0.16955250417959228 403
1757626453886 0.1684794007528334 404
1757626453956 0.16742696866447077 405
1757626454027 0.16639480118235098 406
1757626454092 0.1653824996313219 407
1757626454161 0.16438967323325313 408
1757626454229 0.1634159389502393 409
1757626454299 0.16246092133091536 410
1757626454369 0.16152425235983103 411
1757626454435 0.16060557130981454 412
1757626454500 0.15970452459727305 413
1757626454569 0.15882076564036782 414
1757626454638 0.15795395472000737 415
1757626454703 0.15710375884360414 416
1757626454849 0.1562698516115388 417
1757626454909 0.15545191308627754 418
1757626454975 0.15464962966409074 419
1757626455039 0.15386269394932028 420
1757626455103 0.15309080463114624 421
1757626455220 0.1523336663628012 422
1757626455278 0.1515909896431885 423
1757626455337 0.1508624907008478 424
1757626455394 0.15014789138022808 425
1757626455451 0.14944691903022414 426
1757626455506 0.14875930639492288 427
1757626455560 0.14808479150652265 428
1757626455616 0.1474231175803822 429
1757626455673 0.146774032912152 430
1757626455727 0.14613729077695037 431
1757626455784 0.14551264933054509 432
1757626455840 0.14489987151249506 433
1757626455896 0.1442987249512199 434
1757626455952 0.14370898187095363 435
1757626456024 0.14313041900054643 436
1757626456086 0.14256281748408198 437
1757626456148 0.1420059627932663 438
1757626456209 0.14145964464156022 439
1757626456275 0.14092365690001638 440
1757626456344 0.14039779751478917 441
1757626456406 0.13988186842628428 442
1757626456467 0.13937567548991212 443
1757626456528 0.13887902839841765 444
1757626456586 0.13839174060575418 445
1757626456647 0.1379136292524654 446
1757626456707 0.13744451509255506 447
1757626456765 0.13698422242180525 448
1757626456828 0.1365325790075213 449
1757626456887 0.13608941601967087 450
1757626456945 0.13565456796339226 451
1757626457003 0.1352278726128429 452
1757626457066 0.1348091709463604 453
1757626457139 0.13439830708291392 454
1757626457207 0.13399512821981788 455
1757626457274 0.13359948457168008 456
1757626457357 0.1332112293105665 457
1757626457420 0.13283021850735097 458
1757626457484 0.13245631107423236 459
1757626457548 0.13208936870839208 460
1757626457614 0.131729255836773 461
1757626457679 0.13137583956195079 462
1757626457740 0.13102898960908557 463
1757626457800 0.13068857827392305 464
1757626457859 0.1303544803718311 465
1757626457919 0.1300265731878468 466
1757626457979 0.1297047364277171 467
1757626458043 0.1293888521699104 468
1757626458106 0.12907880481858222 469
1757626458172 0.1287744810574743 470
1757626458233 0.12847576980472958 471
1757626458292 0.12818256216860552 472
1757626458357 0.12789475140406384 473
1757626458417 0.12761223287022708 474
1757626458476 0.12733490398867425 475
1757626458541 0.12706266420257095 476
1757626458607 0.12679541493660526 477
1757626458669 0.1265330595577233 478
1757626458733 0.12627550333664198 479
1757626458796 0.12602265341012753 480
1757626458861 0.1257744187440228 481
1757626458927 0.1255307100970074 482
1757626458991 0.1252914399850785 483
1757626459059 0.12505652264673808 484
1757626459121 0.12482587400886817 485
1757626459181 0.1245994116532864 486
1757626459251 0.12437705478396507 487
1757626459316 0.12415872419489987 488
1757626459378 0.12394434223861735 489
1757626459442 0.12373383279530784 490
1757626459504 0.12352712124257074 491
1757626459566 0.12332413442576065 492
1757626459624 0.12312480062892184 493
1757626459683 0.12292904954630005 494
1757626459741 0.12273681225441953 495
1757626459799 0.12254802118471561 496
1757626459860 0.12236261009670717 497
1757626459919 0.12218051405170638 498
1757626459978 0.12200166938704717 499
