1757635148494 177.15690378040463 0
1757635148536 173.6397264808335 1
1757635148578 167.0886305876577 2
1757635148621 158.04170528957403 3
1757635148666 147.05790116924067 4
1757635148711 134.68904315121 5
1757635148755 121.45771691826012 6
1757635148800 107.84072162381048 7
1757635148844 94.2576321630515 8
1757635148894 81.06391012166866 9
1757635148937 68.54793914431683 10
1757635148985 56.93133253791648 11
1757635149039 46.3718627945549 12
1757635149082 36.96838867511602 13
1757635149126 28.767698705678402 14
1757635149170 21.77063270860376 15
1757635149213 15.940395286736457 16
1757635149256 11.210291376208946 17
1757635149300 7.491205181660713 18
1757635149343 4.678579939347594 19
1757635149398 2.6587217386411894 20
1757635149451 1.314310537222076 21
1757635149502 0.5290543856695098 22
1757635149548 0.19146807147958902 23
1757635149600 0.19779465519561348 24
1757635149653 0.4541178031412211 25
1757635149713 0.877734799949896 26
1757635149763 1.397875237503062 27
1757635149810 1.9558593608146804 28
1757635149858 2.5047937336685218 29
1757635149911 3.0089011385035507 30
1757635149958 3.442577319296263 31
1757635150012 3.7892601547724567 32
1757635150066 4.040187896678342 33
1757635150121 4.193112932434006 34
1757635150176 4.251026753197399 35
1757635150229 4.220940951969861 36
1757635150283 4.112758569733032 37
1757635150339 3.93826028386912 38
1757635150395 3.7102210361019123 39
1757635150459 3.4416154972870134 40
1757635150535 3.1451156528759703 41
1757635150586 2.8325714792609644 42
1757635150638 2.514664405634712 43
1757635150695 2.2006762793676984 44
1757635150767 1.8983601301238855 45
1757635150825 1.613897820344413 46
1757635150880 1.3519292518119965 47
1757635150943 1.1156380364494891 48
1757635150997 0.9068793012706974 49
1757635151053 0.7263364547430649 50
1757635151115 0.5736951761353497 51
1757635151173 0.44782449402587915 52
1757635151226 0.34695650207662865 53
1757635151276 0.2688137148842405 54
1757635151324 0.21084670348523843 55
1757635151373 0.17035003745096744 56
1757635151422 0.14458211710838978 57
1757635151495 0.13086465488273277 58
1757635151596 0.12666182451953553 59
1757635151659 0.1296398755481128 60
1757635151724 0.13773689941937423 61
1757635151776 0.14911189869773922 62
1757635151826 0.16220632073063393 63
1757635151874 0.17574364827849362 64
1757635151921 0.18871896760450252 65
1757635151973 0.20038075437526834 66
1757635152019 0.21020699326849793 67
1757635152065 0.21787756546452638 68
1757635152111 0.22324461705748308 69
1757635152156 0.22630237680187276 70
1757635152314 0.2271344673926228 71
1757635152461 0.22593358328426982 72
1757635152567 0.22295440853872942 73
1757635152690 0.21848977529247102 74
1757635152792 0.21285012040700105 75
1757635152871 0.2063517408651325 76
1757635152945 0.1992799648971742 77
1757635153018 0.1919002898108548 78
1757635153091 0.1844509336168215 79
1757635153171 0.17713792039006096 80
1757635153243 0.1701279558174074 81
1757635153306 0.16355554056060156 82
1757635153370 0.15752124881120036 83
1757635153458 0.15209343366869096 84
1757635153559 0.1473048082963108 85
1757635153784 0.14316184395435147 86
1757635153920 0.13965176183508543 87
1757635153992 0.1367460878887068 88
1757635154117 0.13440598268157533 89
1757635154227 0.13257752038488702 90
1757635154398 0.131202131396598 91
1757635154922 0.13021921329455888 92
1757635155030 0.1295683531680716 93
1757635155116 0.12917902213472118 94
1757635155194 0.12899201461732906 95
1757635155255 0.12895588999258878 96
1757635155314 0.12902702062362462 97
1757635155368 0.12916932921563237 98
1757635155422 0.12935584947996895 99
1757635155477 0.12955607443875697 100
1757635155546 0.12974761803249504 101
1757635155625 0.12991523198849783 102
1757635155693 0.1300497369865006 103
1757635155752 0.13014693073626438 104
1757635155812 0.1301956635113953 105
1757635155872 0.13019435034680688 106
1757635155929 0.13014645041551734 107
1757635155981 0.13005903579437716 108
1757635156045 0.12994148850455217 109
1757635156107 0.12980510112924415 110
1757635156170 0.12965313234185197 111
1757635156233 0.1294908749090027 112
1757635156299 0.12932484086914287 113
1757635156360 0.12916204406326634 114
1757635156422 0.12900257928172978 115
1757635156487 0.12884904412803727 116
1757635156681 0.12870536472896718 117
1757635156794 0.12857611079401224 118
1757635156859 0.12846569820318204 119
1757635156937 0.12837292179348658 120
1757635157010 0.12829781928215453 121
1757635157094 0.12824121129012603 122
1757635157158 0.12819890223297364 123
1757635157216 0.1281686483720619 124
1757635157293 0.12814990256406136 125
1757635157361 0.12814326074484422 126
1757635157427 0.12814797425173075 127
