1757646088899 140.73072792157447 0
1757646088951 119.22914686597184 1
1757646089006 100.17218531551507 2
1757646089076 82.14710431714087 3
1757646089142 70.00526191778687 4
1757646089196 63.205917422789355 5
1757646089249 48.07635173139693 6
1757646089303 42.014453868750444 7
1757646089359 34.68692346270904 8
1757646089412 29.396657680632384 9
1757646089476 24.952043828478512 10
1757646089529 22.569899998327962 11
1757646089582 17.75074847429747 12
1757646089646 14.84606628797108 13
1757646089711 14.423659651791628 14
1757646089764 10.870939177512223 15
1757646089818 9.5229820512741 16
1757646089870 7.397994652912781 17
1757646089934 6.97363107105551 18
1757646089987 5.941756348357499 19
1757646090044 4.902540440368718 20
1757646090101 4.3080452879521625 21
1757646090169 3.7137476602596724 22
1757646090227 3.0674495322570947 23
1757646090281 2.4836158782308586 24
1757646090336 2.3159838277880755 25
1757646090393 1.8333564221491674 26
1757646090447 1.5328943996936015 27
1757646090501 1.3357319738570597 28
1757646090554 1.143698617213165 29
1757646090609 1.1589505589771927 30
1757646090663 0.916344359422292 31
1757646090717 0.5132394731674959 32
1757646090779 0.5597220784941169 33
1757646090835 0.6619386927855044 34
1757646090889 0.54836907578584 35
1757646090944 0.36365504324482933 36
1757646091004 0.39059552687401405 37
1757646091060 0.34549075333266843 38
1757646091116 0.3534054334144836 39
1757646091170 0.3913705265098019 40
1757646091225 0.2223628004919736 41
1757646091280 0.24047298023047298 42
1757646091336 0.30640658173317037 43
1757646091391 0.20160187633906818 44
1757646091445 0.12523590909615695 45
1757646091499 0.18253823207292263 46
1757646091553 0.25142502614250795 47
1757646091607 0.13975020734144095 48
1757646091662 0.2530115167514287 49
1757646091714 0.1522485359199747 50
1757646091770 0.12038068253236862 51
1757646091825 0.10912106815545258 52
1757646091880 0.12230870516974261 53
1757646091935 0.11421891897743316 54
1757646091989 0.18257791266900625 55
1757646092045 0.12071206968239878 56
1757646092099 0.12218297065868056 57
1757646092154 0.13549345444389996 58
1757646092209 0.16164442835377202 59
1757646092315 0.0837179611642324 60
1757646092431 0.1417671586892513 61
1757646092490 0.1263680125951808 62
1757646092551 0.12682261770216594 63
1757646092609 0.09730715254949056 64
1757646092668 0.12360630517772735 65
1757646092725 0.18219174406260616 66
1757646092782 0.09350519627322582 67
1757646092844 0.14803943253179486 68
1757646092900 0.1202039341509061 69
1757646092956 0.08641461555284874 70
1757646093010 0.21947891786854073 71
1757646093076 0.13479597598975587 72
1757646093135 0.10020561198083221 73
1757646093198 0.12163657818075031 74
1757646093254 0.13856502861593759 75
1757646093309 0.09233129474749002 76
1757646093363 0.16480807947002876 77
1757646093417 0.13865508217502484 78
1757646093472 0.20306043758382533 79
1757646093526 0.0821031407823761 80
1757646093580 0.15826627219286615 81
1757646093635 0.15900300759032981 82
1757646093690 0.27218012013089043 83
1757646093746 0.13814123298511038 84
1757646093802 0.136258276543281 85
1757646093856 0.09961274850031375 86
1757646093910 0.09986566001351983 87
1757646093966 0.10150754824832668 88
1757646094021 0.17886412102260416 89
1757646094093 0.1157622352058825 90
1757646094195 0.1754519383637023 91
1757646094251 0.1199796388984303 92
1757646094308 0.17592842087072544 93
1757646094364 0.13920019536716302 94
1757646094419 0.09537301715940057 95
1757646094475 0.088470695492968 96
1757646094530 0.13812705613000414 97
1757646094585 0.08358582194481207 98
1757646094640 0.17110460140442374 99
1757646094695 0.07771593399072789 100
1757646094750 0.13400157438520427 101
1757646094807 0.08906759670277399 102
1757646094868 0.13474123268862453 103
1757646094923 0.11137919988833171 104
1757646094981 0.1848905405815115 105
1757646095036 0.07896587633692471 106
1757646095092 0.1303632303645701 107
1757646095149 0.1430996887978786 108
1757646095204 0.1038887716904309 109
1757646095260 0.13010611075619363 110
1757646095315 0.15631018164122903 111
1757646095370 0.18864430234312088 112
1757646095423 0.12594250796843923 113
1757646095479 0.1407849635117341 114
1757646095534 0.0929765814276912 115
1757646095604 0.14336144593038627 116
1757646095661 0.10248373278555244 117
