1757624497056 163.24359495731872 0
1757624497101 159.94221684613655 1
1757624497146 153.79793805610973 2
1757624497188 145.32361327351416 3
1757624497235 135.05260390226164 4
1757624497276 123.5107912472907 5
1757624497317 111.19451331166321 6
1757624497359 98.55420603682686 7
1757624497400 85.9833246688244 8
1757624497440 73.8119710688617 9
1757624497482 62.30455644242074 10
1757624497522 51.66078175586209 11
1757624497565 42.01921367447986 12
1757624497606 33.46276452336427 13
1757624497649 26.025442257377772 14
1757624497691 19.699812449727286 15
1757624497734 14.44470111828905 16
1757624497781 10.19275797722595 17
1757624497823 6.857588784841991 18
1757624497868 4.340248524464736 19
1757624497910 2.534961189917736 20
1757624497953 1.3339951670460561 21
1757624497994 0.6316748932770478 22
1757624498040 0.3275497888755078 23
1757624498082 0.32877117971225694 24
1757624498123 0.5517482899164892 25
1757624498165 0.923166819200267 26
1757624498205 1.380459642706623 27
1757624498247 1.8718202275733822 28
1757624498291 2.355846749038306 29
1757624498332 2.8008997129441666 30
1757624498374 3.184249041410915 31
1757624498416 3.4910787396760847 32
1757624498457 3.713408939230931 33
1757624498499 3.8489866623471087 34
1757624498540 3.9001883212295385 35
1757624498582 3.8729689188732315 36
1757624498623 3.775885276274369 37
1757624498666 3.6192134615472105 38
1757624498709 3.4141740153645057 39
1757624498750 3.172272620217256 40
1757624498792 2.904758607239083 41
1757624498842 2.622199182841226 42
1757624498885 2.334163522903184 43
1757624498925 2.0490079404964323 44
1757624498968 1.7737511771754535 45
1757624499011 1.5140274664380406 46
1757624499053 1.2741043158033805 47
1757624499094 1.0569518746144537 48
1757624499136 0.8643512049599571 49
1757624499178 0.6970296489182334 50
1757624499220 0.5548126779711741 51
1757624499278 0.436783012947017 52
1757624499331 0.3414393155631812 53
1757624499375 0.2668482876857815 54
1757624499418 0.2107854988370574 55
1757624499460 0.17086163984356847 56
1757624499501 0.1446321311858423 57
1757624499544 0.12968907476060268 58
1757624499588 0.12373541750603476 59
1757624499630 0.12464189621562345 60
1757624499672 0.13048786509400903 61
1757624499715 0.13958748731285583 62
1757624499757 0.1505030185112729 63
1757624499799 0.16204704461599254 64
1757624499845 0.17327557891431342 65
1757624499888 0.1834738928772094 66
1757624499931 0.19213686852906173 67
1757624499974 0.19894553152638658 68
1757624500018 0.20374126553692343 69
1757624500060 0.2064990299223622 70
1757624500104 0.20730071232514943 71
1757624500147 0.20630955240124652 72
1757624500190 0.20374637846950516 73
1757624500232 0.1998682103345436 74
1757624500275 0.19494960342362347 75
1757624500318 0.18926694551794035 76
1757624500363 0.1830857710062191 77
1757624500406 0.1766510313136356 78
1757624500449 0.17018015576130174 79
1757624500492 0.1638586555420754 80
1757624500533 0.15783796481878432 81
1757624500576 0.15223517634147518 82
1757624500620 0.14713431280474223 83
1757624500664 0.14258877709048157 84
1757624500707 0.13862464169545036 85
1757624500753 0.13524446681259464 86
1757624500797 0.1324313743652287 87
1757624500841 0.13015314848637702 88
1757624500889 0.12836617842880033 89
1757624500933 0.12701910499946714 90
1757624500976 0.1260560741303792 91
1757624501021 0.12541953945770778 92
1757624501064 0.12505258866504704 93
1757624501113 0.12490079525971613 94
1757624501156 0.12491361826442665 95
1757624501199 0.12504538727588485 96
1757624501243 0.1252559200139577 97
1757624501287 0.12551082460119992 98
1757624501331 0.12578154021662954 99
1757624501377 0.1260451683251672 100
1757624501420 0.1262841432172281 101
1757624501464 0.12648578583281128 102
1757624501507 0.12664177940206287 103
1757624501551 0.12674759978757935 104
1757624501596 0.12680192790874328 105
1757624501640 0.12680606649123602 106
1757624501684 0.12676337874085825 107
1757624501729 0.12667876243703483 108
1757624501773 0.12655816937027697 109
1757624501817 0.126408176968554 110
1757624501862 0.12623561631396124 111
1757624501906 0.12604725848576065 112
1757624501950 0.12584955922876664 113
1757624501995 0.12564846029927126 114
1757624502039 0.12544924445940847 115
1757624502082 0.12525643996153724 116
1757624502126 0.12507376948113325 117
1757624502171 0.12490413781767434 118
1757624502216 0.12474965228534056 119
1757624502260 0.12461166955223729 120
1757624502306 0.1244908627451781 121
1757624502352 0.12438730289624976 122
1757624502396 0.12430054923957642 123
1757624502440 0.12422974343802215 124
