1757624279535 177.0334323283904 0
1757624279583 176.75603880979307 1
1757624279629 176.23223467861845 2
1757624279674 175.4924147695466 3
1757624279720 174.56569658493763 4
1757624279768 173.47935765294847 5
1757624279808 172.25840330701644 6
1757624279853 170.92526326236538 7
1757624279899 169.49961053905497 8
1757624279943 167.99829237902594 9
1757624279987 166.46002632320693 10
1757624280036 164.89293291006484 11
1757624280081 163.3288714342731 12
1757624280127 161.7678800797904 13
1757624280175 160.20869138135927 14
1757624280218 158.64897659821904 15
1757624280261 157.0855920560587 16
1757624280307 155.51482163704662 17
1757624280352 153.93261216857047 18
1757624280397 152.33480077157233 19
1757624280440 150.71733523339236 20
1757624280484 149.07649015024313 21
1757624280534 147.40908294731506 22
1757624280592 145.71269495616895 23
1757624280649 143.9859035506169 24
1757624280696 142.2285319654165 25
1757624280741 140.4419239049569 26
1757624280792 138.62925045281654 27
1757624280834 136.7958571787552 28
1757624280880 134.94965976635876 29
1757624280923 133.1015970074741 30
1757624280968 131.26615067954373 31
1757624281008 129.46194268500392 32
1757624281050 127.71242092964978 33
1757624281089 126.04664678720881 34
1757624281235 124.50019867567529 35
1757624281286 123.11620829145507 36
1757624281334 121.9465484447151 37
1757624281383 121.05319425036814 38
1757624281431 120.5097826946705 39
1757624281478 120.40339936412691 40
1757624281524 120.83662544562793 41
1757624281570 121.92988304841072 42
1757624281616 123.8241225349031 43
1757624281664 126.6839019675454 44
1757624281708 130.70091608642363 45
1757624281754 136.09804054963027 46
1757624281802 143.1339666361028 47
1757624281844 152.1085123929634 48
1757624281886 163.36870849485086 49
1757624281927 177.31577108839042 50
1757624281972 194.41308986962179 51
1757624282017 215.19537787070485 52
1757624282061 240.27915024009812 53
1757624282104 270.37472305942777 54
1757624282150 306.29995037474237 55
1757624282196 348.9959486139152 56
1757624282242 399.5450929679097 57
1757624282288 459.1916107615586 58
1757624282333 529.3651430483076 59
1757624282377 611.7076984533456 60
1757624282423 708.1044835968562 61
1757624282470 820.7191633223196 62
1757624282514 952.0341826537037 63
1757624282563 1104.8968723026155 64
1757624282611 1282.5721622321817 65
1757624282656 1488.802845074254 66
1757624282702 1727.8784651639153 67
1757624282746 2004.714061967932 68
1757624282793 2324.94017144577 69
1757624282841 2695.005688480992 70
1757624282888 3122.295421483884 71
1757624282931 3615.2644306202537 72
1757624282990 4183.5915384659465 73
1757624283069 4838.354741474048 74
1757624283117 5592.231638470295 75
1757624283164 6459.72843531203 76
1757624283210 7457.441590679487 77
1757624283259 8604.35674564895 78
1757624283307 9922.190239426654 79
1757624283353 11435.779267050377 80
1757624283400 13173.527595296568 81
1757624283445 15167.914735656828 82
1757624283491 17456.077595418563 83
1757624283536 20080.47490941274 84
1757624283585 23089.646218502257 85
1757624283633 26539.078832214418 86
1757624283677 30492.198121574835 87
1757624283727 35021.49866787211 88
1757624283774 40209.836282247685 89
1757624283817 46151.903753603365 90
1757624283860 52955.916428525044 91
1757624283902 60745.53743403476 92
1757624283948 69662.07658743583 93
1757624283991 79867.00187203095 94
1757624284041 91544.80787839755 95
1757624284089 104906.29191564105 96
1757624284138 120192.29569688959 97
1757624284187 137677.97872531143 98
1757624284240 157677.6988962399 99
1757624284294 180550.5865532843 100
1757624284351 206706.91048082287 101
1757624284403 236615.3482981031 102
1757624284797 270811.28968808736 103
1757624284846 309906.31912897166 104
1757624284894 354599.0456197722 105
1757624284944 405687.4706709988 106
1757624284993 464083.1129868562 107
1757624285038 530827.1392758525 108
1757624285088 607108.786039382 109
1757624285134 694286.3976277106 110
1757624285180 793911.4520334573 111
1757624285227 907755.9986290529 112
1757624285272 1037843.9922773985 113
1757624285316 1186487.0770167322 114
1757624285361 1356325.4510551093 115
1757624285411 1550374.5344927663 116
1757624285459 1772078.2636044761 117
1757624285509 2025369.95246606 118
1757624285559 2314741.796263169 119
1757624285624 2645324.24313303 120
1757624285690 3022976.635552186 121
1757624285745 3454390.7211686615 122
1757624285800 3947208.8600948337 123
1757624285851 4510159.015035279 124
1757624285897 5153208.906798501 125
1757624285941 5887742.055958846 126
1757624285987 6726758.817663136 127
1757624286031 7685105.95763069 128
1757624286075 8779738.821058152 129
1757624286121 10030020.721299011 130
1757624286172 11458064.83199094 131
1757624286220 13089124.61634145 132
1757624286270 14952039.683788415 133
1757624286321 17079744.94234019 134
1757624286371 19509852.031828664 135
1757624286419 22285313.298786066 136
1757624286466 25455180.030188955 137
1757624286516 29075468.32660068 138
1757624286565 33210147.894636326 139
1757624286665 37932271.20768574 140
1757624286736 43325262.96073426 141
1757624286790 49484392.57362067 142
1757624286840 56518455.727078244 143
1757624286887 64551694.604410194 144
1757624286934 73725990.72373857 145
1757624286983 84203369.05575892 146
1757624287033 96168857.6147037 147
1757624287080 109833752.9826839 148
1757624287125 125439349.39042033 149
1757624287169 143261197.15697923 150
1757624287216 163613965.6318194 151
1757624287265 186856996.44906056 152
1757624287313 213400645.0845958 153
1757624287365 243713522.616437 154
1757624287415 278330765.47292054 155
1757624287465 317863479.0924018 156
1757624287515 363009522.13188326 157
1757624287565 414565821.51614016 158
1757624287615 473442435.63072157 159
1757624287665 540678613.8083099 160
1757624287714 617461135.4826062 161
1757624287763 705145252.60871 162
1757624287815 805278604.883627 163
1757624287864 919628529.7555863 164
1757624287915 1050213249.1118355 165
1757624287965 1199337482.9384625 166
1757624288013 1369633118.359506 167
1757624288062 1564105651.6645243 168
1757624288113 1786187222.7977715 169
1757624288166 2039797178.1056256 170
1757624288262 2329411229.974372 171
1757624288314 2660140433.681754 172
1757624288365 3037821375.009426 173
1757624288416 3469119159.9760485 174
1757624288469 3961645023.942664 175
1757624288521 4524090635.298966 176
1757624288568 5166381463.512694 177
1757624288618 5899851917.712455 178
1757624288668 6737445346.112121 179
1757624288724 7693942425.250771 180
1757624288778 8786221968.95599 181
1757624288826 10033558758.979118 182
1757624288877 11457963652.49231 183
1757624288928 13084571967.605295 184
1757624288979 14942086999.91702 185
1757624289027 17063286495.89452 186
1757624289077 19485601019.733273 187
1757624289129 22251774418.900482 188
1757624289178 25410618042.178417 189
1757624289228 29017872018.26996 190
1757624289284 33137188792.091465 191
1757624289332 37841256273.09078 192
1757624289382 43213080413.35456 193
1757624289435 49347449846.37606 194
1757624289485 56352608429.77717 195
1757624289541 64352165203.70175 196
1757624289600 73487275465.74684 197
1757624289652 83919131447.0939 198
1757624289702 95831806537.34895 199
1757624289764 109435503243.89331 200
1757624289837 124970262195.35529 201
1757624289935 142710197633.8373 202
1757624290040 162968334130.31302 203
1757624290099 186102129866.06122 204
1757624290156 212519783937.3099 205
1757624290207 242687438974.18115 206
1757624290257 277137406162.6507 207
1757624290309 316477557798.3094 208
1757624290360 361402053101.5519 209
1757624290410 412703586548.9188 210
1757624290461 471287374839.7718 211
1757624290513 538187129295.30963 212
1757624290570 614583295519.4413 213
1757624290638 701823882156.3481 214
1757624290691 801448246263.5933 215
1757624290750 915214254988.4406 216
1757624290802 1045129302809.1481 217
1757624290854 1193485731633.5535 218
1757624290904 1362901278734.6858 219
1757624290956 1556365266218.1558 220
1757624291007 1777291347024.0857 221
1757624291061 2029577738154.88 222
1757624291112 2317676003930.4985 223
1757624291164 2646669602936.162 224
1757624291216 3022363584605.4893 225
1757624291264 3451387018114.8135 226
1757624291312 3941309960923.0713 227
1757624291359 4500777030840.342 228
1757624291455 5139659938473.489 229
1757624291503 5869231671448.784 230
1757624291559 6702365403851.971 231
1757624291611 7653761640596.844 232
1757624291665 8740207604632.192 233
1757624291718 9980873443814.254 234
1757624291769 11397650483946.178 235
1757624291822 13015537496380.764 236
1757624291875 14863081795788.494 237
1757624291928 16972882951158.148 238
1757624291981 19382167997893.133 239
1757624292035 22133448300486.727 240
1757624292088 25275269655964.582 241
1757624292140 28863068873494.32 242
1757624292192 32960151944308.758 243
1757624292242 37638811061522.15 244
1757624292299 42981600199391.81 245
1757624292349 49082791759322.32 246
1757624292398 56050039984788.516 247
1757624292450 64006280495743.336 248
1757624292507 73091899459348.03 249
1757624292559 83467210671532.48 250
1757624292612 95315284256906.64 251
1757624292663 108845176898766.73 252
1757624292716 124295620595844.31 253
1757624292775 141939235033041.16 254
1757624292831 162087337892438.75 255
1757624292931 185095437981385.6 256
1757624292981 211369508102611.44 257
1757624293033 241373148349681.0 258
1757624293086 275635766222443.88 259
1757624293138 314761917898687.2 260
1757624293190 359441975486520.94 261
1757624293242 410464308478645.0 262
1757624293295 468729194347379.1 263
1757624293349 535264703729615.94 264
1757624293401 611244840492030.2 265
1757624293454 698010256753704.9 266
1757624293504 797091908377846.4 267
1757624293557 910238068328145.5 268
1757624293610 1039445174534065.1 269
1757624293664 1186993056568334.0 270
1757624293717 1355485162703037.0 271
1757624293771 1547894497141175.8 272
1757624293822 1767616077975286.0 273
1757624293875 2018526841481357.5 274
1757624293930 2305054049745137.0 275
1757624293980 2632253408657191.0 276
1757624294033 3005898274650226.5 277
1757624294088 3432581524210430.0 278
1757624294143 3919831883626213.5 279
1757624294200 4476246771585222.0 280
1757624294251 5111643998595735.0 281
1757624294305 5837234999932824.0 282
1757624294409 6665822658763537.0 283
1757624294462 7612027209993238.0 284
1757624294567 8692544210852979.0 285
1757624294621 9926439130057714.0 286
1757624294674 1.1335483753491248e+16 287
1757624294727 1.2944540342216476e+16 288
1757624294783 1.47820003211879e+16 289
1757624294842 1.6880285239224796e+16 290
1757624294897 1.927641883956491e+16 291
1757624294951 2.201268033504801e+16 292
1757624295003 2.5137350414814984e+16 293
1757624295056 2.8705563145633776e+16 294
1757624295109 3.2780278799449036e+16 295
1757624295162 3.7433394772466936e+16 296
1757624295215 4.27470141976788e+16 297
1757624295269 4.881489463519089e+16 298
1757624295326 5.574410240215743e+16 299
1757624295385 6.365690173257624e+16 300
1757624295442 7.269291210072352e+16 301
1757624295502 8.301157177368802e+16 302
1757624295556 9.479495106180493e+16 303
1757624295626 1.082509649061257e+17 304
1757624295727 1.236170414882682e+17 305
1757624295780 1.4116431159439738e+17 306
1757624295832 1.612023926536702e+17 307
1757624295887 1.8408485186436854e+17 308
1757624295938 2.102154448032846e+17 309
1757624295987 2.4005523959714125e+17 310
1757624296040 2.74130752360363e+17 311
1757624296095 3.130432374470653e+17 312
1757624296150 3.574792964415564e+17 313
1757624296202 4.082229930804719e+17 314
1757624296253 4.6616968787146784e+17 315
1757624296304 5.3234183651703904e+17 316
1757624296364 6.079070309029011e+17 317
1757624296422 6.94198600979898e+17 318
1757624296477 7.927391410547501e+17 319
1757624296528 9.052673756054678e+17 320
1757624296579 1.0337688386623635e+18 321
1757624296634 1.180510908085065e+18 322
1757624296690 1.3480828129070336e+18 323
1757624296770 1.5394413196676936e+18 324
1757624296826 1.75796290385666e+18 325
1757624296882 2.0075033270228224e+18 326
1757624296937 2.2924656707722378e+18 327
1757624296991 2.6178780280985866e+18 328
1757624297045 2.9894822228912845e+18 329
1757624297096 3.413835123055916e+18 330
1757624297148 3.898424334892973e+18 331
1757624297201 4.4518003201347507e+18 332
1757624297255 5.08372726681418e+18 333
1757624297311 5.805355376046271e+18 334
1757624297414 6.629417604681558e+18 335
1757624297469 7.570454335308986e+18 336
1757624297524 8.645069937857133e+18 337
1757624297576 9.87222574976233e+18 338
1757624297626 1.127357464426928e+19 339
1757624297681 1.287384309024239e+19 340
1757624297737 1.4701267444842619e+19 341
1757624297792 1.6788092177350519e+19 342
1757624297846 1.9171138815176704e+19 343
1757624297902 2.189245565097704e+19 344
1757624297957 2.500005967480046e+19 345
1757624298013 2.8548783822486204e+19 346
1757624298067 3.260124448980725e+19 347
1757624298122 3.722894638391766e+19 348
1757624298176 4.2513544206945305e+19 349
1757624298231 4.854828343383758e+19 350
1757624298287 5.5439645606643655e+19 351
1757624298342 6.330922717606015e+19 352
1757624298397 7.229588504195347e+19 353
1757624298453 8.255818665041284e+19 354
1757624298514 9.42772078787143e+19 355
1757624298574 1.0765972807621281e+20 356
1757624298634 1.2294187863690055e+20 357
1757624298745 1.4039330948182838e+20 358
1757624298806 1.6032194696798457e+20 359
1757624298865 1.8307942717580365e+20 360
1757624298922 2.0906730044437486e+20 361
1757624298981 2.38744116631901e+20 362
1757624299040 2.726335161191483e+20 363
1757624299100 3.1133346931972243e+20 364
1757624299159 3.5552682772613825e+20 365
1757624299214 4.0599337266238666e+20 366
1757624299272 4.6362357434038e+20 367
1757624299327 5.294343039955606e+20 368
1757624299382 6.045867763385795e+20 369
1757624299437 6.904070389133461e+20 370
1757624299492 7.884093698913109e+20 371
1757624299547 9.003229971505088e+20 372
1757624299603 1.0281226100911756e+21 373
1757624299661 1.1740632025616807e+21 374
1757624299723 1.3407198616899418e+21 375
1757624299784 1.531033204684803e+21 376
1757624299842 1.7483612653289692e+21 377
1757624299897 1.9965387456883372e+21 378
1757624299957 2.279944678520088e+21 379
1757624300017 2.6035796942666733e+21 380
1757624300119 2.973154255993469e+21 381
1757624300186 3.395189419154639e+21 382
1757624300252 3.8771318940693645e+21 383
1757624300313 4.427485441358538e+21 384
1757624300370 5.055960918783228e+21 385
1757624300432 5.773647627025758e+21 386
1757624300495 6.593208977769076e+21 387
1757624300554 7.529105936591237e+21 388
1757624300635 8.597852183271851e+21 389
1757624300701 9.818305491753568e+21 390
1757624300758 1.1212000471088875e+22 391
1757624300815 1.2803528538507283e+22 392
1757624300871 1.4620971829137483e+22 393
1757624300933 1.6696398698618603e+22 394
1757624300988 1.9066429561626524e+22 395
1757624301045 2.177288305040184e+22 396
1757624301101 2.4863513894593376e+22 397
1757624301158 2.8392855542131935e+22 398
1757624301217 3.242318238897981e+22 399
1757624301277 3.702560859607152e+22 400
1757624301339 4.228134288181013e+22 401
1757624301440 4.828312143063486e+22 402
1757624301500 5.513684420099176e+22 403
1757624301556 6.296344350497347e+22 404
1757624301613 7.190101783027203e+22 405
1757624301674 8.210726855522744e+22 406
1757624301734 9.37622825522301e+22 407
1757624301789 1.0707170977785463e+23 408
1757624301843 1.2227039191754843e+23 409
1757624301900 1.3962650611145004e+23 410
1757624301963 1.594462968763957e+23 411
1757624302021 1.8207947971775552e+23 412
1757624302083 2.07925411776548e+23 413
1757624302148 2.3744013839143663e+23 414
1757624302214 2.711444399105235e+23 415
1757624302277 3.096330207370249e+23 416
1757624302336 3.5358500274735854e+23 417
1757624302391 4.037759082355163e+23 418
1757624302451 4.610913438199315e+23 419
1757624302505 5.265426267621305e+23 420
1757624302563 6.012846294198541e+23 421
1757624302619 6.866361566957917e+23 422
1757624302672 7.841032160371707e+23 423
1757624302729 8.954055905798302e+23 424
1757624302826 1.0225071843135937e+24 425
1757624302883 1.1676506747021898e+24 426
1757624302946 1.3333970841949722e+24 427
1757624303003 1.5226709688603798e+24 428
1757624303061 1.7388120214838436e+24 429
1757624303119 1.9856339996545697e+24 430
1757624303181 2.267492018613301e+24 431
1757624303243 2.5893593962273843e+24 432
1757624303302 2.956915406004514e+24 433
1757624303361 3.3766454865262315e+24 434
1757624303418 3.855955675472884e+24 435
1757624303475 4.4033032874012366e+24 436
1757624303533 5.028346141053142e+24 437
1757624303587 5.742112969275698e+24 438
1757624303644 6.557198018395512e+24 439
1757624303702 7.487983270706875e+24 440
1757624303762 8.550892211136878e+24 441
1757624303825 9.764679615740105e+24 442
1757624303889 1.115076247527212e+25 443
1757624303949 1.2733597892909676e+25 444
1757624304054 1.4541114624033273e+25 445
1757624304111 1.660520587248909e+25 446
1757624304170 1.8962292038603476e+25 447
1757624304229 2.165396334850512e+25 448
1757624304296 2.472771370379688e+25 449
1757624304359 2.8237778700180543e+25 450
1757624304420 3.2246092601674344e+25 451
1757624304484 3.6823381156006237e+25 452
1757624304543 4.205040953365126e+25 453
1757624304603 4.801940741010119e+25 454
1757624304660 5.4835696336604996e+25 455
1757624304716 6.261954811395071e+25 456
1757624304774 7.150830695985296e+25 457
1757624304832 8.165881291508669e+25 458
1757624304890 9.325016924879254e+25 459
1757624304950 1.0648690269316466e+26 460
1757624305010 1.216025722691115e+26 461
1757624305068 1.3886389037976256e+26 462
1757624305126 1.58575428887538e+26 463
1757624305227 1.8108499321239443e+26 464
1757624305287 2.0678975927593514e+26 465
1757624305345 2.3614328157630777e+26 466
1757624305402 2.6966349604970785e+26 467
1757624305460 3.079418589270812e+26 468
1757624305517 3.516537828389817e+26 469
1757624305581 4.0157055431118116e+26 470
1757624305653 4.585729429324103e+26 471
1757624305711 5.2366674232477e+26 472
1757624305769 5.98000517133545e+26 473
1757624305827 6.82885869177847e+26 474
1757624305887 7.798205803535056e+26 475
1757624305943 8.905150406392365e+26 476
1757624306006 1.0169224275219868e+27 477
1757624306069 1.1612731693502574e+27 478
1757624306131 1.3261143007130902e+27 479
1757624306190 1.5143544042610502e+27 480
1757624306248 1.729314931956968e+27 481
1757624306307 1.9747888113077313e+27 482
1757624306409 2.2551073706701864e+27 483
1757624306466 2.5752167645122874e+27 484
1757624306536 2.940765247135096e+27 485
1757624306596 3.3582028347797435e+27 486
1757624306657 3.834895114633595e+27 487
1757624306735 4.379253208868512e+27 488
1757624306796 5.000882186895843e+27 489
1757624306857 5.710750544537177e+27 490
1757624306919 6.521383740530565e+27 491
1757624306980 7.447085205278021e+27 492
1757624307040 8.504188721481144e+27 493
1757624307107 9.711346629861321e+27 494
1757624307170 1.1089858945286056e+28 495
1757624307232 1.26640491904774e+28 496
1757624307296 1.4461693578799068e+28 497
1757624307363 1.6514511118950684e+28 498
1757624307433 1.885872328935025e+28 499
