1757634839615 165.81699949735696 0
1757634839679 162.51796657188515 1
1757634839740 156.37368316351112 2
1757634839800 147.88966055819094 3
1757634839881 137.59107834987617 4
1757634839941 125.99636256752436 5
1757634840001 113.5963135283555 6
1757634840066 100.8385014416744 7
1757634840128 88.11650150132245 8
1757634840180 75.76343770552357 9
1757634840231 64.04924179710258 10
1757634840298 53.181005588942035 11
1757634840354 43.30580612745674 12
1757634840414 34.51540808260252 13
1757634840514 26.85229095718749 14
1757634840566 20.316504998328806 15
1757634840614 14.872924342477607 16
1757634840703 10.458534771487729 17
1757634840785 6.98946297221555 18
1757634840877 4.367521506483055 19
1757634840931 2.486106593621059 20
1757634840980 1.2353426824301879 21
1757634841033 0.5064176025992815 22
1757634841077 0.19509428869668416 23
1757634841122 0.20441952902455662 24
1757634841166 0.44667710852958586 25
1757634841219 0.8446525489270496 26
1757634841292 1.3322900447243597 27
1757634841354 1.8548299155964743 28
1757634841414 2.3685177723514466 29
1757634841472 2.8399754719455035 30
1757634841543 3.245319643781648 31
1757634841593 3.56910688475947 32
1757634841639 3.80317635715423 33
1757634841685 3.945451114603078 34
1757634841732 3.998749573951759 35
1757634841789 3.969648602544983 36
1757634841844 3.8674300727867146 37
1757634841890 3.7031337367943293 38
1757634841938 3.488731105560108 39
1757634841983 3.2364278220073612 40
1757634842031 2.9580958776227715 41
1757634842078 2.6648319675492833 42
1757634842121 2.366634294906297 43
1757634842165 2.072187171939869 44
1757634842209 1.7887407461154838 45
1757634842255 1.5220720060481268 46
1757634842299 1.2765127845204285 47
1757634842344 1.0550306559071148 48
1757634842389 0.8593493034614542 49
1757634842432 0.6900959912961848 50
1757634842478 0.5469651062591186 51
1757634842529 0.42888823554219235 52
1757634842581 0.33420282771845816 53
1757634842626 0.2608130719533726 54
1757634842671 0.20633816005033423 55
1757634842714 0.16824452013669328 56
1757634842760 0.14395989372668255 57
1757634842804 0.13096824637881033 58
1757634842850 0.1268854438821533 59
1757634842901 0.12951638793959963 60
1757634842950 0.13689489249945813 61
1757634842997 0.14730800513205058 62
1757634843047 0.1593067525240519 63
1757634843094 0.17170543358975662 64
1757634843141 0.18357161780100476 65
1757634843185 0.19420895049961032 66
1757634843231 0.20313474107987212 67
1757634843278 0.21005413270874088 68
1757634843323 0.21483244065147902 69
1757634843368 0.21746701518720776 70
1757634843413 0.21805974718360926 71
1757634843457 0.21679110001986646 72
1757634843503 0.21389632884806833 73
1757634843552 0.2096443432359463 74
1757634843601 0.20431948623016452 75
1757634843647 0.1982063443645222 76
1757634843692 0.19157757025404387 77
1757634843738 0.18468459214976912 78
1757634843783 0.17775100224403734 79
1757634843828 0.17096835597187773 80
1757634843875 0.1644940759027873 81
1757634843923 0.15845113357542595 82
1757634843974 0.15292917812545329 83
1757634844019 0.1479867890619759 84
1757634844068 0.1436545493698295 85
1757634844118 0.139938661685558 86
1757634844163 0.13682486223395582 87
1757634844208 0.13428242237299512 88
1757634844256 0.13226806409761238 89
1757634844301 0.13072965210154075 90
1757634844348 0.12960955968685958 91
1757634844394 0.12884763792666873 92
1757634844440 0.12838374628603608 93
1757634844485 0.1281598279044344 94
1757634844531 0.12812153368368964 95
1757634844580 0.12821941615388485 96
1757634844630 0.1284097269187129 97
1757634844675 0.1286548605592474 98
1757634844721 0.12892349355028046 99
1757634844767 0.12919046943543674 100
1757634844811 0.1294364816758904 101
1757634844857 0.12964760370710315 102
1757634844904 0.1298147122755613 103
1757634844955 0.12993284552482026 104
1757634845007 0.13000053196027686 105
1757634845054 0.13001912069982216 106
1757634845104 0.12999213761398531 107
1757634845152 0.12992468631958984 108
1757634845198 0.1298229077054144 109
1757634845244 0.1296935068748776 110
1757634845290 0.12954335217996893 111
1757634845341 0.12937914744168436 112
1757634845388 0.12920717551916436 113
1757634845435 0.12903310908840643 114
1757634845481 0.12886188278568003 115
1757634845526 0.128697619708772 116
1757634845579 0.12854360458855477 117
1757634845632 0.1284022956760436 118
1757634845679 0.1282753674660918 119
1757634845726 0.12816377672933704 120
1757634845778 0.12806784488367828 121
1757634845833 0.12798735044533538 122
1757634845881 0.12792162610364755 123
1757634845944 0.12786965581639972 124
1757634846005 0.12783016818400084 125
1757634846059 0.12780172319883015 126
1757634846115 0.1277827902549148 127
1757634846167 0.12777181602365154 128
1757634846215 0.12776728144024374 129
1757634846313 0.12776774759482715 130
1757634846371 0.12777189077842524 131
1757634846423 0.12777852729727146 132
1757634846479 0.12778662894324827 133
