1757628543899 64.6161935575206 0
1757628543995 41.802991395002 1
1757628544149 10.741364595983235 2
1757628544265 7.399824953423183 3
1757628544369 3.8298624599652764 4
1757628544469 1.1021300377032812 5
1757628544589 0.6956919013169973 6
1757628544688 0.02804831213929936 7
1757628544784 0.3029057422981326 8
1757628544894 0.174406901459078 9
1757628545005 0.0008698544623725518 10
1757628545127 0.08986683240969992 11
1757628545225 0.13653871496162084 12
1757628545320 0.2612903564445871 13
1757628545409 0.0003746785857918438 14
1757628545499 0.2541277136571715 15
1757628545594 5.741942381292744e-05 16
1757628545682 0.013299234018822714 17
1757628545769 0.012728088083717384 18
1757628545862 0.12852268432942707 19
1757628545951 0.188458934494612 20
1757628546038 0.28451151741411457 21
1757628546127 0.007497954004031425 22
1757628546231 0.007960724081710073 23
1757628546337 0.027062703107428292 24
1757628546436 0.04895607599013615 25
1757628546537 0.03960472692822201 26
1757628546647 0.08914005940482334 27
1757628546750 0.1072741932882145 28
1757628546851 0.3926322955071687 29
1757628546946 0.0636097724114314 30
1757628547037 0.3256023294587369 31
1757628547128 0.015945178252669466 32
1757628547218 0.005632171271520973 33
1757628547309 0.010255281531283793 34
1757628547396 0.03761465944607263 35
1757628547482 0.0010188747352895381 36
1757628547569 0.05263395937855647 37
1757628547656 0.19800891942072504 38
1757628547743 0.01720634911767181 39
1757628547831 0.10022872540386872 40
1757628547920 0.1500368086453525 41
1757628548019 0.10347020087842887 42
1757628548110 0.00012396565910599065 43
1757628548205 0.004726594692557386 44
1757628548294 0.032929772378769664 45
1757628548393 0.435317072992575 46
1757628548497 0.002356613139189468 47
1757628548595 0.0007771214520244249 48
1757628548691 0.45614316533288857 49
1757628548783 0.06468242020909137 50
1757628548875 0.0098539336793506 51
1757628548966 0.37521739751535577 52
1757628549057 0.06830831591803854 53
1757628549146 0.4966366833240751 54
1757628549234 0.0986062611732908 55
1757628549321 0.0747976732601933 56
1757628549408 0.0016957044206448051 57
1757628549496 0.021959698762041357 58
1757628549582 0.10844828069552591 59
1757628549667 0.0468806099614326 60
1757628549752 0.018091851450525966 61
1757628549837 0.029872616431150148 62
1757628549925 0.1654982147263925 63
1757628550019 0.1297089362588231 64
1757628550118 0.0029732090916160967 65
1757628550206 0.010084486469568625 66
1757628550296 0.195376099360117 67
1757628550384 3.911138016701261e-06 68
1757628550472 0.05953117545666463 69
1757628550560 0.09202455574892267 70
1757628550654 0.01029836233972351 71
1757628550742 0.090582481861064 72
1757628550839 0.251276828249908 73
1757628550949 0.4741880535554553 74
1757628551056 0.04981830953690121 75
1757628551168 0.15378194740737108 76
