1757642330264 164.78230814298652 0
1757642330321 161.50649114718013 1
1757642330375 158.29588967018114 2
1757642330434 155.1492043566985 3
1757642330554 152.06516176966062 4
1757642330614 149.04251387231454 5
1757642330672 146.0800375207013 6
1757642330733 143.17653396630047 7
1757642330788 140.33082836863784 8
1757642330841 137.54176931765662 9
1757642330895 134.8082283656555 10
1757642330948 132.12909956860113 11
1757642331002 129.5032990366266 12
1757642331056 126.92976449353138 13
1757642331114 124.40745484510133 14
1757642331173 121.9353497560718 15
1757642331228 119.51244923556027 16
1757642331283 117.13777323079769 17
1757642331337 114.81036122899256 18
1757642331391 112.52927186716364 19
1757642331447 110.29358254978183 20
1757642331510 108.10238907406375 21
1757642331566 105.95480526276397 22
1757642331620 103.84996260431461 23
1757642331675 101.7870099001655 24
1757642331730 99.76511291917976 25
1757642331784 97.78345405894335 26
1757642331839 95.84123201385002 27
1757642331894 93.9376614498253 28
1757642331949 92.07197268555643 29
1757642332004 90.24341138009798 30
1757642332059 88.4512382267246 31
1757642332113 86.69472865290632 32
1757642332168 84.97317252628277 33
1757642332222 83.28587386651685 34
1757642332278 81.63215056290905 35
1757642332332 80.01133409765774 36
1757642332386 78.42276927465154 37
1757642332442 76.8658139536831 38
1757642332497 75.33983878997584 39
1757642332552 73.84422697891664 40
1757642332606 72.37837400589049 41
1757642332662 70.941687401115 42
1757642332719 69.53358649937371 43
1757642332774 68.15350220455129 44
1757642332829 66.80087675887331 45
1757642332894 65.47516351675698 46
1757642332955 64.17582672318008 47
1757642333011 62.90234129647799 48
1757642333066 61.65419261547962 49
1757642333130 60.43087631089578 50
1757642333198 59.2318980608745 51
1757642333266 58.05677339064017 52
1757642333328 56.90502747613433 53
1757642333383 55.7761949515784 54
1757642333439 54.66981972087943 55
1757642333499 53.58545477280235 56
1757642333558 52.52266199983287 57
1757642333616 51.48101202065758 58
1757642333671 50.460084006188566 59
1757642333726 49.459465509061744 60
1757642333786 48.478752296539284 61
1757642333847 47.51754818674813 62
1757642333904 46.5754648881878 63
1757642333961 45.65212184244204 64
1757642334016 44.747146070030254 65
1757642334072 43.860172019335906 66
1757642334138 42.99084141855036 67
1757642334208 42.138803130571745 68
1757642334269 41.30371301079991 69
1757642334328 40.48523376776939 70
1757642334385 39.68303482656373 71
1757642334441 38.896792194955495 72
1757642334497 38.1261883322174 73
1757642334553 37.37091202055141 74
1757642334610 36.63065823908312 75
1757642334665 35.90512804037038 76
1757642334725 35.19402842937579 77
1757642334781 34.49707224485394 78
1757642334837 33.813978043104854 79
1757642334892 33.14446998404668 80
1757642334949 32.48827771956107 81
1757642335004 31.84513628406589 82
1757642335060 31.21478598727069 83
1757642335117 30.59697230907143 84
1757642335173 29.991445796541615 85
1757642335229 29.39796196297801 86
1757642335286 28.816281188959834 87
1757642335341 28.24616862538129 88
1757642335396 27.6873940984179 89
1757642335455 27.139732016388134 90
1757642335510 26.60296127847234 91
1757642335573 26.076865185252036 92
1757642335629 25.561231351033054 93
1757642335686 25.055851617917014 94
1757642335743 24.560521971586148 95
1757642335801 24.075042458767317 96
1757642335857 23.599217106341627 97
1757642335914 23.13285384206679 98
1757642335970 22.675764416880188 99
1757642336027 22.227764328750737 100
1757642336083 21.78867274804898 101
1757642336138 21.358312444404955 102
1757642336193 20.936509715024048 103
1757642336248 20.52309431443189 104
1757642336304 20.117899385619644 105
1757642336358 19.720761392561826 106
1757642336413 19.331520054079206 107
1757642336470 18.950018279019954 108
1757642336525 18.576102102732655 109
1757642336580 18.209620624805645 110
1757642336638 17.850425948047036 111
1757642336694 17.498373118680988 112
1757642336751 17.153320067735827 113
1757642336806 16.81512755360015 114
1757642336861 16.483659105723795 115
1757642336917 16.158780969440713 116
1757642336972 15.840362051891315 117
1757642337027 15.528273869022483 118
1757642337084 15.222390493643669 119
1757642337141 14.922588504518048 120
1757642337195 14.62874693646801 121
1757642337251 14.340747231474827 122
1757642337307 14.058473190752691 123
1757642337364 13.781810927777538 124
1757642337421 13.510648822251808 125
1757642337480 13.244877474986318 126
1757642337536 12.98438966368107 127
1757642337598 12.729080299586936 128
1757642337655 12.478846385030831 129
1757642337803 12.233586971786918 130
1757642338036 11.993203120277283 131
1757642338174 11.7575978595852 132
1757642338260 11.526676148265038 133
1757642338325 11.300344835932796 134
1757642338385 11.07851262562177 135
1757642338446 10.861090036888026 136
1757642338506 10.647989369650801 137
1757642338566 10.439124668753138 138
1757642338626 10.23441168922835 139
1757642338688 10.033767862258387 140
1757642338749 9.837112261810152 141
1757642338807 9.644365571936342 142
1757642338870 9.455450054727555 143
1757642338928 9.270289518902617 144
1757642338987 9.08880928902452 145
1757642339045 8.910936175329423 146
1757642339102 8.736598444156481 147
1757642339159 8.565725788966615 148
1757642339216 8.398249301938346 149
1757642339275 8.234101446129367 150
1757642339333 8.073216028192405 151
1757642339391 7.915528171634449 152
1757642339449 7.760974290608487 153
1757642339508 7.609492064227012 154
1757642339566 7.461020411387192 155
1757642339631 7.315499466097165 156
1757642339689 7.172870553293705 157
1757642339747 7.033076165141404 158
1757642339805 6.8960599378037255 159
1757642339863 6.761766628676613 160
1757642339920 6.630142094075361 161
1757642339978 6.501133267365769 162
1757642340036 6.374688137530681 163
1757642340095 6.250755728163285 164
1757642340153 6.129286076878642 165
1757642340211 6.010230215135112 166
1757642340268 5.8935401484574905 167
1757642340325 5.779168837053918 168
1757642340382 5.667070176818661 169
1757642340449 5.557198980713071 170
1757642340515 5.449510960517234 171
1757642340626 5.3439627089448765 172
1757642340710 5.240511682114365 173
1757642340776 5.13911618236859 174
1757642340841 5.0397353414369 175
1757642340901 4.942329103932204 176
1757642340959 4.846858211176588 177
1757642341018 4.753284185348911 178
1757642341075 4.661569313947946 179
1757642341134 4.571676634564784 180
1757642341192 4.483569919958354 181
1757642341251 4.397213663428051 182
1757642341309 4.312573064477449 183
1757642341367 4.229614014763436 184
1757642341426 4.14830308432499 185
1757642341484 4.068607508086084 186
1757642341542 3.9904951726272095 187
1757642341600 3.913934603220209 188
1757642341667 3.838894951121171 189
1757642341726 3.7653459811162135 190
1757642341785 3.693258059315172 191
1757642341843 3.622602141188222 192
1757642341901 3.553349759840584 193
1757642341959 3.4854730145206063 194
1757642342018 3.418944559356567 195
1757642342078 3.3537375923176294 196
1757642342136 3.2898258443945028 197
1757642342194 3.2271835689954105 198
1757642342253 3.165785531553098 199
1757642342310 3.1056069993386983 200
1757642342369 3.04662373147827 201
1757642342428 2.9888119691680495 202
1757642342484 2.9321484260844093 203
1757642342541 2.8766102789846677 204
1757642342599 2.822175158494944 205
1757642342656 2.7688211400813367 206
1757642342714 2.7165267352007803 207
1757642342773 2.665270882627978 208
1757642342831 2.615032939954943 209
1757642342901 2.5657926752597007 210
1757642342960 2.5175302589407416 211
1757642343019 2.4702262557140084 212
1757642343078 2.4238616167690954 213
1757642343137 2.3784176720815347 214
1757642343209 2.3338761228780887 215
1757642343280 2.2902190342519204 216
1757642343339 2.247428827924744 217
1757642343398 2.2054882751529945 218
1757642343457 2.164380489775124 219
1757642343516 2.1240889213972616 220
1757642343580 2.084597348714462 221
1757642343638 2.045889872964818 222
1757642343703 2.0079509115138574 223
1757642343763 1.9707651915665632 224
1757642343825 1.9343177440045105 225
1757642343885 1.898593897345627 226
1757642343946 1.8635792718241295 227
1757642344005 1.8292597735882608 228
1757642344066 1.7956215890134501 229
1757642344125 1.7626511791286399 230
1757642344184 1.730335274153487 231
1757642344245 1.698660868144269 232
1757642344305 1.6676152137462974 233
1757642344364 1.6371858170507474 234
1757642344424 1.6073604325538011 235
1757642344483 1.578127058216093 236
1757642344543 1.5494739306204424 237
1757642344602 1.5213895202259131 238
1757642344660 1.493862526716311 239
1757642344719 1.4668818744412069 240
1757642344778 1.440436707947662 241
1757642344836 1.4145163876008557 242
1757642344895 1.3891104852918195 243
1757642344954 1.364208780230588 244
1757642345013 1.3398012548230152 245
1757642345071 1.3158780906296255 246
1757642345130 1.292429664404873 247
1757642345189 1.269446544215171 248
1757642345247 1.2469194856341625 249
1757642345306 1.2248394280136774 250
1757642345366 1.2031974908288716 251
1757642345426 1.1819849700960603 252
1757642345485 1.1611933348618428 253
1757642345544 1.1408142237620318 254
1757642345604 1.1208394416490544 255
1757642345662 1.10126095628645 256
1757642345723 1.082070895109102 257
1757642345787 1.0632615420479365 258
1757642345857 1.0448253344177691 259
1757642345920 1.0267548598670733 260
1757642345983 1.0090428533884082 261
1757642346044 0.9916821943883307 262
1757642346104 0.9746659038155762 263
1757642346180 0.9579871413463865 264
1757642346325 0.9416392026258007 265
1757642346388 0.9256155165638397 266
1757642346452 0.9099096426854639 267
1757642346516 0.8945152685332435 268
1757642346581 0.8794262071216985 269
1757642346645 0.8646363944422738 270
1757642346707 0.8501398870179276 271
1757642346768 0.8359308595063879 272
1757642346827 0.822003602351056 273
1757642346922 0.8083525194786524 274
1757642347049 0.7949721260426442 275
1757642347117 0.7818570462115707 276
1757642347181 0.7690020110013459 277
1757642347245 0.7564018561506832 278
1757642347311 0.7440515200387869 279
1757642347375 0.731946041644436 280
1757642347439 0.7200805585456886 281
1757642347502 0.7084503049593592 282
1757642347564 0.6970506098194805 283
1757642347624 0.6858768948940059 284
1757642347685 0.6749246729389471 285
1757642347747 0.6641895458892456 286
1757642347812 0.6536672030856037 287
1757642347873 0.6433534195366031 288
1757642347934 0.6332440542153746 289
1757642347994 0.6233350483901484 290
1757642348055 0.6136224239880131 291
1757642348115 0.60410228199121 292
1757642348183 0.5947708008653247 293
1757642348256 0.5856242350187457 294
1757642348319 0.5766589132927503 295
1757642348381 0.567871237481629 296
1757642348443 0.5592576808822403 297
1757642348504 0.5508147868724087 298
1757642348565 0.5425391675176032 299
1757642348626 0.5344275022053148 300
1757642348779 0.526476536306603 301
1757642348868 0.5186830798642489 302
1757642348936 0.5110440063070166 303
1757642349002 0.503556251189471 304
1757642349067 0.49621681095685166 305
1757642349132 0.4890227417345303 306
1757642349197 0.4819711581415201 307
1757642349260 0.4750592321275989 308
1757642349322 0.46828419183354963 309
1757642349383 0.461643320474062 310
1757642349444 0.45513395524286315 311
1757642349505 0.44875348623961275 312
1757642349566 0.4424993554181386 313
1757642349628 0.4363690555555877 314
1757642349689 0.43036012924208333 315
1757642349751 0.42447016789046654 316
1757642349820 0.41869681076573284 317
1757642349883 0.4130377440337742 318
1757642349944 0.4074906998290297 319
1757642350005 0.40205345534068127 320
1757642350066 0.3967238319170218 321
1757642350128 0.3914996941876318 322
1757642350189 0.38637894920301025 323
1757642350251 0.3813595455913206 324
1757642350312 0.3764394727318984 325
1757642350373 0.37161675994519555 326
1757642350435 0.3668894756988356 327
1757642350497 0.3622557268294568 328
1757642350559 0.3577136577800244 329
1757642350620 0.35326144985231084 330
1757642350681 0.34889732047424243 331
1757642350741 0.3446195224818135 332
1757642350802 0.3404263434152765 333
1757642350862 0.33631610482933094 334
1757642350921 0.33228716161702765 335
1757642350983 0.3283379013471166 336
1757642351044 0.3244667436145679 337
1757642351105 0.32067213940401235 338
1757642351166 0.316952570465838 339
1757642351227 0.3133065487046907 340
1757642351288 0.30973261558012943 341
1757642351349 0.3062293415192108 342
1757642351411 0.30279532534074266 343
1757642351471 0.29942919369098786 344
1757642351531 0.2961296004905907 345
1757642351593 0.2928952263925008 346
1757642351654 0.2897247782506715 347
1757642351715 0.286616988599322 348
1757642351777 0.283570615142559 349
1757642351843 0.2805844402541426 350
1757642351906 0.2776572704871934 351
1757642351968 0.27478793609365815 352
1757642352030 0.2719752905533204 353
1757642352092 0.2692182101121802 354
1757642352154 0.26651559333001146 355
1757642352215 0.26386636063691477 356
1757642352277 0.261269453898686 357
1757642352338 0.258723835990827 358
1757642352400 0.2562284903810235 359
1757642352461 0.25378242071992996 360
1757642352522 0.2513846504400842 361
1757642352583 0.24903422236279707 362
1757642352644 0.24673019831286358 363
1757642352706 0.24447165874092489 364
1757642352766 0.24225770235334615 365
1757642352827 0.2400874457494491 366
1757642352900 0.2379600230659568 367
1757642352964 0.23587458562850747 368
1757642353027 0.23383030161009877 369
1757642353090 0.23182635569631835 370
1757642353154 0.22986194875723237 371
1757642353230 0.22793629752579714 372
1757642353294 0.2260486342826645 373
1757642353358 0.22419820654725095 374
1757642353421 0.22238427677494849 375
1757642353484 0.22060612206035865 376
1757642353549 0.21886303384642342 377
1757642353612 0.21715431763933737 378
1757642353676 0.21547929272912986 379
1757642353740 0.21383729191579934 380
1757642353805 0.21222766124089681 381
1757642353872 0.21064975972443684 382
1757642353938 0.20910295910704893 383
1757642354001 0.20758664359724446 384
1757642354064 0.20610020962371464 385
1757642354127 0.2046430655925507 386
1757642354191 0.20321463164928916 387
1757642354256 0.2018143394456876 388
1757642354322 0.20044163191113804 389
1757642354385 0.19909596302862045 390
1757642354448 0.1977767976151163 391
1757642354510 0.1964836111063805 392
1757642354574 0.1952158893459954 393
1757642354636 0.19397312837861472 394
1757642354698 0.19275483424732423 395
1757642354758 0.19156052279502098 396
1757642354821 0.19038971946974653 397
1757642354883 0.18924195913388966 398
1757642354946 0.18811678587717817 399
1757642355009 0.18701375283339153 400
1757642355071 0.1859324220007143 401
1757642355133 0.18487236406566 402
1757642355195 0.1838331582304978 403
1757642355260 0.18281439204410588 404
1757642355333 0.18181566123618811 405
1757642355404 0.1808365695547876 406
1757642355469 0.179876728607025 407
1757642355533 0.1789357577030088 408
1757642355598 0.1780132837028428 409
1757642355663 0.1771089408666764 410
1757642355728 0.17622237070773444 411
1757642355794 0.1753532218482711 412
1757642355858 0.17450114987838009 413
1757642355928 0.17366581721761912 414
1757642355992 0.1728468929793775 415
1757642356056 0.1720440528379454 416
1757642356121 0.17125697889821828 417
1757642356186 0.17048535956799774 418
1757642356250 0.16972888943282666 419
1757642356314 0.16898726913331003 420
1757642356379 0.16826020524487903 421
1757642356442 0.1675474101599404 422
1757642356505 0.16684860197236814 423
1757642356566 0.1661635043642945 424
1757642356627 0.16549184649514503 425
1757642356690 0.16483336289288514 426
1757642356753 0.16418779334742167 427
1757642356815 0.16355488280612784 428
1757642356879 0.1629343812714411 429
1757642356946 0.1623260437004977 430
1757642357010 0.16172962990676146 431
1757642357073 0.16114490446360683 432
1757642357136 0.1605716366098176 433
1757642357199 0.16000960015696414 434
1757642357261 0.1594585733986228 435
1757642357323 0.15891833902139538 436
1757642357390 0.15838868401769973 437
1757642357453 0.15786939960029145 438
1757642357516 0.157360281118487 439
1757642357582 0.15686112797604795 440
1757642357647 0.15637174355069783 441
1757642357713 0.15589193511524088 442
1757642357780 0.15542151376024377 443
1757642357847 0.15496029431825778 444
1757642357913 0.15450809528954282 445
1757642357987 0.15406473876927088 446
1757642358055 0.15363005037617233 447
1757642358121 0.15320385918260368 448
1757642358199 0.1527859976460008 449
1757642358274 0.1523763015416974 450
1757642358339 0.15197460989707717 451
1757642358404 0.15158076492703237 452
1757642358471 0.1511946119707069 453
1757642358537 0.1508159994294974 454
1757642358602 0.15044477870628034 455
1757642358667 0.15008080414585334 456
1757642358736 0.14972393297655653 457
1757642358802 0.14937402525305177 458
1757642358868 0.1490309438002432 459
1757642358934 0.14869455415830743 460
1757642358999 0.1483647245288187 461
1757642359065 0.14804132572194315 462
1757642359131 0.14772423110468158 463
1757642359196 0.1474133165501423 464
1757642359264 0.14710846038781927 465
1757642359330 0.14680954335485905 466
1757642359396 0.1465164485482962 467
1757642359463 0.1462290613782369 468
1757642359528 0.14594726952197323 469
1757642359594 0.1456709628790069 470
1757642359661 0.1454000335269697 471
1757642359726 0.1451343756784161 472
1757642359791 0.14487388563847675 473
1757642359856 0.14461846176334997 474
1757642359925 0.14436800441962272 475
1757642359998 0.14412241594439337 476
1757642360064 0.14388160060619165 477
1757642360130 0.14364546456667135 478
1757642360196 0.14341391584306618 479
1757642360262 0.1431868642713897 480
1757642360326 0.14296422147036694 481
1757642360392 0.14274590080608227 482
1757642360458 0.14253181735732887 483
1757642360523 0.14232188788164732 484
1757642360589 0.14211603078203727 485
1757642360656 0.14191416607433074 486
1757642360722 0.14171621535521522 487
1757642360788 0.14152210177088748 488
1757642360853 0.14133174998633508 489
1757642360918 0.14114508615522395 490
1757642360984 0.14096203789038456 491
1757642361050 0.1407825342348861 492
1757642361113 0.14060650563368296 493
1757642361177 0.14043388390582648 494
1757642361243 0.14026460221722462 495
1757642361307 0.14009859505394665 496
1757642361371 0.13993579819605592 497
1757642361436 0.1397761486919615 498
1757642361502 0.13961958483328146 499
