1757629720340 0.005255453264908074 0
1757629720461 0.019642048330291775 1
1757629720552 0.04396258707695274 2
1757629720640 0.36137427215665696 3
1757629720753 0.022531612835687612 4
1757629720843 0.10477478874566643 5
1757629720935 0.12747399005505006 6
1757629721028 0.032776240201253415 7
1757629721118 0.21654221063790022 8
1757629721207 2.401977957640659e-06 9
1757629721296 0.14999966239202797 10
1757629721385 0.16518229172777765 11
1757629721480 0.07546755927135898 12
1757629721575 0.007356549224596394 13
1757629721668 0.3425543319179703 14
1757629721758 1.7021096863153696e-05 15
1757629721846 0.016219241166904128 16
1757629721934 0.046697958759529055 17
1757629722025 0.24907381011321356 18
1757629722121 0.14353731525592586 19
1757629722210 8.450949168973391e-06 20
1757629722318 0.06046864920094792 21
1757629722416 0.2876992546557807 22
1757629722505 0.33078538771310406 23
1757629722601 0.00940756682107691 24
1757629722692 0.4684411932395208 25
1757629722782 0.010973428218467451 26
1757629722872 0.05437085858832623 27
1757629722965 0.18121252131113547 28
1757629723057 0.5024014541581617 29
1757629723146 0.028782776507579193 30
1757629723238 0.06336371224716611 31
1757629723328 0.0002958446253415397 32
1757629723418 0.029903192645271276 33
1757629723508 0.002887464400663944 34
1757629723596 0.019150147515309298 35
1757629723687 0.03202386226392505 36
1757629723782 0.06834943613644057 37
1757629723953 0.07862803607408432 38
1757629724053 0.03084079554340785 39
1757629724153 0.0007304714341088681 40
1757629724246 0.00028957388302442203 41
1757629724347 0.05508272420889961 42
1757629724444 0.12682833303418664 43
1757629724539 0.18946303872469877 44
1757629724633 0.013464740541406771 45
1757629724729 0.2234094345410105 46
1757629724820 0.1789629260477377 47
1757629724912 0.36329942012852195 48
1757629725002 0.4920214310927152 49
1757629725099 0.009183165544682256 50
1757629725198 0.08893934687246681 51
1757629725292 0.014917098110695205 52
1757629725400 0.003754118860803267 53
1757629725510 0.019888704253940903 54
1757629725606 0.026023015132823756 55
1757629725699 0.03335005273024695 56
1757629725842 0.004735362915665807 57
1757629725965 0.027071104259763657 58
1757629726064 0.20798396260948315 59
1757629726161 0.008605272862375503 60
1757629726256 0.2474942227582716 61
1757629726349 0.05096798615036473 62
1757629726457 0.03849341176717923 63
1757629726550 0.0003688306230188656 64
1757629726644 0.0017340586465154945 65
1757629726740 0.021037370761362216 66
1757629726832 0.1381809043402823 67
1757629726930 0.23701680625028002 68
1757629727020 0.00021389811909033852 69
1757629727110 0.011238823204307944 70
1757629727204 0.03294968020052481 71
1757629727296 0.03905269385978583 72
1757629727389 0.008955579645558324 73
1757629727484 0.00022311016206105462 74
1757629727575 0.18977771368932866 75
1757629727671 0.040854746900658705 76
1757629727764 0.0026589030764261152 77
1757629727853 0.04436131058659151 78
1757629727946 0.1409581811015371 79
1757629728037 0.027176600131710374 80
1757629728132 0.16037642359083185 81
1757629728225 0.0010586752125563389 82
1757629728317 0.10820326820515863 83
1757629728438 0.0005487437191936265 84
1757629728530 0.004447208896079158 85
1757629728626 0.001947522411513605 86
1757629728720 0.20113654333207215 87
1757629728815 0.010559974862041768 88
1757629728906 0.05883131508041523 89
1757629728998 0.010231005499403107 90
1757629729089 0.13642995583384768 91
1757629729185 0.06112694980278132 92
1757629729277 0.0005009466735273752 93
1757629729369 0.1433363980501545 94
1757629729461 0.038933375701248954 95
1757629729555 0.0330135771565143 96
1757629729649 0.0030008318739860283 97
1757629729744 0.6245067537063216 98
1757629729892 0.05575564796184617 99
1757629729997 0.041499027010231414 100
1757629730093 0.2782704416674014 101
1757629730188 0.00020800237862602413 102
1757629730281 0.029787792901536124 103
1757629730382 0.16461390378391183 104
1757629730514 0.00902784249867288 105
1757629730696 0.879209062161865 106
1757629730802 0.016239321746465453 107
1757629730906 1.0553086587518663 108
1757629731009 0.012518565121362592 109
1757629731106 0.007249115493952867 110
1757629731204 0.04341571649172035 111
1757629731302 0.001027347275022351 112
1757629731396 0.16169951095522841 113
1757629731493 0.07181548819224169 114
1757629731586 0.04799907256090745 115
1757629731679 0.5025784012753732 116
1757629731772 0.040018949134094046 117
1757629731865 0.017358090166564134 118
1757629731958 0.28183912008895856 119
1757629732051 0.39888046981554576 120
1757629732142 0.1895556429024844 121
1757629732236 0.049815379422723335 122
1757629732330 0.00112999044629583 123
1757629732423 0.017796684607647724 124
1757629732518 0.021574887418484453 125
1757629732613 0.09057060228812816 126
1757629732706 0.006337023833787536 127
1757629732801 0.10728727352494141 128
1757629732894 0.01858787552862745 129
1757629732989 0.04847677355520476 130
1757629733080 0.028183385456591933 131
1757629733174 0.022036183431740342 132
1757629733267 2.6065680917836822e-06 133
1757629733359 0.2969062729485969 134
1757629733452 0.06924406298488961 135
1757629733545 0.004157938085111053 136
1757629733638 0.002787762450074251 137
1757629733732 0.0005508692542983906 138
1757629733826 0.007367998073483999 139
1757629733918 0.054150635656138674 140
1757629734012 3.067003507235832e-05 141
1757629734114 0.21051322876970277 142
1757629734258 0.03779050263854577 143
1757629734361 0.015073863469922722 144
1757629734466 0.0027046386585796805 145
1757629734585 0.008115617049734767 146
1757629734696 0.022840519905441083 147
1757629734807 0.5515415141752137 148
1757629734915 0.08725404726467834 149
1757629735026 0.012230368243735794 150
1757629735125 0.010822020087330528 151
1757629735225 0.0761022005095733 152
1757629735328 0.05961573516345535 153
1757629735475 0.011244011328317842 154
1757629735590 0.009508386144077032 155
1757629735711 0.03975486215857896 156
1757629735834 0.004762272731054845 157
1757629735955 0.006484663508794352 158
1757629736073 0.21585786025412165 159
1757629736193 0.22768850777908137 160
1757629736310 0.019930753585641326 161
1757629736423 0.6249903710132683 162
1757629736557 0.11321274512523231 163
1757629736688 0.038585828714133574 164
1757629736817 0.01679774360987898 165
1757629736951 0.03526872124211527 166
1757629737081 0.002761870785613482 167
1757629737207 0.00429304645923973 168
1757629737321 0.2685929199436729 169
1757629737439 0.0025876901216468043 170
1757629737570 0.0002809985735641917 171
1757629737706 0.003408324726834128 172
1757629737831 0.010505296007529467 173
1757629737958 6.035055535162347e-05 174
1757629738069 0.31101530813862777 175
1757629738191 0.10570933592048802 176
1757629738296 0.02464881549770057 177
1757629738460 0.001657759233760495 178
1757629738566 3.6637323419749676e-05 179
1757629738677 0.00815640452279378 180
1757629738778 0.06723280349330595 181
1757629738874 0.050270341280986966 182
1757629738969 0.2462794515359538 183
1757629739067 0.11590551758805184 184
1757629739162 0.42700839167454013 185
1757629739257 0.20701435745861255 186
1757629739353 0.27294620232520345 187
1757629739530 0.018724200361865707 188
1757629739636 0.07840337281865187 189
1757629739740 0.07348924394350968 190
1757629739837 0.13565427766712995 191
1757629739937 0.030541961808583443 192
1757629740147 0.02303128759617428 193
1757629740278 0.022929787208761005 194
1757629740427 0.0006433214799032009 195
1757629740570 0.002197621501741525 196
1757629740698 0.060672507398063555 197
1757629740810 0.046968021566248436 198
1757629740922 0.27442171732138126 199
1757629741034 0.0006889818962964035 200
1757629741146 0.13641357803541665 201
1757629741266 1.1801553866319998 202
1757629741368 0.08218851567587757 203
1757629741488 0.0045361075144151 204
1757629741607 0.15609518653016877 205
1757629741722 0.04886395026194486 206
1757629741904 0.08555926782181843 207
1757629742266 0.5195730159914287 208
1757629742414 0.057474614652160576 209
1757629742598 0.33898312252482615 210
1757629742753 0.15612174168110757 211
1757629742902 0.41899473516711766 212
1757629743026 0.03630461015359171 213
1757629743149 0.07116587376289775 214
1757629743265 0.001271838641220115 215
1757629743396 1.3401802419600206e-05 216
1757629743518 0.0012011850363139068 217
1757629743639 0.019973204862738493 218
1757629743754 0.04095762744283239 219
1757629743913 0.0700933078866565 220
1757629744043 2.3319175013253733e-10 221
1757629744166 0.0312592569631358 222
1757629744283 0.02547460200094339 223
1757629744408 0.15615110971934934 224
1757629744549 0.25887682582109817 225
1757629744684 0.11298828987971465 226
1757629744811 1.05105223186613e-06 227
1757629744943 0.007450294929395864 228
1757629745065 0.1975420638951466 229
1757629745187 0.06194236053779535 230
1757629745311 0.0025858777840466695 231
1757629745453 0.18939315525793426 232
1757629745581 0.015869673668042563 233
1757629745701 0.6119626605301052 234
1757629745832 0.028555998360974732 235
1757629746040 0.12127711401866928 236
1757629746201 0.015636013667778725 237
1757629746322 0.023759769681740376 238
1757629746443 0.011740672681168397 239
1757629746558 0.004925860452210744 240
1757629746670 0.004706296486344319 241
1757629746784 0.11088381341452207 242
1757629746906 0.24680973284315455 243
1757629747014 0.03905211364686707 244
1757629747124 0.0003466588842780593 245
1757629747232 0.11641948917044204 246
1757629747338 1.404967513831981 247
1757629747445 0.011452447225475936 248
1757629747547 0.15438945764322456 249
1757629747651 0.0008808785984766909 250
1757629747752 0.1586026729390627 251
1757629747854 0.19161869326004966 252
1757629747957 0.11245774633776988 253
1757629748056 0.018980296971284283 254
1757629748158 6.572433636220043e-06 255
1757629748259 0.057799818147856154 256
1757629748363 3.634746486013066e-06 257
1757629748504 0.07208990110837214 258
1757629748610 0.042002342053530255 259
1757629748726 1.0452534720793343 260
1757629748834 0.07369703010599689 261
1757629748937 0.40879819388836647 262
1757629749040 0.23884653300195288 263
1757629749138 0.010102364644261827 264
1757629749242 0.025319363526048428 265
1757629749345 0.21650843906455916 266
1757629749450 0.22411827130113784 267
1757629749552 0.03464710918383125 268
1757629749654 0.14516940237262263 269
1757629749755 0.16660410952256036 270
1757629749856 0.008694468448032781 271
1757629749960 0.2125788797900841 272
1757629750062 0.3305514787223673 273
1757629750174 0.5994504407299929 274
1757629750296 0.033701158576018936 275
1757629750433 0.0024512959555727516 276
1757629750559 0.17040165145731895 277
1757629750674 0.0026081789574608854 278
1757629750796 0.4234349107358249 279
1757629750932 5.824155697578349e-05 280
1757629751074 0.4178128255775308 281
1757629751203 0.0346497010877735 282
1757629751323 0.0011143090025776648 283
1757629751439 0.28737504492045285 284
1757629751550 0.34099377391017605 285
1757629751657 0.04788414042960554 286
1757629751762 0.031489499616264065 287
1757629751869 0.030635156496983618 288
1757629751984 0.0023357027268207527 289
1757629752090 0.08255940083248096 290
1757629752193 0.018641060127035498 291
1757629752295 0.03741245470472885 292
1757629752398 0.05856486613215298 293
1757629752502 0.07069626900011437 294
1757629752607 0.09260252697301198 295
1757629752710 0.002846779120253374 296
1757629752813 0.00011040138146728243 297
1757629752918 0.05104297309431646 298
1757629753029 0.0698012264299972 299
1757629753132 0.32066306284214785 300
1757629753234 0.03138196493133252 301
1757629753337 0.01696228561246103 302
1757629753444 0.4579402121187403 303
1757629753549 0.08876108216931984 304
1757629753653 0.010783495516624308 305
1757629753757 0.005446758215312912 306
1757629753859 0.17581337216468937 307
1757629753960 0.02489840260205439 308
1757629754064 0.009532609974419931 309
1757629754166 0.003737667797900132 310
1757629754277 0.17933761612465993 311
1757629754400 0.01365773640809952 312
1757629754525 0.041924873797345 313
1757629754639 0.13985851018078727 314
1757629754748 0.0171165868666408 315
1757629754855 0.04593346038707597 316
1757629754969 0.5066801497746982 317
1757629755104 0.10332573872760019 318
1757629755231 0.07132013524053349 319
1757629755376 0.0217814991154402 320
1757629755533 0.09031016508675592 321
1757629755660 0.0027733116585231653 322
1757629755787 0.06088892506058027 323
1757629755912 0.16212458766148327 324
1757629756025 0.0022218203450974127 325
1757629756132 0.038006813248853244 326
1757629756240 0.00026804807304588147 327
1757629756353 0.12181630541384827 328
1757629756472 0.0022184276763158946 329
1757629756604 0.5582765673350869 330
1757629756719 0.1660453783019412 331
1757629756835 0.0005734230418901666 332
1757629756963 4.288481546536708e-05 333
1757629757090 0.010523921165087012 334
1757629757217 9.707410090899306e-05 335
1757629757339 0.2338622892630682 336
1757629757467 0.0006316565686083981 337
1757629757589 0.02590610970213196 338
1757629757710 0.011177599906020706 339
1757629757816 0.005957684896595925 340
1757629757935 0.06758525771529611 341
1757629758060 0.19487428405907362 342
1757629758180 0.009551027788825887 343
1757629758291 0.07445629504063205 344
1757629758439 0.02195749682575274 345
1757629758573 0.0729345692702078 346
1757629758700 0.024728622723158872 347
1757629758828 0.03459102330337909 348
1757629758953 0.07490039247566006 349
1757629759075 0.011422822271855572 350
1757629759205 0.003473311201208263 351
1757629759331 0.34512638512210964 352
1757629759459 0.005023225334720319 353
1757629759582 0.052874017616155525 354
1757629759700 0.042322104412732466 355
1757629759822 0.08635028288827405 356
1757629759938 0.2746133384008313 357
1757629760065 0.01809384210116018 358
1757629760178 0.006842985316959591 359
1757629760301 0.1561045925966266 360
1757629760487 0.0063896350306554845 361
1757629760626 0.48099940111368716 362
1757629760759 0.016962628935983517 363
1757629760889 0.41257490823237963 364
1757629761023 0.9575068370390268 365
1757629761156 0.06510797382964068 366
1757629761287 0.11794034245605489 367
1757629761405 0.006895271566272071 368
1757629761522 0.3070138511611433 369
1757629761630 0.15885182707813952 370
1757629761738 0.03843521116703482 371
1757629761844 0.22572591725367758 372
1757629761951 0.06020584982669339 373
1757629762053 0.0018555105167974628 374
1757629762181 0.16382796084876483 375
1757629762282 0.07081026307691922 376
1757629762385 0.02286254157430729 377
1757629762495 0.14355679054857473 378
1757629762597 0.05968420119446708 379
1757629762696 0.13703327532847817 380
1757629762792 0.17111494002731614 381
1757629762946 0.09717614699810424 382
1757629763053 0.06666246702851705 383
1757629763174 0.011806920970590168 384
1757629763308 0.0027920742020351116 385
1757629763434 0.0002934591327594199 386
1757629763557 0.4004569704414004 387
1757629763675 0.0279153601347175 388
1757629763784 0.48559237439298397 389
1757629763889 0.05582384472489982 390
1757629764058 0.1528603046767645 391
1757629764225 0.027438797935395484 392
1757629764343 0.14240001296630628 393
1757629764455 0.03800749313543432 394
1757629764567 0.022867863949097095 395
1757629764681 0.06208543740065102 396
1757629764789 0.00789446103257121 397
1757629764893 0.4118032636216086 398
1757629764992 0.039665297394067364 399
1757629765091 0.054228591855137474 400
1757629765192 0.006829469997387497 401
1757629765299 0.009176116384305206 402
1757629765409 0.0025364600983217222 403
1757629765522 0.005646918375217017 404
1757629765628 0.029978146575650337 405
1757629765729 0.010506769957290205 406
1757629765832 0.12448578817419793 407
1757629765932 0.3092392642054233 408
1757629766032 0.01426076669763926 409
1757629766133 0.31536636713931065 410
1757629766240 0.008855951587830481 411
1757629766340 0.019455033194870956 412
1757629766456 0.3720768695479311 413
1757629766760 0.0048667747364962155 414
1757629766896 0.23236597998149092 415
1757629767008 1.046097211026583e-09 416
1757629767135 0.3361602931513593 417
1757629767270 0.008715378051401088 418
1757629767384 0.3988248349680812 419
1757629767492 0.07163375297327065 420
1757629767600 0.12244591480239196 421
1757629767703 0.00033274429552590664 422
1757629767887 0.008470429693831652 423
1757629767985 0.011788638236744198 424
1757629768082 0.05757697742891087 425
1757629768181 0.011156371661713703 426
1757629768286 0.017223842517436454 427
1757629768406 0.03227963270964713 428
1757629768515 0.025898961513771822 429
1757629768619 0.049405995068312336 430
1757629768720 0.6085695158323282 431
1757629768821 0.07708406043423689 432
1757629768923 0.020117387050903567 433
1757629769024 1.1844617387777197 434
1757629769125 0.00564241057811482 435
1757629769240 0.023864815904092507 436
1757629769357 0.017361518960623157 437
1757629769477 0.13115623832927478 438
1757629769590 2.404834725245799 439
1757629769696 0.05921533442312718 440
1757629769815 0.14414779879636314 441
1757629769943 0.0355172632426999 442
1757629770062 0.014115777784622788 443
1757629770179 8.350588770018492e-06 444
1757629770294 0.5090058307271641 445
1757629770408 0.00012478894528914522 446
1757629770521 0.10354630563009376 447
1757629770625 0.002381217267567608 448
1757629770726 0.029301007766967334 449
1757629770827 0.029377678166876697 450
1757629770928 0.0339857474798771 451
1757629771031 0.05011709544210806 452
1757629771131 1.0362783037019731e-05 453
1757629771232 1.8783945598649265 454
1757629771344 0.24904600113417028 455
1757629771454 0.013386041039539255 456
1757629771556 0.012250294654287217 457
1757629771657 0.027388978680442575 458
1757629771756 0.010822929071851456 459
1757629771854 0.07161120353391086 460
1757629771952 0.6838177713608633 461
1757629772053 0.2716870672229831 462
1757629772171 0.015428171595828022 463
1757629772288 0.003163107279023273 464
1757629772405 0.07261152750489701 465
1757629772523 0.01433494775419069 466
1757629772646 0.02150976551166346 467
1757629772769 0.0030558312582305235 468
1757629772890 0.0007280044313416105 469
1757629772998 1.4966296903282177 470
1757629773100 0.08459393232192425 471
1757629773215 0.0021631562127495145 472
1757629773333 0.10041649017873883 473
1757629773441 0.0024323102689149854 474
1757629773545 0.12160315427624788 475
1757629773647 0.3099568022222837 476
1757629773760 0.07754770287893513 477
1757629773881 0.000494331125230199 478
1757629773998 0.037445621861125676 479
1757629774157 0.09774641824297248 480
1757629774269 6.947139077366851e-05 481
1757629774374 0.01224329675580321 482
1757629774480 0.04289393703727953 483
1757629774605 0.2853568280002361 484
1757629774718 0.00020816929802958985 485
1757629774821 0.026246079335134825 486
1757629774924 0.011037367500096328 487
1757629775028 0.012013528014450627 488
1757629775132 0.04176444395699831 489
1757629775251 0.3054271418854953 490
1757629775358 0.13836039586854776 491
1757629775482 0.009492703326275512 492
1757629775587 8.998285535776844e-06 493
1757629775707 0.0016956269978761816 494
1757629775817 0.010812290395491642 495
1757629775920 0.2029473068345388 496
1757629776036 0.0023770493207132867 497
1757629776159 0.21343899038310904 498
1757629776280 0.04904531969609342 499
