1757648748155 169.17813275916612 0
1757648748217 169.14429351564561 1
1757648748275 169.0935718574436 2
1757648748342 169.0344215734663 3
1757648748401 168.97107026655806 4
1757648748460 168.9056319113944 5
1757648748518 168.83916353465557 6
1757648748576 168.77219365549712 7
1757648748633 168.70498653091033 8
1757648748690 168.63767428469518 9
1757648748750 168.57032297352563 10
1757648748807 168.502965620379 11
1757648748865 168.43561873135167 12
1757648748927 168.36829055409208 13
1757648748985 168.30098520702447 14
1757648749043 168.23370474396216 15
1757648749101 168.1664501864151 16
1757648749158 168.09922203974344 17
1757648749217 168.03202055123458 18
1757648749273 167.9648458391418 19
1757648749331 167.89769795720332 20
1757648749390 167.83057692690213 21
1757648749463 167.76348275359564 22
1757648749574 167.6964154345807 23
1757648749640 167.62937496312605 24
1757648749706 167.56236133048844 25
1757648749768 167.4953745269209 26
1757648749833 167.42841454217668 27
1757648749892 167.36148136576134 28
1757648749950 167.29457498705872 29
1757648750008 167.22769539539394 30
1757648750069 167.16084258006492 31
1757648750126 167.0940165303582 32
1757648750185 167.0272172355567 33
1757648750244 166.96044468494367 34
1757648750303 166.8936988678048 35
1757648750369 166.82697977342897 36
1757648750430 166.7602873911089 37
1757648750487 166.6936217101415 38
1757648750546 166.62698271982754 39
1757648750606 166.56037040947243 40
1757648750664 166.49378476838547 41
1757648750723 166.4272257858804 42
1757648750781 166.36069345127527 43
1757648750840 166.29418775389232 44
1757648750939 166.22770868305813 45
1757648750999 166.16125622810355 46
1757648751060 166.09483037836372 47
1757648751121 166.02843112317797 48
1757648751179 165.96205845189013 49
1757648751238 165.89571235384798 50
1757648751296 165.82939281840387 51
1757648751355 165.76309983491424 52
1757648751413 165.69683339273985 53
1757648751471 165.63059348124574 54
1757648751530 165.56438008980126 55
1757648751589 165.49819320777993 56
1757648751649 165.4320328245596 57
1757648751708 165.36589892952233 58
1757648751767 165.2997915120545 59
1757648751825 165.2337105615467 60
1757648751883 165.16765606739378 61
1757648751941 165.10162801899486 62
1757648752001 165.03562640575336 63
1757648752058 164.96965121707683 64
1757648752115 164.90370244237712 65
1757648752175 164.83778007107043 66
1757648752233 164.7718840925771 67
1757648752290 164.7060144963217 68
1757648752348 164.64017127173307 69
1757648752412 164.57435440824432 70
1757648752473 164.5085638952928 71
1757648752534 164.44279972232002 72
1757648752601 164.37706187877183 73
1757648752662 164.31135035409824 74
1757648752722 164.24566513775346 75
1757648752783 164.1800062191961 76
1757648752843 164.11437358788876 77
1757648752901 164.0487672332985 78
1757648752961 163.98318714489642 79
1757648753020 163.91763331215793 80
1757648753078 163.85210572456265 81
1757648753136 163.78660437159445 82
1757648753194 163.72112924274137 83
1757648753254 163.6556803274957 84
1757648753311 163.5902576153539 85
1757648753369 163.5248610958167 86
1757648753430 163.45949075838897 87
1757648753489 163.39414659257992 88
1757648753547 163.32882858790276 89
1757648753606 163.26353673387516 90
1757648753665 163.19827102001875 91
1757648753724 163.13303143585958 92
1757648753781 163.0678179709277 93
1757648753840 163.00263061475755 94
1757648753899 162.93746935688768 95
1757648753956 162.87233418686068 96
1757648754014 162.80722509422367 97
1757648754074 162.7421420685277 98
1757648754132 162.6770850993281 99
1757648754190 162.6120541761844 100
1757648754250 162.54704928866025 101
1757648754309 162.4820704263236 102
1757648754367 162.41711757874643 103
1757648754426 162.3521907355051 104
1757648754505 162.28728988618 105
1757648754569 162.22241502035575 106
1757648754629 162.15756612762112 107
1757648754689 162.0927431975691 108
1757648754751 162.02794621979683 109
1757648754812 161.9631751839056 110
1757648754875 161.89843007950097 111
1757648754944 161.8337108961925 112
1757648755004 161.76901762359407 113
1757648755066 161.70435025132366 114
1757648755126 161.63970876900348 115
1757648755186 161.57509316625973 116
1757648755246 161.510503432723 117
1757648755306 161.44593955802785 118
1757648755367 161.3814015318131 119
1757648755428 161.31688934372175 120
1757648755489 161.25240298340088 121
1757648755551 161.1879424405017 122
1757648755611 161.1235077046797 123
1757648755671 161.05909876559437 124
1757648755732 160.99471561290946 125
1757648755792 160.93035823629282 126
1757648755852 160.8660266254164 127
1757648755912 160.8017207699564 128
1757648755973 160.7374406595931 129
1757648756033 160.67318628401088 130
1757648756091 160.60895763289832 131
1757648756150 160.54475469594817 132
1757648756210 160.48057746285718 133
1757648756270 160.4164259233264 134
1757648756330 160.35230006706078 135
1757648756389 160.2881998837697 136
1757648756448 160.22412536316645 137
1757648756514 160.16007649496845 138
1757648756575 160.09605326889738 139
1757648756636 160.03205567467893 140
1757648756694 159.96808370204297 141
1757648756754 159.90413734072348 142
1757648756813 159.84021658045847 143
1757648756873 159.7763214109902 144
1757648756934 159.71245182206496 145
1757648756994 159.6486078034332 146
1757648757055 159.58478934484947 147
1757648757114 159.52099643607235 148
1757648757172 159.4572290668647 149
1757648757233 159.39348722699324 150
1757648757293 159.3297709062291 151
1757648757352 159.26608009434725 152
1757648757413 159.2024147811269 153
1757648757474 159.13877495635126 154
1757648757534 159.0751606098078 155
1757648757594 159.0115717312879 156
1757648757655 158.94800831058714 157
1757648757714 158.8844703375052 158
1757648757774 158.82095780184582 159
1757648757833 158.75747069341682 160
1757648757894 158.6940090020301 161
1757648757954 158.63057271750174 162
1757648758022 158.56716182965178 163
1757648758083 158.50377632830438 164
1757648758142 158.44041620328792 165
1757648758201 158.3770814444346 166
1757648758262 158.3137720415809 167
1757648758332 158.2504879845673 168
1757648758472 158.18722926323835 169
1757648758548 158.12399586744277 170
1757648758616 158.0607877870332 171
1757648758680 157.99760501186645 172
1757648758742 157.9344475318034 173
1757648758803 157.8713153367089 174
1757648758864 157.80820841645203 175
1757648758925 157.74512676090578 176
1757648758987 157.68207035994726 177
1757648759050 157.61903920345767 178
1757648759111 157.55603328132227 179
1757648759173 157.49305258343028 180
1757648759235 157.43009709967504 181
1757648759297 157.367166819954 182
1757648759359 157.3042617341686 183
1757648759421 157.2413818322243 184
1757648759493 157.17852710403068 185
1757648759563 157.11569753950135 186
1757648759625 157.05289312855396 187
1757648759687 156.99011386111013 188
1757648759753 156.9273597270957 189
1757648759816 156.8646307164403 190
1757648759879 156.8019268190779 191
1757648759948 156.7392480249462 192
1757648760011 156.67659432398713 193
1757648760076 156.61396570614664 194
1757648760138 156.5513621613747 195
1757648760202 156.4887836796252 196
1757648760266 156.4262302508562 197
1757648760329 156.36370186502975 198
1757648760390 156.30119851211197 199
1757648760454 156.2387201820728 200
1757648760516 156.17626686488646 201
1757648760588 156.11383855053109 202
1757648760650 156.0514352289888 203
1757648760712 155.98905689024576 204
1757648760774 155.9267035242922 205
1757648760837 155.86437512112226 206
1757648760899 155.80207167073425 207
1757648760961 155.7397931631303 208
1757648761021 155.6775395883167 209
1757648761081 155.61531093630373 210
1757648761147 155.55310719710556 211
1757648761211 155.4909283607405 212
1757648761275 155.4287744172308 213
1757648761337 155.36664535660276 214
1757648761400 155.3045411688866 215
1757648761463 155.2424618441166 216
1757648761524 155.18040737233105 217
1757648761587 155.11837774357215 218
1757648761648 155.05637294788616 219
1757648761708 154.9943929753234 220
1757648761771 154.93243781593802 221
1757648761849 154.87050745978829 222
1757648761913 154.8086018969364 223
1757648761974 154.74672111744857 224
1757648762036 154.68486511139494 225
1757648762098 154.62303386884972 226
1757648762159 154.56122737989102 227
1757648762222 154.499445634601 228
1757648762283 154.43768862306575 229
1757648762344 154.3759563353753 230
1757648762407 154.3142487616238 231
1757648762469 154.2525658919092 232
1757648762530 154.19090771633356 233
1757648762596 154.12927422500283 234
1757648762660 154.0676654080269 235
1757648762723 154.00608125551975 236
1757648762786 153.94452175759918 237
1757648762849 153.88298690438705 238
1757648762911 153.82147668600922 239
1757648762972 153.75999109259536 240
1757648763035 153.69853011427924 241
1757648763098 153.63709374119847 242
1757648763159 153.57568196349473 243
1757648763221 153.51429477131362 244
1757648763284 153.4529321548046 245
1757648763345 153.39159410412125 246
1757648763407 153.33028060942092 247
1757648763470 153.26899166086508 248
1757648763532 153.207727248619 249
1757648763592 153.14648736285196 250
1757648763654 153.0852719937372 251
1757648763718 153.02408113145182 252
1757648763780 152.962914766177 253
1757648763841 152.90177288809772 254
1757648763905 152.84065548740298 255
1757648763967 152.7795625542857 256
1757648764029 152.7184940789427 257
1757648764092 152.65745005157476 258
1757648764155 152.59643046238656 259
1757648764216 152.53543530158677 260
1757648764278 152.4744645593879 261
1757648764341 152.41351822600657 262
1757648764403 152.352596291663 263
1757648764470 152.29169874658166 264
1757648764555 152.23082558099077 265
1757648764713 152.1699767851225 266
1757648764783 152.10915234921288 267
1757648764852 152.048352263502 268
1757648764936 151.98757651823377 269
1757648765005 151.92682510365597 270
1757648765074 151.8660980100204 271
1757648765141 151.80539522758272 272
1757648765206 151.74471674660248 273
1757648765270 151.68406255734314 274
1757648765335 151.6234326500721 275
1757648765399 151.56282701506058 276
1757648765464 151.5022456425838 277
1757648765528 151.44168852292088 278
1757648765594 151.38115564635476 279
1757648765658 151.32064700317233 280
1757648765723 151.26016258366437 281
1757648765788 151.19970237812552 282
1757648765869 151.13926637685438 283
1757648765936 151.07885457015337 284
1757648766006 151.01846694832886 285
1757648766071 150.95810350169108 286
1757648766136 150.8977642205541 287
1757648766200 150.837449095236 288
1757648766273 150.7771581160586 289
1757648766340 150.71689127334764 290
1757648766405 150.65664855743285 291
1757648766471 150.59642995864772 292
1757648766536 150.53623546732965 293
1757648766600 150.4760650738199 294
1757648766663 150.4159187684637 295
1757648766733 150.35579654160995 296
1757648766801 150.29569838361164 297
1757648766866 150.2356242848255 298
1757648766932 150.17557423561217 299
1757648766998 150.11554822633613 300
1757648767063 150.05554624736575 301
1757648767128 149.99556828907325 302
1757648767194 149.93561434183476 303
1757648767258 149.8756843960302 304
1757648767323 149.81577844204335 305
1757648767389 149.7558964702619 306
1757648767455 149.69603847107734 307
1757648767520 149.63620443488506 308
1757648767585 149.57639435208432 309
1757648767649 149.51660821307814 310
1757648767712 149.4568460082735 311
1757648767777 149.3971077280811 312
1757648767881 149.33739336291555 313
1757648767943 149.27770290319543 314
1757648768005 149.21803633934294 315
1757648768069 149.15839366178426 316
1757648768132 149.09877486094936 317
1757648768196 149.0391799272721 318
1757648768261 148.97960885119005 319
1757648768325 148.92006162314485 320
1757648768390 148.8605382335817 321
1757648768455 148.80103867294986 322
1757648768520 148.74156293170222 323
1757648768585 148.68211100029572 324
1757648768650 148.6226828691909 325
1757648768713 148.56327852885227 326
1757648768782 148.50389796974818 327
1757648768849 148.44454118235066 328
1757648768915 148.38520815713574 329
1757648768980 148.32589888458318 330
1757648769044 148.2666133551765 331
1757648769109 148.20735155940312 332
1757648769173 148.1481134877543 333
1757648769237 148.08889913072503 334
1757648769304 148.02970847881414 335
1757648769366 147.9705415225243 336
1757648769430 147.91139825236195 337
1757648769511 147.8522786588374 338
1757648769582 147.79318273246466 339
1757648769648 147.73411046376165 340
1757648769714 147.67506184325006 341
1757648769780 147.61603686145537 342
1757648769846 147.5570355089068 343
1757648769912 147.49805777613753 344
1757648769978 147.43910365368436 345
1757648770043 147.38017313208798 346
1757648770111 147.32126620189288 347
1757648770178 147.2623828536473 348
1757648770247 147.2035230779033 349
1757648770313 147.14468686521676 350
1757648770377 147.0858742061472 351
1757648770442 147.0270850912581 352
1757648770512 146.96831951111668 353
1757648770581 146.9095774562939 354
1757648770644 146.8508589173645 355
1757648770709 146.79216388490704 356
1757648770777 146.73349234950385 357
1757648770849 146.67484430174102 358
1757648770916 146.61621973220846 359
1757648770982 146.5576186314997 360
1757648771048 146.49904099021234 361
1757648771113 146.44048679894746 362
1757648771178 146.38195604831 363
1757648771242 146.32344872890874 364
1757648771306 146.2649648313562 365
1757648771376 146.20650434626856 366
1757648771440 146.14806726426593 367
1757648771505 146.08965357597205 368
1757648771571 146.03126327201446 369
1757648771637 145.9728963430245 370
1757648771703 145.91455277963723 371
1757648771769 145.85623257249145 372
1757648771836 145.7979357122297 373
1757648771903 145.73966218949838 374
1757648771969 145.68141199494752 375
1757648772036 145.62318511923098 376
1757648772102 145.56498155300633 377
1757648772167 145.5068012869349 378
1757648772232 145.44864431168168 379
1757648772298 145.3905106179156 380
1757648772363 145.33240019630912 381
1757648772432 145.27431303753863 382
1757648772498 145.21624913228405 383
1757648772562 145.15820847122927 384
1757648772627 145.1001910450617 385
1757648772694 145.04219684447267 386
1757648772758 144.9842258601571 387
1757648772828 144.92627808281375 388
1757648772896 144.868353503145 389
1757648772964 144.81045211185702 390
1757648773031 144.75257389965972 391
1757648773098 144.69471885726682 392
1757648773163 144.63688697539553 393
1757648773228 144.57907824476703 394
1757648773295 144.521292656106 395
1757648773361 144.463530200141 396
1757648773427 144.4057908676043 397
1757648773494 144.3480746492318 398
1757648773560 144.29038153576315 399
1757648773626 144.23271151794177 400
1757648773692 144.17506458651474 401
1757648773758 144.11744073223284 402
1757648773823 144.05983994585057 403
1757648773890 144.00226221812616 404
1757648773957 143.94470753982154 405
1757648774022 143.88717590170236 406
1757648774087 143.82966729453784 407
1757648774154 143.7721817091012 408
1757648774221 143.71471913616898 409
1757648774286 143.6572795665218 410
1757648774353 143.59986299094365 411
1757648774419 143.54246940022242 412
1757648774494 143.48509878514957 413
1757648774570 143.42775113652038 414
1757648774639 143.37042644513375 415
1757648774707 143.31312470179225 416
1757648774774 143.25584589730212 417
1757648774842 143.19859002247344 418
1757648774929 143.14135706811982 419
1757648774997 143.08414702505854 420
1757648775065 143.02695988411074 421
1757648775133 142.96979563610105 422
1757648775201 142.91265427185786 423
1757648775270 142.85553578221328 424
1757648775340 142.79844015800302 425
1757648775408 142.74136739006644 426
1757648775475 142.68431746924674 427
1757648775544 142.62729038639057 428
1757648775613 142.57028613234846 429
1757648775681 142.51330469797443 430
1757648775748 142.45634607412634 431
1757648775816 142.39941025166553 432
1757648775881 142.3424972214572 433
1757648775950 142.28560697437 434
1757648776017 142.2287395012765 435
1757648776084 142.17189479305267 436
1757648776150 142.11507284057834 437
1757648776217 142.05827363473682 438
1757648776284 142.00149716641528 439
1757648776350 141.94474342650437 440
1757648776417 141.88801240589842 441
1757648776484 141.83130409549554 442
1757648776551 141.7746184861974 443
1757648776618 141.71795556890925 444
1757648776685 141.6613153345401 445
1757648776752 141.60469777400257 446
1757648776819 141.5481028782129 447
1757648776887 141.49153063809095 448
1757648776961 141.4349810445604 449
1757648777029 141.37845408854827 450
1757648777099 141.32194976098552 451
1757648777166 141.26546805280645 452
1757648777232 141.20900895494933 453
1757648777300 141.1525724583558 454
1757648777367 141.09615855397118 455
1757648777435 141.03976723274454 456
1757648777505 140.98339848562847 457
1757648777571 140.92705230357922 458
1757648777637 140.87072867755666 459
1757648777706 140.81442759852436 460
1757648777773 140.75814905744932 461
1757648777839 140.7018930453024 462
1757648777908 140.64565955305792 463
1757648777975 140.58944857169388 464
1757648778044 140.53326009219194 465
1757648778112 140.4770941055372 466
1757648778179 140.42095060271862 467
1757648778246 140.36482957472865 468
1757648778313 140.30873101256327 469
1757648778381 140.25265490722222 470
1757648778450 140.1966012497088 471
1757648778519 140.14057003102988 472
1757648778586 140.08456124219592 473
1757648778653 140.02857487422114 474
1757648778721 139.97261091812314 475
1757648778788 139.9166693649233 476
1757648778855 139.86075020564653 477
1757648778925 139.80485343132128 478
1757648778999 139.74897903297975 479
1757648779070 139.6931270016576 480
1757648779137 139.6372973283941 481
1757648779206 139.58149000423222 482
1757648779273 139.52570502021845 483
1757648779340 139.46994236740275 484
1757648779409 139.41420203683896 485
1757648779483 139.3584840195842 486
1757648779562 139.3027883066994 487
1757648779632 139.2471148892489 488
1757648779703 139.19146375830078 489
1757648779772 139.13583490492664 490
1757648779842 139.08022832020163 491
1757648779911 139.02464399520449 492
1757648779981 138.96908192101756 493
1757648780051 138.91354208872676 494
1757648780119 138.85802448942158 495
1757648780186 138.80252911419504 496
1757648780255 138.7470559541438 497
1757648780322 138.691605000368 498
1757648780390 138.63617624397153 499
