1757630643887 32.970633034447324 0
1757630643935 6.528263028387787 1
1757630643982 1.0346235053550172 2
1757630644028 0.3496765168175214 3
1757630644082 0.17949667569512012 4
1757630644129 0.12564086896242607 5
1757630644176 0.1264729953112776 6
1757630644222 0.19376839018938072 7
1757630644267 0.1024914070826745 8
1757630644312 0.08884098590859563 9
1757630644356 0.11130321693099819 10
1757630644402 0.1146582226824294 11
1757630644448 0.13477873873839535 12
1757630644494 0.08055616950600616 13
1757630644539 0.13495909068817397 14
1757630644585 0.0985602459597457 15
1757630644632 0.10358992626488771 16
1757630644678 0.10433478677805005 17
1757630644728 0.06880407606023206 18
1757630644774 0.15102730323137684 19
1757630644822 0.07186782449365295 20
1757630644869 0.1618185220772465 21
1757630644916 0.09063226694354104 22
1757630644962 0.14955368674450703 23
1757630645014 0.13403294311337158 24
1757630645067 0.15561724112365286 25
1757630645123 0.10315429861158477 26
1757630645180 0.1495466933985721 27
1757630645236 0.12847845138549233 28
1757630645287 0.10400229873930285 29
1757630645336 0.11817027526257834 30
1757630645386 0.12285765964344567 31
1757630645436 0.1209120882222102 32
1757630645487 0.09459820277281945 33
1757630645552 0.15377770351335485 34
1757630645607 0.15190058855755495 35
1757630645657 0.10987058752148397 36
1757630645708 0.08123539730052891 37
1757630645757 0.09503000638028726 38
1757630645815 0.09770783344429132 39
1757630645868 0.07900260681079242 40
1757630645920 0.08984324399310852 41
1757630645972 0.18799302137684373 42
1757630646045 0.10762653115433073 43
1757630646102 0.09742028734269119 44
1757630646159 0.11406409501530136 45
1757630646214 0.15577756982742488 46
1757630646264 0.11816368766941264 47
1757630646316 0.06936715326394573 48
1757630646365 0.11756831696054561 49
1757630646415 0.09209381317404419 50
1757630646464 0.14120045471507248 51
1757630646516 0.13080949379964968 52
1757630646566 0.09078130675190535 53
1757630646622 0.09943479253696644 54
1757630646675 0.1906463730254103 55
1757630646726 0.10731849257413942 56
1757630646776 0.07770794992435194 57
1757630646826 0.1160897644375135 58
1757630646879 0.13164590860335895 59
1757630646931 0.13427576106486694 60
1757630646980 0.12790909080353832 61
1757630647039 0.12268464871936033 62
1757630647089 0.11501810870601951 63
1757630647145 0.13970339816718189 64
1757630647195 0.09602911226604759 65
1757630647245 0.10882170108671471 66
1757630647295 0.11631455133359418 67
1757630647346 0.11144225144188015 68
1757630647397 0.15929734517872027 69
1757630647448 0.1199923051102209 70
1757630647501 0.185935689267825 71
1757630647552 0.13053137706367068 72
1757630647605 0.1267712370405424 73
1757630647659 0.09955878025082017 74
1757630647710 0.1595314200343073 75
1757630647764 0.06730871290839634 76
1757630647813 0.11397850844164724 77
1757630647865 0.09572278207908054 78
1757630647915 0.09794767005572831 79
1757630647968 0.2148114818164782 80
1757630648020 0.1315613598760954 81
1757630648072 0.16356939703040965 82
1757630648126 0.13616725583787367 83
1757630648181 0.1345206480513313 84
1757630648233 0.18277911709007524 85
1757630648283 0.10659992361448468 86
1757630648337 0.08809516990263981 87
1757630648388 0.1523150120714622 88
1757630648440 0.08723582332493392 89
1757630648490 0.13183828477031742 90
1757630648540 0.06711563094299403 91
1757630648605 0.11608806112114094 92
1757630648665 0.14471408929391644 93
1757630648720 0.09294242096894335 94
1757630648772 0.07623161791743777 95
1757630648826 0.09655925067268437 96
1757630648876 0.10430913184843653 97
1757630648928 0.09209650245519845 98
1757630648978 0.09847558897087227 99
1757630649039 0.0896930719285772 100
1757630649091 0.1561204046560632 101
1757630649148 0.09363522329216531 102
1757630649201 0.19065862587438556 103
1757630649253 0.11298638663444259 104
1757630649304 0.1264036413594202 105
1757630649356 0.15628668179552602 106
1757630649408 0.14777583834777727 107
1757630649460 0.1277983659078093 108
1757630649512 0.09172415744839861 109
1757630649566 0.13625007760911345 110
1757630649617 0.12687047053796716 111
1757630649672 0.04622044668605171 112
1757630649724 0.15114930970962143 113
1757630649776 0.1677527880456214 114
1757630649827 0.1300213910930593 115
1757630649879 0.11547857411311048 116
1757630649932 0.13508183608158986 117
1757630649985 0.10876532838627778 118
1757630650039 0.0700112518797843 119
1757630650091 0.13153789764627855 120
1757630650145 0.11495347708928723 121
1757630650203 0.0982307654452597 122
1757630650258 0.07635046261751685 123
1757630650311 0.1107693728062354 124
1757630650363 0.10066908950440216 125
1757630650414 0.11347784305921972 126
1757630650465 0.14611635215342988 127
1757630650534 0.1324378267739415 128
1757630650596 0.143402829970863 129
1757630650652 0.08933947624284563 130
1757630650705 0.16452008622335088 131
1757630650757 0.15327250051187385 132
1757630650810 0.05655397973806407 133
1757630650862 0.17988736170247546 134
1757630650915 0.16854805769445697 135
1757630650969 0.11525617544166859 136
1757630651022 0.12135439959220701 137
1757630651074 0.08126280617912988 138
1757630651127 0.23974806091866277 139
1757630651182 0.2239186143738316 140
1757630651235 0.11983773076128536 141
1757630651288 0.12147158667156681 142
1757630651343 0.15764562332232224 143
1757630651395 0.05330190261176702 144
1757630651449 0.14463480475417786 145
1757630651501 0.1106253528480807 146
1757630651553 0.10409587377957168 147
1757630651608 0.1532520206116962 148
1757630651662 0.1809320692143448 149
1757630651715 0.08542714044248699 150
1757630651770 0.09789446842556092 151
1757630651829 0.07196496682318129 152
1757630651880 0.13577053318139315 153
1757630651932 0.3178554480399416 154
1757630651984 0.12131083044110094 155
1757630652037 0.07940747289902954 156
1757630652088 0.06767657870761241 157
1757630652142 0.06853869344036992 158
1757630652201 0.1055741651018398 159
1757630652257 0.09040716015166543 160
1757630652316 0.1034517716976165 161
1757630652370 0.06371024481361443 162
1757630652423 0.10512838760263657 163
1757630652476 0.096927055807134 164
1757630652533 0.2016412304816337 165
1757630652585 0.11480743872105435 166
1757630652638 0.12405766117085733 167
1757630652693 0.11332819977497856 168
1757630652744 0.1993008512981367 169
1757630652795 0.1434952827556428 170
1757630652852 0.1703046679017783 171
1757630652910 0.13274933277362214 172
1757630652963 0.11500595038063154 173
1757630653018 0.08867129865584564 174
1757630653135 0.11163663583949604 175
1757630653198 0.07980490088454689 176
1757630653252 0.2123429971318781 177
1757630653307 0.1256050946452261 178
1757630653361 0.06940093908878014 179
1757630653415 0.1183991520359851 180
1757630653470 0.12866903481120054 181
1757630653526 0.08299014382233225 182
1757630653580 0.134416069492674 183
1757630653635 0.13699638310386145 184
1757630653690 0.16393371021257486 185
1757630653745 0.0974688062810788 186
1757630653800 0.2053552910617868 187
1757630653856 0.06427721599729826 188
1757630653910 0.10560670103982754 189
1757630653963 0.12010711316055409 190
1757630654018 0.16368627785435635 191
1757630654086 0.18187207025660965 192
1757630654157 0.10870676884096857 193
1757630654391 0.18959588206705646 194
1757630654453 0.08305302215374834 195
1757630654515 0.16830717299285167 196
1757630654575 0.09119341178471735 197
1757630654641 0.1634832835342028 198
1757630654698 0.14194050669590913 199
1757630654756 0.12366243302924394 200
1757630654813 0.10949232094931005 201
1757630654869 0.09493977775616445 202
1757630654924 0.08127917078832728 203
1757630654979 0.16575112428509686 204
1757630655034 0.11374994330430935 205
1757630655089 0.0828786921915749 206
1757630655145 0.1590243364278197 207
1757630655199 0.09427165745033515 208
1757630655254 0.16122688503235683 209
1757630655309 0.08307251017508782 210
1757630655363 0.1034366836245248 211
1757630655418 0.1986264160730254 212
1757630655472 0.12752900078975968 213
1757630655541 0.11538903552154793 214
1757630655607 0.11975645907365556 215
1757630655665 0.14326806660665536 216
1757630655723 0.1594751654049326 217
1757630655777 0.09313406764909876 218
1757630655832 0.09174530248449486 219
1757630655887 0.1939760736709837 220
1757630655941 0.10746545316791645 221
1757630655993 0.09367149697745807 222
1757630656048 0.10045181830588737 223
1757630656103 0.1003166134304846 224
1757630656160 0.06962231401972979 225
1757630656215 0.10032785842722444 226
1757630656270 0.09308457488430602 227
1757630656324 0.1611505977715478 228
1757630656381 0.11161156322133407 229
1757630656440 0.17347762002082756 230
1757630656495 0.08784180039121287 231
1757630656549 0.11451034287745145 232
1757630656605 0.2577297034461717 233
1757630656662 0.08092032767147336 234
1757630656717 0.16227448552620252 235
1757630656772 0.0619129461292566 236
1757630656827 0.058718162637590776 237
1757630656882 0.10163719968949679 238
1757630656937 0.14643602625147364 239
1757630656992 0.10546119282180992 240
1757630657049 0.14229800262508555 241
1757630657103 0.1459398992112544 242
1757630657158 0.0794717586859647 243
1757630657213 0.0756880791923936 244
1757630657265 0.14289254940015536 245
1757630657319 0.10399995177449592 246
1757630657374 0.07992739129387963 247
1757630657430 0.09784580572599895 248
1757630657482 0.06503411073900267 249
1757630657537 0.1326638116889782 250
1757630657590 0.10429158703446659 251
1757630657645 0.16135576342261376 252
1757630657699 0.13550326641816632 253
1757630657752 0.07609685450238997 254
1757630657806 0.10777289049004453 255
1757630657862 0.20445566939832172 256
1757630657917 0.1008049268203662 257
1757630657971 0.12414649627834777 258
1757630658027 0.14147473513955514 259
1757630658081 0.15310671510966 260
1757630658134 0.09253683816904211 261
1757630658187 0.1201804347014162 262
1757630658241 0.15213866145337815 263
1757630658294 0.07436478036301795 264
1757630658350 0.11764127088255243 265
1757630658408 0.11631514295380004 266
1757630658473 0.21155260441074933 267
1757630658530 0.1208474906509555 268
1757630658589 0.1755327528733597 269
1757630658691 0.09711670195361613 270
1757630658747 0.078734572308759 271
1757630658803 0.08075579636992283 272
1757630658859 0.07297616529759529 273
1757630658913 0.10957445830352745 274
1757630658969 0.21071119370252483 275
1757630659028 0.1279955918514979 276
1757630659084 0.10079633083075956 277
1757630659141 0.15876265990561833 278
1757630659198 0.1013050293449645 279
1757630659255 0.20919457590061305 280
1757630659311 0.18453729789280054 281
1757630659368 0.07286868115822215 282
1757630659424 0.06141797470571493 283
1757630659479 0.14504588841454544 284
1757630659536 0.10101679430929271 285
1757630659591 0.13879512019304066 286
1757630659650 0.0815985226190523 287
1757630659707 0.16175783073573488 288
1757630659763 0.0639382758011445 289
1757630659819 0.14967588891286587 290
1757630659874 0.16340667035702278 291
1757630659929 0.11599761841656245 292
1757630659986 0.09274954212551097 293
1757630660044 0.1166126132707486 294
1757630660101 0.09319319623764034 295
1757630660157 0.07363627852452842 296
1757630660213 0.21564504463474948 297
1757630660268 0.166754730100633 298
1757630660322 0.07527939365929132 299
1757630660376 0.08314819464748711 300
1757630660432 0.10382317305050914 301
1757630660501 0.08650791625082165 302
1757630660574 0.09361808454242139 303
1757630660632 0.14311087197729092 304
1757630660689 0.11841174316879023 305
1757630660747 0.11753465654024495 306
1757630660807 0.12005659678338303 307
1757630660864 0.19007482809535625 308
1757630660921 0.11597039983865827 309
1757630660977 0.16119370840284025 310
1757630661034 0.13337049746509577 311
1757630661091 0.10276678863932992 312
1757630661148 0.11889841026253987 313
1757630661209 0.09159648239627953 314
1757630661265 0.12243993427698145 315
1757630661322 0.10183797634536211 316
1757630661378 0.12300149495208078 317
1757630661436 0.1375803575038505 318
1757630661499 0.13280730156381165 319
1757630661557 0.16678555406413118 320
1757630661617 0.07709799551308652 321
1757630661674 0.08189378728973012 322
1757630661736 0.16202847068635676 323
1757630661792 0.06920470886190164 324
1757630661851 0.14686820696755729 325
1757630661908 0.17506152024196475 326
1757630661966 0.21300968720734503 327
1757630662074 0.08695677881883307 328
1757630662146 0.13729855326841128 329
1757630662203 0.09303995937398951 330
1757630662262 0.12713608218596859 331
1757630662319 0.17231158178581868 332
1757630662376 0.137169088580355 333
1757630662434 0.12052350502243375 334
1757630662493 0.09573844020143706 335
1757630662559 0.03364266910254104 336
1757630662617 0.1469472616163148 337
1757630662675 0.12347483929816884 338
1757630662733 0.14162053784720854 339
1757630662791 0.13899763119159622 340
1757630662848 0.13138867582699998 341
1757630662906 0.18013979922658072 342
1757630662963 0.07423306298318276 343
1757630663022 0.15724687064885495 344
1757630663080 0.13560650785520337 345
1757630663138 0.13207438116957004 346
1757630663195 0.16767860179698543 347
1757630663254 0.09079444241186942 348
1757630663312 0.07757858893455744 349
1757630663369 0.17016474570709147 350
1757630663427 0.07019648059449059 351
1757630663485 0.18700778614989705 352
1757630663544 0.08558275000343801 353
1757630663602 0.21173197152817685 354
1757630663662 0.16102919269838417 355
1757630663720 0.09738171665689341 356
1757630663778 0.1605625557704703 357
1757630663841 0.09653999459486247 358
1757630663901 0.09891544222730697 359
1757630663959 0.11811017356992179 360
1757630664017 0.13803682935232042 361
1757630664075 0.10846168176598332 362
1757630664133 0.1007532604754073 363
1757630664191 0.09032562411356646 364
1757630664246 0.16110652036922846 365
1757630664302 0.11743184425021289 366
1757630664361 0.12560875071174646 367
1757630664418 0.10118632139631412 368
1757630664475 0.20193278430197825 369
1757630664539 0.12044479300128849 370
1757630664600 0.12850654445273102 371
1757630664661 0.10000512932884552 372
1757630664719 0.13381892982809504 373
1757630664779 0.11748315214929736 374
1757630664841 0.10933151829989773 375
1757630664899 0.11540237098268959 376
1757630664958 0.18695644515156415 377
1757630665017 0.0859321619146 378
1757630665075 0.19337202598395678 379
1757630665134 0.1299628476205951 380
1757630665193 0.17085171398910692 381
1757630665249 0.11153777153755477 382
1757630665306 0.13434052565904817 383
1757630665364 0.1408713711894315 384
1757630665422 0.09785566962251692 385
1757630665480 0.13702790361502554 386
1757630665556 0.13844242847914143 387
1757630665621 0.1034160047624696 388
1757630665680 0.11591912873238118 389
