1757641577571 169.35337134490706 0
1757641577623 169.01367422288462 1
1757641577674 168.50511068115256 2
1757641577725 167.91338148009424 3
1757641577773 167.28140458103684 4
1757641577826 166.63065185194398 5
1757641577874 165.97185838548054 6
1757641577922 165.3103874489828 7
1757641577974 164.64891554663524 8
1757641578038 163.9887756019637 9
1757641578088 163.3306287135548 10
1757641578141 162.67480007464982 11
1757641578188 162.0214469436093 12
1757641578235 161.37064263188708 13
1757641578281 160.7224184987044 14
1757641578330 160.07678494852598 15
1757641578380 159.43374192978456 16
1757641578427 158.79328418418223 17
1757641578473 158.15540387126507 18
1757641578525 157.52009188062902 19
1757641578575 156.88733848793873 20
1757641578623 156.2571336828524 21
1757641578678 155.6294673328992 22
1757641578737 155.00432926533335 23
1757641578799 154.3817093079764 24
1757641578856 153.7615973095542 25
1757641578904 153.14398314978126 26
1757641578953 152.52885674431954 27
1757641579005 151.91620804717402 28
1757641579057 151.30602705180806 29
1757641579108 150.69830379161803 30
1757641579156 150.09302834008852 31
1757641579205 149.4901908107878 32
1757641579255 148.8897813572841 33
1757641579304 148.29179017302226 34
1757641579364 147.69620749118127 35
1757641579415 147.10302358452213 36
1757641579466 146.5122287652319 37
1757641579515 145.92381338476517 38
1757641579565 145.33776783368563 39
1757641579614 144.75408254150733 40
1757641579665 144.17274797653639 41
1757641579714 143.59375464571286 42
1757641579764 143.01709309445377 43
1757641579814 142.44275390649648 44
1757641579865 141.87072770374223 45
1757641579916 141.30100514610115 46
1757641579968 140.7335769313372 47
1757641580018 140.16843379491428 48
1757641580070 139.60556650984228 49
1757641580122 139.04496588652458 50
1757641580173 138.48662277260564 51
1757641580224 137.93052805281926 52
1757641580274 137.37667264883774 53
1757641580493 136.82504751912128 54
1757641580563 136.27564365876833 55
1757641580620 135.72845209936628 56
1757641580675 135.18346390884307 57
1757641580735 134.6406701913191 58
1757641580786 134.1000620869598 59
1757641580841 133.5616307718292 60
1757641580892 133.02536745774339 61
1757641580948 132.49126339212526 62
1757641581004 131.9593098578594 63
1757641581057 131.4294981731478 64
1757641581108 130.90181969136611 65
1757641581158 130.37626580092035 66
1757641581209 129.85282792510444 67
1757641581260 129.33149752195806 68
1757641581309 128.81226608412544 69
1757641581362 128.29512513871424 70
1757641581424 127.78006624715557 71
1757641581479 127.26708100506406 72
1757641581529 126.75616104209875 73
1757641581581 126.24729802182475 74
1757641581631 125.74048364157504 75
1757641581683 125.23570963231312 76
1757641581733 124.73296775849612 77
1757641581787 124.23224981793865 78
1757641581837 123.73354764167681 79
1757641581890 123.23685309383316 80
1757641581940 122.74215807148218 81
1757641581992 122.24945450451595 82
1757641582050 121.75873435551082 83
1757641582102 121.26998961959431 84
1757641582229 120.78321232431277 85
1757641582279 120.29839452949938 86
1757641582332 119.81552832714283 87
1757641582383 119.33460584125653 88
1757641582437 118.85561922774832 89
1757641582488 118.37856067429068 90
1757641582540 117.90342240019153 91
1757641582591 117.43019665626551 92
1757641582643 116.95887572470593 93
1757641582716 116.48945191895697 94
1757641582768 116.0219175835867 95
1757641582820 115.55626509416032 96
1757641582870 115.09248685711425 97
1757641582923 114.63057530963054 98
1757641582986 114.17052291951165 99
1757641583056 113.71232218505618 100
1757641583113 113.25596563493458 101
1757641583167 112.80144582806578 102
1757641583220 112.3487553534942 103
1757641583272 111.89788683026707 104
1757641583333 111.44883290731264 105
1757641583387 111.00158626331844 106
1757641583446 110.55613960661046 107
1757641583500 110.11248567503254 108
1757641583552 109.67061723582631 109
1757641583605 109.23052708551171 110
1757641583656 108.79220804976794 111
1757641583709 108.35565298331488 112
1757641583761 107.92085476979499 113
1757641583813 107.48780632165578 114
1757641583865 107.05650058003265 115
1757641583917 106.62693051463226 116
1757641583969 106.19908912361642 117
1757641584021 105.77296943348632 118
1757641584074 105.34856449896743 119
1757641584126 104.92586740289468 120
1757641584179 104.5048712560982 121
1757641584230 104.08556919728959 122
1757641584283 103.66795439294849 123
1757641584335 103.25202003720976 124
1757641584386 102.83775935175109 125
1757641584439 102.425165585681 126
1757641584491 102.01423201542735 127
1757641584543 101.60495194462632 128
1757641584595 101.19731870401189 129
1757641584647 100.79132565130558 130
1757641584699 100.38696617110686 131
1757641584754 99.98423367478384 132
1757641584805 99.58312160036463 133
1757641584858 99.18362341242877 134
1757641584909 98.78573260199963 135
1757641584960 98.3894426864366 136
1757641585012 97.99474720932841 137
1757641585063 97.60163974038628 138
1757641585115 97.21011387533797 139
1757641585167 96.82016323582192 140
1757641585220 96.43178146928209 141
1757641585272 96.04496224886299 142
1757641585325 95.65969927330538 143
1757641585378 95.2759862668422 144
1757641585430 94.893816979095 145
1757641585488 94.51318518497081 146
1757641585541 94.13408468455944 147
1757641585595 93.75650930303112 148
1757641585648 93.38045289053464 149
1757641585700 93.0059093220959 150
1757641585753 92.63287249751683 151
1757641585805 92.26133634127474 152
1757641585858 91.89129480242205 153
1757641585909 91.52274185448658 154
1757641585962 91.15567149537202 155
1757641586014 90.79007774725895 156
1757641586067 90.4259546565063 157
1757641586120 90.06329629355305 158
1757641586172 89.7020967528205 159
1757641586224 89.34235015261478 160
1757641586276 88.98405063503 161
1757641586328 88.62719236585147 162
1757641586380 88.27176953445961 163
1757641586433 87.91777635373401 164
1757641586485 87.56520705995817 165
1757641586538 87.21405591272432 166
1757641586591 86.86431719483875 167
1757641586643 86.51598521222769 168
1757641586695 86.16905429384327 169
1757641586746 85.8235187915702 170
1757641586799 85.47937308013239 171
1757641586852 85.13661155700055 172
1757641586905 84.79522864229949 173
1757641586956 84.45521877871644 174
1757641587010 84.11657643140926 175
1757641587062 83.77929608791523 176
1757641587115 83.44337225806026 177
1757641587167 83.10879947386837 178
1757641587220 82.77557228947155 179
1757641587272 82.44368528102007 180
1757641587324 82.11313304659295 181
1757641587379 81.78391020610916 182
1757641587431 81.45601140123877 183
1757641587485 81.1294312953148 184
1757641587550 80.80416457324516 185
1757641587603 80.48020594142518 186
1757641587657 80.15755012765031 187
1757641587711 79.83619188102938 188
1757641587774 79.51612597189789 189
1757641587950 79.19734719173208 190
1757641588031 78.87985035306296 191
1757641588099 78.56363028939096 192
1757641588159 78.24868185510077 193
1757641588220 77.9349999253766 194
1757641588276 77.62257939611779 195
1757641588332 77.31141518385469 196
1757641588389 77.001502225665 197
1757641588444 76.69283547909039 198
1757641588500 76.38540992205333 199
1757641588555 76.07922055277459 200
1757641588608 75.77426238969069 201
1757641588663 75.47053047137202 202
1757641588717 75.16801985644099 203
1757641588773 74.86672562349084 204
1757641588826 74.56664287100446 205
1757641588881 74.26776671727379 206
1757641588937 73.97009230031938 207
1757641588992 73.6736147778104 208
1757641589046 73.37832932698491 209
1757641589102 73.08423114457047 210
1757641589156 72.79131544670501 211
1757641589210 72.49957746885823 212
1757641589266 72.20901246575299 213
1757641589320 71.91961571128736 214
1757641589374 71.6313824984568 215
1757641589428 71.34430813927662 216
1757641589482 71.05838796470486 217
1757641589541 70.77361732456556 218
1757641589598 70.48999158747208 219
1757641589657 70.20750614075091 220
1757641589712 69.92615639036592 221
1757641589766 69.64593776084251 222
1757641589821 69.36684569519265 223
1757641589877 69.08887565483958 224
1757641589931 68.81202311954334 225
1757641589985 68.53628358732638 226
1757641590039 68.26165257439938 227
1757641590093 67.98812561508763 228
1757641590147 67.71569826175748 229
1757641590201 67.44436608474324 230
1757641590256 67.17412467227426 231
1757641590310 66.90496963040238 232
1757641590364 66.63689658292962 233
1757641590417 66.36990117133637 234
1757641590472 66.10397905470944 235
1757641590527 65.83912590967091 236
1757641590581 65.57533743030686 237
1757641590635 65.3126093280967 238
1757641590688 65.05093733184252 239
1757641590742 64.79031718759897 240
1757641590797 64.53074465860317 241
1757641590851 64.27221552520523 242
1757641590905 64.0147255847987 243
1757641590959 63.75827065175155 244
1757641591014 63.50284655733739 245
1757641591068 63.24844914966684 246
1757641591122 62.995074293619375 247
1757641591177 62.74271787077529 248
1757641591231 62.49137577934795 249
1757641591285 62.241043934116504 250
1757641591339 61.991718266358596 251
1757641591393 61.74339472378356 252
1757641591448 61.49606927046584 253
1757641591502 61.24973788677854 254
1757641591557 61.00439656932751 255
1757641591616 60.76004133088545 256
1757641591672 60.51666820032641 257
1757641591728 60.274273222560524 258
1757641591783 60.03285245846906 259
1757641591838 59.792401984839636 260
1757641591892 59.55291789430178 261
1757641591947 59.31439629526273 262
1757641592004 59.0768333118435 263
1757641592059 58.84022508381516 264
1757641592113 58.60456776653544 265
1757641592168 58.3698575308856 266
1757641592223 58.13609056320745 267
1757641592278 57.9032630652408 268
1757641592333 57.67137125406096 269
1757641592387 57.44041136201665 270
1757641592442 57.21037963666814 271
1757641592496 56.981272340725546 272
1757641592551 56.75308575198752 273
1757641592605 56.52581616328003 274
1757641592666 56.29945988239557 275
1757641592735 56.07401323203245 276
1757641592791 55.84947254973443 277
1757641592849 55.62583418783057 278
1757641592906 55.403094513375365 279
1757641592961 55.18124990808901 280
1757641593031 54.96029676829803 281
1757641593092 54.740231504876135 282
1757641593151 54.521050543185275 283
1757641593207 54.30275032301691 284
1757641593263 54.08532729853358 285
1757641593319 53.8687779382107 286
1757641593376 53.6530987247786 287
1757641593431 53.438286155164725 288
1757641593487 53.2243367404362 289
1757641593544 53.011247005742476 290
1757641593606 52.79901349025835 291
1757641593664 52.58763274712718 292
1757641593721 52.377101343404206 293
1757641593778 52.167415860000325 294
1757641593834 51.95857289162586 295
1757641593891 51.75056904673479 296
1757641593947 51.543400947468974 297
1757641594003 51.33706522960279 298
1757641594060 51.131558542487944 299
1757641594117 50.92687754899836 300
1757641594173 50.72301892547558 301
1757641594229 50.519979361674125 302
1757641594285 50.31775556070719 303
1757641594341 50.11634423899258 304
1757641594396 49.915742126198836 305
1757641594451 49.71594596519153 306
1757641594506 49.516952511979866 307
1757641594562 49.318758535663456 308
1757641594618 49.12136081837931 309
1757641594672 48.92475615524905 310
1757641594729 48.728941354326345 311
1757641594785 48.53391323654453 312
1757641594841 48.33966863566448 313
1757641594897 48.14620439822266 314
1757641594953 47.953517383479415 315
1757641595008 47.76160446336741 316
1757641595066 47.57046252244043 317
1757641595124 47.38008845782218 318
1757641595179 47.19047917915544 319
1757641595237 47.0016316085514 320
1757641595301 46.813542680539165 321
1757641595358 46.62620934201547 322
1757641595415 46.439628552194655 323
1757641595472 46.25379728255877 324
1757641595528 46.06871251680795 325
1757641595584 45.884371250810915 326
1757641595644 45.70077049255575 327
1757641595702 45.517907262100834 328
1757641595760 45.335778591525994 329
1757641595817 45.154381524883846 330
1757641595873 44.97371311815132 331
1757641595929 44.79377043918141 332
1757641595985 44.61455056765513 333
1757641596041 44.4360505950336 334
1757641596097 44.258267624510395 335
1757641596153 44.08119877096406 336
1757641596208 43.904841160910834 337
1757641596263 43.729191932457496 338
1757641596320 43.55424823525457 339
1757641596376 43.38000723044948 340
1757641596432 43.20646609064012 341
1757641596488 43.03362199982847 342
1757641596545 42.861472153374464 343
1757641596601 42.69001375795005 344
1757641596657 42.51924403149338 345
1757641596714 42.34916020316324 346
1757641596770 42.17975951329363 347
1757641596825 42.011039213348596 348
1757641596882 41.84299656587716 349
1757641596938 41.67562884446841 350
1757641596995 41.50893333370699 351
1757641597058 41.34290732912846 352
1757641597114 41.177548137175044 353
1757641597171 41.012853075151526 354
1757641597227 40.84881947118127 355
1757641597287 40.68544466416249 356
1757641597344 40.5227260037246 357
1757641597401 40.360660850184864 358
1757641597457 40.19924657450511 359
1757641597513 40.03848055824868 360
1757641597571 39.878360193537596 361
1757641597628 39.718882883009755 362
1757641597690 39.56004603977647 363
1757641597748 39.401847087380055 364
1757641597806 39.24428345975165 365
1757641597863 39.08735260116922 366
1757641597921 38.93105196621567 367
1757641597980 38.77537901973715 368
1757641598050 38.620331236801604 369
1757641598109 38.46590610265734 370
1757641598167 38.31210111269197 371
1757641598224 38.15891377239129 372
1757641598282 38.00634159729847 373
1757641598340 37.854382112973425 374
1757641598398 37.70303285495226 375
1757641598456 37.55229136870692 376
1757641598514 37.40215520960503 377
1757641598573 37.252621942869844 378
1757641598631 37.103689143540436 379
1757641598690 36.955354396431986 380
1757641598748 36.80761529609619 381
1757641598806 36.660469446781995 382
1757641598865 36.51391446239628 383
1757641598923 36.36794796646485 384
1757641598981 36.22256759209356 385
1757641599038 36.07777098192955 386
1757641599098 35.933555788122646 387
1757641599156 35.789919672287 388
1757641599214 35.64686030546273 389
1757641599271 35.50437536807791 390
1757641599329 35.362462549910504 391
1757641599387 35.221119550050666 392
1757641599444 35.08034407686302 393
1757641599502 34.94013384794921 394
1757641599561 34.8004865901105 395
1757641599618 34.66140003931062 396
1757641599677 34.52287194063874 397
1757641599740 34.384900048272485 398
1757641599798 34.24748212544135 399
1757641599857 34.11061594438993 400
1757641599915 33.97429928634161 401
1757641599972 33.838529941462234 402
1757641600030 33.703305708823905 403
1757641600087 33.56862439636902 404
1757641600145 33.43448382087444 405
1757641600202 33.300881807915715 406
1757641600260 33.167816191831584 407
1757641600318 33.03528481568849 408
1757641600376 32.90328553124537 409
1757641600433 32.77181619891845 410
1757641600492 32.64087468774631 411
1757641600549 32.51045887535501 412
1757641600608 32.38056664792336 413
1757641600665 32.251195900148396 414
1757641600723 32.12234453521091 415
1757641600781 31.994010464741173 416
1757641600838 31.86619160878484 417
1757641600896 31.73888589576884 418
1757641600955 31.6120912624676 419
1757641601012 31.485805653969233 420
1757641601070 31.360027023641994 421
1757641601127 31.234753333100794 422
1757641601185 31.109982552173864 423
1757641601243 30.98571265886958 424
1757641601301 30.861941639343428 425
1757641601359 30.73866748786503 426
1757641601418 30.615888206785392 427
1757641601476 30.49360180650426 428
1757641601534 30.371806305437527 429
1757641601593 30.25049972998495 430
1757641601656 30.129680114497784 431
1757641601715 30.009345501246727 432
1757641601780 29.88949394038989 433
1757641601839 29.77012348994093 434
1757641601898 29.651232215737306 435
1757641601957 29.532818191408687 436
1757641602017 29.41487949834546 437
1757641602075 29.297414225667342 438
1757641602133 29.180420470192228 439
1757641602191 29.063896336405023 440
1757641602249 28.947839936426682 441
1757641602307 28.832249389983374 442
1757641602367 28.717122824375746 443
1757641602426 28.602458374448336 444
1757641602484 28.488254182559096 445
1757641602542 28.37450839854902 446
1757641602602 28.261219179711922 447
1757641602667 28.148384690764352 448
1757641602743 28.036003103815588 449
1757641602803 27.924072598337787 450
1757641602863 27.81259136113623 451
1757641602923 27.701557586319712 452
1757641602986 27.590969475271024 453
1757641603058 27.480825236617605 454
1757641603118 27.371123086202267 455
1757641603178 27.261861247054018 456
1757641603237 27.153037949359064 457
1757641603298 27.044651430431916 458
1757641603358 26.936699934686576 459
1757641603418 26.829181713607873 460
1757641603478 26.722095025722904 461
1757641603538 26.61543813657257 462
1757641603598 26.5092093186833 463
1757641603659 26.403406851538794 464
1757641603718 26.29802902155195 465
1757641603781 26.193074122036858 466
1757641603843 26.088540453180947 467
1757641603904 25.98442632201724 468
1757641603963 25.880730042396664 469
1757641604022 25.77744993496058 470
1757641604082 25.674584327113315 471
1757641604142 25.572131552994858 472
1757641604201 25.470089953453684 473
1757641604260 25.368457876019647 474
1757641604319 25.267233674876998 475
1757641604378 25.16641571083752 476
1757641604438 25.066002351313774 477
1757641604496 24.965991970292436 478
1757641604555 24.866382948307777 479
1757641604615 24.76717367241518 480
1757641604674 24.668362536164857 481
1757641604734 24.569947939575588 482
1757641604794 24.471928289108646 483
1757641604853 24.37430199764173 484
1757641604912 24.277067484443137 485
1757641604971 24.180223175145873 486
1757641605030 24.08376750172202 487
1757641605090 23.987698902457122 488
1757641605151 23.8920158219247 489
1757641605211 23.79671671096086 490
1757641605271 23.701800026639017 491
1757641605331 23.607264232244727 492
1757641605391 23.513107797250587 493
1757641605451 23.41932919729126 494
1757641605511 23.325926914138627 495
1757641605571 23.23289943567698 496
1757641605631 23.14024525587839 497
1757641605702 23.04796287477808 498
1757641605766 22.956050798449972 499
