1757624654997 174.95032967264393 0
1757624655039 171.4241748996027 1
1757624655081 164.86093079735357 2
1757624655124 155.80736976971338 3
1757624655173 144.83205880096085 4
1757624655216 132.49569655888584 5
1757624655258 119.32771911576332 6
1757624655298 105.80892881587182 7
1757624655343 92.35969265887643 8
1757624655385 79.33310528453515 9
1757624655427 67.0124147726443 10
1757624655467 55.611962180840806 11
1757624655508 45.28088143996963 12
1757624655549 36.10883720136284 13
1757624655592 28.133136274239888 14
1757624655634 21.346625258396564 15
1757624655675 15.705875249821956 16
1757624655723 11.139247339636363 17
1757624655765 7.554524420782745 18
1757624655807 4.84588117697285 19
1757624655851 2.900041916123815 20
1757624655891 1.6015431616172786 21
1757624655936 0.8370737018841092 22
1757624655978 0.498909053453502 23
1757624656019 0.48749060689299345 24
1757624656060 0.7132231536152945 25
1757624656101 1.0975793676671748 26
1757624656142 1.5736075941518295 27
1757624656184 2.0859414227165756 28
1757624656228 2.590407350090661 29
1757624656270 3.0533215517762975 30
1757624656311 3.450559393562972 31
1757624656353 3.76647262822439 32
1757624656395 3.992719868446497 33
1757624656436 4.127066370718434 34
1757624656484 4.172199742473148 35
1757624656525 4.134599130870261 36
1757624656568 4.02348692732767 37
1757624656608 3.8498841376359048 38
1757624656650 3.6257834002563594 39
1757624656690 3.3634472403221243 40
1757624656732 3.0748335634111164 41
1757624656773 2.771145647424108 42
1757624656815 2.462499995045386 43
1757624656874 2.1577023596718905 44
1757624656916 1.8641200328817806 45
1757624656959 1.5876370407666538 46
1757624657000 1.3326781797872744 47
1757624657042 1.1022877524744352 48
1757624657085 0.898249346773499 49
1757624657126 0.7212339371174911 50
1757624657168 0.5709648619684639 51
1757624657220 0.4463897430857932 52
1757624657263 0.34585105276111855 53
1757624657305 0.267248712938494 54
1757624657347 0.20818974394771386 55
1757624657388 0.16612150553534294 56
1757624657434 0.1384464407190323 57
1757624657477 0.12261741211754847 58
1757624657518 0.11621369478563588 59
1757624657562 0.11699845681750659 60
1757624657604 0.12295912785282154 61
1757624657646 0.13233244331337063 62
1757624657692 0.14361618152932534 63
1757624657734 0.1555697077116741 64
1757624657774 0.16720542958307677 65
1757624657817 0.17777317993435973 66
1757624657860 0.18673939460674055 67
1757624657903 0.19376277040333015 68
1757624657946 0.19866788263644627 69
1757624657989 0.20141802927673932 70
1757624658031 0.20208835754145438 71
1757624658074 0.20084012594920153 72
1757624658115 0.19789676478120374 73
1757624658158 0.19352222318546206 74
1757624658201 0.18800193327542825 75
1757624658243 0.1816265811480155 76
1757624658285 0.17467875194723761 77
1757624658327 0.16742241084715542 78
1757624658370 0.16009509390402418 79
1757624658413 0.15290261181845888 80
1757624658455 0.14601601532444997 81
1757624658499 0.13957053258896737 82
1757624658542 0.13366616584817292 83
1757624658586 0.12836962544128994 84
1757624658628 0.12371728305933485 85
1757624658672 0.11971884075133347 86
1757624658715 0.1163614361334016 87
1757624658759 0.11361393526193826 88
1757624658801 0.1114312006124451 89
1757624658848 0.1097581604152213 90
1757624658892 0.10853354521619157 91
1757624658935 0.10769319613587253 92
1757624658979 0.10717288534859398 93
1757624659023 0.10691062158208607 94
1757624659067 0.10684844108388172 95
1757624659111 0.10693370701256676 96
1757624659154 0.10711995742283664 97
1757624659197 0.10736735405602645 98
1757624659246 0.1076427914002814 99
1757624659303 0.10791972850968655 100
1757624659355 0.10817780555350773 101
1757624659401 0.10840230374926792 102
1757624659445 0.10858350196577975 103
1757624659489 0.10871597657293539 104
1757624659532 0.10879788369726985 105
1757624659576 0.10883025545093952 106
1757624659621 0.10881633436149564 107
1757624659664 0.10876096345310068 108
1757624659708 0.10867004342290483 109
1757624659751 0.10855006323135598 110
1757624659795 0.10840770621621955 111
1757624659839 0.10824953052046471 112
1757624659884 0.1080817201244447 113
1757624659928 0.10790990099689093 114
1757624659973 0.10773901571838129 115
1757624660016 0.10757324927476183 116
1757624660061 0.10741599846247496 117
1757624660106 0.10726987740027778 118
1757624660149 0.10713675192378123 119
1757624660195 0.10701779608633394 120
1757624660239 0.10691356455116546 121
1757624660283 0.1068240752959819 122
1757624660328 0.10674889773210658 123
1757624660375 0.10668724204227338 124
1757624660418 0.10663804624552392 125
1757624660462 0.10660005818866193 126
1757624660507 0.10657191032769485 127
1757624660551 0.10655218578746248 128
1757624660597 0.10653947476229068 129
1757624660641 0.10653242083558326 130
1757624660685 0.10652975724415063 131
1757624660729 0.10653033348832107 132
1757624660773 0.1065331329885681 133
1757624660818 0.10653728271330173 134
1757624660863 0.10654205585310178 135
1757624660908 0.10654686869904825 136
1757624660953 0.10655127290412066 137
1757624660998 0.10655494427575811 138
1757624661043 0.10655766917454419 139
1757624661088 0.10655932948902366 140
