1757639907631 30.25238991151113 0
1757639907698 5.143215278219035 1
1757639907778 0.9066072836232388 2
1757639907844 0.27637747807058033 3
1757639907914 0.244045782398443 4
1757639907978 0.12161026624653538 5
1757639908040 0.13976868455933678 6
1757639908105 0.06709441142532717 7
1757639908168 0.21204199243405242 8
1757639908233 0.11584630156471606 9
1757639908299 0.143629781671949 10
1757639908356 0.1722814420118928 11
1757639908408 0.10854519120684018 12
1757639908461 0.11115188438236044 13
1757639908515 0.11590041084087728 14
1757639908571 0.07758857323899788 15
1757639908635 0.12141199300669135 16
1757639908698 0.14878134707322663 17
1757639909192 0.10545319636587457 18
1757639909341 0.10157855077196253 19
1757639909406 0.10248360837834465 20
1757639909456 0.06087523080837983 21
1757639909502 0.1484704998488169 22
1757639909564 0.18506133212688655 23
1757639909612 0.11189952574580027 24
1757639909661 0.09276200354678539 25
1757639909711 0.15918156195016434 26
1757639909762 0.0696629156456216 27
1757639909812 0.13728753223460066 28
1757639909863 0.1677718567986559 29
1757639909913 0.09615647972473193 30
1757639909962 0.10389949362630622 31
1757639910012 0.08854738256148773 32
1757639910061 0.17769211352371617 33
1757639910112 0.12850864918043345 34
1757639910161 0.09802653299184227 35
1757639910212 0.1321357200860082 36
1757639910261 0.09826420405282602 37
1757639910311 0.14118919600494187 38
1757639910361 0.16040490791077325 39
1757639910411 0.06964263046774187 40
1757639910459 0.10799923474049265 41
1757639910509 0.15245103926730524 42
1757639910581 0.12256815281763611 43
1757639910637 0.140786975461715 44
1757639910690 0.14303201904440968 45
1757639910742 0.08568703770322919 46
1757639910792 0.084916551440757 47
1757639910842 0.1369620408275789 48
1757639910891 0.11781076938968574 49
1757639910943 0.21051636441702307 50
1757639910992 0.16539395973893367 51
1757639911041 0.08910494326903537 52
1757639911090 0.20093499116374297 53
1757639911139 0.09343310960665886 54
1757639911192 0.10222511318771287 55
1757639911241 0.1138195894609878 56
1757639911291 0.17227492710617148 57
1757639911348 0.1235711161403649 58
1757639911401 0.1003381901701531 59
1757639911451 0.11932571401655796 60
1757639911502 0.07960588030393725 61
1757639911552 0.09850517365910628 62
1757639911603 0.10373618246435079 63
1757639911652 0.25175483089662043 64
1757639911705 0.09663749772713652 65
1757639911754 0.1048194538508346 66
1757639911805 0.08511787340534012 67
1757639911856 0.11476204746628026 68
1757639911907 0.14331086296978526 69
1757639911957 0.08168537694329307 70
1757639912011 0.10649779356590194 71
1757639912061 0.12676294263829738 72
1757639912110 0.10031961202049189 73
1757639912162 0.13430037364241568 74
1757639912239 0.09194158811132384 75
1757639912290 0.10466107799091327 76
1757639912342 0.1192517626122553 77
1757639912393 0.11091038878340133 78
1757639912443 0.0816344822048732 79
1757639912494 0.10177869527433925 80
1757639912545 0.156176324905468 81
1757639912597 0.10848303200707457 82
1757639912646 0.08250171787602056 83
1757639912701 0.13514738300825094 84
1757639912768 0.10799630539395498 85
1757639912824 0.1168229770926539 86
1757639912874 0.12264543920551003 87
1757639912925 0.16431409345516163 88
1757639912975 0.11850152229649911 89
1757639913025 0.12399163360830505 90
1757639913076 0.17644604900234293 91
1757639913142 0.15278338528047447 92
1757639913194 0.11658926760520406 93
1757639913251 0.09362321081218221 94
1757639913307 0.0678213649930433 95
1757639913360 0.11595951178497087 96
1757639913420 0.08011385198333464 97
1757639913471 0.12430481687554934 98
1757639913526 0.15296006814937502 99
1757639913577 0.09956174952958295 100
1757639913628 0.13594844293572092 101
1757639913679 0.12832623234322385 102
1757639913731 0.11263003882663425 103
1757639913783 0.10829933614994167 104
1757639913837 0.1218426851309963 105
1757639913888 0.09832068720161091 106
1757639913940 0.15115695077585473 107
1757639913990 0.1733241494958477 108
1757639914042 0.15772837112900492 109
1757639914094 0.1525577305889728 110
1757639914145 0.12295644482492907 111
1757639914199 0.12086261796675517 112
1757639914254 0.10521857394227482 113
1757639914305 0.0969228202876074 114
1757639914357 0.11132381918350139 115
1757639914408 0.12119060572354215 116
1757639914466 0.12319826838651823 117
1757639914518 0.18180129971362133 118
1757639914569 0.10566566456549968 119
1757639914622 0.08852061285185446 120
1757639914674 0.20602617833473066 121
1757639914729 0.07785962173481309 122
1757639914782 0.10166844151579128 123
1757639914838 0.13146619291343087 124
1757639914889 0.09938213218430786 125
1757639914941 0.13142869967695262 126
1757639914993 0.08984861160410013 127
1757639915046 0.12004774408572018 128
1757639915099 0.12548716064809634 129
1757639915150 0.1771105367048591 130
1757639915210 0.18193419531625069 131
1757639915262 0.12857364101301041 132
1757639915314 0.08771952689105425 133
1757639915365 0.1647055961801605 134
1757639915424 0.10392583594057203 135
1757639915478 0.13316582991385514 136
1757639915530 0.09759146100278344 137
1757639915582 0.05156046506505974 138
1757639915634 0.11033261591443139 139
1757639915686 0.1048805682918612 140
1757639915739 0.11559406508083521 141
1757639915792 0.15372750103276386 142
1757639915845 0.12826842678715025 143
1757639915898 0.06055691354876531 144
1757639915950 0.08142994728327772 145
1757639916002 0.121063202631568 146
1757639916054 0.15959697358704972 147
1757639916106 0.16361370353466226 148
1757639916159 0.09054229919163134 149
1757639916212 0.11499389654317389 150
1757639916264 0.09548754721265335 151
1757639916317 0.1797900659157975 152
1757639916369 0.13123301099832033 153
1757639916422 0.24350419218550073 154
1757639916475 0.13808308349300233 155
1757639916527 0.1771326196024905 156
1757639916580 0.1846600918517314 157
1757639916631 0.09827706986564462 158
1757639916684 0.12098943991443993 159
1757639916738 0.11974311357964998 160
1757639916791 0.15454362567505017 161
1757639916843 0.15332543373995938 162
1757639916895 0.07987687340807963 163
1757639916948 0.15058379199071137 164
1757639917000 0.12633383133653386 165
1757639917052 0.08975156001654418 166
1757639917105 0.04028412855493915 167
1757639917158 0.09262046005856084 168
1757639917210 0.09130296691477412 169
1757639917263 0.14965334836741837 170
1757639917316 0.13644678567940935 171
1757639917370 0.08473070916460303 172
1757639917423 0.1090532840984986 173
1757639917483 0.12027904299001109 174
1757639917537 0.0878269600195839 175
1757639917590 0.05123238683007898 176
1757639917643 0.13782139248117856 177
1757639917697 0.09662106606265648 178
1757639917763 0.26158016840344644 179
1757639917826 0.1035202943185286 180
1757639917937 0.13301890539679978 181
1757639918008 0.14129575617526788 182
1757639918065 0.09526351711124022 183
1757639918120 0.10152384257362243 184
1757639918174 0.15826950228757677 185
1757639918227 0.1538473451490188 186
1757639918281 0.07932855643332612 187
1757639918334 0.17571624261995336 188
1757639918388 0.08957971555791824 189
1757639918441 0.107708872964996 190
1757639918495 0.04443441774676881 191
1757639918549 0.1028624944077701 192
1757639918603 0.11348349336248574 193
1757639918656 0.1480400665760871 194
1757639918709 0.0951453098689772 195
1757639918762 0.09697627723412332 196
1757639918817 0.10924519852028863 197
1757639918870 0.1629769166684722 198
1757639918924 0.12139767611944562 199
1757639918977 0.11341618385512078 200
1757639919030 0.09244321607160322 201
1757639919083 0.15546453587218617 202
1757639919136 0.14138557916417152 203
1757639919190 0.07113352799791277 204
1757639919243 0.12406612373936893 205
1757639919297 0.08637989841861371 206
1757639919351 0.13916851271158615 207
1757639919404 0.1705125842374189 208
1757639919458 0.15342482383674885 209
1757639919518 0.1160860077118856 210
1757639919573 0.11320647463866418 211
1757639919626 0.09374965701814733 212
1757639919680 0.10658846564872351 213
1757639919733 0.11526434591411848 214
1757639919787 0.08064568370986797 215
1757639919841 0.14425545911228962 216
1757639919894 0.12480894157454703 217
1757639919948 0.16022840183594303 218
1757639920002 0.22444576614031658 219
1757639920055 0.09351147735694955 220
1757639920109 0.19500052793158285 221
1757639920162 0.1355067049038307 222
1757639920217 0.13224052697175392 223
1757639920270 0.12304889341623254 224
1757639920325 0.10439123770835236 225
1757639920379 0.21018085310376824 226
1757639920433 0.10275990778028288 227
1757639920488 0.11763554930927819 228
1757639920542 0.09872356197865689 229
1757639920596 0.16534213641638998 230
1757639920650 0.0667694272645373 231
1757639920704 0.19816144893617216 232
1757639920758 0.06110700246801341 233
1757639920812 0.12315945765881385 234
1757639920866 0.09698316613703678 235
1757639920920 0.09356938761742076 236
1757639920974 0.04907450613902956 237
1757639921028 0.16445512965401407 238
1757639921082 0.14627043352165087 239
1757639921136 0.17569447434068328 240
1757639921190 0.07316764423921027 241
1757639921245 0.09034913265761413 242
1757639921298 0.11091172663359959 243
1757639921353 0.11217373916687112 244
1757639921408 0.15705834003615884 245
1757639921463 0.20352127413302734 246
1757639921521 0.1447119941061613 247
1757639921578 0.13412855234103208 248
1757639921632 0.09122513521790829 249
1757639921686 0.09838858473243038 250
1757639921741 0.10680888145227516 251
1757639921796 0.12055009552357594 252
1757639921852 0.12086723002707403 253
1757639921906 0.09011319616334025 254
1757639921960 0.08276637731285547 255
1757639922015 0.12071438091186655 256
1757639922160 0.057941674015423675 257
1757639922234 0.16002052912507356 258
1757639922293 0.10086665023677233 259
1757639922358 0.11564319371561012 260
1757639922417 0.12240438669516386 261
1757639922473 0.11820272053589147 262
1757639922529 0.10154972999193493 263
1757639922583 0.16130381650258097 264
1757639922638 0.16944578464213136 265
1757639922694 0.128715459087662 266
1757639922761 0.12468305415966235 267
1757639922819 0.12287465172852975 268
1757639922873 0.16462520429582003 269
1757639922930 0.11235161979921054 270
1757639922985 0.14499521375634544 271
1757639923040 0.08187743724864228 272
1757639923094 0.10579670841210861 273
1757639923149 0.11540822116778628 274
1757639923205 0.16388527824088456 275
1757639923260 0.0848217535291811 276
1757639923317 0.05776335470556752 277
1757639923374 0.12397555195588165 278
1757639923436 0.05828447515373269 279
1757639923492 0.12314906773029283 280
1757639923550 0.1086856812900943 281
1757639923608 0.11950166806224656 282
1757639923663 0.10799260878857436 283
1757639923722 0.1975817968544182 284
1757639923777 0.13757487255583398 285
1757639923833 0.1189781637976369 286
1757639923888 0.1462120954728163 287
1757639923945 0.12156807778309167 288
1757639924001 0.11182817546249166 289
1757639924057 0.15639136769375406 290
1757639924113 0.1268858527400082 291
1757639924169 0.10866102775630422 292
1757639924228 0.08799570916228075 293
1757639924284 0.1364488519593339 294
1757639924339 0.056919088969869636 295
1757639924395 0.1558121576104006 296
1757639924450 0.10224447012519054 297
1757639924505 0.090587232339541 298
1757639924560 0.2627320941367721 299
1757639924615 0.08822600298838751 300
1757639924671 0.11802982553308025 301
1757639924729 0.14915290512872406 302
1757639924783 0.07312084231075308 303
1757639924840 0.16673530212859086 304
1757639924895 0.1505503591640828 305
1757639924951 0.14400813760536993 306
1757639925014 0.09216400264992416 307
1757639925071 0.1441041687621187 308
1757639925127 0.12191726957677239 309
1757639925183 0.14325856813852894 310
1757639925240 0.0846698104083982 311
1757639925295 0.1605297718872204 312
1757639925351 0.09983322550054262 313
1757639925428 0.11187429227172425 314
1757639925484 0.14724540988214344 315
1757639925540 0.14038735827823937 316
1757639925600 0.04864344064795829 317
1757639925657 0.11166229937240593 318
1757639925766 0.12177578022633992 319
1757639925828 0.0877664676889693 320
1757639925888 0.08646568556293557 321
1757639925945 0.14530075133247006 322
1757639926002 0.14219226637865462 323
1757639926058 0.0874192668913875 324
1757639926114 0.10199986171917184 325
1757639926171 0.14290549084532786 326
1757639926228 0.11512250037047317 327
1757639926284 0.10195246971205522 328
1757639926340 0.12111571504173396 329
1757639926397 0.1227637580086956 330
1757639926455 0.2932907666205726 331
1757639926513 0.15526732301065269 332
1757639926569 0.19197219147960717 333
1757639926625 0.19263278564690597 334
1757639926681 0.13587101846278946 335
1757639926738 0.11024325283807407 336
1757639926798 0.13509032791024575 337
1757639926854 0.1284764379355643 338
1757639926911 0.1296631088630626 339
1757639926967 0.09579053829541183 340
1757639927024 0.167872352685458 341
1757639927081 0.08360957048602502 342
1757639927137 0.1377628811942751 343
1757639927194 0.1158620591067282 344
1757639927251 0.13539722882041125 345
1757639927307 0.11930765380745124 346
1757639927364 0.08051379660550587 347
1757639927422 0.12736304428776682 348
1757639927478 0.09814308576672194 349
1757639927537 0.14878652703186307 350
1757639927594 0.13893420325069228 351
1757639927659 0.10697817152902322 352
1757639927721 0.09308017742032437 353
1757639927791 0.11017556118399871 354
1757639927845 0.0881891863018071 355
1757639927902 0.10536609850348623 356
1757639927959 0.13224460089127626 357
1757639928015 0.09788339448272337 358
1757639928074 0.1609204773952689 359
1757639928130 0.10396927250258357 360
1757639928187 0.15361110096107428 361
1757639928244 0.06953887012930629 362
1757639928301 0.08895172081633294 363
1757639928358 0.08593392628167282 364
1757639928415 0.16504691809367472 365
1757639928471 0.09659379598092725 366
1757639928531 0.1533869451471531 367
1757639928588 0.08243943812203579 368
1757639928645 0.10743851687551828 369
1757639928702 0.10948314736168278 370
1757639928760 0.07170541522819818 371
1757639928818 0.16731352035755345 372
1757639928876 0.10774471131171186 373
1757639928933 0.09266907876758537 374
1757639928990 0.22269408089796283 375
1757639929048 0.08997096770342955 376
1757639929105 0.12285256501190563 377
1757639929162 0.05077836875070405 378
1757639929220 0.12432402640776233 379
1757639929278 0.10103005121333922 380
1757639929334 0.13683305664317544 381
1757639929392 0.07249054179505958 382
1757639929449 0.12205881665590936 383
1757639929507 0.24340323722444823 384
1757639929564 0.10349017184530544 385
1757639929621 0.1465833832957542 386
1757639929684 0.05767315220740053 387
1757639929741 0.1471273502555365 388
1757639929799 0.09118307977088458 389
1757639929856 0.10300427902421369 390
1757639929913 0.09953345587306968 391
1757639929971 0.11948840782475012 392
1757639930028 0.12213990174606153 393
1757639930086 0.11450398083349504 394
1757639930143 0.16897315006496622 395
1757639930200 0.13871758698908304 396
1757639930258 0.09291683770846584 397
1757639930320 0.10073122210360547 398
1757639930400 0.15235908705926737 399
1757639930458 0.1955322645627886 400
1757639930516 0.17106787307849042 401
1757639930574 0.17015291606868152 402
1757639930634 0.1097359481619577 403
1757639930693 0.1266117671416702 404
1757639930750 0.23290463996908653 405
1757639930808 0.18807507858829214 406
1757639930865 0.10937691918307225 407
1757639930923 0.17775960278784297 408
1757639930981 0.10790771299013838 409
1757639931038 0.09744373067145304 410
1757639931096 0.1325782075196466 411
1757639931154 0.10414365704355565 412
1757639931211 0.1074758064470474 413
1757639931270 0.1894789408354725 414
1757639931327 0.160626472080612 415
1757639931384 0.10298813797280144 416
1757639931444 0.1672093160045259 417
1757639931501 0.05690108085185513 418
1757639931559 0.15301893435889577 419
1757639931617 0.11051381219683411 420
1757639931675 0.10150350447446486 421
1757639931739 0.11759368233882156 422
1757639931798 0.08077210792475599 423
1757639931856 0.14191796100085552 424
1757639931914 0.18322114479187174 425
1757639931972 0.17827053654431319 426
1757639932030 0.12352540661907091 427
1757639932088 0.11567858871124029 428
1757639932146 0.08328654315981122 429
1757639932219 0.14929123009460063 430
1757639932278 0.17262393188384753 431
1757639932336 0.13158813874176453 432
1757639932395 0.1288750331514417 433
1757639932455 0.12929749793981146 434
1757639932513 0.07889121980821498 435
1757639932571 0.10214624069424383 436
1757639932629 0.14022639318950947 437
1757639932690 0.08698634264225756 438
1757639932766 0.12770103016720263 439
1757639932826 0.14588322162787318 440
1757639932885 0.08847692957607617 441
1757639932943 0.15161647167109785 442
1757639933001 0.0827131500812313 443
1757639933061 0.08015165449213987 444
1757639933119 0.11643537985973434 445
1757639933182 0.10728407390013388 446
1757639933241 0.15052206334924143 447
1757639933300 0.12507810351029464 448
1757639933359 0.20156223700735917 449
1757639933418 0.11601342945847265 450
1757639933476 0.19855246553076122 451
1757639933536 0.09771305869724138 452
1757639933597 0.06704133155702649 453
1757639933658 0.038879454622706845 454
1757639933718 0.12566422832415627 455
1757639933786 0.07997883798144267 456
1757639933848 0.17245268474539116 457
1757639933907 0.17079191834243995 458
1757639933965 0.09251933920776317 459
1757639934024 0.13510449487678355 460
1757639934083 0.10064422496530633 461
1757639934142 0.12044391518244613 462
1757639934200 0.14005156951689296 463
1757639934260 0.1396906581230433 464
1757639934319 0.16901755189150972 465
1757639934379 0.10521168905895506 466
1757639934438 0.13568313241575913 467
1757639934497 0.12859431713329703 468
1757639934556 0.12466174852126403 469
1757639934616 0.12083003765929563 470
1757639934675 0.1476493820233323 471
1757639934736 0.08886329883003391 472
1757639934797 0.17348535369620988 473
1757639934857 0.10814450817714526 474
1757639934917 0.15806417724434307 475
1757639934976 0.0953811578458456 476
1757639935036 0.10240697068199066 477
1757639935096 0.12732861165263315 478
1757639935155 0.09396155952233234 479
1757639935215 0.11109173306186247 480
1757639935274 0.17785627173281318 481
1757639935334 0.07471300870250658 482
1757639935394 0.1107927548799795 483
1757639935453 0.11483303980608603 484
1757639935512 0.16357507754309236 485
1757639935573 0.1524238835690641 486
1757639935631 0.08373800324458024 487
1757639935691 0.1285745993271747 488
