1757638692349 19.427131383239278 0
1757638692441 9.599506830291016 1
1757638692544 1.3455543513604937 2
1757638692646 0.4592801333206285 3
1757638692740 0.06562997323240231 4
1757638692832 0.32606969707844774 5
1757638692926 0.010272540093694443 6
1757638693017 0.46022318409024454 7
1757638693110 0.06129660331684388 8
1757638693201 0.006426290665511877 9
1757638693294 0.04261196746736848 10
1757638693385 0.03601143118381017 11
1757638693476 0.05469924855718581 12
1757638693586 0.09591693851958528 13
1757638693689 0.015876413609602312 14
1757638693782 0.3314830092175549 15
1757638693876 0.029109061652506294 16
1757638693969 0.005673359856494884 17
1757638694065 0.00342954125243363 18
