1757635894527 169.35337134490703 0
1757635894588 165.9489763979919 1
1757635894664 162.61412710594468 2
1757635894737 159.34735542477097 3
1757635894793 156.14722650300348 4
1757635894844 153.01233782807336 5
1757635894918 149.9413183992821 6
1757635895054 146.93282792635577 7
1757635895112 143.98555605260907 8
1757635895210 141.0982216017892 9
1757635895291 138.2695718477126 10
1757635895352 135.4983818058444 11
1757635895413 132.78345354600913 12
1757635895466 130.12361552545727 13
1757635895525 127.51772194154388 14
1757635895580 124.96465210331009 15
1757635895644 122.46330982128657 16
1757635895714 120.01262281486979 17
1757635895799 117.61154213664639 18
1757635895885 115.25904161307056 19
1757635895971 112.95411730092242 20
1757635896059 110.69578695900012 21
1757635896144 108.48308953452113 22
1757635896216 106.31508466372976 23
1757635896284 104.19085218622922 24
1757635896354 102.1094916725754 25
1757635896439 100.07012196468936 26
1757635896547 98.07188072866282 27
1757635896633 96.11392401954842 28
1757635896739 94.19542585774266 29
1757635896853 92.31557781658526 30
1757635896937 90.47358862081335 31
1757635897026 88.66868375552332 32
1757635897114 86.90010508530645 33
1757635897192 85.1671104832377 34
1757635897272 83.46897346940922 35
1757635897339 81.80498285871201 36
1757635897405 80.17444241758031 37
1757635897470 78.5766705294245 38
1757635897537 77.01099986848791 39
1757635897603 75.4767770818737 40
1757635897683 73.97336247949629 41
1757635897850 72.50012973172204 42
1757635898233 71.05646557447143 43
1757635898395 69.6417695215639 44
1757635898468 68.25545358409425 45
1757635898528 66.89694199663685 46
1757635898617 65.56567095008147 47
1757635898690 64.26108833091108 48
1757635898746 62.98265346673913 49
1757635898802 61.7298368779297 50
1757635898862 60.502120035129956 51
1757635898931 59.29899512255097 52
1757635898992 58.1199648068374 53
1757635899044 56.96454201137293 54
1757635899099 55.83224969587285 55
1757635899152 54.7226206411204 56
1757635899204 53.635197238708294 57
1757635899273 52.56953128565101 58
1757635899329 51.52518378373839 59
1757635899387 50.50172474350475 60
1757635899443 49.49873299269207 61
1757635899508 48.515795989089575 62
1757635899566 47.5525096376358 63
1757635899625 46.60847811167267 64
1757635899676 45.68331367824489 65
1757635899728 44.77663652734084 66
1757635899780 43.88807460497477 67
1757635899840 43.017263450012685 68
1757635899896 42.1638460346479 69
1757635899949 41.327472608434384 70
1757635899999 40.507800545789316 71
1757635900050 39.704494196878564 72
1757635900102 38.91722474180154 73
1757635900162 38.145670047994244 74
1757635900215 37.38951453077165 75
1757635900272 36.648449016933064 76
1757635900321 35.92217061135586 77
1757635900371 35.21038256650567 78
1757635900418 34.51279415479269 79
1757635900466 33.829120543706 80
1757635900526 33.15908267365957 81
1757635900586 32.50240713848568 82
1757635900655 31.858826068512766 83
1757635900728 31.22807701616728 84
1757635900831 30.609902844039752 85
1757635900902 30.00405161535781 86
1757635900970 29.41027648680986 87
1757635901040 28.82833560366492 88
1757635901105 28.257991997135345 89
1757635901165 27.699013483930916 90
1757635901218 27.151172567953687 91
1757635901271 26.61424634408482 92
1757635901323 26.08801640401532 93
1757635901438 25.57226874407441 94
1757635901619 25.066793675010096 95
1757635901796 24.57138573367776 96
1757635901946 24.085843596593726 97
1757635902340 23.60996999531196 98
1757635902575 23.143571633582837 99
1757635902732 22.68645910625423 100
1757635902942 22.23844681987612 101
1757635903085 21.799352914970598 102
1757635903220 21.368999189930623 103
1757635903378 20.947211026511127 104
1757635903582 20.533817316877634 105
1757635903705 20.128650392177917 106
1757635903839 19.73154595260318 107
1757635903952 19.3423429989063 108
1757635904111 18.960883765345017 109
1757635904290 18.587013654019188 110
1757635904420 18.220581170571595 111
1757635904635 17.861437861222736 112
1757635905478 17.509438251110662 113
1757635905751 17.164439783907543 114
1757635905904 16.826302762685486 115
1757635906022 16.49489029200459 116
1757635906126 16.170068221196956 117
1757635906226 15.85170508882098 118
1757635906307 15.539672068260723 119
1757635906443 15.233842914446015 120
1757635906536 14.9340939116692 121
1757635906614 14.640303822475131 122
1757635906730 14.352353837601646 123
1757635906832 14.07012752694812 124
1757635906897 13.79351079155017 125
1757635906962 13.522391816539356 126
1757635907026 13.25666102506688 127
1757635907102 12.996211033170919 128
1757635907175 12.740936605567738 129
1757635907230 12.490734612347016 130
1757635907283 12.245503986552388 131
1757635907340 12.005145682628553 132
1757635907413 11.76956263571681 133
1757635907478 11.538659721781123 134
1757635907535 11.312343718547398 135
1757635907586 11.090523267238881 136
1757635907638 10.873108835091095 137
1757635907689 10.660012678629968 138
1757635907739 10.451148807697315 139
1757635907790 10.246432950207998 140
1757635907842 10.045782517623648 141
1757635907891 9.849116571127905 142
1757635907940 9.656355788488765 143
1757635907988 9.467422431593604 144
1757635908040 9.28224031464307 145
1757635908100 9.100734772990105 146
1757635908163 8.922832632610803 147
1757635908228 8.74846218019396 148
1757635908286 8.577553133836616 149
1757635908339 8.410036614333029 150
1757635908391 8.245845117044826 151
1757635908443 8.084912484340425 152
1757635908492 7.927173878591858 153
1757635908541 7.772565755717741 154
1757635908589 7.621025839260936 155
1757635908638 7.472493094990033 156
1757635908690 7.326907706013908 157
1757635908739 7.184211048398738 158
1757635908791 7.044345667277307 159
1757635908840 6.907255253440333 160
1757635908889 6.7728846204000845 161
1757635908938 6.641179681916602 162
1757635908996 6.512087429976986 163
1757635909060 6.385555913218548 164
1757635909124 6.261534215786753 165
1757635909188 6.139972436619055 166
1757635909252 6.020821669145931 167
1757635909331 5.904033981400656 168
1757635909400 5.78956239652938 169
1757635909466 5.677360873693464 170
1757635909542 5.567384289356008 171
1757635909607 5.459588418944785 172
1757635909680 5.353929918883918 173
1757635909748 5.250366308986792 174
1757635909814 5.1488559552028565 175
1757635909879 5.049358052711171 176
1757635909944 4.9518326093535405 177
1757635910015 4.85624042940051 178
1757635910129 4.762543097643294 179
1757635910214 4.6707029638051765 180
1757635910272 4.580683127265791 181
1757635910335 4.492447422092031 182
1757635910408 4.405960402369262 183
1757635910472 4.321187327826929 184
1757635910538 4.238094149752394 185
1757635910609 4.156647497187352 186
1757635910952 4.076814663400969 187
1757635911017 3.998563592634274 188
1757635911080 3.921862867110164 189
1757635911141 3.8466816943038573 190
1757635911198 3.7729898944683042 191
1757635911253 3.700757888409628 192
1757635911315 3.629956685507363 193
1757635911369 3.5605578719746727 194
1757635911420 3.4925335993536577 195
1757635911473 3.425856573240992 196
1757635911527 3.360500042239301 197
1757635911589 3.296437787129657 198
1757635911651 3.23364411026083 199
1757635911708 3.172093825150806 200
1757635911790 3.111762246296409 201
1757635911850 3.0526251791867725 202
1757635911907 2.9946589105165766 203
1757635911966 2.9378401985950116 204
1757635912033 2.8821462639465847 205
1757635912095 2.827554780099809 206
1757635912152 2.7740438645601047 207
1757635912208 2.721592069963157 208
1757635912260 2.6701783754050648 209
1757635912313 2.6197821779458152 210
1757635912373 2.5703832842825207 211
1757635912434 2.521961902589068 212
1757635912486 2.4744986345187745 213
1757635912538 2.4279744673668358 214
1757635912590 2.382370766389326 215
1757635912641 2.337669267275624 216
1757635912691 2.293852068771147 217
1757635912740 2.2509016254474443 218
1757635912793 2.2088007406166112 219
1757635912845 2.1675325593872206 220
1757635912900 2.12708056185883 221
1757635912958 2.087428556452393 222
1757635913015 2.048560673373749 223
1757635913068 2.0104613582076047 224
1757635913124 1.9731153656393499 225
1757635913184 1.936507753302142 226
1757635913239 1.9006238757467684 227
1757635913294 1.865449378531835 228
1757635913362 1.830970192431837 229
1757635913414 1.7971725277607682 230
1757635913470 1.7640428688089715 231
1757635913531 1.731567968390937 232
1757635913589 1.6997348425018417 233
1757635913652 1.6685307650806473 234
1757635913715 1.637943262877634 235
1757635913774 1.6079601104242642 236
1757635913834 1.5785693251033392 237
1757635913890 1.5497591623174403 238
1757635913951 1.5215181107537004 239
1757635914005 1.4938348877429446 240
1757635914061 1.4666984347113534 241
1757635914119 1.440097912722775 242
1757635914177 1.4140226981098774 243
1757635914235 1.3884623781923693 244
1757635914289 1.363406747080537 245
1757635914354 1.3388458015624307 246
1757635914415 1.3147697370729523 247
1757635914483 1.2911689437432978 248
1757635914546 1.2680340025290848 249
1757635914607 1.2453556814156133 250
1757635914671 1.2231249316987323 251
1757635914730 1.2013328843397768 252
1757635914792 1.1799708463931131 253
1757635914853 1.159030297504846 254
1757635914917 1.1385028864812392 255
1757635914987 1.1183804279254965 256
1757635915068 1.0986548989415128 257
1757635915152 1.0793184359032433 258
1757635915226 1.060363331288442 259
1757635915297 1.041782030575413 260
1757635915365 1.023567129201548 261
1757635915433 1.0057113695824393 262
1757635915502 0.9882076381903195 263
1757635915587 0.9710489626906637 264
1757635915670 0.9542285091358008 265
1757635915742 0.9377395792143816 266
1757635915812 0.9215756075555843 267
1757635915881 0.9057301590870084 268
1757635915948 0.8901969264451217 269
1757635916019 0.8749697274372589 270
1757635916088 0.8600425025541335 271
1757635916161 0.8454093125318469 272
1757635916233 0.8310643359624115 273
1757635916306 0.8170018669518281 274
1757635916371 0.8032163128247591 275
1757635916437 0.7897021918748672 276
1757635916506 0.7764541311599317 277
1757635916576 0.7634668643408071 278
1757635916649 0.7507352295634108 279
1757635916745 0.7382541673828052 280
1757635917436 0.7260187187286194 281
1757635917544 0.7140240229109134 282
1757635917613 0.7022653156657218 283
1757635917684 0.690737927239483 284
1757635917750 0.679437280511557 285
1757635917810 0.6683588891540904 286
1757635917870 0.6574983558284925 287
1757635917927 0.6468513704177581 288
1757635917984 0.6364137082939667 289
1757635918040 0.6261812286202383 290
1757635918094 0.6161498726864365 291
1757635918148 0.6063156622779885 292
1757635918204 0.5966746980771397 293
1757635918259 0.5872231580959898 294
1757635918313 0.5779572961406928 295
1757635918377 0.5688734403062028 296
1757635918435 0.5599679915009305 297
1757635918495 0.5512374220007523 298
1757635918550 0.5426782740317604 299
1757635918633 0.5342871583811892 300
1757635918695 0.5260607530359577 301
1757635918757 0.5179958018482829 302
1757635918818 0.5100891132278178 303
1757635918885 0.5023375588597904 304
1757635918957 0.4947380724486186 305
1757635919022 0.48728764848650385 306
1757635919088 0.4799833410465129 307
1757635919154 0.4728222625996289 308
1757635919215 0.4658015828553323 309
1757635919277 0.458918527625221 310
1757635919338 0.4521703777092142 311
1757635919402 0.4455544678038961 312
1757635919468 0.4390681854325608 313
1757635919532 0.43270896989651025 314
1757635919597 0.4264743112472029 315
1757635919655 0.4203617492788288 316
1757635919734 0.4143688725408982 317
1757635919793 0.40849331737046035 318
1757635919851 0.402732766943548 319
1757635919906 0.39708495034547536 320
1757635919969 0.39154764165960876 321
1757635920026 0.38611865907423876 322
1757635920082 0.38079586400720644 323
1757635920136 0.37557716024792226 324
1757635920190 0.37046049311642526 325
1757635920242 0.3654438486391532 326
1757635920295 0.36052525274109903 327
1757635920354 0.35570277045400206 328
1757635920407 0.3509745051402779 329
1757635920461 0.3463385977323677 330
1757635920513 0.3417932259871965 331
1757635920568 0.33733660375544067 332
1757635920620 0.33296698026531957 333
1757635920679 0.3286826394206041 334
1757635920740 0.3244818991125799 335
1757635920818 0.32036311054566885 336
1757635920875 0.3163246575764557 337
1757635920930 0.3123649560658381 338
1757635920987 0.3084824532440474 339
1757635921041 0.3046756270882784 340
1757635921094 0.3009429857126876 341
1757635921147 0.2972830667705005 342
1757635921208 0.293694436867997 343
1757635921282 0.2901756909901364 344
1757635921355 0.2867254519375897 345
1757635921425 0.2833423697749519 346
1757635921498 0.28002512128990964 347
1757635921570 0.2767724094631591 348
1757635921641 0.2735829629488404 349
1757635921713 0.27045553556529656 350
1757635921812 0.26738890579594166 351
1757635921882 0.26438187630004534 352
1757635921951 0.2614332734332255 353
1757635922021 0.258541946777469 354
1757635922090 0.25570676868048087 355
1757635922160 0.25292663380418223 356
1757635922229 0.2502004586821732 357
1757635922299 0.24752718128598084 358
1757635922368 0.24490576059992572 359
1757635922428 0.24233517620441747 360
1757635922497 0.23981442786753845 361
1757635922556 0.2373425351447262 362
1757635922620 0.2349185369864065 363
1757635922686 0.2325414913534186 364
1757635922747 0.23021047484007373 365
1757635922821 0.22792458230469492 366
1757635922927 0.22568292650749727 367
1757635923246 0.2234846377556484 368
1757635923318 0.22132886355538528 369
1757635923388 0.21921476827103115 370
1757635923453 0.2171415327907789 371
1757635923516 0.21510835419911659 372
1757635923574 0.2131144454557499 373
1757635923632 0.21115903508089826 374
1757635923689 0.20924136684683947 375
1757635923744 0.20736069947557798 376
1757635923800 0.20551630634250795 377
1757635923864 0.2037074751859697 378
1757635923919 0.20193350782255667 379
1757635923974 0.20019371986808665 380
1757635924027 0.1984874404641014 381
1757635924081 0.19681401200979773 382
1757635924135 0.19517278989927989 383
1757635924195 0.19356314226402624 384
1757635924249 0.19198444972046513 385
1757635924303 0.19043610512256248 386
1757635924356 0.1889175133193188 387
1757635924409 0.18742809091707666 388
1757635924463 0.18596726604654873 389
1757635924516 0.18453447813446666 390
1757635924570 0.18312917767976195 391
1757635924652 0.18175082603418533 392
1757635924724 0.18039889518728672 393
1757635924795 0.17907286755565316 394
1757635924864 0.17777223577633527 395
1757635924946 0.17649650250436885 396
1757635925016 0.175245180214314 397
1757635925089 0.17401779100573675 398
1757635925152 0.17281386641254193 399
1757635925211 0.17163294721609815 400
1757635925271 0.1704745832620618 401
1757635925331 0.16933833328084202 402
1757635925390 0.16822376471162395 403
1757635925449 0.16713045352988345 404
1757635925509 0.16605798407832525 405
1757635925600 0.16500594890117448 406
1757635925684 0.16397394858175343 407
1757635925743 0.16296159158328413 408
1757635925829 0.16196849409284483 409
1757635926043 0.16099427986842474 410
1757635926128 0.16003858008901323 411
1757635926215 0.15910103320765973 412
1757635926290 0.15818128480744956 413
1757635926353 0.15727898746033717 414
1757635926416 0.15639380058878116 415
1757635926477 0.15552539033011795 416
1757635926544 0.15467342940363116 417
1757635926600 0.15383759698025543 418
1757635926657 0.15301757855486262 419
1757635926713 0.1522130658210852 420
1757635926848 0.151423756548618 421
1757635926935 0.15064935446295535 422
1757635927013 0.14988956912751178 423
1757635927094 0.14914411582808315 424
1757635927166 0.1484127154595973 425
1757635927239 0.1476950944151075 426
1757635927323 0.14699098447699507 427
1757635927408 0.1463001227103191 428
1757635927479 0.14562225135828974 429
1757635927547 0.14495711773980988 430
1757635927607 0.14430447414904793 431
1757635927761 0.14366407775700415 432
1757635927818 0.14303569051502693 433
1757635927876 0.14241907906024362 434
1757635927961 0.14181401462286267 435
1757635928041 0.14122027293531994 436
1757635928103 0.14063763414321995 437
1757635928162 0.14006588271804501 438
1757635928220 0.13950480737159623 439
1757635928299 0.13895420097213 440
1757635928407 0.13841386046215412 441
1757635928468 0.1378835867778584 442
1757635928529 0.13736318477013754 443
1757635928589 0.13685246312718397 444
1757635928655 0.13635123429861037 445
1757635928716 0.1358593144210805 446
1757635928777 0.13537652324540983 447
1757635928860 0.13490268406511757 448
1757635928987 0.13443762364638503 449
1757635929085 0.13398117215941188 450
1757635929174 0.13353316311112692 451
1757635929289 0.1330934332792338 452
1757635929501 0.13266182264756582 453
1757635929591 0.13223817434271734 454
1757635929669 0.13182233457193623 455
1757635929746 0.13141415256224376 456
1757635929833 0.1310134805007605 457
1757635929903 0.13062017347621677 458
1757635929971 0.1302340894216217 459
1757635930044 0.12985508905806542 460
1757635930110 0.12948303583963894 461
1757635930199 0.12911779589944294 462
1757635930262 0.12875923799666517 463
1757635930323 0.1284072334647087 464
1757635930381 0.12806165616034695 465
1757635930439 0.12772238241388575 466
1757635930499 0.12738929098031282 467
1757635930647 0.1270622629914141 468
1757635930742 0.126741181908841 469
1757635930883 0.12642593347810444 470
1757635930988 0.12611640568348156 471
1757635931079 0.12581248870381678 472
1757635931173 0.12551407486919502 473
1757635931251 0.12522105861847577 474
1757635931435 0.12493333645766891 475
1757635931548 0.12465080691913133 476
1757635931641 0.12437337052157468 477
1757635931784 0.12410092973086363 478
1757635931937 0.12383338892159208 479
1757635932026 0.12357065433941766 480
1757635932220 0.12331263406414396 481
1757635932544 0.123059237973534 482
1757635932697 0.12281037770783812 483
1757635932804 0.12256596663502727 484
1757635932902 0.12232591981671095 485
1757635932998 0.12209015397473334 486
1757635933105 0.12185858745842842 487
1757635933234 0.12163114021252514 488
1757635933906 0.1214077337456857 489
1757635934029 0.12118829109966875 490
1757635934113 0.12097273681910248 491
1757635934201 0.1207609969218543 492
1757635934295 0.12055299886998962 493
1757635934372 0.12034867154130353 494
1757635934451 0.12014794520141688 495
1757635934526 0.1199507514764241 496
1757635934595 0.11975702332608262 497
1757635934664 0.11956669501753259 498
1757635934733 0.11937970209953683 499
