1757646722202 123.6908999377732 0
1757646722256 87.50953498963271 1
1757646722311 61.20198763966064 2
1757646722368 42.08580716058249 3
1757646722425 29.434571446610722 4
1757646722482 21.430967788411824 5
1757646722538 15.006080618162361 6
1757646722595 10.940229632414407 7
1757646722650 7.5822059346741035 8
1757646722706 5.598223334986035 9
1757646722764 4.182779610298572 10
1757646722822 3.058866375930376 11
1757646722879 1.88731875481397 12
1757646722942 1.200189881226956 13
1757646723005 1.190747241055089 14
1757646723064 0.7098906118720074 15
1757646723123 0.3989818023942759 16
1757646723182 0.4719875183594867 17
1757646723240 0.34171219171790196 18
1757646723320 0.28728719335461494 19
1757646723390 0.23779766680867095 20
1757646723457 0.1963964447199356 21
1757646723522 0.2058967376739441 22
1757646723582 0.13002192509018534 23
1757646723643 0.21372564281652923 24
1757646723705 0.1682163631660381 25
1757646723766 0.13336934746053747 26
1757646723826 0.1547826843557331 27
1757646723887 0.16447129166948118 28
1757646723949 0.15989563270944257 29
1757646724011 0.1319267259326236 30
1757646724071 0.12553228106777492 31
1757646724133 0.13051995485216034 32
1757646724222 0.12953416301418877 33
1757646724307 0.12641097603390813 34
1757646724370 0.0784902080229864 35
1757646724432 0.08524225583947992 36
1757646724495 0.12326737436552918 37
1757646724558 0.08634908584832698 38
1757646724619 0.10253579040285435 39
1757646724682 0.13498698931964115 40
1757646724747 0.09011229221137035 41
1757646724809 0.13866342763060865 42
1757646724871 0.08806851825041273 43
1757646724933 0.09026962588572462 44
1757646725005 0.13254586177406674 45
1757646725067 0.11594714622844934 46
1757646725138 0.17419948104995317 47
1757646725200 0.11062501941470622 48
1757646725267 0.1498977072929038 49
1757646725332 0.06583112129518186 50
1757646725394 0.1196670675915444 51
1757646725456 0.14892302318987807 52
1757646725520 0.06732181300269707 53
1757646725582 0.09853715611394796 54
1757646725648 0.10175466646279376 55
1757646725713 0.10683635136273453 56
1757646725775 0.07823886615925522 57
1757646725863 0.08808386721794961 58
1757646725932 0.12270421622555193 59
1757646726000 0.07160652829851522 60
1757646726067 0.07595498456734646 61
1757646726130 0.14511487124126685 62
