1757642361613 173.432150551332 0
1757642361668 169.97773133378962 1
1757642361721 166.5922783989187 2
1757642361783 163.27441195136362 3
1757642361837 160.02277988325423 4
1757642361890 156.83605721624585 5
1757642361945 153.71294555487225 6
1757642362070 150.65217255098082 7
1757642362140 147.65249137902254 8
1757642362200 144.71268022197506 9
1757642362259 141.8315417676824 10
1757642362316 139.0079027153968 11
1757642362373 136.24061329231586 12
1757642362434 133.52854677990982 13
1757642362491 130.87059904983985 14
1757642362545 128.26568810927068 15
1757642362600 125.71275365538683 16
1757642362655 123.21075663892367 17
1757642362709 120.75867883653036 18
1757642362763 118.35552243178381 19
1757642362818 116.00030960467767 20
1757642362874 113.69208212941355 21
1757642362964 111.4299009803251 22
1757642363022 109.21284594576947 23
1757642363077 107.04001524982365 24
1757642363130 104.9105251816269 25
1757642363197 102.82350973221345 26
1757642363264 100.77812023868324 27
1757642363322 98.77352503556085 28
1757642363379 96.80890911319692 29
1757642363435 94.88347378306858 30
1757642363489 92.99643634983829 31
1757642363544 91.14702979003418 32
1757642363598 89.33450243721681 33
1757642363653 87.55811767350072 34
1757642363707 85.81715362730169 35
1757642363760 84.11090287718297 36
1757642363815 82.43867216167683 37
1757642363870 80.79978209495988 38
1757642363925 79.19356688826352 39
1757642363982 77.6193740769028 40
1757642364036 76.07656425280987 41
1757642364090 74.56451080246019 42
1757642364152 73.08259965008205 43
1757642364207 71.63022900604255 44
1757642364263 70.20680912030444 45
1757642364324 68.81176204085148 46
1757642364379 67.44452137698147 47
1757642364435 66.10453206736814 48
1757642364490 64.79125015279544 49
1757642364548 63.50414255346925 50
1757642364606 62.24268685081416 51
1757642364662 61.00637107366425 52
1757642364717 59.79469348875858 53
1757642364772 58.60716239545499 54
1757642364827 57.44329592457595 55
1757642364884 56.30262184130341 56
1757642364940 55.18467735204035 57
1757642364996 54.089008915159006 58
1757642365050 53.01517205555692 59
1757642365105 51.96273118294392 60
1757642365161 50.93125941378452 61
1757642365218 49.920338396821755 62
1757642365273 48.92955814211026 63
1757642365328 47.95851685348718 64
1757642365384 47.00682076441204 65
1757642365441 46.07408397710687 66
1757642365497 45.159928304930396 67
1757642365552 44.26398311792066 68
1757642365608 43.385885191442036 69
1757642365663 42.52527855787423 70
1757642365717 41.68181436128149 71
1757642365774 40.85515071500201 72
1757642365828 40.04495256209864 73
1757642365884 39.25089153861296 74
1757642365938 38.4726458395662 75
1757642365993 37.709900087651725 76
1757642366049 36.962345204564535 77
1757642366104 36.22967828491466 78
1757642366163 35.51160247267247 79
1757642366221 34.807826840094584 80
1757642366277 34.11806626908051 81
1757642366332 33.44204133491103 82
1757642366388 32.77947819232012 83
1757642366444 32.13010846385355 84
1757642366500 31.493669130468046 85
1757642366555 30.86990242432567 86
1757642366609 30.2585557237395 87
1757642366665 29.659381450226945 88
1757642366720 29.072136967628417 89
1757642366775 28.496584483249734 90
1757642366830 27.932490950987425 91
1757642366885 27.379627976397074 92
1757642366940 26.837771723665522 93
1757642366994 26.306702824448585 94
1757642367049 25.78620628853689 95
1757642367105 25.276071416312682 96
1757642367159 24.776091712962018 97
1757642367216 24.286064804406546 98
1757642367271 23.805792354920634 99
1757642367327 23.335079986399755 100
1757642367382 22.87373719924695 101
1757642367438 22.421577294844788 102
1757642367494 21.978417299580997 103
1757642367548 21.544077890396444 104
1757642367602 21.118383321824936 105
1757642367658 20.701161354494744 106
1757642367715 20.2922431850625 107
1757642367769 19.8914633775508 108
1757642367824 19.498659796060988 109
1757642367881 19.113673538833847 110
1757642367936 18.736348873630817 111
1757642367991 18.366533174409373 112
1757642368048 18.004076859266494 113
1757642368104 17.648833329624708 114
1757642368163 17.30065891063591 115
1757642368242 16.959412792778192 116
1757642368300 16.624956974622123 117
1757642368359 16.29715620674262 118
1757642368416 15.975877936753605 119
1757642368474 15.660992255442869 120
1757642368531 15.352371843985047 121
1757642368587 15.049891922211048 122
1757642368643 14.753430197912683 123
1757642368700 14.462866817161915 124
1757642368757 14.178084315624004 125
1757642368814 13.898967570845027 126
1757642368870 13.625403755493858 127
1757642368927 13.357282291539676 128
1757642368986 13.094494805346134 129
1757642369043 12.836935083663864 130
1757642369100 12.584499030503183 131
1757642369158 12.33708462486951 132
1757642369214 12.094591879344016 133
1757642369272 11.85692279949269 134
1757642369329 11.623981344087165 135
1757642369385 11.395673386120952 136
1757642369443 11.17190667460528 137
1757642369500 10.952590797128755 138
1757642369557 10.73763714316567 139
1757642369614 10.526958868117838 140
1757642369678 10.320470858075337 141
1757642369737 10.118089695281677 142
1757642369793 9.919733624289305 143
1757642369850 9.725322518791721 144
1757642369907 9.534777849118399 145
1757642369964 9.348022650379459 146
1757642370021 9.164981491247007 147
1757642370078 8.985580443360316 148
1757642370134 8.809747051342482 149
1757642370189 8.637410303416134 150
1757642370251 8.468500602606381 151
1757642370310 8.302949738519114 152
1757642370367 8.140690859683167 153
1757642370425 7.981658446445086 154
1757642370483 7.8257882844054025 155
1757642370541 7.673017438385513 156
1757642370598 7.523284226914693 157
1757642370655 7.376528197226712 158
1757642370713 7.232690100755817 159
1757642370768 7.091711869122261 160
1757642370824 6.953536590597356 161
1757642370882 6.818108487038629 162
1757642370939 6.685372891285576 163
1757642370995 6.555276225006866 164
1757642371052 6.4277659769898365 165
1757642371109 6.3027906818636055 166
1757642371166 6.180299899246985 167
1757642371223 6.060244193312739 168
1757642371280 5.94257511275988 169
1757642371337 5.827245171185809 170
1757642371392 5.714207827850312 171
1757642371448 5.603417468823589 172
1757642371505 5.494829388510607 173
1757642371562 5.388399771544262 174
1757642371618 5.284085675039989 175
1757642371675 5.181845011204558 176
1757642371733 5.081636530292002 177
1757642371799 4.983419803899736 178
1757642371868 4.887155208598041 179
1757642371929 4.792803909886266 180
1757642372041 4.700327846469215 181
1757642372105 4.609689714847296 182
1757642372167 4.520852954214204 183
1757642372230 4.433781731655934 184
1757642372296 4.348440927645171 185
1757642372356 4.264796121825068 186
1757642372415 4.182813579076674 187
1757642372473 4.102460235864405 188
1757642372533 4.023703686853839 189
1757642372591 3.946512171796577 190
1757642372650 3.870854562676686 191
1757642372708 3.7967003511135973 192
1757642372766 3.7240196360162625 193
1757642372825 3.652783111483627 194
1757642372893 3.5829620549463947 195
1757642372959 3.5145283155453777 196
1757642373018 3.447454302741604 197
1757642373077 3.381712975153622 198
1757642373135 3.3172778296174448 199
1757642373205 3.2541228904646498 200
1757642373275 3.1922226990143545 201
1757642373337 3.1315523032747006 202
1757642373398 3.072087247849744 203
1757642373457 3.013803564047614 204
1757642373516 2.9566777601859107 205
1757642373576 2.9006868120904183 206
1757642373635 2.845808153783273 207
1757642373694 2.7920196683568124 208
1757642373753 2.739299679029359 209
1757642373811 2.687626940379364 210
1757642373872 2.636980629754284 211
1757642373931 2.58734033885078 212
1757642373995 2.5386860654627372 213
1757642374053 2.490998205393814 214
1757642374112 2.4442575445311983 215
1757642374172 2.3984452510774035 216
1757642374231 2.3535428679368695 217
1757642374300 2.3095323052543733 218
1757642374362 2.2663958331021328 219
1757642374421 2.2241160743126973 220
1757642374480 2.1826759974546754 221
1757642374539 2.1420589099484855 222
1757642374600 2.1022484513193063 223
1757642374659 2.0632285865844895 224
1757642374719 2.024983599772772 225
1757642374779 1.9874980875726542 226
1757642374838 1.9507569531073274 227
1757642374898 1.9147453998336936 228
1757642374958 1.879448925562943 229
1757642375017 1.8448533166002854 230
1757642375161 1.8109446420014825 231
1757642375224 1.7777092479437855 232
1757642375286 1.7451337522090826 233
1757642375353 1.7132050387769324 234
1757642375416 1.6819102525253609 235
1757642375477 1.6512367940372306 236
1757642375537 1.6211723145100807 237
1757642375598 1.5917047107674027 238
1757642375659 1.562822120369285 239
1757642375718 1.5345129168204745 240
1757642375778 1.5067657048739207 241
1757642375837 1.479569315927847 242
1757642375898 1.4529128035145598 243
1757642375958 1.4267854388790864 244
1757642376017 1.4011767066459224 245
1757642376077 1.3760763005720709 246
1757642376137 1.3514741193846989 247
1757642376197 1.327360262701697 248
1757642376258 1.3037250270334892 249
1757642376317 1.2805589018644967 250
1757642376383 1.2578525658126352 251
1757642376443 1.2355968828653237 252
1757642376503 1.213782898690438 253
1757642376563 1.1924018370207603 254
1757642376623 1.1714450961104228 255
1757642376683 1.1509042452619325 256
1757642376744 1.1307710214223627 257
1757642376805 1.1110373258473194 258
1757642376865 1.0916952208313642 259
1757642376924 1.0727369265035358 260
1757642376984 1.0541548176866855 261
1757642377044 1.0359414208193614 262
1757642377102 1.0180894109389809 263
1757642377161 1.0005916087250815 264
1757642377220 0.9834409776014512 265
1757642377277 0.9666306208959522 266
1757642377337 0.9501537790569028 267
1757642377397 0.9340038269248869 268
1757642377457 0.9181742710588823 269
1757642377516 0.9026587471156271 270
1757642377576 0.8874510172811636 271
1757642377635 0.8725449677535214 272
1757642377695 0.8579346062755271 273
1757642377838 0.8436140597167112 274
1757642377896 0.8295775717033793 275
1757642377953 0.8158195002958648 276
1757642378012 0.8023343157119984 277
1757642378071 0.7891165980959277 278
1757642378130 0.7761610353313423 279
1757642378198 0.7634624208982237 280
1757642378266 0.7510156517722762 281
1757642378327 0.7388157263661623 282
1757642378394 0.7268577425117198 283
1757642378455 0.7151368954823492 284
1757642378515 0.7036484760547662 285
1757642378575 0.6923878686093321 286
1757642378637 0.6813505492682035 287
1757642378698 0.6705320840705329 288
1757642378760 0.6599281271839913 289
1757642378821 0.6495344191519002 290
1757642378882 0.6393467851752324 291
1757642378943 0.6293611334288274 292
1757642379003 0.619573453411107 293
1757642379064 0.6099798143266331 294
1757642379125 0.6005763635008684 295
1757642379186 0.5913593248264731 296
1757642379247 0.5823249972405353 297
1757642379310 0.5734697532321 298
1757642379372 0.564790037379399 299
1757642379431 0.5562823649161946 300
1757642379491 0.5479433203266522 301
1757642379551 0.5397695559681742 302
1757642379611 0.5317577907216434 303
1757642379671 0.5239048086685223 304
1757642379732 0.5162074577942751 305
1757642379790 0.5086626487176 306
1757642379849 0.5012673534449346 307
1757642379911 0.4940186041497588 308
1757642379971 0.4869134919761746 309
1757642380030 0.47994916586630554 310
1757642380091 0.47312283141100936 311
1757642380153 0.4664317497234822 312
1757642380214 0.45987323633525345 313
1757642380274 0.45344466011415907 314
1757642380335 0.4471434422038405 315
1757642380397 0.44096705498434263 316
1757642380462 0.43491302105338797 317
1757642380524 0.42897891222792844 318
1757642380587 0.4231623485655546 319
1757642380647 0.41746099740537657 320
1757642380707 0.4118725724279803 321
1757642380768 0.4063948327341002 322
1757642380829 0.4010255819416068 323
1757642380889 0.3957626673004605 324
1757642380950 0.390603978825279 325
1757642381011 0.3855474484451632 326
1757642381071 0.3805910491704206 327
1757642381130 0.3757327942758787 328
1757642381192 0.37097073650044415 329
1757642381252 0.36630296726257383 330
1757642381312 0.3617276158913641 331
1757642381375 0.3572428488729326 332
1757642381436 0.3528468691117807 333
1757642381496 0.34853791520686084 334
1757642381557 0.3443142607420386 335
1757642381618 0.34017421359067007 336
1757642381679 0.33611611523400725 337
1757642381740 0.3321383400931651 338
1757642381802 0.3282392948743733 339
1757642381866 0.324417417927251 340
1757642381928 0.32067117861585054 341
1757642381989 0.3169990767022004 342
1757642382051 0.3133996417421173 343
1757642382111 0.309871432493035 344
1757642382173 0.30641303633360306 345
1757642382234 0.3030230686948374 346
1757642382295 0.2997001725025786 347
1757642382356 0.2964430176310419 348
1757642382417 0.2932503003672316 349
1757642382486 0.2901207428860096 350
1757642382549 0.2870530927356033 351
1757642382610 0.28404612233334264 352
1757642382673 0.2810986284714259 353
1757642382734 0.27820943183252084 354
1757642382795 0.27537737651498245 355
1757642382856 0.27260132956753264 356
1757642382933 0.2698801805331767 357
1757642382996 0.26721284100219894 358
1757642383059 0.2645982441740412 359
1757642383122 0.2620353444278971 360
1757642383194 0.2595231169018424 361
1757642383267 0.25706055708033826 362
1757642383329 0.25464668038992994 363
1757642383391 0.2522805218029901 364
1757642383454 0.24996113544934204 365
1757642383516 0.24768759423559744 366
1757642383579 0.24545898947207376 367
1757642383641 0.2432744305071195 368
1757642383705 0.241133044368717 369
1757642383768 0.23903397541320873 370
1757642383831 0.23697638498100626 371
1757642383894 0.23495945105914853 372
1757642383959 0.2329823679505641 373
1757642384021 0.23104434594991202 374
1757642384083 0.22914461102586708 375
1757642384144 0.22728240450972215 376
1757642384206 0.22545698279017842 377
1757642384269 0.2236676170142073 378
1757642384337 0.221913592793857 379
1757642384400 0.22019420991888913 380
1757642384463 0.21850878207512556 381
1757642384536 0.2168566365683966 382
1757642384603 0.2152371140539794 383
1757642384666 0.21364956827140785 384
1757642384729 0.21209336578456145 385
1757642384792 0.21056788572691776 386
1757642384857 0.20907251955186626 387
1757642384918 0.20760667078799236 388
1757642384980 0.20616975479921787 389
1757642385043 0.20476119854971572 390
1757642385105 0.20338044037349456 391
1757642385166 0.20202692974856393 392
1757642385230 0.20070012707558807 393
1757642385291 0.19939950346094115 394
1757642385353 0.19812454050407172 395
1757642385414 0.1968747300890958 396
1757642385479 0.19564957418053155 397
1757642385540 0.1944485846230936 398
1757642385603 0.19327128294546797 399
1757642385665 0.19211720016798678 400
1757642385751 0.19098587661412175 401
1757642385821 0.1898768617257296 402
1757642385889 0.1887897138819672 403
1757642385952 0.18772400022180485 404
1757642386015 0.18667929647006748 405
1757642386079 0.1856551867669345 406
1757642386143 0.18465126350082556 407
1757642386205 0.18366712714460978 408
1757642386268 0.18270238609506909 409
1757642386332 0.18175665651555084 410
1757642386394 0.1808295621817507 411
1757642386456 0.1799207343305559 412
1757642386524 0.17902981151189612 413
1757642386589 0.1781564394435353 414
1757642386652 0.17730027086875097 415
1757642386716 0.17646096541684134 416
1757642386780 0.17563818946640458 417
1757642386841 0.17483161601133332 418
1757642386903 0.17404092452947342 419
1757642386975 0.17326580085389418 420
1757642387039 0.17250593704671105 421
1757642387102 0.17176103127542225 422
1757642387166 0.17103078769169633 423
1757642387231 0.17031491631257467 424
1757642387295 0.16961313290402733 425
1757642387359 0.16892515886682832 426
1757642387423 0.16825072112469594 427
1757642387485 0.16758955201465442 428
1757642387547 0.1669413891795774 429
1757642387611 0.1663059754628629 430
1757642387673 0.1656830588052027 431
1757642387736 0.1650723921434022 432
1757642387800 0.16447373331121012 433
1757642387865 0.1638868449421201 434
1757642387928 0.16331149437410047 435
1757642387991 0.16274745355621942 436
1757642388054 0.16219449895712312 437
1757642388115 0.16165241147533418 438
1757642388185 0.16112097635132966 439
1757642388262 0.16059998308136716 440
1757642388327 0.16008922533302367 441
1757642388392 0.15958850086240953 442
1757642388456 0.15909761143302967 443
1757642388521 0.15861636273625446 444
1757642388590 0.15814456431337273 445
1757642388655 0.15768202947919058 446
1757642388720 0.15722857524714842 447
1757642388785 0.15678402225592755 448
1757642388851 0.15634819469751327 449
1757642388916 0.15592092024668391 450
1757642388982 0.15550202999190607 451
1757642389046 0.15509135836759783 452
1757642389110 0.15468874308773886 453
1757642389173 0.15429402508080098 454
1757642389237 0.1539070484259667 455
1757642389305 0.1535276602906196 456
1757642389368 0.15315571086907348 457
1757642389433 0.15279105332251688 458
1757642389499 0.15243354372015466 459
1757642389561 0.15208304098151418 460
1757642389624 0.15173940681990047 461
1757642389688 0.1514025056869723 462
1757642389752 0.1510722047184199 463
1757642389815 0.15074837368072053 464
1757642389879 0.15043088491895373 465
1757642389943 0.15011961330564966 466
1757642390006 0.14981443619065582 467
1757642390069 0.1495152333519976 468
1757642390134 0.14922188694771552 469
1757642390198 0.14893428146865914 470
1757642390261 0.14865230369221685 471
1757642390326 0.14837584263696696 472
1757642390390 0.14810478951822592 473
1757642390459 0.14783903770448228 474
1757642390550 0.14757848267469434 475
1757642390621 0.14732302197643452 476
1757642390686 0.1470725551848675 477
1757642390755 0.14682698386253984 478
1757642390821 0.14658621151997103 479
1757642390888 0.1463501435770244 480
1757642391024 0.1461186873250455 481
1757642391095 0.14589175188975362 482
1757642391167 0.14566924819486862 483
1757642391236 0.14545108892646005 484
1757642391302 0.14523718849800518 485
1757642391368 0.1450274630161378 486
1757642391434 0.14482183024708165 487
1757642391501 0.1446202095837451 488
1757642391567 0.1444225220134732 489
1757642391632 0.14422869008643688 490
1757642391698 0.1440386378846518 491
1757642391764 0.14385229099161073 492
1757642391830 0.14366957646251977 493
1757642391896 0.14349042279512414 494
1757642391962 0.14331475990111509 495
1757642392029 0.1431425190781012 496
1757642392094 0.14297363298214003 497
1757642392158 0.14280803560081096 498
1757642392222 0.14264566222682565 499
