1757645278738 0.058312394855805756 0
1757645278854 0.005909460012945395 1
1757645278970 0.05691289667503788 2
1757645279070 0.04414382668184016 3
1757645279169 0.07739188807885203 4
1757645279266 0.06783518374581866 5
1757645279364 0.008965272521834208 6
1757645279462 0.07555323716620127 7
1757645279562 0.1278273758224965 8
1757645279661 0.0007229410299401464 9
1757645279762 1.3595600904260174 10
1757645279877 0.00022142007808516263 11
1757645279989 0.003662750308183326 12
1757645280091 0.04216223276827558 13
1757645280203 0.011272178469358492 14
1757645280305 0.007958342981407941 15
1757645280418 0.20184775603923968 16
1757645280518 0.0014490915732764953 17
1757645280618 0.00073953437690789 18
1757645280717 0.05889798398198278 19
1757645280816 0.1307929704535752 20
1757645280916 0.0010047152651616788 21
1757645281021 0.15559804162867444 22
1757645281120 0.0009470198117732739 23
1757645281219 0.10636329828420238 24
1757645281324 0.00020435401202804101 25
1757645281424 0.007012202780624478 26
1757645281524 0.0009508760539637009 27
1757645281628 0.7070642629708586 28
1757645281733 0.33089660565639784 29
1757645281834 0.0030027863186939336 30
1757645281937 0.17048312969033244 31
1757645282035 0.8317226407602774 32
1757645282134 0.009615119321967729 33
1757645282246 0.07807439284465957 34
1757645282346 0.0035195213910896427 35
1757645282446 0.09044707162191613 36
1757645282545 0.41046538738646143 37
1757645282644 0.0067107774129933325 38
1757645282755 0.027255293558549807 39
1757645282855 0.008545492960338292 40
1757645282956 0.156281380565007 41
1757645283056 0.1608195004998365 42
1757645283154 0.0028159634800330228 43
1757645283252 0.16627162962681943 44
1757645283350 0.00017110718306531894 45
1757645283450 0.2870542594954377 46
1757645283551 0.013015401801896573 47
1757645283651 0.006278631619056192 48
1757645283753 0.04886856366726127 49
1757645283896 9.95057158927314e-05 50
1757645284004 0.008218841857671529 51
1757645284106 0.0015519388011040174 52
1757645284208 0.004471577348457108 53
1757645284316 0.0612040002582336 54
1757645284416 0.07050682435402582 55
1757645284515 0.06062481740316557 56
1757645284625 0.4434880248976319 57
1757645284724 0.4187388693966975 58
1757645284824 0.002159078203843533 59
1757645284927 0.03118497015184013 60
1757645285029 0.010957823430562764 61
1757645285128 0.25319942388367916 62
1757645285231 0.009291585730085072 63
1757645285333 0.05057241470476294 64
1757645285435 0.35184657285750526 65
1757645285534 0.31036398690343997 66
1757645285633 0.038247277016691346 67
1757645285732 0.2980925515217208 68
1757645285846 0.2854338886489281 69
1757645285953 0.029207755783884605 70
1757645286056 0.3008077561021471 71
1757645286158 0.11872960182077372 72
1757645286260 0.06043747816722799 73
1757645286366 0.12400716069347195 74
1757645286467 0.09318534278817259 75
1757645286568 0.012565366238539715 76
1757645286670 0.03899037350036774 77
1757645286770 0.014077583244728915 78
1757645286869 0.16653439720916965 79
1757645286967 0.04492424738297469 80
1757645287069 0.049036048211933754 81
1757645287171 0.09805573035059494 82
1757645287271 0.25354164272719126 83
1757645287371 0.0022002168394518974 84
1757645287472 0.007091319054654946 85
1757645287573 0.08994703513893322 86
1757645287674 0.010136804921074225 87
1757645287775 0.2235101638816605 88
1757645287876 0.025153551515008157 89
1757645287974 0.12859453618602987 90
1757645288074 0.006335375117782827 91
1757645288175 0.08131813908824653 92
1757645288272 0.03939259640783719 93
1757645288379 0.0586428291764007 94
1757645288479 0.214685164315845 95
1757645288578 0.0335910308628542 96
1757645288679 0.09043515354979509 97
1757645288778 0.00039254910131348957 98
1757645288900 0.0012219406658195995 99
1757645289109 0.006241510826466403 100
1757645289215 0.12301713096374423 101
1757645289319 0.0014211958077151015 102
1757645289419 0.004780882023326355 103
1757645289518 0.037363057645598136 104
1757645289619 0.13994998637192874 105
1757645289720 0.00015265237313670646 106
1757645289819 0.017228626344166335 107
1757645289920 0.017664962000786627 108
1757645290019 0.05706257146512222 109
1757645290134 0.20766960279094196 110
1757645290236 0.011005772625126456 111
1757645290338 0.00011132758098284651 112
1757645290445 0.34046731939092556 113
1757645290546 0.006842068668501681 114
1757645290648 0.17072405259285928 115
1757645290752 0.03673704237523684 116
1757645290853 0.22655978096493434 117
1757645290954 0.0028449260678041575 118
1757645291054 0.5143717035837622 119
1757645291155 0.008952653711369385 120
1757645291255 0.018071387271245357 121
1757645291355 0.2740132864160575 122
1757645291503 0.4219396472159709 123
1757645291609 0.140887443643 124
1757645291711 0.0737110414582474 125
1757645291811 0.07220117107183245 126
1757645291910 0.04077989412023685 127
1757645292013 0.0770978413975209 128
1757645292115 0.009085865110579426 129
1757645292383 0.35121694013522753 130
1757645292495 0.0007250105904260006 131
1757645292602 0.2422264118061313 132
1757645292705 0.0004477419735363703 133
1757645292807 0.22764763370047908 134
1757645292907 0.000241777145911135 135
1757645293008 0.0420841884586244 136
1757645293110 0.04410824813163148 137
1757645293212 0.0001799486319109686 138
1757645293314 0.18049523210888413 139
1757645293414 0.0843159139863612 140
1757645293515 0.0085612763873623 141
1757645293616 0.23811167441808412 142
1757645293715 0.07250155114943274 143
1757645293829 0.00012798841133256886 144
1757645293958 0.09864813937761081 145
1757645294061 0.21430965289992515 146
1757645294163 3.195986514527363e-05 147
1757645294263 0.04218616233575655 148
1757645294364 0.004641828257629845 149
1757645294472 0.0037189306262805193 150
1757645294578 0.656415100472664 151
1757645294682 0.1707107522659836 152
1757645294783 0.0021967506855660257 153
1757645294885 0.025462059808395346 154
1757645294989 0.15981976554064609 155
1757645295092 0.06656787742306945 156
1757645295193 0.005936273088411494 157
1757645295292 0.04752257495706683 158
1757645295393 0.0712055460652301 159
1757645295494 0.31378118463759624 160
1757645295598 0.3662774221892991 161
1757645295701 0.005155054867280177 162
1757645295802 0.00891632235244518 163
1757645295904 0.18324039996732924 164
1757645296006 0.05493621447132344 165
1757645296110 0.08418995104585252 166
1757645296212 0.29614871810004695 167
1757645296314 0.0778532998679205 168
1757645296415 0.6407662971039433 169
1757645296523 0.007476858978361958 170
1757645296625 0.1474075772535401 171
1757645296728 0.002634634991598883 172
1757645296830 0.06010657967485971 173
1757645296932 0.0017101009670509395 174
1757645297036 0.008223440553706721 175
1757645297138 0.0637971113080693 176
1757645297239 0.0007094852899735634 177
1757645297341 0.05776731918054314 178
1757645297444 0.0002297442885417122 179
1757645297545 0.0009864949182202783 180
1757645297684 0.0006934900662158675 181
1757645297785 0.06032533194678959 182
1757645297886 0.4608543874725865 183
1757645297989 0.06613087057783121 184
1757645298092 0.12955995623716246 185
1757645298193 0.11450051631512903 186
1757645298295 0.2832211065442362 187
1757645298397 0.2714890884926081 188
1757645298500 0.14309494769377906 189
1757645298609 0.0016062599128642053 190
1757645298711 0.36029472095311865 191
1757645298811 0.36861520904393247 192
1757645298927 0.008065342561607205 193
1757645299030 0.5095145579744745 194
1757645299134 0.013777522607650576 195
1757645299236 0.7371869879509108 196
1757645299338 0.00020598542021054155 197
1757645299440 0.052641090983992 198
1757645299541 0.8345497461099399 199
1757645299643 4.852812931962635e-06 200
1757645299747 0.16463951581978079 201
1757645299849 0.024921822468503052 202
1757645299953 0.16514442337469834 203
1757645300056 0.07569196659675444 204
1757645300159 0.796664048882727 205
1757645300262 0.008478122396012693 206
1757645300365 0.0002847758967758122 207
1757645300467 0.8920207533237713 208
1757645300571 0.62620723676951 209
1757645300677 0.049140198386716155 210
1757645300779 0.5702476409825052 211
1757645300881 0.09108874682836489 212
1757645300988 0.12683415840091974 213
1757645301091 0.0184493225086847 214
1757645301194 0.036625752598928085 215
1757645301296 0.29963020776681976 216
1757645301407 0.35107443303910574 217
1757645301511 0.0022465203664746615 218
1757645301613 0.40545242335642306 219
1757645301715 0.22412680450108777 220
1757645301818 0.0028916479076161136 221
1757645301920 0.2755794320215187 222
1757645302023 0.00010085729280922977 223
1757645302126 0.005235488617562613 224
1757645302228 1.0512600684063918e-05 225
1757645302331 0.4171541162314973 226
1757645302434 0.014556838943523666 227
1757645302538 0.009733021982530246 228
1757645302647 0.11424768784227697 229
1757645302751 0.004887941563115474 230
1757645302854 0.047570293197571806 231
1757645302957 0.033336356052352085 232
1757645303060 0.05908024491646875 233
1757645303165 1.398041405758645 234
1757645303268 4.485698810622856e-05 235
1757645303372 0.00011602841633387674 236
1757645303474 0.010795971710347858 237
1757645303576 0.2945788914890927 238
1757645303680 0.3728268459952156 239
1757645303783 0.043497036776908166 240
1757645303901 0.00025228844206585016 241
1757645304011 0.4079554167787824 242
1757645304115 0.597171604015549 243
1757645304221 0.012396918236760025 244
1757645304324 0.3006016669283935 245
1757645304429 0.02987959875223324 246
1757645304530 0.04814826462173287 247
1757645304634 0.37596718038415516 248
1757645304741 0.048933245012662455 249
1757645304846 0.2098190383485485 250
1757645304955 0.04880735278324943 251
1757645305060 0.05256704212790372 252
1757645305163 0.20425969444360265 253
1757645305266 0.0015878294360320952 254
1757645305368 0.5906736099142755 255
1757645305472 0.11701875548689081 256
1757645305576 0.42698507161103755 257
1757645305679 0.00021821756613139167 258
1757645305788 0.37161656153305506 259
1757645305891 0.13499264307200712 260
1757645305998 0.08973449991485516 261
1757645306104 0.23541106369225367 262
1757645306207 0.7957865143989086 263
1757645306310 0.2018400684269678 264
1757645306412 0.17629977062943847 265
1757645306517 0.33476858308194585 266
1757645306621 9.666647726626352e-05 267
1757645306730 0.15540759269763435 268
1757645306834 0.0026948924580858092 269
1757645306937 0.0003459441053177818 270
1757645307040 0.4419343280842848 271
1757645307144 0.07453438191361986 272
1757645307249 0.027030019717891634 273
1757645307353 0.279556156696532 274
1757645307457 1.3770058233078599e-05 275
1757645307561 0.007413990402173923 276
1757645307665 0.2286704813970704 277
1757645307769 0.004553465501147382 278
1757645307875 0.03724500448027062 279
1757645307979 0.014863524147292428 280
1757645308083 0.011965968298858359 281
1757645308188 0.33429253145913024 282
1757645308293 0.0006748624751973598 283
1757645308399 0.10755190296992415 284
1757645308503 0.013369421482964095 285
1757645308608 0.15526224704209396 286
1757645308716 0.007476369322234324 287
1757645308823 1.3951960514671405e-05 288
1757645309005 1.6252469775565328e-05 289
1757645309113 0.02676706972919923 290
1757645309217 0.0007629671231249543 291
1757645309321 0.09821452531841725 292
1757645309425 0.15855758324352895 293
1757645309529 0.04496593232231654 294
1757645309634 0.3849012040595736 295
1757645309738 0.0051040219151854485 296
1757645309846 0.004606610264076741 297
1757645309958 0.07776653119802476 298
1757645310068 0.026618293920553204 299
1757645310173 0.0010881472634509477 300
1757645310277 0.015782216654529106 301
1757645310382 0.03490951230307075 302
1757645310485 1.0546430541597518 303
1757645310588 0.19190921571909134 304
1757645310693 0.06841924419044841 305
1757645310807 0.1397627326783718 306
1757645310912 0.046332687180938754 307
1757645311016 0.0722147023345394 308
1757645311120 0.04419792678934766 309
1757645311224 0.045162247992858236 310
1757645311329 0.11821967808223995 311
1757645311434 0.01770002922792593 312
1757645311539 0.005533899856729533 313
1757645311647 0.9116624544093764 314
1757645311752 0.006279297149197398 315
1757645311858 0.2015903287718948 316
1757645311968 0.04527544974698302 317
1757645312073 0.6921153158541455 318
1757645312178 0.6615649459457296 319
1757645312285 0.19061319380424108 320
1757645312392 5.0742955427712006e-05 321
1757645312498 0.00023854278935107027 322
1757645312603 0.3115058859096536 323
1757645312709 0.006024843914322438 324
1757645312819 0.00185074554248003 325
1757645312928 0.010579555631884544 326
1757645313033 0.4800693954005764 327
1757645313138 0.03096656408176843 328
1757645313244 0.002908646156159517 329
1757645313350 0.2331846416556005 330
1757645313454 0.028578915970994916 331
1757645313560 0.09953647720347143 332
1757645313666 0.060140223055278434 333
1757645313771 0.5111473053768801 334
1757645313889 0.13341233939666128 335
1757645314007 0.0005507468163318309 336
1757645314117 0.47028803928164525 337
1757645314223 0.03818967883598744 338
1757645314329 0.0010317454363459795 339
1757645314434 0.05476609889088128 340
1757645314538 0.013461760689170727 341
1757645314643 1.0198481667078734 342
1757645314749 0.23512090787585102 343
1757645314860 0.32731716157137675 344
1757645314968 0.04570658374043341 345
1757645315074 0.2363125463726456 346
1757645315179 0.4489696203273704 347
1757645315289 0.15530247912288128 348
1757645315396 0.10863515234744536 349
1757645315508 0.13088694070302273 350
1757645315615 0.13401848794469454 351
1757645315722 0.7328929182289123 352
1757645315827 0.1604710012587755 353
1757645315934 0.004004954185700113 354
1757645316040 0.0003739845426225361 355
1757645316146 0.04321808063269397 356
1757645316251 0.023880722171348758 357
1757645316357 0.03984417927194262 358
1757645316468 0.018858315672655602 359
1757645316575 0.08562544674026634 360
1757645316681 0.11186425145958293 361
1757645316787 0.025678994154674867 362
1757645316898 0.10010049886066744 363
1757645317004 0.08437670550283752 364
1757645317109 0.02812804982835442 365
1757645317214 0.2564608587774984 366
1757645317321 0.005342501893527486 367
1757645317427 0.8196469713691276 368
1757645317532 0.033065645901101434 369
1757645317641 0.27678765649124853 370
1757645317746 0.15195820517214048 371
1757645317853 0.010188897443688916 372
1757645317958 0.0020159610155694755 373
1757645318064 0.6287585835138875 374
1757645318170 0.13334272079481826 375
1757645318275 0.004025756285015603 376
1757645318382 0.21000048701897298 377
1757645318488 0.023234161035601327 378
1757645318594 0.04488484052038857 379
1757645318700 0.0018886578494198905 380
1757645318808 0.008447968379570658 381
1757645318933 0.002301117335377127 382
1757645319040 0.5201869867196011 383
1757645319146 0.05796926531092219 384
1757645319312 0.1543878197153131 385
1757645319437 0.016822706899508374 386
1757645319546 0.0996201881019164 387
1757645319653 0.00461639788139205 388
1757645319759 0.0007430749772638678 389
1757645319866 0.2569761635452344 390
1757645319974 0.07997812667760129 391
1757645320082 0.45958354515037647 392
1757645320188 0.00653784531964287 393
1757645320295 0.015715244646934638 394
1757645320402 0.03391982078690374 395
1757645320508 0.023497417490075993 396
1757645320615 0.04938769184308012 397
1757645320724 0.0034150625205161865 398
1757645320831 0.2870947498572209 399
1757645320942 0.1328756439679823 400
1757645321048 0.45758879513684053 401
1757645321155 0.16248465377307517 402
1757645321263 0.00218917342469324 403
1757645321369 0.008193723801407237 404
1757645321476 0.027126532156525593 405
1757645321582 0.08807659362778789 406
1757645321689 0.31347626625048847 407
1757645321797 0.26074647378748367 408
1757645321904 0.002570723023681469 409
1757645322010 0.024583104012437948 410
1757645322118 0.10702067515649179 411
1757645322224 0.035666611715482154 412
1757645322335 0.0294282716576812 413
1757645322444 0.02467649242069952 414
1757645322553 0.0058301829372054866 415
1757645322660 0.024350281945844935 416
1757645322766 0.06514916157441258 417
1757645322875 0.06645548720162038 418
1757645322988 0.14733377591549893 419
1757645323095 0.10480692518742256 420
1757645323203 0.6500518333742117 421
1757645323310 0.19408867587712378 422
1757645323415 0.3899788922076357 423
1757645323524 0.10029112774455033 424
1757645323632 0.02880757255712135 425
1757645323739 0.0033752400625518516 426
1757645323846 0.017832228143733832 427
1757645323980 0.03970311798277695 428
1757645324090 0.004941224417597973 429
1757645324198 0.007568267257574204 430
1757645324305 0.027877372452635264 431
1757645324413 0.22123612288135028 432
1757645324519 0.3952052088396427 433
1757645324626 0.0059559774963140666 434
1757645324735 0.0010676104920925582 435
1757645324845 1.569402230059218e-05 436
1757645324955 0.4014852055083807 437
1757645325069 0.0028164814965186726 438
1757645325176 0.002638248029328968 439
1757645325286 0.005376297489191416 440
1757645325393 0.00039094407386145314 441
1757645325500 0.24240863818527492 442
1757645325608 0.002672609950498356 443
1757645325733 0.2767772204189965 444
1757645325846 0.07951912574207272 445
1757645325957 0.20492328267721804 446
1757645326065 0.19407664493813673 447
1757645326173 0.1453688622811794 448
1757645326282 0.01557190720956591 449
1757645326390 0.06252858812242197 450
1757645326501 0.004518279522873652 451
1757645326610 0.00020889757369515127 452
1757645326718 0.22162537292552772 453
1757645326827 0.16340870814568098 454
1757645326935 0.15368666520896979 455
1757645327106 0.2406216745117925 456
1757645327219 0.17316671996268335 457
1757645327390 0.07204441016065352 458
1757645327499 0.015283111058676474 459
1757645327607 0.2954036001854644 460
1757645327725 3.3725408420235606e-05 461
1757645327834 0.004112441603906712 462
1757645327941 0.13275535763715027 463
1757645328050 0.0004589017449042275 464
1757645328158 0.2148428101046814 465
1757645328267 0.054694316069035395 466
1757645328377 0.01801976597464946 467
1757645328486 8.854518814075981e-05 468
1757645328594 0.12136547006750364 469
1757645328702 0.25404903916308613 470
1757645328811 0.05957649490724521 471
1757645328932 0.07922374762932079 472
1757645329041 0.008375708911549125 473
1757645329156 0.0043955391961884955 474
1757645329265 0.3444547191433899 475
1757645329375 0.27699055072062645 476
1757645329485 0.1868919565404724 477
1757645329594 0.2721367755501288 478
1757645329702 0.00046626676859952827 479
1757645329811 0.035699097279890256 480
1757645329919 0.0015015413659417204 481
1757645330031 0.47616771543470443 482
1757645330141 5.97025240823792e-05 483
1757645330250 0.174270993101762 484
1757645330359 0.0002230306392716056 485
1757645330468 0.15154985564870668 486
1757645330577 0.08897292886471221 487
1757645330697 1.3964437492443513e-05 488
1757645330812 0.1921328420369069 489
1757645330921 0.25457889461400446 490
1757645331030 0.41976976790297593 491
1757645331145 0.010277395269134551 492
1757645331257 0.013633023810639218 493
1757645331366 0.1850070374808075 494
1757645331475 0.003082261897407714 495
1757645331584 0.040652515182498995 496
1757645331694 0.012375892386200694 497
1757645331804 0.3971356257234465 498
1757645331914 0.008462768393951969 499
