1757647877067 168.87672819721146 0
1757647877133 168.84299363333616 1
1757647877191 168.80929865431625 2
1757647877251 168.77560742673626 3
1757647877306 168.74192591683422 4
1757647877362 168.70825084819697 5
1757647877418 168.6745801096934 6
1757647877476 168.64091850216212 7
1757647877530 168.60726391506302 8
1757647877586 168.573614577249 9
1757647877642 168.53997193571539 10
1757647877698 168.50633604796087 11
1757647877753 168.47270836113796 12
1757647877809 168.43908559813383 13
1757647877863 168.40547016670828 14
1757647877920 168.37186264161338 15
1757647877975 168.33826003625992 16
1757647878038 168.3046647575444 17
1757647878095 168.2710770901345 18
1757647878152 168.2374949225838 19
1757647878209 168.20391949260963 20
1757647878264 168.1703522545312 21
1757647878324 168.1367899288758 22
1757647878381 168.1032349193116 23
1757647878438 168.0696875147842 24
1757647878492 168.03614710810749 25
1757647878548 168.00261041732563 26
1757647878605 167.9690834179376 27
1757647878660 167.93556282868187 28
1757647878714 167.90204653448842 29
1757647878770 167.86853963642102 30
1757647878827 167.83503795144955 31
1757647878882 167.80154294224033 32
1757647878938 167.76805584116963 33
1757647878994 167.73457453266647 34
1757647879050 167.70109931282926 35
1757647879107 167.66763258107258 36
1757647879164 167.63417105267123 37
1757647879219 167.6007161944067 38
1757647879274 167.56726923558415 39
1757647879341 167.5338280595242 40
1757647879408 167.5003944702844 41
1757647879468 167.46696635249384 42
1757647879527 167.4335452246024 43
1757647879585 167.4001316800773 44
1757647879643 167.36672360372316 45
1757647879700 167.33332221947427 46
1757647879759 167.29992900043493 47
1757647879817 167.26653946358488 48
1757647879872 167.23315959295934 49
1757647879928 167.199786102448 50
1757647879986 167.1664168744907 51
1757647880044 167.13305672445267 52
1757647880105 167.09970353536238 53
1757647880165 167.06635401945243 54
1757647880222 167.03301416276386 55
1757647880286 166.99968097071775 56
1757647880341 166.96635294891877 57
1757647880400 166.93303157876034 58
1757647880456 166.89971807887312 59
1757647880511 166.8664103299791 60
1757647880569 166.83310864439326 61
1757647880627 166.799815410292 62
1757647880683 166.7665273367512 63
1757647880739 166.73324590924955 64
1757647880796 166.69997234336807 65
1757647880851 166.6667045187321 66
1757647880911 166.6334427518727 67
1757647880968 166.60018822474257 68
1757647881024 166.56694125427117 69
1757647881080 166.53369972151324 70
1757647881137 166.50046513057572 71
1757647881194 166.46723809285712 72
1757647881251 166.43401799012196 73
1757647881307 166.40080152937443 74
1757647881364 166.36759470580708 75
1757647881420 166.3343942271114 76
1757647881476 166.30119797204958 77
1757647881533 166.2680107646222 78
1757647881590 166.23483048417836 79
1757647881647 166.2016538367616 80
1757647881703 166.1684868195566 81
1757647881761 166.13532613929337 82
1757647881818 166.10216967364414 83
1757647881874 166.06902254179107 84
1757647881931 166.03588174251095 85
1757647881989 166.00274515366186 86
1757647882046 165.96961760177822 87
1757647882108 165.93649696530426 88
1757647882168 165.90338144682835 89
1757647882225 165.8702725503976 90
1757647882282 165.83717026845704 91
1757647882339 165.8040761051917 92
1757647882397 165.7709867652604 93
1757647882454 165.73790462132814 94
1757647882511 165.70483000633755 95
1757647882569 165.67176079769342 96
1757647882625 165.63869848653667 97
1757647882682 165.60564370089486 98
1757647882739 165.57259431836033 99
1757647882796 165.53955153438685 100
1757647882852 165.50651686018935 101
1757647882910 165.47348699808865 102
1757647882969 165.44046431678893 103
1757647883026 165.40744915481574 104
1757647883083 165.37444088604877 105
1757647883141 165.3414362103636 106
1757647883197 165.3084411360318 107
1757647883259 165.27545236361146 108
1757647883316 165.2424677671589 109
1757647883374 165.2094921813244 110
1757647883430 165.17652226560125 111
1757647883491 165.1435586576784 112
1757647883549 165.1106028417808 113
1757647883607 165.07765269150508 114
1757647883665 165.0447085523124 115
1757647883723 165.0117727888137 116
1757647883779 164.97884209815348 117
1757647883837 164.94591800373917 118
1757647883894 164.91300169279313 119
1757647883951 164.88009103783892 120
1757647884009 164.847187884222 121
1757647884066 164.8142901057468 122
1757647884129 164.78139888674374 123
1757647884191 164.74851575385057 124
1757647884250 164.71563769863664 125
1757647884312 164.68276619730014 126
1757647884385 164.6499027794463 127
1757647884446 164.6170441412363 128
1757647884506 164.5841926404594 129
1757647884569 164.5513486314433 130
1757647884636 164.51850998711495 131
1757647884699 164.48567788643805 132
1757647884760 164.45285386302547 133
1757647884821 164.42003339066895 134
1757647884881 164.38722248799482 135
1757647884940 164.35441784981487 136
1757647884999 164.32161884090078 137
1757647885059 164.28882611533814 138
1757647885118 164.25604114453654 139
1757647885176 164.2232617985395 140
1757647885234 164.19048843854097 141
1757647885291 164.15772341828787 142
1757647885350 164.1249634287902 143
1757647885410 164.09221001175857 144
1757647885470 164.05946434097572 145
1757647885529 164.02672428542368 146
1757647885589 163.99399021040145 147
1757647885648 163.961264466561 148
1757647885706 163.92854374396526 149
1757647885765 163.8958295883128 150
1757647885822 163.86312317040716 151
1757647885881 163.83042235817172 152
1757647885940 163.79772930827238 153
1757647886000 163.76504100571117 154
1757647886058 163.73235979748267 155
1757647886117 163.699686053561 156
1757647886182 163.66701764333993 157
1757647886243 163.63435573239855 158
1757647886394 163.60170187258296 159
1757647886456 163.56905152430707 160
1757647886518 163.5364107171662 161
1757647886580 163.50377613984432 162
1757647886643 163.4711456594594 163
1757647886704 163.43852412704695 164
1757647886765 163.4059094103066 165
1757647886825 163.37329849116915 166
1757647886886 163.3406965162829 167
1757647886947 163.30810135355046 168
1757647887009 163.27550968866507 169
1757647887069 163.24292755512917 170
1757647887130 163.2103516393093 171
1757647887192 163.17778129820235 172
1757647887260 163.1452169126488 173
1757647887336 163.1126608225843 174
1757647887457 163.08010971196344 175
1757647887521 163.04756514463128 176
1757647887584 163.01502827806485 177
1757647887647 162.98249697670656 178
1757647887708 162.94997192073072 179
1757647887768 162.91745456089626 180
1757647887830 162.8849427618528 181
1757647887891 162.8524369098609 182
1757647887951 162.8199393410197 183
1757647888012 162.78744673697398 184
1757647888072 162.75496066845454 185
1757647888134 162.72248105178704 186
1757647888198 162.69000945781784 187
1757647888261 162.6575440591623 188
1757647888321 162.6250827194742 189
1757647888381 162.59263029805794 190
1757647888442 162.5601846591473 191
1757647888500 162.52774277923584 192
1757647888559 162.49530981389026 193
1757647888619 162.46288362755317 194
1757647888679 162.43046089982272 195
1757647888737 162.39804767509378 196
1757647888797 162.36564063363417 197
1757647888856 162.3332376382671 198
1757647888914 162.30084355070437 199
1757647888974 162.26845623434843 200
1757647889034 162.23607236785975 201
1757647889093 162.20369799756438 202
1757647889153 162.17132980279152 203
1757647889213 162.13896713300602 204
1757647889273 162.1066103884618 205
1757647889342 162.07426189546254 206
1757647889411 162.0419186268279 207
1757647889473 162.00958128038636 208
1757647889534 161.97725218168023 209
1757647889595 161.94492800627506 210
1757647889657 161.9126103428778 211
1757647889719 161.88030033045794 212
1757647889781 161.84799582920613 213
1757647889841 161.81569724473087 214
1757647889900 161.78340565567376 215
1757647889959 161.7511214679946 216
1757647890024 161.71884254328475 217
1757647890085 161.68657001654265 218
1757647890151 161.65430548049596 219
1757647890213 161.62204590777492 220
1757647890280 161.58979272753294 221
1757647890347 161.55754753541166 222
1757647890409 161.52530849228162 223
1757647890471 161.49307345756768 224
1757647890531 161.46084730113702 225
1757647890594 161.4286278829921 226
1757647890655 161.39641187572485 227
1757647890714 161.36420533648385 228
1757647890773 161.3320049385261 229
1757647890834 161.29980854025058 230
1757647890894 161.2676210135345 231
1757647890955 161.23544021735415 232
1757647891015 161.20326311991244 233
1757647891075 161.17109489034846 234
1757647891136 161.13893338785604 235
1757647891197 161.10677528273087 236
1757647891258 161.0746266359771 237
1757647891318 161.0424841185541 238
1757647891378 161.01034707240123 239
1757647891438 160.97821591827383 240
1757647891499 160.94609296827701 241
1757647891559 160.9139748909901 242
1757647891620 160.88186329685345 243
1757647891680 160.8497580571418 244
1757647891739 160.8176607823972 245
1757647891801 160.78556843986314 246
1757647891860 160.75348244629393 247
1757647891920 160.72140441513133 248
1757647891980 160.68933101529657 249
1757647892042 160.65726455397393 250
1757647892104 160.62520545754325 251
1757647892167 160.59315158342451 252
1757647892229 160.5611040483136 253
1757647892295 160.5290644695243 254
1757647892357 160.49702951504844 255
1757647892418 160.46500148909038 256
1757647892479 160.43298082198623 257
1757647892539 160.40096685271916 258
1757647892599 160.36895624690817 259
1757647892660 160.33695507436906 260
1757647892721 160.30496029870727 261
1757647892781 160.2729688816961 262
1757647892842 160.2409868950853 263
1757647892902 160.20901100379177 264
1757647892962 160.1770390620876 265
1757647893023 160.14507595223614 266
1757647893083 160.11311952908434 267
1757647893142 160.0811664559644 268
1757647893205 160.0492228065232 269
1757647893266 160.01728524475214 270
1757647893326 159.98535162391488 271
1757647893388 159.95342682825458 272
1757647893451 159.92150871160948 273
1757647893513 159.88959423396275 274
1757647893574 159.85768857783532 275
1757647893635 159.8257895972917 276
1757647893695 159.7938954340986 277
1757647893755 159.76200772312208 278
1757647893817 159.73012630794406 279
1757647893878 159.69825282352397 280
1757647893938 159.66638393182234 281
1757647894000 159.63452192682303 282
1757647894061 159.6026672537621 283
1757647894122 159.5708177657471 284
1757647894184 159.53897456364334 285
1757647894244 159.5071392862473 286
1757647894312 159.4753088925909 287
1757647894390 159.44348477943066 288
1757647894454 159.41166858843974 289
1757647894517 159.37985697929494 290
1757647894591 159.3480522423146 291
1757647894655 159.31625482793413 292
1757647894718 159.28446406779645 293
1757647894781 159.25267661922214 294
1757647894844 159.22089856653338 295
1757647894907 159.18912656770635 296
1757647894970 159.15735847274053 297
1757647895035 159.12559917380187 298
1757647895098 159.09384652146272 299
1757647895160 159.06209747038747 300
1757647895222 159.03035721169675 301
1757647895283 158.99862359619476 302
1757647895344 158.96689327892574 303
1757647895408 158.9351723480161 304
1757647895469 158.90345745916434 305
1757647895531 158.87174646160835 306
1757647895594 158.84004424980196 307
1757647895666 158.8083486735552 308
1757647895729 158.7766563869957 309
1757647895792 158.74497348012625 310
1757647895853 158.71329660772807 311
1757647895915 158.681625095518 312
1757647895978 158.6499594070414 313
1757647896040 158.6183018244227 314
1757647896166 158.58664929873552 315
1757647896228 158.5550025937751 316
1757647896289 158.5233627195115 317
1757647896356 158.4917301410785 318
1757647896417 158.46010270757773 319
1757647896478 158.42848150188425 320
1757647896539 158.39686818694656 321
1757647896602 158.36525941552455 322
1757647896663 158.33365746495863 323
1757647896725 158.30206280424986 324
1757647896788 158.27047328151215 325
1757647896850 158.23888997678375 326
1757647896912 158.20731455680482 327
1757647896975 158.1757439724675 328
1757647897038 158.1441796007689 329
1757647897101 158.11262311130338 330
1757647897165 158.0810726303103 331
1757647897227 158.04952600382703 332
1757647897288 158.01798813411946 333
1757647897352 157.98645686779543 334
1757647897414 157.95492885300632 335
1757647897476 157.9234101903397 336
1757647897539 157.89189752859687 337
1757647897601 157.86038871283492 338
1757647897663 157.8288886472506 339
1757647897726 157.7973951774711 340
1757647897788 157.76590525005722 341
1757647897849 157.7344240692021 342
1757647897911 157.70294948077333 343
1757647897975 157.67147813065802 344
1757647898037 157.64001612321692 345
1757647898099 157.60856010498594 346
1757647898162 157.57710792028584 347
1757647898225 157.54566447555712 348
1757647898288 157.5142276156899 349
1757647898352 157.48279545959969 350
1757647898421 157.45136969124678 351
1757647898485 157.41995137896023 352
1757647898550 157.38853836533042 353
1757647898613 157.35713143713903 354
1757647898675 157.32573196053667 355
1757647898739 157.2943377783579 356
1757647898801 157.26294937887914 357
1757647898864 157.23156902710312 358
1757647898926 157.20019336497833 359
1757647898989 157.1688240830595 360
1757647899052 157.1374622445815 361
1757647899116 157.10610569140928 362
1757647899179 157.07475491563443 363
1757647899242 157.04341217938705 364
1757647899307 157.0120741237112 365
1757647899384 156.98074244290908 366
1757647899450 156.94941721284405 367
1757647899516 156.918099227528 368
1757647899581 156.88678780269956 369
1757647899646 156.85547957830104 370
1757647899712 156.82418066919936 371
1757647899778 156.7928877159819 372
1757647899840 156.7615985598427 373
1757647899903 156.7303181149053 374
1757647899965 156.69904422293135 375
1757647900028 156.66777352296015 376
1757647900091 156.63651213170073 377
1757647900154 156.60525668883668 378
1757647900216 156.57400503459843 379
1757647900280 156.5427623854644 380
1757647900343 156.5115256805773 381
1757647900412 156.48029276041652 382
1757647900479 156.4490685413114 383
1757647900544 156.4178508643083 384
1757647900607 156.3866363661949 385
1757647900670 156.35543116742198 386
1757647900732 156.32423190542022 387
1757647900794 156.29303789017436 388
1757647900865 156.26184962806786 389
1757647900929 156.23066937147317 390
1757647900992 156.19949375551073 391
1757647901057 156.16832449159048 392
1757647901124 156.13716262756276 393
1757647901187 156.1060060012389 394
1757647901250 156.07485542360024 395
1757647901315 156.0437122414106 396
1757647901379 156.01257429273366 397
1757647901443 155.98144208894226 398
1757647901507 155.95031787890258 399
1757647901571 155.9191982954894 400
1757647901634 155.88808505663985 401
1757647901698 155.85697920515858 402
1757647901763 155.82587857815636 403
1757647901828 155.79478369076796 404
1757647901893 155.7636967890277 405
1757647901956 155.73261450491404 406
1757647902018 155.70154002885994 407
1757647902083 155.67047029533083 408
1757647902147 155.63940664368602 409
1757647902210 155.6083507976264 410
1757647902275 155.5772993890114 411
1757647902339 155.54625466061137 412
1757647902404 155.51521713175705 413
1757647902474 155.48418464004789 414
1757647902540 155.45315822061661 415
1757647902602 155.42213960085772 416
1757647902669 155.39112541173415 417
1757647902733 155.360117893199 418
1757647902797 155.32911756832627 419
1757647902861 155.29812227376692 420
1757647902924 155.26713334343086 421
1757647902987 155.2361516034875 422
1757647903051 155.20517489084415 423
1757647903115 155.1742042356165 424
1757647903178 155.1432413716881 425
1757647903243 155.1122843949121 426
1757647903307 155.08133113994018 427
1757647903371 155.05038653706217 428
1757647903436 155.0194471204775 429
1757647903499 154.98851341938223 430
1757647903563 154.9575876702281 431
1757647903628 154.9266664991072 432
1757647903692 154.8957516445729 433
1757647903755 154.8648444361922 434
1757647903820 154.83394180089005 435
1757647903884 154.80304548001553 436
1757647903949 154.77215649890886 437
1757647904012 154.74127269097767 438
1757647904078 154.7103945903282 439
1757647904142 154.6795244299665 440
1757647904207 154.6486588337513 441
1757647904270 154.61779954669646 442
1757647904343 154.58694759139556 443
1757647904419 154.55610080031994 444
1757647904491 154.52525971128512 445
1757647904559 154.4944265545054 446
1757647904637 154.4635982552113 447
1757647904705 154.43277712007614 448
1757647904771 154.40196098300584 449
1757647904839 154.3711508617394 450
1757647904905 154.34034850699305 451
1757647904972 154.30955054160677 452
1757647905040 154.27875919259105 453
1757647905105 154.24797500188407 454
1757647905170 154.2171958024571 455
1757647905234 154.18642260931446 456
1757647905299 154.1556571768218 457
1757647905363 154.1248961269309 458
1757647905431 154.09414168387502 459
1757647905495 154.06339469598225 460
1757647905559 154.0326520868999 461
1757647905626 154.0019160802278 462
1757647905691 153.97118722276946 463
1757647905774 153.94046334682824 464
1757647905842 153.90974546243964 465
1757647905910 153.87903533039176 466
1757647905975 153.84833103384588 467
1757647906040 153.8176304028745 468
1757647906105 153.78693837916208 469
1757647906169 153.75625279334207 470
1757647906235 153.72557026286427 471
1757647906301 153.69489694245516 472
1757647906366 153.66422975333558 473
1757647906430 153.63356561493944 474
1757647906495 153.60291068387275 475
1757647906566 153.57226157687586 476
1757647906634 153.54161612336432 477
1757647906699 153.51097926712663 478
1757647906764 153.48034883813895 479
1757647906831 153.44972145162902 480
1757647907133 153.41910326599145 481
1757647907196 153.38849089708427 482
1757647907260 153.35788217340166 483
1757647907323 153.3272820405596 484
1757647907388 153.29668832761243 485
1757647907453 153.26609795231963 486
1757647907518 153.2355161643309 487
1757647907583 153.2049407929702 488
1757647907648 153.17436991265606 489
1757647907713 153.14380530077253 490
1757647907779 153.11324795607118 491
1757647907844 153.08269570565963 492
1757647907909 153.0521491134603 493
1757647907974 153.02161039210276 494
1757647908040 152.99107615296361 495
1757647908106 152.9605481770332 496
1757647908171 152.93002746035825 497
1757647908236 152.89951182913182 498
1757647908302 152.8690018509169 499
