1757628015506 0.007044568834700823 0
1757628015606 0.02112400346725288 1
1757628015726 0.07149711412259245 2
1757628015828 0.08980395573719925 3
1757628015941 0.008974109129483772 4
1757628016068 0.057627713689880754 5
1757628016185 5.690141044681979e-06 6
1757628016309 0.21977507067199148 7
1757628016421 0.0038107170748696777 8
1757628016523 0.01368470887384853 9
1757628016623 0.009225570730809943 10
1757628016783 0.027692650708456532 11
1757628016892 3.865993364659155e-05 12
1757628016995 0.040477866961142535 13
1757628017094 0.0008115680685004521 14
1757628017194 0.0006018827965516537 15
1757628017297 0.001579045667479007 16
1757628017393 0.002223876541353858 17
1757628017519 0.07641664951810156 18
1757628017620 0.019152825889047587 19
1757628017821 0.4386528769339852 20
1757628018253 0.008619441330785058 21
1757628018411 0.13072795597457057 22
1757628018630 0.07703622761338083 23
1757628018883 0.006857818404834115 24
1757628019047 0.15370081267923497 25
1757628019177 0.04941428350083787 26
1757628019375 0.05361262404610607 27
1757628019489 0.10358904107522776 28
1757628019617 0.01277773021130033 29
1757628019737 0.16476907031150606 30
1757628019866 0.028600810071826722 31
1757628020025 0.11470665083173978 32
1757628020162 0.0023091430719242665 33
1757628020263 0.5177647448221702 34
1757628020362 0.35868405872334497 35
1757628020466 0.09932260168229286 36
1757628020566 0.028842373230880392 37
1757628020665 0.05483680934549566 38
1757628020774 0.03369787283550148 39
1757628020875 0.013185272464752562 40
1757628020973 0.0436483884380697 41
1757628021072 0.021228276936354967 42
1757628021171 1.8003403804888012 43
1757628021272 0.12338302821095175 44
1757628021370 0.15446855582504188 45
1757628021468 0.013859999987949099 46
1757628021576 0.151177969890165 47
1757628021674 0.12628653491321964 48
1757628021771 0.22942501982397503 49
1757628021871 0.0004925069767368282 50
1757628021976 0.14325302129130313 51
1757628022087 0.12401949457619554 52
1757628022195 0.218050567167157 53
1757628022294 0.007373559971003455 54
1757628022391 0.2127488520382449 55
1757628022485 0.043923641515371176 56
1757628022589 0.020193005990480947 57
1757628022686 0.049345895630984904 58
1757628022782 0.03793552981547116 59
1757628022875 0.07713378854614976 60
1757628022966 0.10832007538942588 61
1757628023057 0.034482233443216895 62
1757628023148 0.02577349903242491 63
1757628023237 0.017949792967004406 64
1757628023425 0.07407615082082471 65
1757628023531 0.009998416852937592 66
1757628023636 0.10522984411474644 67
1757628023729 0.002960729380870375 68
1757628023821 0.04508273328482363 69
1757628023915 0.025134607904339655 70
1757628024006 0.0020283373010162816 71
1757628024095 0.016492886605923535 72
1757628024191 0.0058252110310401 73
1757628024290 1.1083025672475557 74
1757628024383 0.2767633618660402 75
1757628024471 0.049294635982890994 76
1757628024626 0.23105492297568977 77
1757628024728 0.10239776327213343 78
1757628024828 0.026997020382288912 79
1757628024930 0.024716313454134196 80
1757628025033 0.006011345357810135 81
1757628025126 0.3979506972345221 82
1757628025222 0.011940756038632561 83
1757628025325 0.010611285250642838 84
1757628025427 0.29365743240953635 85
1757628025525 0.006361315092654403 86
1757628025624 0.3533580838896053 87
1757628025799 0.046154991833136566 88
1757628025904 0.11186334684161771 89
1757628026007 0.3221510680380076 90
1757628026110 0.04036767117425012 91
1757628026212 0.15227984387642832 92
1757628026311 0.0018441369286233673 93
1757628026404 0.09588990652028792 94
1757628026497 0.030396165402479178 95
1757628026589 0.004677231912970134 96
1757628026680 0.8192449730897988 97
1757628026774 0.12804403749914534 98
1757628026874 0.05201241360280819 99
1757628026971 2.606795014549603 100
1757628027066 0.16715708506210228 101
1757628027165 0.010408981637488827 102
1757628027255 0.0009611817355001068 103
1757628027352 0.3463879614993929 104
1757628027455 0.010409364408102003 105
1757628027555 0.014347761611197335 106
1757628027651 1.180821683217473 107
1757628027744 0.050596329358015855 108
1757628027834 0.19714834533147052 109
1757628027938 0.09688355180326227 110
1757628028038 0.16091710973678847 111
1757628028136 0.006699101727724042 112
1757628028233 0.04624316976756996 113
1757628028332 0.030984550268177452 114
1757628028433 0.021920889115873265 115
1757628028529 0.6393573603900488 116
1757628028668 0.22410104992547322 117
1757628028788 0.009577454685761225 118
1757628028907 0.0971339646624624 119
1757628029069 0.00019329182317300383 120
1757628029209 0.08169506223076535 121
1757628029329 0.03260677951985531 122
1757628029450 0.007729676682608938 123
1757628029554 0.006425966862409097 124
1757628029653 0.01605701018973121 125
1757628029750 0.01883090323081661 126
1757628029852 0.00017331644011109727 127
1757628029978 0.11335191885719513 128
1757628030099 0.2690330508768483 129
1757628030211 0.010173562682636262 130
1757628030333 0.025401747486393563 131
1757628030449 2.8865718496550093e-05 132
1757628030560 0.11738823481200464 133
1757628030660 0.09275626178956563 134
1757628030764 0.09768309656543456 135
1757628030883 0.00289395670115445 136
1757628031001 0.6510822645723691 137
1757628031110 0.14022705762189108 138
1757628031219 0.01245228890331363 139
1757628031334 0.015610721356148037 140
1757628031446 0.02040706394042499 141
1757628031555 0.17685544050715868 142
1757628031672 0.027839356941689174 143
1757628031783 0.043594974326841854 144
1757628031891 0.25180099900749536 145
1757628031993 0.021012716988391196 146
1757628032102 0.47911284056790054 147
1757628032226 0.002071674049721554 148
1757628032356 0.005092465249657851 149
1757628032470 0.2352772778704667 150
1757628032597 0.061855467337960164 151
1757628032725 0.039268615509700046 152
1757628032840 0.014796238396267999 153
1757628032960 0.3702653178782361 154
1757628033066 0.10678952588446607 155
1757628033180 0.021071163552282203 156
1757628033293 0.017646313741368137 157
1757628033402 0.04760511180902694 158
1757628033581 0.005531818493959879 159
1757628033708 0.03499629559296807 160
1757628033827 0.00012071721324615513 161
1757628033946 0.2678283557278013 162
1757628034059 0.022636052934064243 163
1757628034163 0.029086572109677862 164
1757628034292 0.002440078455423641 165
1757628034402 0.21502248341840874 166
1757628034510 0.02017846121895531 167
1757628034627 0.3963633292975424 168
1757628034740 0.03810699570500337 169
1757628034851 0.19667878399304128 170
1757628034979 0.01730877661441398 171
1757628035093 0.004007133944672468 172
1757628035203 0.03094479844555324 173
1757628035302 0.091036685102749 174
1757628035404 0.2944007620438929 175
1757628035499 0.1428619146914498 176
1757628035593 0.01824536749752453 177
1757628035690 0.4423425633441891 178
1757628035789 0.0023368327977823728 179
1757628035883 0.02465991015920574 180
1757628035975 0.04394673532136962 181
1757628036068 0.07503440344362303 182
1757628036160 0.5202680331597715 183
1757628036262 0.03759502588345911 184
1757628036378 0.03878544767303417 185
1757628036502 0.04653301091437402 186
1757628036626 0.001359863752776199 187
1757628036772 0.1356995153233918 188
1757628036904 0.011439392018625627 189
1757628037124 1.0320157041723486 190
1757628037337 0.11870061940176996 191
1757628037793 0.04094734971378084 192
1757628038076 0.07418213958391154 193
1757628038321 0.16892037789365305 194
1757628038603 0.12119262198028824 195
1757628038734 0.05638727671180313 196
1757628038865 0.007980315871700056 197
1757628039046 1.1501945832096718 198
1757628039303 0.028287336611894438 199
1757628039499 0.4886261617228763 200
1757628039676 0.0007402461661844866 201
1757628039877 0.0005748968455875481 202
1757628040167 0.0007649347781340254 203
1757628040367 0.12503594839667356 204
1757628040593 0.0020623939230739394 205
1757628040843 0.0282524525707981 206
1757628041054 0.10725082981979361 207
1757628041253 0.21598235541635571 208
1757628041428 0.04309088865033705 209
1757628041611 0.14256462965794944 210
1757628041806 0.0007754789501649646 211
1757628041954 0.03361727460302372 212
1757628042073 0.000528663555294111 213
1757628042189 0.1177371534373874 214
1757628042291 0.0728290117702839 215
1757628042392 0.1582907983881479 216
1757628042500 0.04027801680388316 217
1757628042602 0.841134255292254 218
1757628042698 0.025341770506734466 219
1757628042795 0.11264068120853804 220
1757628042897 0.40635711026267274 221
1757628043005 0.024348598625324253 222
1757628043126 0.06947230923368358 223
1757628043225 0.0007058271747820942 224
1757628043322 0.24434890003986287 225
1757628043426 0.05760481943833128 226
1757628043525 0.11239243421784254 227
1757628043633 0.0047909110126101 228
1757628043732 0.10954576997395823 229
1757628043830 0.059190362427218444 230
1757628043928 0.04729469828846875 231
1757628044036 0.0074752045292488896 232
1757628044138 0.04766734160000724 233
1757628044246 0.002923038393071979 234
1757628044356 0.017565999421741904 235
1757628044455 0.38066608491259635 236
1757628044558 0.3146466151139401 237
1757628044660 0.002752862312866275 238
1757628044764 0.03615764718857049 239
1757628044865 0.004027561879799026 240
1757628044989 0.009200206011792117 241
1757628045095 0.31538954408847086 242
1757628045197 0.015867966819101926 243
1757628045302 0.05617051565106933 244
1757628045405 0.01137643900306598 245
1757628045508 0.5883846712280256 246
1757628045608 0.04245472175798429 247
1757628045711 0.011151750948113177 248
1757628045877 0.10913693286141814 249
1757628045980 0.060719766889012976 250
1757628046079 0.014520790034901166 251
1757628046182 0.1486804071794158 252
1757628046285 0.18021700514652975 253
1757628046388 0.02246057739978353 254
1757628046493 0.009238227807747698 255
1757628046601 0.0052914936451880145 256
1757628046703 0.0014152749039856281 257
1757628046808 0.030225038991110797 258
1757628046906 0.028191655923242787 259
1757628047002 0.01269215417540761 260
1757628047098 0.22789705924670242 261
1757628047194 0.004968483322521639 262
1757628047293 0.0008162691551916925 263
1757628047385 0.016489143265868453 264
1757628047487 0.16269185565315122 265
1757628047580 0.09554562142758614 266
1757628047676 0.0021785343879791004 267
1757628047779 0.05838917828300102 268
1757628047895 0.5023353089976507 269
1757628048006 0.15093856831575916 270
1757628048107 0.05227975687279098 271
1757628048208 0.0006657926459155662 272
1757628048308 0.17954057994022218 273
1757628048407 1.0961613312001839 274
1757628048504 0.3108752315208021 275
1757628048604 0.05238006480636439 276
1757628048738 0.3496919961980054 277
1757628048856 0.02367268390905983 278
1757628048967 0.035217113518272516 279
1757628049081 1.1937688450650952 280
1757628049193 0.07797606427906044 281
1757628049293 0.08796782393005634 282
1757628049392 0.023472806699307402 283
1757628049490 0.024996507021370396 284
1757628049589 0.3401145694164633 285
1757628049703 0.006964115646945859 286
1757628049841 0.8276543998559102 287
1757628049947 0.011931179855693249 288
1757628050056 0.1626582272788441 289
1757628050155 0.3096389469683222 290
1757628050253 0.02610645043885409 291
1757628050353 0.3573192247528299 292
1757628050455 0.05877693185516042 293
1757628050555 0.11086488150741694 294
1757628050668 0.2715559529323054 295
1757628050778 0.12356335609320918 296
1757628050886 0.08030296842513 297
1757628050989 0.030672616015142703 298
1757628051098 0.043566091469357325 299
1757628051201 0.0003234778234971371 300
1757628051300 0.028882464611028613 301
1757628051398 0.054042431685637785 302
1757628051496 0.0019599625241236594 303
1757628051596 0.10424921000458588 304
1757628051719 0.014852144011455463 305
1757628051835 0.1538011148639737 306
1757628051948 0.00035587705907006074 307
1757628052063 0.01618210936711657 308
1757628052176 0.016452536066992093 309
1757628052340 0.06585140751294889 310
1757628052447 0.4960477361129925 311
1757628052549 0.8402681840612003 312
1757628052649 0.522063051701786 313
1757628052752 0.013192488370492665 314
1757628053044 0.14608853259857282 315
1757628053158 0.1500966986328916 316
1757628053265 0.2859144027830543 317
1757628053371 0.004728147990452141 318
1757628053480 0.15122601980142283 319
1757628053588 0.0013239770327366947 320
1757628053704 0.00012243410463833948 321
1757628053823 0.04624223889253433 322
1757628053929 0.39202434420798166 323
1757628054030 0.9681690351602354 324
1757628054130 0.01264150440579665 325
1757628054256 0.0005221441905735117 326
1757628054360 0.2241976066178525 327
1757628054459 0.6085021338931312 328
1757628054598 0.13348767284254406 329
1757628054711 0.3096881696216691 330
1757628054815 0.38404839029149435 331
1757628054925 0.04816187760611306 332
1757628055043 0.07916843052142954 333
1757628055143 0.01787029254259158 334
1757628055247 0.25642556304025965 335
1757628055346 0.11578527024038957 336
1757628055466 0.0674744350102767 337
1757628055584 0.2266826924870155 338
1757628055685 0.0027378513688401987 339
1757628055784 0.0030240136780411916 340
1757628055883 4.5766813663180434e-05 341
1757628055998 0.039031930492325805 342
1757628056117 0.19472338689199176 343
1757628056239 0.15600216335347192 344
1757628056356 0.24549493796083652 345
1757628056482 0.015240484067845337 346
1757628056611 0.6140737409703874 347
1757628056739 0.28193658813182 348
1757628056881 0.4687396771168738 349
1757628057019 0.1905499848928348 350
1757628057149 0.027195903335335697 351
1757628057280 0.03136980692062265 352
1757628057403 0.5370264916051078 353
1757628057514 0.07414443690331578 354
1757628057617 0.020876019363586414 355
1757628057734 0.24822660484386483 356
1757628057837 0.007954402821958645 357
1757628057949 0.05302566788998276 358
1757628058056 1.5504903870944156 359
1757628058176 0.4247496871885134 360
1757628058290 0.39798855855557075 361
1757628058393 0.09052175136227887 362
1757628058493 0.4399486102561034 363
1757628058593 0.006791229509242707 364
1757628058691 0.0016532581978878941 365
1757628058791 0.028412404760504873 366
1757628058893 0.13279582595391534 367
1757628059000 0.020368391064800307 368
1757628059114 0.03477413097448892 369
1757628059230 0.46402144754993335 370
1757628059335 0.053358545246784794 371
1757628059435 0.045599350640353545 372
1757628059535 0.033660251123208015 373
1757628059634 0.3985125769322239 374
1757628059755 0.05206237647220559 375
1757628059965 0.10272768706592962 376
1757628060092 0.1490539148565832 377
1757628060210 0.005510250556167965 378
1757628060321 0.001812028630315516 379
1757628060427 0.07814513988551236 380
1757628060531 0.005937903204798078 381
1757628060633 1.8355306755110425 382
1757628060735 0.12530757126047212 383
1757628060836 0.001835367368646984 384
1757628060937 0.07948641527630061 385
1757628061037 0.031445503729955686 386
1757628061136 0.03197201815936558 387
1757628061237 0.02840487273649205 388
1757628061352 0.009459082601488828 389
1757628061452 0.0016822911417873996 390
1757628061553 0.05925638696268546 391
1757628061668 0.18579653925750042 392
1757628061787 0.24265539028723523 393
1757628061905 0.12996216470793848 394
1757628062023 0.007486168138955966 395
1757628062144 0.02513465858522708 396
1757628062260 0.00016072402468258418 397
1757628062365 0.09660639237182558 398
1757628062483 0.12402846643702889 399
1757628062665 0.27426043221464425 400
1757628062921 0.11172344440046494 401
1757628063127 0.09767962024333235 402
1757628063280 0.1719398758833004 403
1757628063407 0.48510578739443455 404
1757628063530 0.37739595158683786 405
1757628063678 0.04562306035177735 406
1757628063805 0.1361362698640123 407
1757628063918 0.037108937786369305 408
1757628064026 0.37477299051964436 409
1757628064130 0.00476678364204413 410
1757628064232 0.08816613832181126 411
1757628064339 0.0002774679210973106 412
1757628064445 0.10754529794163803 413
1757628064545 0.0005697153625521714 414
1757628064646 0.0004991904357048505 415
1757628064749 0.014391090030710211 416
1757628064849 0.022812412000954792 417
1757628064958 0.04661094403210693 418
1757628065076 0.29052962282569655 419
1757628065180 0.01115714127239495 420
1757628065281 0.10787186623138437 421
1757628065382 0.07379194421747294 422
1757628065483 0.09618918262903356 423
1757628065583 0.10298404042076703 424
1757628065682 0.024068299633003415 425
1757628065782 0.1331181078602632 426
1757628065890 0.04630959818414433 427
1757628065992 0.02402556829254943 428
1757628066094 0.11868773212748875 429
1757628066195 0.0033775371522938324 430
1757628066295 0.021212009342325918 431
1757628066394 0.2426798073240344 432
1757628066494 0.03508370066662111 433
1757628066595 6.863071591901729e-05 434
1757628066695 0.042366694124405496 435
1757628066795 0.16810880569748463 436
1757628066894 0.04615559559178743 437
1757628066993 0.1351723911593733 438
1757628067096 0.015725525876986637 439
1757628067195 0.01646182544972763 440
1757628067294 2.386955175521547 441
1757628067395 0.02868471225244422 442
1757628067497 0.14293312548954515 443
1757628067606 0.03455179115438042 444
1757628067713 0.12171308312343 445
1757628067837 0.00689298404575689 446
1757628067971 0.00012750619212180866 447
1757628068090 0.06371449091059343 448
1757628068200 0.02022753725453865 449
1757628068310 0.039863857571735994 450
1757628068434 0.07814385335846494 451
1757628068560 0.10154562462075828 452
1757628068670 0.4266895493767685 453
1757628068777 0.042894235277214476 454
1757628068882 0.04384579528795544 455
1757628068991 0.08961618432075204 456
1757628069107 0.02157146584739313 457
1757628069209 0.016806545022210014 458
1757628069310 0.5051371807813352 459
1757628069410 0.060477771717830975 460
1757628069510 0.005073961100377302 461
1757628069609 0.07298899409853396 462
1757628069711 0.0031389462074674314 463
1757628069812 0.7242419480956528 464
1757628069915 2.324161583456026 465
1757628070031 0.013901776255956443 466
1757628070134 0.046680903205234825 467
1757628070245 0.002031238632768324 468
1757628070353 0.14969660359848402 469
1757628070456 0.002804774037993229 470
1757628070566 0.003846385555070188 471
1757628070684 0.008947954517032446 472
1757628070797 0.9972034091155652 473
1757628070910 0.260136361772369 474
1757628071028 0.7468140975556276 475
1757628071147 0.036856546273374036 476
1757628071253 0.006057602479156019 477
1757628071355 0.32111596062960496 478
1757628071456 0.3804028713948459 479
1757628071558 0.08343632710662795 480
1757628071659 0.16147492448529127 481
1757628071759 0.05225774588362927 482
1757628071859 0.5135957299306462 483
1757628071960 0.15123140294819365 484
1757628072060 0.12442852808231436 485
1757628072161 2.1101692327894965e-06 486
1757628072261 0.41280826906299584 487
1757628072363 0.1630838489663121 488
1757628072465 0.4100710652075967 489
1757628072566 0.020875009258357204 490
1757628072665 0.3204608488484797 491
1757628072778 0.0072935336914367105 492
1757628072893 0.3308369966288624 493
1757628073008 0.09915356182817738 494
1757628073125 0.17741457539743996 495
1757628073240 0.021862263247133404 496
1757628073342 0.24076886200414085 497
1757628073453 1.074070566742231 498
1757628073570 0.5546739881356225 499
