1757635605558 173.59550050484754 0
1757635605613 170.1295350357901 1
1757635605665 165.0310679955471 2
1757635605904 159.24326832365583 3
1757635606125 153.24042837530854 4
1757635606560 147.2563916266855 5
1757635606628 141.40338120658762 6
1757635606768 135.73261032805 7
1757635606920 130.26489208110678 8
1757635606983 125.00601663642976 9
1757635607070 119.95445191033936 10
1757635607123 115.10519058762793 11
1757635607172 110.45166663997391 12
1757635607229 105.98670593979682 13
1757635607292 101.70299404189126 14
1757635607349 97.59330285324762 15
1757635607406 93.65059708324405 16
1757635607458 89.86808091371445 17
1757635607513 86.2392150930698 18
1757635607593 82.75771953962803 19
1757635607645 79.4175689803446 20
1757635607736 76.21298537262395 21
1757635607801 73.13842896864342 22
1757635607855 70.18858893845369 23
1757635607905 67.35837399742093 24
1757635607950 64.64290324904086 25
1757635608004 62.03749733763804 26
1757635608051 59.537669947894834 27
1757635608114 57.139119660008035 28
1757635608162 54.83772215578395 29
1757635608209 52.62952276478451 30
1757635608254 50.51072933703826 31
1757635608298 48.477705427999126 32
1757635608350 46.52696378145093 33
1757635608394 44.65516009646606 34
1757635608447 42.8590870651052 35
1757635608493 41.13566866818259 36
1757635608539 39.481954717065086 37
1757635608584 37.895115630097706 38
1757635608641 36.37243743284466 39
1757635608687 34.91131697189814 40
1757635608731 33.509257332536926 41
1757635608804 32.163863451015516 42
1757635608864 30.872837912732198 43
1757635608911 29.633976927964277 44
1757635608971 28.445166477272142 45
1757635609029 27.30437861906287 46
1757635609096 26.209667952170133 47
1757635609320 25.15916822665278 48
1757635609427 24.15108909633981 49
1757635609481 23.183713006956964 50
1757635609526 22.255392213960736 51
1757635609576 21.36454592448023 52
1757635609629 20.509657558027026 53
1757635609698 19.689272120879668 54
1757635609768 18.901993689282214 55
1757635609830 18.146482996817934 56
1757635609879 17.421455121528297 57
1757635609927 16.725677268547518 58
1757635609977 16.057966644211298 59
1757635610025 15.417188417778787 60
1757635610141 14.802253767077367 61
1757635610254 14.212118004542921 62
1757635610315 13.64577878028265 63
1757635610372 13.102274358935295 64
1757635610428 12.580681967243697 65
1757635610476 12.080116209388725 66
1757635610529 11.599727547260851 67
1757635610574 11.138700842967664 68
1757635610629 10.69625396099127 69
1757635610697 10.271636427520402 70
1757635610758 9.864128144587887 71
1757635610811 9.47303815674466 72
1757635610858 9.097703468098212 73
1757635610906 8.737487907635241 74
1757635610953 8.391781040836129 75
1757635611035 8.05999712567317 76
1757635611103 7.741574111164479 77
1757635611158 7.435972676732656 78
1757635611208 7.1426753106903895 79
1757635611267 6.861185426245692 80
1757635611316 6.591026513486469 81
1757635611362 6.331741325868483 82
1757635611412 6.082891099792296 83
1757635611459 5.844054805913559 84
1757635611505 5.614828430887369 85
1757635611552 5.394824288301456 86
1757635611599 5.183670357604355 87
1757635611646 4.981009649884394 88
1757635611711 4.786499599402496 89
1757635611769 4.5998114798271565 90
1757635611818 4.420629844163401 91
1757635611865 4.24865198740907 92
1757635611917 4.083587431011589 93
1757635611963 3.92515742823665 94
1757635612010 3.7730944895965672 95
1757635612060 3.627141927521366 96
1757635612107 3.4870534194889613 97
1757635612233 3.3525925888631236 98
1757635612293 3.223532602718682 99
1757635612348 3.099655785962935 100
1757635612402 2.980753251090567 101
1757635612456 2.8666245429364974 102
1757635612507 2.7570772978170868 103
1757635612563 2.6519269164750754 104
1757635612614 2.5509962502674925 105
1757635612664 2.4541153000587195 106
1757635612717 2.3611209273028266 107
1757635612776 2.2718565768203574 108
1757635612829 2.186172010794947 109
1757635612877 2.1039230535345355 110
1757635612928 2.0249713465603896 111
1757635612979 1.9491841136050967 112
1757635613029 1.8764339351176633 113
1757635613085 1.8065985318901923 114
1757635613134 1.7395605574364188 115
1757635613183 1.6752073987673117 116
1757635613231 1.6134309852234536 117
1757635613288 1.5541276050377442 118
1757635613345 1.497197729315195 119
1757635613394 1.4425458431294171 120
1757635613442 1.390080283447475 121
1757635613490 1.3397130836066444 122
1757635613540 1.2913598240777209 123
1757635613590 1.2449394892603387 124
1757635613638 1.2003743300661505 125
1757635613687 1.157589732055539 126
1757635613738 1.1165140889031007 127
1757635613785 1.0770786809762525 128
1757635613839 1.0392175588200367 129
1757635613887 1.002867431349616 130
1757635613935 0.9679675585600106 131
1757635613982 0.9344596485703064 132
1757635614030 0.9022877588270116 133
1757635614081 0.8713982012983649 134
1757635614131 0.8417394514981313 135
1757635614178 0.8132620611840534 136
1757635614226 0.7859185745823778 137
1757635614274 0.7596634479958307 138
1757635614330 0.7344529726582991 139
1757635614383 0.7102452007049236 140
1757635614431 0.6869998741316727 141
1757635614480 0.6646783566235505 142
1757635614530 0.6432435681354928 143
1757635614585 0.6226599221146777 144
1757635614637 0.6028932652575207 145
1757635614686 0.5839108196988948 146
1757635614736 0.5656811275352985 147
1757635614788 0.5481739975876748 148
1757635614842 0.5313604543133457 149
1757635614895 0.5152126887802758 150
1757635614950 0.4997040116203097 151
1757635615013 0.4848088078814418 152
1757635615081 0.47050249370240205 153
1757635615149 0.4567614747359461 154
1757635615213 0.44356310625019774 155
1757635615268 0.4308856548402865 156
1757635615336 0.41870826168521075 157
1757635615402 0.4070109072875382 158
1757635615452 0.39577437763604556 159
1757635615504 0.3849802317338313 160
1757635615562 0.3746107704367543 161
1757635615619 0.36464900654929755 162
1757635615670 0.35507863612706186 163
1757635615721 0.34588401093717785 164
1757635615772 0.33705011202987917 165
1757635615823 0.32856252437636624 166
1757635615879 0.32040741252992105 167
1757635615943 0.3125714972689386 168
1757635615994 0.3050420331822586 169
1757635616051 0.2978067871587313 170
1757635616113 0.29085401774453123 171
1757635616166 0.28417245533317154 172
1757635616216 0.2777512831546216 173
1757635616267 0.27158011903126095 174
1757635616318 0.26564899786971236 175
1757635616372 0.2599483548588656 176
1757635616428 0.2544690093455676 177
1757635616477 0.24920214936064444 178
1757635616546 0.24413931676899803 179
1757635616636 0.23927239301859124 180
1757635616706 0.2345935854641518 181
1757635616767 0.23009541424240296 182
1757635616818 0.22577069967655766 183
1757635616868 0.22161255018872142 184
1757635616922 0.21761435069970644 185
1757635616974 0.21376975149659133 186
1757635617029 0.21007265754914198 187
1757635617082 0.20651721825699315 188
1757635617135 0.2030978176102062 189
1757635617189 0.1998090647465124 190
1757635617238 0.19664578488925613 191
1757635617288 0.19360301065065716 192
1757635617338 0.19067597368566822 193
1757635617387 0.1878600966822735 194
1757635617445 0.18515098567466118 195
1757635617496 0.18254442266623416 196
1757635617550 0.18003635854997424 197
1757635617607 0.17762290631414707 198
1757635617667 0.17530033452185156 199
1757635617725 0.1730650610533571 200
1757635617788 0.17091364710063367 201
1757635617848 0.1688427914038984 202
1757635617910 0.16684932472041822 203
1757635617965 0.16493020451620136 204
1757635618017 0.16308250987158435 205
1757635618069 0.16130343659208873 206
1757635618120 0.15959029251627044 207
1757635618176 0.15794049301261243 208
1757635618229 0.1563515566578424 209
1757635618279 0.15482110108934966 210
1757635618329 0.15334683902469126 211
1757635618378 0.15192657444143723 212
1757635618436 0.15055819891089992 213
1757635618491 0.14923968807953325 214
1757635618539 0.14796909829205038 215
1757635618589 0.146744563350549 216
1757635618639 0.14556429140415184 217
1757635618688 0.14442656196390777 218
1757635618738 0.14332972303789718 219
1757635618788 0.14227218838169886 220
1757635618838 0.14125243485956465 221
1757635618888 0.1402689999118404 222
1757635618944 0.13932047912434756 223
1757635618995 0.13840552389561842 224
1757635619044 0.13752283919803512 225
1757635619137 0.1366711814290916 226
1757635619265 0.13584935634914214 227
1757635619330 0.13505621710215335 228
1757635619388 0.1342906623161103 229
1757635619514 0.13355163427986985 230
1757635619568 0.13283811719337638 231
1757635619620 0.1321491354882848 232
1757635619672 0.13148375221615413 233
1757635619739 0.1308410675014853 234
1757635619820 0.1302202170569933 235
1757635619880 0.12962037075860405 236
1757635619939 0.1290407312777685 237
1757635620001 0.12848053276878516 238
1757635620059 0.12793903960891495 239
1757635620114 0.12741554518916032 240
1757635620166 0.1269093707536667 241
1757635620218 0.12641986428578905 242
1757635620269 0.12594639943894184 243
1757635620414 0.1254883745104286 244
1757635620470 0.12504521145652026 245
1757635620533 0.12461635494711931 246
1757635620588 0.12420127145841627 247
1757635620654 0.12379944840200807 248
1757635620711 0.12341039328900853 249
1757635620764 0.1230336329277427 250
1757635620824 0.12266871265367325 251
1757635620876 0.12231519559025646 252
1757635620928 0.12197266193948882 253
1757635620982 0.12164070830094273 254
1757635621039 0.12131894701814876 255
1757635621096 0.12100700555121811 256
1757635621147 0.1207045258746549 257
1757635621199 0.12041116389933802 258
1757635621273 0.12012658891770472 259
1757635621336 0.11985048307119757 260
1757635621388 0.1195825408390819 261
1757635621440 0.11932246854777188 262
1757635621491 0.11906998389983917 263
1757635621560 0.11882481552191268 264
1757635621684 0.11858670253071152 265
1757635621829 0.11835539411647558 266
1757635621900 0.11813064914309993 267
1757635621964 0.11791223576429676 268
1757635622039 0.11769993105514187 269
1757635622105 0.11749352065838524 270
1757635622171 0.11729279844493426 271
1757635622268 0.11709756618793661 272
1757635622425 0.11690763324991729 273
1757635622593 0.11672281628244519 274
1757635622759 0.11654293893782301 275
1757635622945 0.11636783159232048 276
1757635623177 0.11619733108048305 277
1757635623345 0.1160312804400734 278
1757635623514 0.115869528667217 279
1757635623709 0.1157119304813419 280
1757635623933 0.11555834609951833 281
1757635624073 0.11540864101982153 282
1757635624214 0.1152626858133537 283
1757635624352 0.11512035592457885 284
1757635624486 0.11498153147963437 285
1757635624650 0.11484609710230062 286
1757635624768 0.11471394173731916 287
1757635624935 0.11458495848076693 288
1757635625050 0.11445904441719959 289
1757635625174 0.11433610046329538 290
1757635625269 0.11421603121773592 291
1757635625376 0.11409874481707508 292
1757635625485 0.11398415279735477 293
1757635625629 0.11387216996123735 294
1757635625751 0.11376271425043243 295
1757635625875 0.11365570662320615 296
1757635625930 0.11355107093677008 297
1757635625984 0.11344873383435032 298
1757635626050 0.11334862463675376 299
1757635626111 0.11325067523824739 300
1757635626168 0.11315482000657964 301
1757635626226 0.11306099568697656 302
1757635626292 0.11296914130995402 303
1757635626353 0.11287919810279308 304
1757635626406 0.11279110940453013 305
1757635626464 0.11270482058432432 306
1757635626527 0.11262027896306244 307
1757635626590 0.11253743373807534 308
1757635626671 0.11245623591083909 309
1757635626740 0.11237663821754187 310
1757635626798 0.11229859506240206 311
1757635626856 0.11222206245362729 312
1757635626911 0.11214699794190801 313
1757635626973 0.11207336056134552 314
1757635627026 0.1120011107727153 315
1757635627078 0.1119302104089737 316
1757635627131 0.1118606226229175 317
1757635627184 0.11179231183690995 318
1757635627247 0.11172524369459172 319
1757635627311 0.11165938501449606 320
1757635627374 0.1115947037454928 321
1757635627433 0.11153116892398818 322
1757635627486 0.11146875063281024 323
1757635627540 0.11140741996171245 324
1757635627593 0.11134714896942971 325
1757635627646 0.11128791064722755 326
1757635627700 0.11122967888388202 327
1757635627754 0.11117242843203472 328
1757635627811 0.11111613487586808 329
1757635627866 0.1110607746000475 330
1757635627924 0.11100632475988048 331
1757635627977 0.11095276325264347 332
1757635628029 0.11090006869003102 333
1757635628086 0.11084822037168202 334
1757635628139 0.11079719825973897 335
1757635628192 0.11074698295440119 336
1757635628244 0.11069755567043105 337
1757635628301 0.11064889821457537 338
1757635628353 0.11060099296386586 339
1757635628471 0.11055382284476443 340
1757635628547 0.11050737131311773 341
1757635628604 0.11046162233489042 342
1757635628659 0.11041656036764642 343
1757635628713 0.11037217034274703 344
1757635628766 0.11032843764823821 345
1757635628822 0.11028534811240069 346
1757635628876 0.11024288798793423 347
1757635628936 0.11020104393675323 348
1757635628990 0.11015980301536812 349
1757635629043 0.11011915266083003 350
1757635629097 0.11007908067721554 351
1757635629151 0.11003957522263112 352
1757635629204 0.11000062479671649 353
1757635629258 0.1099622182286261 354
1757635629314 0.10992434466547134 355
1757635629368 0.10988699356120464 356
1757635629428 0.10985015466592767 357
1757635629482 0.10981381801560726 358
1757635629537 0.10977797392218296 359
1757635629592 0.1097426129640508 360
1757635629646 0.10970772597690831 361
1757635629700 0.10967330404494643 362
1757635629754 0.1096393384923752 363
1757635629808 0.10960582087526936 364
1757635629865 0.10957274297372228 365
1757635629929 0.1095400967842943 366
1757635629994 0.10950787451274674 367
1757635630053 0.10947606856704734 368
1757635630112 0.10944467155063833 369
1757635630165 0.10941367625595687 370
1757635630219 0.10938307565819701 371
1757635630271 0.10935286290930377 372
1757635630325 0.10932303133219187 373
1757635630382 0.10929357441517826 374
1757635630439 0.10926448580662095 375
1757635630492 0.1092357593097568 376
1757635630546 0.10920738887772943 377
1757635630601 0.10917936860879975 378
1757635630673 0.10915169274173378 379
1757635630727 0.1091243556513586 380
1757635630781 0.10909735184428114 381
1757635630835 0.10907067595476318 382
1757635630892 0.10904432274074663 383
1757635630951 0.1090182870800241 384
1757635631011 0.10899256396654577 385
1757635631066 0.10896714850686305 386
1757635631121 0.10894203591669753 387
1757635631174 0.1089172215176355 388
1757635631228 0.10889270073393927 389
1757635631282 0.10886846908947383 390
1757635631335 0.10884452220474275 391
1757635631392 0.10882085579402874 392
1757635631452 0.10879746566263647 393
1757635631511 0.10877434770423335 394
1757635631564 0.10875149789828192 395
1757635631628 0.10872891230756504 396
1757635631703 0.10870658707579582 397
1757635631763 0.10868451842531202 398
1757635631818 0.10866270265485009 399
1757635631872 0.10864113613739733 400
1757635631929 0.10861981531811662 401
1757635631987 0.10859873671234471 402
1757635632045 0.10857789690365703 403
1757635632099 0.108557292542001 404
1757635632155 0.10853692034189036 405
1757635632412 0.10851677708066339 406
1757635632470 0.1084968595967978 407
1757635632528 0.10847716478828374 408
1757635632585 0.1084576896110512 409
1757635632641 0.10843843107744905 410
1757635632697 0.10841938625477585 411
1757635632752 0.10840055226385889 412
1757635632806 0.10838192627767988 413
1757635632864 0.10836350552004571 414
1757635632921 0.10834528726430358 415
1757635632976 0.10832726883209658 416
1757635633040 0.10830944759216089 417
1757635633102 0.10829182095916107 418
1757635633155 0.10827438639256277 419
1757635633211 0.10825714139554181 420
1757635633265 0.1082400835139274 421
1757635633320 0.10822321033517983 422
1757635633374 0.10820651948739866 423
1757635633429 0.10819000863836407 424
1757635633489 0.10817367549460595 425
1757635633550 0.1081575178005038 426
1757635633607 0.10814153333741308 427
1757635633661 0.10812571992281843 428
1757635633715 0.10811007540951376 429
1757635633768 0.10809459768480606 430
1757635633823 0.10807928466974383 431
1757635633877 0.10806413431836817 432
1757635633932 0.10804914461698749 433
1757635633989 0.10803431358347142 434
1757635634046 0.10801963926656795 435
1757635634107 0.10800511974523937 436
1757635634163 0.10799075312801722 437
1757635634227 0.10797653755237689 438
1757635634298 0.10796247118412951 439
1757635634367 0.10794855221683153 440
1757635634424 0.107934778871211 441
1757635634489 0.10792114939461021 442
1757635634555 0.10790766206044312 443
1757635634619 0.10789431516766965 444
1757635634680 0.10788110704028256 445
1757635634736 0.1078680360268101 446
1757635634794 0.10785510049983064 447
1757635634854 0.10784229885550226 448
1757635634915 0.10782962951310339 449
1757635634991 0.10781709091458709 450
1757635635059 0.10780468152414599 451
1757635635120 0.10779239982778947 452
1757635635177 0.10778024433293203 453
1757635635233 0.1077682135679919 454
1757635635293 0.10775630608199983 455
1757635635348 0.10774452044421919 456
1757635635403 0.10773285524377389 457
1757635635464 0.10772130908928754 458
1757635635534 0.10770988060853041 459
1757635635610 0.1076985684480757 460
1757635635675 0.10768737127296418 461
1757635635735 0.10767628776637744 462
1757635635801 0.10766531662931851 463
1757635635862 0.1076544565803006 464
1757635635918 0.10764370635504329 465
1757635635974 0.1076330647061759 466
1757635636035 0.10762253040294811 467
1757635636098 0.10761210223094687 468
1757635636157 0.10760177899182018 469
1757635636212 0.10759155950300787 470
1757635636266 0.10758144259747747 471
1757635636321 0.10757142712346673 472
1757635636377 0.1075615119442323 473
1757635636434 0.10755169593780303 474
1757635636489 0.10754197799673991 475
1757635636548 0.10753235702790068 476
1757635636607 0.10752283195220959 477
1757635636666 0.10751340170443215 478
1757635636736 0.10750406523295587 479
1757635636792 0.10749482149957375 480
1757635636848 0.10748566947927335 481
1757635636907 0.10747660816003168 482
1757635636961 0.1074676365426117 483
1757635637017 0.10745875364036522 484
1757635637077 0.10744995847903885 485
1757635637136 0.10744125009658423 486
1757635637195 0.10743262754297254 487
1757635637251 0.10742408988001172 488
1757635637307 0.10741563618116808 489
1757635637362 0.10740726553139204 490
1757635637418 0.10739897702694573 491
1757635637475 0.10739076977523565 492
1757635637530 0.10738264289464744 493
1757635637595 0.10737459551438434 494
1757635637654 0.10736662677430889 495
1757635637710 0.10735873582478717 496
1757635637767 0.1073509218265364 497
1757635637823 0.10734318395047547 498
1757635637879 0.10733552137757775 499
