1757624620961 176.87357382729914 0
1757624621000 173.3567864765558 1
1757624621041 166.80678720527683 2
1757624621081 157.76219744519352 3
1757624621121 146.78257002320467 4
1757624621163 134.42093257763642 5
1757624621203 121.20002351217767 6
1757624621243 107.59660012968853 7
1757624621283 94.02999680405222 8
1757624621324 80.85603342942164 9
1757624621364 68.36223373880557 10
1757624621405 56.76930362918998 11
1757624621446 46.234332496261 12
1757624621486 36.85523180553737 13
1757624621527 28.677445809612173 14
1757624621568 21.701170907260217 15
1757624621608 15.889183793679484 16
1757624621650 11.174569396951355 17
1757624621690 7.468178057638075 18
1757624621731 4.6655409821270455 19
1757624621774 2.653191644937165 20
1757624621816 1.314131668207613 21
1757624621856 0.5324084501556648 22
1757624621897 0.19687053023662854 23
1757624621938 0.20409462300417144 24
1757624621979 0.4604752106220863 25
1757624622020 0.883582122380432 26
1757624622062 1.4028706261482684 27
1757624622103 1.9598370775426308 28
1757624622143 2.5077047854068892 29
1757624622186 3.010796321354895 30
1757624622228 3.443569150651374 31
1757624622268 3.7894915726817016 32
1757624622310 4.03980854014761 33
1757624622352 4.192262933329022 34
1757624622395 4.249827303519014 35
1757624622436 4.219409590352615 36
1757624622479 4.110881599823143 37
1757624622519 3.935953306746172 38
1757624622560 3.7074292008952066 39
1757624622602 3.438327271153199 40
1757624622643 3.1413354479643343 41
1757624622690 2.8282708667832934 42
1757624622732 2.5098612954862944 43
1757624622774 2.1954407426466496 44
1757624622815 1.8928108754495283 45
1757624622857 1.6082214699482116 46
1757624622899 1.3462437923583783 47
1757624622940 1.1100674247126925 48
1757624622983 0.9015439452257572 49
1757624623027 0.7212484633714024 50
1757624623069 0.5688320451355805 51
1757624623110 0.4431624039940165 52
1757624623153 0.342425746432257 53
1757624623195 0.26435219073692406 54
1757624623236 0.20639772369216713 55
1757624623278 0.1658778867349152 56
1757624623320 0.14006106405319535 57
1757624623361 0.12629692945487797 58
1757624623404 0.122151060510946 59
1757624623446 0.1252522145856009 60
1757624623487 0.13348291433427661 61
1757624623530 0.14487059820921766 62
1757624623572 0.15788382227789954 63
1757624623613 0.17134418678256405 64
1757624623656 0.1842695593587142 65
1757624623698 0.1959697956662041 66
1757624623741 0.2059073926313052 67
1757624623782 0.2137285914700713 68
1757624623825 0.219263975593333 69
1757624623867 0.22248046106697358 70
1757624623909 0.22349323624181677 71
1757624623951 0.22252715255839645 72
1757624623994 0.2197745824481553 73
1757624624038 0.2155331152740937 74
1757624624080 0.21017464338429037 75
1757624624122 0.20397892209951538 76
1757624624170 0.19715188651736487 77
1757624624214 0.18992459798903782 78
1757624624262 0.18255992350765063 79
1757624624318 0.1753740706766499 80
1757624624363 0.1685238377138651 81
1757624624411 0.16210086618753003 82
1757624624455 0.15623965851369828 83
1757624624503 0.15100630717664945 84
1757624624549 0.14641012974408218 85
1757624624595 0.14234424915397847 86
1757624624638 0.1388084338833815 87
1757624624686 0.13589814765238645 88
1757624624736 0.13356958281287198 89
1757624624781 0.13177857613580868 90
1757624624824 0.1304612021166127 91
1757624624868 0.1294821098760344 92
1757624624911 0.12874466091619743 93
1757624624955 0.128264266678141 94
1757624624998 0.12799166012832355 95
1757624625041 0.12790428073846805 96
1757624625084 0.12795435284253392 97
1757624625127 0.12810126291237167 98
1757624625171 0.12823718355357316 99
1757624625214 0.12841654482416387 100
1757624625258 0.12861494566435902 101
1757624625301 0.12875213479621792 102
1757624625347 0.12871374888094075 103
1757624625393 0.12863793072681928 104
1757624625436 0.12852394963554933 105
1757624625480 0.12838452719924048 106
1757624625524 0.1282645587036499 107
1757624625566 0.12815190797224693 108
1757624625610 0.1280417858072369 109
1757624625653 0.12793792465505788 110
1757624625702 0.12784606090136835 111
1757624625752 0.12770015448232253 112
1757624625802 0.12751656355894136 113
1757624625848 0.1272777359688892 114
1757624625891 0.12705957670580176 115
1757624625935 0.1268608665016119 116
1757624625978 0.12661698244996367 117
1757624626023 0.12643306386621528 118
1757624626067 0.1263060228772571 119
1757624626123 0.12623092542880213 120
1757624626178 0.1262098351830776 121
1757624626228 0.12617534747668768 122
1757624626288 0.12612724540432485 123
1757624626333 0.12613012947479152 124
1757624626379 0.12615449953981475 125
1757624626424 0.12611890383413743 126
1757624626468 0.1260331861693405 127
1757624626514 0.12597160319220313 128
1757624626559 0.12595770239482887 129
1757624626603 0.12599197518793526 130
1757624626646 0.12606783314811665 131
1757624626690 0.12611397644648878 132
1757624626735 0.12613132740625313 133
1757624626785 0.12618525393993998 134
1757624626832 0.1262399842534722 135
1757624626892 0.12629970948549374 136
1757624626937 0.1263881193306844 137
1757624626983 0.12650187039515254 138
1757624627028 0.12660898575105414 139
1757624627073 0.1266644683599589 140
1757624627117 0.1266119931599628 141
1757624627161 0.12657058175189487 142
1757624627208 0.12656315413797972 143
1757624627252 0.12649226313404058 144
1757624627298 0.1264575240693645 145
1757624627344 0.12645963870559587 146
1757624627391 0.12649444018750813 147
1757624627436 0.12652758739100597 148
1757624627480 0.12659033928528513 149
1757624627526 0.12664778670893553 150
1757624627572 0.12666390977489922 151
1757624627617 0.1265740199654997 152
1757624627662 0.12652885917029036 153
1757624627707 0.1264920949850836 154
1757624627749 0.12646576830284376 155
1757624627795 0.12640775145977787 156
1757624627840 0.12638595182685636 157
