1757636193941 0.05994003242480516 0
1757636194041 0.3881748630902292 1
1757636194149 0.2908215780990136 2
1757636194275 0.0675411226171756 3
1757636194408 0.11214862197678538 4
1757636194538 0.725424924206793 5
1757636194651 0.39143812288749 6
1757636194756 0.12145525765648117 7
1757636195206 3.468370513984102e-07 8
1757636195374 5.097646814186402e-06 9
1757636195506 0.0016935841468685637 10
1757636195622 0.01626802474389044 11
1757636195743 0.12357928476933963 12
1757636195872 0.0632846791834067 13
1757636195998 2.1785225275907374e-05 14
1757636196112 0.019718882570849094 15
1757636196245 0.17626698143250352 16
1757636196363 0.08455181146904317 17
1757636196473 0.018642101598555588 18
1757636196599 0.15130284283019058 19
1757636196722 0.08053778717423847 20
1757636196877 0.10686188430544069 21
1757636197016 0.01488087049348381 22
1757636197147 2.3958096798488384 23
1757636197266 0.19493344350263034 24
1757636197378 0.04667318862586455 25
1757636197494 0.2855320227488213 26
1757636197603 0.00554276170076002 27
1757636197707 0.3453915143682491 28
1757636197816 1.062024004112405 29
1757636197920 0.28370066695921453 30
1757636198023 0.0007189598308902501 31
1757636198124 0.44697355620239754 32
1757636198225 0.5341052690083073 33
1757636198324 0.010594864411183274 34
1757636198422 0.12904317654555172 35
1757636198519 0.006556640810911497 36
1757636198616 0.00046108825192224653 37
1757636198714 0.2563893240989481 38
1757636198842 0.12191451500572778 39
1757636198953 0.03232906169411819 40
1757636199060 0.004036964676574973 41
1757636199162 0.05613777694586401 42
1757636199262 0.00047170856541979415 43
1757636199360 0.03945957092095076 44
1757636199457 0.11952206316207148 45
1757636199555 0.1803561184286779 46
1757636199652 0.024590413952721397 47
1757636199750 0.7212022583019922 48
1757636199860 0.030033435287752097 49
1757636199965 0.021097261380252627 50
1757636200063 0.0067800985616975045 51
1757636200161 0.1179385779358544 52
1757636200260 0.22422301679016834 53
1757636200360 0.03459189751534888 54
1757636200459 0.011699226690946361 55
1757636200556 0.061565289231745805 56
1757636200652 0.0062724672782877204 57
1757636200747 0.03915328512929894 58
1757636200842 0.04642307135927425 59
1757636200974 0.47021065887847247 60
1757636201073 0.6114027027289466 61
1757636201173 0.2878329304026319 62
1757636201273 0.0023443496651737706 63
1757636201369 0.0016881131805087273 64
1757636201465 0.05450300710494402 65
1757636201560 0.003364216463093397 66
1757636201655 0.009209792554084162 67
1757636201772 0.48555206449738797 68
1757636201956 0.02678645508753422 69
1757636202118 0.005286645108010684 70
1757636202260 0.0726559365801035 71
1757636202375 0.39203802875653804 72
1757636202484 0.4045694821862171 73
1757636202618 6.726546798244528 74
1757636202747 0.3637954489373928 75
1757636202874 0.10515185684473136 76
1757636203142 0.025972014816000207 77
1757636203285 0.3212553157105124 78
1757636203439 0.05424153721532471 79
1757636203568 0.0005689384004261847 80
1757636203707 0.0006856642536295984 81
1757636203818 0.02534783344720754 82
1757636203932 0.03169212249213962 83
1757636204046 0.0799598194824841 84
1757636204187 0.019932849062793082 85
1757636204320 6.611017659078952e-05 86
1757636204426 0.009004927212211546 87
1757636204542 0.09392258796338603 88
1757636204661 0.06809063189364721 89
1757636204777 0.018947567852024418 90
1757636204894 0.20062089648854653 91
1757636205006 0.03570134873802513 92
1757636205112 0.40963745406496416 93
1757636205211 0.0862582366962399 94
1757636205311 0.039604606564667966 95
1757636205410 0.2657916761177206 96
1757636205510 0.7335566470295194 97
1757636205608 0.20459321834943464 98
1757636205707 0.056414645876959116 99
1757636205856 0.009116698183486647 100
1757636205958 0.04994793305331522 101
1757636206059 0.039394854053686944 102
1757636206158 0.0020711622602200747 103
1757636206257 0.052243312058788786 104
1757636206360 0.0002169771158942495 105
1757636206459 0.4139323058955662 106
1757636206555 0.0028145916099760883 107
1757636206654 0.010123849405595596 108
1757636206751 0.12518899592846833 109
1757636206861 0.22090010854932773 110
1757636206976 0.0354401572938977 111
1757636207076 0.11332579066374947 112
1757636207176 0.10513888773302098 113
1757636207276 0.0058124692481770985 114
1757636207377 0.00019534715312651723 115
1757636207483 0.2119957632859715 116
1757636207629 0.017658443676290228 117
1757636207732 0.0021923320366971826 118
1757636207838 0.46371196062671904 119
1757636207951 0.013502139690513129 120
1757636208054 0.0029220532902076123 121
1757636208156 0.0386982810793412 122
1757636208256 0.0010781172615463399 123
1757636208358 0.03398763508285872 124
1757636208458 0.08632533206397387 125
1757636208556 0.0077220037101717424 126
1757636208673 0.0008321595405451588 127
1757636208803 0.10523834741132641 128
1757636208913 0.3612719167011859 129
1757636209020 0.008474120888202562 130
1757636209134 0.5393237328705711 131
1757636209258 0.04004413210584272 132
1757636209368 0.09042946800885195 133
1757636209534 0.008235658729881244 134
1757636209680 0.1144262586005176 135
1757636209791 0.16101812056582532 136
1757636209923 0.028236027133039788 137
1757636210066 0.07478252177947407 138
1757636210217 0.03998252795532718 139
1757636210359 5.368739156399356e-05 140
1757636210492 0.0033902706298977563 141
1757636210651 0.2422066163142831 142
1757636210795 0.04789201442266287 143
1757636210955 0.08559597060638285 144
1757636211108 0.3343873444185028 145
1757636211255 0.16178644392648617 146
1757636211400 0.627979124808285 147
1757636211530 0.09355099578466837 148
1757636211663 0.41879376447777633 149
1757636211799 0.05103981928191634 150
1757636211971 0.2767723415479356 151
1757636212134 0.2096489568074562 152
1757636212276 0.0005017772557449421 153
1757636212407 0.029804704949989692 154
1757636212524 0.07553459629135548 155
1757636212670 1.752544797486705e-05 156
1757636212815 0.16447455803437444 157
1757636212946 0.04328240235278131 158
1757636213083 0.0069837562683307715 159
1757636213219 0.06363166456150386 160
1757636213350 0.015591741851196229 161
1757636213509 0.4010800405372036 162
1757636213639 0.16180286661009524 163
1757636213779 0.07354701226158447 164
1757636213911 0.04613450100299145 165
1757636214054 0.0027118249370492544 166
1757636214193 0.18575425805074502 167
1757636214308 0.24737865266229142 168
1757636214438 0.03597746051117868 169
1757636214579 0.06632120029596311 170
1757636214709 0.08619497458036161 171
1757636214840 0.01058552350258853 172
1757636214986 0.02529306408749211 173
1757636215132 0.7503442308024222 174
1757636215272 0.20842366229154358 175
1757636215414 0.03452581445314133 176
1757636215532 0.031992236447464704 177
1757636215646 0.00010572303985815671 178
1757636215767 0.12550684281376803 179
1757636215900 0.02946067067082385 180
1757636216027 0.0028347203013469515 181
1757636216154 0.015055244251234735 182
1757636216293 0.001423711097490546 183
1757636216421 0.05629627825842108 184
1757636216536 0.0035658282469934136 185
1757636216653 0.020921611988919 186
1757636216762 0.002869162789444032 187
1757636216874 0.024861560670926607 188
1757636216992 0.009650971342983872 189
1757636217118 0.01023058952352146 190
1757636217232 0.08360872802161008 191
1757636217339 0.05541770048093754 192
1757636217452 0.1339325346389718 193
1757636217582 0.19832433662457186 194
1757636217818 0.3356510380129221 195
1757636217978 0.10276598756325596 196
1757636218106 6.367030788707104e-06 197
1757636218241 0.18303594845869373 198
1757636218373 0.07198981102308039 199
1757636218529 0.4776501632070036 200
1757636218679 0.06245833196626728 201
1757636218825 0.03871871401095001 202
1757636218950 0.050188024860803794 203
1757636219094 0.10272139254690114 204
1757636219236 0.0360169282320304 205
1757636219353 0.02420661417702128 206
1757636219472 0.00889306824728145 207
1757636219603 0.00029110951971733976 208
1757636219736 0.05576720899256827 209
1757636219854 0.0001281909378586894 210
1757636219965 0.00010282246972667997 211
1757636220074 0.9679093550303005 212
1757636220179 0.007107847775198146 213
1757636220290 0.05412444559202484 214
1757636220394 0.16811334351362958 215
1757636220508 0.7550432834627419 216
1757636220618 0.17849130798282806 217
1757636220722 0.131458659933058 218
1757636220822 0.18171833740471155 219
1757636220936 0.37321742230809707 220
1757636221038 0.0033101640465585435 221
1757636221136 0.090068356495135 222
1757636221234 0.07771399537445216 223
1757636221332 0.11668024589787766 224
1757636221430 0.046602120923088415 225
1757636221532 0.025382361886488496 226
1757636221631 0.02951166514234977 227
1757636221729 0.11299774524642046 228
1757636221960 0.0004969730693619342 229
1757636222068 0.020237001306684068 230
1757636222174 0.3775329903362902 231
1757636222278 0.029083808311393063 232
1757636222383 0.5163144851250259 233
1757636222485 0.0032021119570883705 234
1757636222589 0.12337062416528399 235
1757636222691 0.25175693959350043 236
1757636222791 1.1441223935671825 237
1757636222891 0.00812572621657307 238
1757636222992 0.00231995421990614 239
1757636223091 0.20267542419258536 240
1757636223190 0.011119051477653725 241
1757636223293 0.21746740413934898 242
1757636223395 0.0876554616989768 243
1757636223495 0.04260253552612599 244
1757636223596 0.7269149872510143 245
1757636223693 0.04861787699412823 246
1757636223788 1.0305184483913885 247
1757636223885 0.5879496237342533 248
1757636223981 0.011369924235865055 249
1757636224077 0.13307709827593078 250
1757636224173 0.10922542306260599 251
1757636224269 3.6831602705048984e-06 252
1757636224372 0.09674521386262297 253
1757636224471 0.009061448539960205 254
1757636224569 0.04864040107808046 255
1757636224664 0.15677365316079547 256
1757636224760 0.006849203732593031 257
1757636224856 0.6497656120840823 258
1757636224952 0.01269737253134264 259
1757636225054 0.23960298927708215 260
1757636225156 0.048242578993283165 261
1757636225256 0.05925945239341846 262
1757636225354 0.08258521280244552 263
1757636225450 0.7452756016183923 264
1757636225554 1.2936576438456895 265
1757636225651 0.016279633025768424 266
1757636225751 0.013568292241263463 267
1757636225853 0.1551895936570584 268
1757636225955 0.007522626595251934 269
1757636226053 0.05250855749980869 270
1757636226150 0.16514034620637583 271
1757636226246 0.024878159452717746 272
1757636226349 0.23556076119475805 273
1757636226448 0.28739055145892467 274
1757636226548 0.019689013554302033 275
1757636226646 0.17477403664982885 276
1757636226743 0.6364711794360389 277
1757636226847 0.07885053431454277 278
1757636226957 0.2708375317899178 279
1757636227059 0.06266373799415412 280
1757636227161 0.00822824098276002 281
1757636227261 0.04862798768654369 282
1757636227359 0.06853152916671156 283
1757636227458 0.06054629075952534 284
1757636227555 0.05500735379070437 285
1757636227651 0.045083649931804706 286
1757636227747 0.43162151992389636 287
1757636227842 0.22380952942854054 288
1757636227944 0.09922419014762623 289
1757636228042 0.0545011608620744 290
1757636228139 0.26193375898327953 291
1757636228235 0.28562792933435555 292
1757636228331 0.021204742921269126 293
1757636228441 0.4101102626302023 294
1757636228542 0.09213386079487977 295
1757636228647 0.14176245247569216 296
1757636228743 0.12736979110890206 297
1757636228839 0.0004732076897644338 298
1757636228946 0.09358919383442556 299
1757636229044 0.07877008255577604 300
1757636229141 0.012708856366956208 301
1757636229240 0.014819332132124661 302
1757636229338 0.001664492901181192 303
1757636229435 0.22390533328040269 304
1757636229532 0.1637992491953525 305
1757636229629 0.04425998373544587 306
1757636229724 0.0019021872931474283 307
1757636229842 0.2756364106465448 308
1757636229943 0.0440075721586807 309
1757636230045 0.06652612622695502 310
1757636230146 0.21799023456768304 311
1757636230245 0.019396277000954764 312
1757636230342 0.8396497128187177 313
1757636230447 0.054437734455337845 314
1757636230544 0.25291306639731315 315
1757636230646 0.010528813760570369 316
1757636230781 0.09082811244858377 317
1757636230889 0.011797503918708565 318
1757636231018 0.3815138577382723 319
1757636231150 0.008003717011554109 320
1757636231259 0.022394177657817916 321
1757636231376 0.08291881239761016 322
1757636231484 0.004192015891518376 323
1757636231590 0.08379112721773874 324
1757636231762 0.016412704971257592 325
1757636231904 0.002511175696223718 326
1757636232057 0.1638236150032983 327
1757636232186 0.14038484069382134 328
1757636232325 0.08834848983491787 329
1757636232475 0.12900004691922912 330
1757636232587 0.010939404749443778 331
1757636232696 0.04170098663309864 332
1757636232801 0.0019035316402303732 333
1757636232904 0.0742049548057733 334
1757636233022 0.1450416091997182 335
1757636233134 0.5928175416345914 336
1757636233235 0.010782466047624714 337
1757636233347 0.03309893185781034 338
1757636233477 0.41172212726972895 339
1757636233593 0.3848347217036243 340
1757636233704 0.0016445693709694006 341
1757636233834 0.017805742115795112 342
1757636234003 0.004571424438941694 343
1757636234130 0.0002495600716571058 344
1757636234259 0.0036639254793586293 345
1757636234400 0.13229256820789415 346
1757636234550 0.5075795274423542 347
1757636234677 0.04363997009786491 348
1757636234789 0.47684336388327053 349
1757636234908 0.0833905853854908 350
1757636235017 0.020027431730408697 351
1757636235127 0.3405630642671635 352
1757636235236 0.01735432858436287 353
1757636235341 0.033179567545451046 354
1757636235443 0.046362579964389736 355
1757636235544 0.05011342766477843 356
1757636235647 0.046286057588084455 357
1757636235747 0.7250852662610002 358
1757636235844 0.1839582977979928 359
1757636235942 0.02282385891196602 360
1757636236048 0.0002878449315803665 361
1757636236154 0.0605965760063471 362
1757636236259 0.07965114729580117 363
1757636236363 0.11619637199346584 364
1757636236469 0.17104686032011562 365
1757636236579 0.2982974138149929 366
1757636236678 0.05573917390457236 367
1757636236776 0.017831257022495765 368
1757636236884 0.04397917944779059 369
1757636236987 0.3145079900275641 370
1757636237089 0.0015025507289499454 371
1757636237189 0.08464691267311004 372
1757636237296 0.032835584963843215 373
1757636237408 0.06520418192607041 374
1757636237527 0.014209514960677665 375
1757636237640 0.012761922118040872 376
1757636237748 0.014475488907947528 377
1757636237853 0.01380214421478995 378
1757636237970 1.4566098895142925e-05 379
1757636238091 0.04201524932353376 380
1757636238210 0.03250166858085644 381
1757636238318 0.0423251103896525 382
1757636238424 0.05911917885530569 383
1757636238531 0.09899143741771126 384
1757636238656 0.004336070016455127 385
1757636238766 0.15795715500844565 386
1757636238876 0.00873369306750902 387
1757636238998 0.05801995597126637 388
1757636239122 0.029071663256276317 389
1757636239238 0.014017290618011038 390
1757636239383 0.1909341381743999 391
1757636239519 0.2660323631666207 392
1757636239645 0.15852183560512692 393
1757636239761 0.02491756501228662 394
1757636239873 0.04842919028357618 395
1757636240004 0.05332193790609141 396
1757636240123 0.014276396300019225 397
1757636240236 0.0064257118120761795 398
1757636240343 0.00048815422483417924 399
1757636240551 0.09506582358841108 400
1757636240683 0.34807266238190443 401
1757636240801 0.00017520732769285802 402
1757636240926 0.37353407327795 403
1757636241032 0.0063497070020757905 404
1757636241145 0.006146007912867316 405
1757636241249 0.10140160186336879 406
1757636241361 0.4595153954207527 407
1757636241477 0.044272291461628546 408
1757636241593 0.020696583003234858 409
1757636241702 0.028219172782901515 410
1757636241818 0.06501083896301728 411
1757636241946 0.05485246861133234 412
1757636242056 0.25938031923117905 413
1757636242193 0.03494040315688318 414
1757636242316 0.06306987597532401 415
1757636242551 0.004880083599564183 416
1757636242673 0.13997451327084076 417
1757636242801 0.058575930524665955 418
1757636242930 0.09263412775141891 419
1757636243046 0.12903524234751498 420
1757636243167 0.090491000823523 421
1757636243287 9.67556289746585e-05 422
1757636243403 0.13313737646893714 423
1757636243517 0.3134736226954565 424
1757636243629 0.03949274040663051 425
1757636243748 0.4667277992979525 426
1757636243872 0.0018726000419208317 427
1757636244000 0.2943738216488539 428
1757636244128 3.3100614600735994 429
1757636244249 0.01299903754202415 430
1757636244376 0.07534701951210823 431
1757636244497 0.16736687938976808 432
1757636244630 0.015201329647466023 433
1757636244758 0.02847272991978385 434
1757636244882 0.31190375669868536 435
1757636245014 0.006982929783101871 436
1757636245160 0.19049906439898276 437
1757636245336 0.018570546732870074 438
1757636245522 0.09177051747249305 439
1757636245691 0.0009168118173035862 440
1757636245873 0.31693158715054837 441
1757636246011 0.06743264516789559 442
1757636246146 0.03184935814833494 443
1757636246278 0.4272213427323575 444
1757636246397 0.11358196411840615 445
1757636246522 1.1319874512889865 446
1757636246651 0.0012762533117007951 447
1757636246792 0.2716833752045428 448
1757636246941 0.011422362127883723 449
1757636247068 1.0370819072288393 450
1757636247200 0.07644107698049282 451
1757636247341 0.054754302415029904 452
1757636247473 0.007854255641604805 453
1757636247612 0.2139028727153986 454
1757636247743 0.07216097143432725 455
1757636247871 1.3549107139813479 456
1757636247998 0.0073508189600587125 457
1757636248115 0.00034942993997182336 458
1757636248224 0.26989728851022227 459
1757636248327 0.026048745821448335 460
1757636248435 0.8795464784666575 461
1757636248549 0.000334983667577273 462
1757636248663 0.0008703839025195486 463
1757636248780 0.00086045624147684 464
1757636248899 0.09789568966434414 465
1757636249011 0.030525150755044726 466
1757636249118 0.0012683702394007553 467
1757636249231 0.00515381655864882 468
1757636249347 0.329113023657292 469
1757636249471 0.06106278932427604 470
1757636249589 0.6371796017156028 471
1757636249696 0.052237355926380825 472
1757636249801 0.08721563899214282 473
1757636249905 0.459588729473196 474
1757636250005 0.1680327953936352 475
1757636250114 0.03562993307047456 476
1757636250218 0.1107273925386802 477
1757636250324 0.06411771144610182 478
1757636250425 0.030657506883262277 479
1757636250527 0.011632702947044504 480
1757636250626 0.012134145626214309 481
1757636250726 0.22047630039162922 482
1757636250831 0.02769448421413703 483
1757636250955 0.015999322406369393 484
1757636251057 0.046187803537548575 485
1757636251157 1.4439801953230915 486
1757636251337 0.304110141705977 487
1757636251437 0.08346261315112968 488
1757636251560 0.017166415068150257 489
1757636251699 0.17715050000061178 490
1757636251799 0.015353094456968938 491
1757636251919 0.16738443694798721 492
1757636252025 0.03152778858810182 493
1757636252132 0.02139504656716724 494
1757636252237 0.7395200205113156 495
1757636252337 0.23491824933286937 496
1757636252438 0.006057952589720849 497
1757636252538 0.009737468946754998 498
1757636252637 0.07389854185927808 499
