1757640568639 168.87672819721146 0
1757640568692 168.5395344823059 1
1757640568740 168.03471388619397 2
1757640568790 167.4473316505575 3
1757640568845 166.81998710891554 4
1757640568895 166.17399264945567 5
1757640568945 165.52000364543997 6
1757640568995 164.86334357654366 7
1757640569046 164.20666914031528 8
1757640569092 163.5513034489028 9
1757640569141 162.8979027886427 10
1757640569190 162.24679004045714 11
1757640569238 161.59812140027788 12
1757640569285 160.95196974180996 13
1757640569333 160.30836629851336 14
1757640569379 159.66732150469275 15
1757640569427 159.02883541600804 16
1757640569475 158.3929029196606 17
1757640569523 157.75951633940576 18
1757640569577 157.128666737976 19
1757640569627 156.50034456820885 20
1757640569675 155.8745399985259 21
1757640569724 155.251243075589 22
1757640569774 154.63044380554354 23
1757640569822 154.01213219455752 24
1757640569875 153.39629826900708 25
1757640569931 152.7829320854868 26
1757640569982 152.17202373573215 27
1757640570032 151.56356334899857 28
1757640570080 150.9575410931691 29
1757640570129 150.35394717522686 30
1757640570176 149.75277184140992 31
1757640570224 149.15400537720805 32
1757640570273 148.55763810728072 33
1757640570323 147.96366039533575 34
1757640570373 147.3720626439891 35
1757640570422 146.78283529461518 36
1757640570471 146.1959688271929 37
1757640570520 145.61145376015003 38
1757640570569 145.02928065020677 39
1757640570617 144.4494400922197 40
1757640570666 143.87192271902575 41
1757640570714 143.2967192012868 42
1757640570762 142.72382024733503 43
1757640570812 142.15321660301845 44
1757640570862 141.58489905154778 45
1757640570911 141.01885841334305 46
1757640570960 140.4550855458818 47
1757640571010 139.89357134354697 48
1757640571059 139.33430673747634 49
1757640571108 138.7772826954121 50
1757640571156 138.22249022155077 51
1757640571206 137.66992035639467 52
1757640571255 137.11956417660306 53
1757640571302 136.5714127948445 54
1757640571351 136.02545735964966 55
1757640571400 135.48168905526458 56
1757640571450 134.94009910150493 57
1757640571499 134.40067875361055 58
1757640571549 133.8634193021007 59
1757640571600 133.32831207263 60
1757640571651 132.7953484258449 61
1757640571701 132.26451975724075 62
1757640571751 131.73581749701947 63
1757640571801 131.20923310994797 64
1757640571849 130.68475809521692 65
1757640571898 130.16238398630017 66
1757640571954 129.6421023508151 67
1757640572007 129.12390479038294 68
1757640572130 128.60778294049024 69
1757640572189 128.0937284703507 70
1757640572243 127.58173308276743 71
1757640572297 127.07178851399611 72
1757640572356 126.56388653360841 73
1757640572424 126.05801894435625 74
1757640572475 125.55417758203647 75
1757640572527 125.05235431535606 76
1757640572579 124.55254104579797 77
1757640572632 124.05472970748768 78
1757640572684 123.55891226706007 79
1757640572736 123.0650807235268 80
1757640572790 122.57322710814464 81
1757640572855 122.0833434842839 82
1757640572926 121.5954219472977 83
1757640572980 121.10945462439169 84
1757640573030 120.62543367449425 85
1757640573082 120.14335128812743 86
1757640573135 119.66319968727821 87
1757640573188 119.18497112527035 88
1757640573240 118.70865788663701 89
1757640573292 118.23425228699342 90
1757640573344 117.76174667291068 91
1757640573397 117.2911334217895 92
1757640573450 116.82240494173496 93
1757640573502 116.35555367143145 94
1757640573553 115.89057208001829 95
1757640573603 115.42745266696592 96
1757640573652 114.96618796195236 97
1757640573704 114.50677052474052 98
1757640573754 114.04919294505575 99
1757640573804 113.59344784246397 100
1757640573854 113.13952786625053 101
1757640573907 112.68742569529914 102
1757640573958 112.23713403797169 103
1757640574014 111.78864563198844 104
1757640574066 111.34195324430861 105
1757640574118 110.89704967101166 106
1757640574168 110.45392773717882 107
1757640574219 110.01258029677538 108
1757640574269 109.57300023253336 109
1757640574320 109.13518045583446 110
1757640574370 108.69911390659388 111
1757640574422 108.26479355314434 112
1757640574473 107.83221239212072 113
1757640574523 107.40136344834505 114
1757640574573 106.97223977471208 115
1757640574625 106.5448344520754 116
1757640574674 106.1191405891338 117
1757640574795 105.69515132231832 118
1757640574846 105.27285981567964 119
1757640574903 104.85225926077601 120
1757640574955 104.43334287656161 121
1757640575007 104.01610390927534 122
1757640575058 103.60053563233024 123
1757640575112 103.18663134620301 124
1757640575163 102.77438437832444 125
1757640575222 102.36378808296995 126
1757640575275 101.95483584115077 127
1757640575330 101.5475210605054 128
1757640575384 101.14183717519174 129
1757640575435 100.73777764577946 130
1757640575486 100.33533595914304 131
1757640575537 99.93450562835487 132
1757640575591 99.53528019257934 133
1757640575648 99.13765321696678 134
1757640575700 98.74161829254844 135
1757640575752 98.34716903613125 136
1757640575803 97.95429909019362 137
1757640575855 97.56300212278123 138
1757640575907 97.17327182740361 139
1757640575959 96.78510192293076 140
1757640576012 96.39848615349057 141
1757640576069 96.01341828836637 142
1757640576124 95.62989212189508 143
1757640576176 95.2479014733658 144
1757640576227 94.86744018691856 145
1757640576279 94.48850213144387 146
1757640576330 94.11108120048236 147
1757640576383 93.73517131212503 148
1757640576434 93.36076640891382 149
1757640576488 92.98786045774257 150
1757640576540 92.61644744975852 151
1757640576591 92.24652140026406 152
1757640576644 91.87807634861898 153
1757640576697 91.51110635814304 154
1757640576750 91.14560551601909 155
1757640576802 90.78156793319643 156
1757640576855 90.41898774429465 157
1757640576906 90.05785910750785 158
1757640576957 89.69817620450924 159
1757640577009 89.33993324035615 160
1757640577061 88.98312444339543 161
1757640577113 88.62774406516925 162
1757640577165 88.27378638032124 163
1757640577217 87.9212456865031 164
1757640577269 87.57011630428147 165
1757640577320 87.22039257704533 166
1757640577373 86.8720688709136 167
1757640577425 86.52513957464339 168
1757640577476 86.17959909953831 169
1757640577527 85.83544187935738 170
1757640577580 85.49266237022422 171
1757640577633 85.15125505053669 172
1757640577685 84.81121442087674 173
1757640577737 84.47253500392088 174
1757640577792 84.13521134435074 175
1757640577859 83.79923800876419 176
1757640577914 83.46460958558679 177
1757640577970 83.13132068498355 178
1757640578024 82.7993659387711 179
1757640578083 82.46874000033019 180
1757640578137 82.13943754451851 181
1757640578192 81.81145326758406 182
1757640578247 81.48478188707854 183
1757640578301 81.15941814177148 184
1757640578355 80.83535679156442 185
1757640578408 80.51259261740556 186
1757640578460 80.19112042120479 187
1757640578512 79.87093502574898 188
1757640578564 79.55203127461773 189
1757640578616 79.23440403209933 190
1757640578670 78.91804818310722 191
1757640578723 78.60295863309663 192
1757640578776 78.28913030798167 193
1757640578836 77.97655815405271 194
1757640578912 77.66523713789422 195
1757640578971 77.35516224630268 196
1757640579026 77.0463284862051 197
1757640579129 76.73873088457773 198
1757640579187 76.43236448836517 199
1757640579245 76.12722436439965 200
1757640579303 75.82330559932097 201
1757640579358 75.52060329949639 202
1757640579414 75.21911259094107 203
1757640579468 74.91882861923884 204
1757640579524 74.61974654946319 205
1757640579578 74.32186156609862 206
1757640579631 74.02516887296233 207
1757640579686 73.72966369312628 208
1757640579739 73.43534126883944 209
1757640579792 73.14219686145049 210
1757640579845 72.8502257513307 211
1757640579899 72.55942323779726 212
1757640579952 72.26978463903689 213
1757640580006 71.98130529202962 214
1757640580059 71.69398055247312 215
1757640580117 71.40780579470717 216
1757640580173 71.12277641163843 217
1757640580229 70.83888781466563 218
1757640580282 70.55613543360504 219
1757640580334 70.27451471661611 220
1757640580387 69.99402113012756 221
1757640580441 69.71465015876379 222
1757640580495 69.43639730527138 223
1757640580549 69.1592580904462 224
1757640580602 68.88322805306049 225
1757640580655 68.6083027497905 226
1757640580709 68.33447775514433 227
1757640580763 68.06174866138998 228
1757640580815 67.79011107848383 229
1757640580869 67.51956063399939 230
1757640580922 67.25009297305614 231
1757640580976 66.98170375824903 232
1757640581030 66.7143886695779 233
1757640581084 66.44814340437748 234
1757640581137 66.18296367724733 235
1757640581190 65.91884521998257 236
1757640581244 65.65578378150437 237
1757640581298 65.393775127791 238
1757640581351 65.1328150418092 239
1757640581405 64.87289932344564 240
1757640581458 64.61402378943879 241
1757640581512 64.35618427331106 242
1757640581567 64.09937662530125 243
1757640581621 63.84359671229701 244
1757640581675 63.58884041776804 245
1757640581729 63.335103641699185 246
1757640581785 63.08238230052382 247
1757640581840 62.83067232705784 248
1757640581894 62.579969670433485 249
1757640581948 62.330270296033774 250
1757640582001 62.08157018542695 251
1757640582056 61.83386533630137 252
1757640582110 61.58715176240063 253
1757640582171 61.341425493458836 254
1757640582226 61.096682575136334 255
1757640582281 60.85291906895546 256
1757640582336 60.610131052236795 257
1757640582412 60.36831461803553 258
1757640582469 60.12746587507809 259
1757640582525 59.8875809476991 260
1757640582581 59.64865597577854 261
1757640582637 59.41068711467914 262
1757640582691 59.17367053518416 263
1757640582747 58.93760242343517 264
1757640582806 58.702478980870424 265
1757640582873 58.46829642416312 266
1757640582930 58.235050985160235 267
1757640582986 58.00273891082135 268
1757640583042 57.771356463157886 269
1757640583097 57.540899919172574 270
1757640583154 57.31136557079907 271
1757640583210 57.08274972484186 272
1757640583264 56.85504870291652 273
1757640583319 56.628258841390014 274
1757640583373 56.402376491321455 275
1757640583429 56.177398018402926 276
1757640583484 55.9533198029006 277
1757640583538 55.730138239596165 278
1757640583593 55.507849737728364 279
1757640583648 55.28645072093492 280
1757640583703 55.065937627194565 281
1757640583759 54.846306908769336 282
1757640583813 54.627555032147185 283
1757640583868 54.40967847798469 284
1757640583923 54.192673741050164 285
1757640583983 53.97653733016675 286
1757640584038 53.76126576815608 287
1757640584093 53.54685559178182 288
1757640584148 53.3333033516937 289
1757640584210 53.12060561237162 290
1757640584270 52.90875895207006 291
1757640584331 52.69775996276268 292
1757640584462 52.48760525008719 293
1757640584523 52.278291433290335 294
1757640584580 52.06981514517322 295
1757640584638 51.86217303203684 296
1757640584695 51.65536175362775 297
1757640584751 51.44937798308401 298
1757640584809 51.24421840688143 299
1757640584866 51.03987972477981 300
1757640584925 50.836358649769664 301
1757640584982 50.63365190801896 302
1757640585039 50.431756238820185 303
1757640585096 50.230668394537545 304
1757640585151 50.03038514055448 305
1757640585207 49.83090325522125 306
1757640585261 49.63221952980295 307
1757640585317 49.43433076842741 308
1757640585372 49.237233788033684 309
1757640585429 49.04092541832045 310
1757640585485 48.84540250169474 311
1757640585539 48.650661893220935 312
1757640585593 48.45670046056977 313
1757640585649 48.263515083967825 314
1757640585718 48.07110265614694 315
1757640585777 47.87946008229403 316
1757640585834 47.68858428000103 317
1757640585890 47.49847217921502 318
1757640585946 47.30912072218861 319
1757640586002 47.12052686343048 320
1757640586059 46.93268756965612 321
1757640586113 46.745599819738814 322
1757640586169 46.5592606046608 323
1757640586230 46.37366692746456 324
1757640586287 46.188815803204456 325
1757640586342 46.00470425889836 326
1757640586397 45.8213293334797 327
1757640586453 45.638688077749535 328
1757640586509 45.45677755432888 329
1757640586565 45.27559483761125 330
1757640586620 45.09513701371532 331
1757640586676 44.915401180437904 332
1757640586732 44.736384447206966 333
1757640586789 44.55808393503495 334
1757640586845 44.38049677647223 335
1757640586900 44.203620115560774 336
1757640586956 44.027451107787975 337
1757640587012 43.85198692004069 338
1757640587068 43.677224730559466 339
1757640587124 43.50316172889291 340
1757640587179 43.32979511585236 341
1757640587235 43.157122103466506 342
1757640587291 42.98513991493648 343
1757640587347 42.8138457845909 344
1757640587402 42.64323695784126 345
1757640587457 42.47331069113734 346
1757640587513 42.30406425192293 347
1757640587569 42.135494918591704 348
1757640587626 41.9675999804432 349
1757640587681 41.800376737639034 350
1757640587737 41.63382250115934 351
1757640587795 41.467934592759285 352
1757640587865 41.3027103449258 353
1757640587923 41.13814710083451 354
1757640587982 40.97424221430683 355
1757640588040 40.8109930497672 356
1757640588099 40.64839698220051 357
1757640588156 40.48645139710974 358
1757640588212 40.32515369047371 359
1757640588277 40.164501268704996 360
1757640588335 40.004491548608115 361
1757640588391 39.84512195733773 362
1757640588447 39.68638993235715 363
1757640588503 39.528292921396954 364
1757640588560 39.37082838241368 365
1757640588617 39.213993783548936 366
1757640588673 39.05778660308841 367
1757640588730 38.90220432942116 368
1757640588786 38.7472444609991 369
1757640588842 38.59290450629652 370
1757640588900 38.43918198377002 371
1757640588956 38.28607442181827 372
1757640589012 38.13357935874222 373
1757640589068 37.9816943427053 374
1757640589124 37.83041693169387 375
1757640589182 37.67974469347778 376
1757640589239 37.529675205571124 377
1757640589295 37.38020605519311 378
1757640589351 37.2313348392291 379
1757640589407 37.083059164191845 380
1757640589464 36.935376646182874 381
1757640589521 36.78828491085395 382
1757640589577 36.64178159336882 383
1757640589633 36.49586433836496 384
1757640589690 36.35053079991563 385
1757640589748 36.20577864149197 386
1757640589806 36.0616055359253 387
1757640589862 35.9180091653696 388
1757640589918 35.77498722126402 389
1757640589975 35.6325374042957 390
1757640590032 35.49065742436262 391
1757640590087 35.34934500053668 392
1757640590144 35.20859786102686 393
1757640590201 35.06841374314253 394
1757640590261 34.92879039325703 395
1757640590321 34.78972556677124 396
1757640590402 34.65121702807735 397
1757640590461 34.513262550522825 398
1757640590520 34.37585991637448 399
1757640590579 34.23900691678262 400
1757640590637 34.10270135174554 401
1757640590696 33.966941030073876 402
1757640590754 33.831723769355385 403
1757640590812 33.69704739591964 404
1757640590869 33.562909744803 405
1757640590926 33.42930865971371 406
1757640590983 33.29624199299704 407
1757640591040 33.16370760560073 408
1757640591097 33.03170336704038 409
1757640591153 32.9002271553652 410
1757640591210 32.76927685712368 411
1757640591267 32.63885036732954 412
1757640591325 32.50894558942778 413
1757640591382 32.37956043526086 414
1757640591439 32.25069282503497 415
1757640591496 32.122340687286574 416
1757640591553 31.994501958848943 417
1757640591611 31.86717458481885 418
1757640591719 31.740356518523473 419
1757640591780 31.614045721487408 420
1757640591842 31.488240163399713 421
1757640591904 31.36293782208123 422
1757640591962 31.238136683451927 423
1757640592020 31.113834741498472 424
1757640592078 30.990029998241834 425
1757640592137 30.866720463705057 426
1757640592198 30.74390415588121 427
1757640592257 30.621579100701414 428
1757640592321 30.49974333200297 429
1757640592393 30.378394891497702 430
1757640592454 30.257531828740355 431
1757640592514 30.137152201097123 432
1757640592574 30.01725407371438 433
1757640592634 29.897835519487444 434
1757640592693 29.7788946190295 435
1757640592750 29.660429460640675 436
1757640592815 29.542438140277188 437
1757640592883 29.424918761520676 438
1757640592944 29.30786943554761 439
1757640593004 29.191288281098817 440
1757640593065 29.07517342444919 441
1757640593125 28.95952299937745 442
1757640593182 28.844335147136093 443
1757640593240 28.729608016421363 444
1757640593297 28.615339763343457 445
1757640593355 28.501528551396785 446
1757640593413 28.388172551430365 447
1757640593471 28.27526994161835 448
1757640593530 28.162818907430605 449
1757640593589 28.050817641603533 450
1757640593646 27.93926434411088 451
1757640593704 27.828157222134763 452
1757640593767 27.71749449003673 453
1757640593827 27.60727436932901 454
1757640593886 27.497495088645838 455
1757640593943 27.388154883714893 456
1757640594002 27.279251997328853 457
1757640594060 27.17078467931711 458
1757640594118 27.062751186517502 459
1757640594177 26.955149782748276 460
1757640594234 26.847978738780082 461
1757640594292 26.741236332308105 462
1757640594357 26.634920847924256 463
1757640594417 26.52903057708963 464
1757640594475 26.423563818106885 465
1757640594534 26.318518876092835 466
1757640594592 26.21389406295115 467
1757640594651 26.10968769734515 468
1757640594711 26.0058981046707 469
1757640594770 25.902523617029217 470
1757640594828 25.79956257320082 471
1757640594887 25.697013318617515 472
1757640594949 25.594874205336577 473
1757640595007 25.49314359201397 474
1757640595066 25.391819843877887 475
1757640595124 25.29090133270245 476
1757640595184 25.19038643678141 477
1757640595242 25.090273540902075 478
1757640595301 24.990561036319257 479
1757640595359 24.891247320729338 480
1757640595418 24.792330798244492 481
1757640595477 24.693809879366903 482
1757640595536 24.59568298096324 483
1757640595594 24.49794852623905 484
1757640595654 24.40060494471346 485
1757640595712 24.3036506721938 486
1757640595771 24.207084150750408 487
1757640595830 24.110903828691576 488
1757640595889 24.015108160538457 489
1757640595948 23.919695607000286 490
1757640596008 23.824664634949478 491
1757640596066 23.730013717396993 492
1757640596126 23.635741333467696 493
1757640596184 23.54184596837588 494
1757640596244 23.448326113400864 495
1757640596304 23.35518026586264 496
1757640596364 23.262406929097725 497
1757640596425 23.170004612435037 498
1757640596484 23.077971831171848 499
