1757639935794 31.391459089149972 0
1757639935844 5.6947062894270974 1
1757639935893 1.0053381913452062 2
1757639935941 0.26753205833921095 3
1757639935994 0.1201563420075731 4
1757639936042 0.23752890437378496 5
1757639936092 0.09803674733930254 6
1757639936141 0.13619551516844436 7
1757639936190 0.09936186810594828 8
1757639936238 0.06532456048302171 9
1757639936286 0.18283350822769742 10
1757639936337 0.16909916090860294 11
1757639936385 0.08362759514124209 12
1757639936435 0.16866416926896258 13
1757639936484 0.11087065904790312 14
1757639936533 0.12914928442299364 15
1757639936582 0.14935984797656882 16
1757639936633 0.22735732485232812 17
1757639936682 0.09983053705721882 18
1757639936731 0.1647502117769889 19
1757639936780 0.07736862123786024 20
1757639936830 0.19059480877787868 21
1757639936877 0.15196519489921595 22
1757639936926 0.0978351141614802 23
1757639936974 0.13632465583037856 24
1757639937026 0.19369043603115674 25
1757639937076 0.09985934694858307 26
1757639937125 0.12688982856619285 27
1757639937173 0.18222227368315552 28
1757639937221 0.1342340094622953 29
1757639937271 0.12337127720310169 30
1757639937319 0.08852145415765088 31
1757639937368 0.08293011818016947 32
1757639937419 0.08571791064323325 33
1757639937469 0.18499753867882415 34
1757639937518 0.12898652828152668 35
1757639937569 0.09285481142461381 36
1757639937619 0.34962469441576366 37
1757639937668 0.09754248846379036 38
1757639937726 0.10927735799731393 39
1757639937787 0.12222218100029358 40
1757639937842 0.13386129369037972 41
1757639937891 0.14823541511568925 42
1757639937940 0.1464060570960851 43
1757639937989 0.14598439835799826 44
1757639938039 0.12051710278895905 45
1757639938088 0.11070323412313159 46
1757639938138 0.17777695568250765 47
1757639938187 0.10799563264698629 48
1757639938236 0.09855624722178505 49
1757639938286 0.1010406215367796 50
1757639938336 0.06479133790728585 51
1757639938386 0.10701366119698356 52
1757639938436 0.1595761079314173 53
1757639938486 0.11028231995562053 54
1757639938536 0.19491373481047228 55
1757639938585 0.07199126611084321 56
1757639938636 0.0938182518194881 57
1757639938686 0.20013761338445793 58
1757639938736 0.14052204900439932 59
1757639938787 0.11433075786397401 60
1757639938836 0.14144177769024363 61
1757639938885 0.05443030237832827 62
1757639938937 0.1044764004081581 63
1757639938988 0.14947681292010648 64
1757639939037 0.16731681422220454 65
1757639939087 0.0717385566512444 66
1757639939137 0.07672576368409117 67
1757639939187 0.20105230459367213 68
1757639939236 0.11879929590788059 69
1757639939286 0.19592087828264698 70
1757639939337 0.17525895333988545 71
1757639939387 0.12212568087793516 72
1757639939437 0.09437968437526757 73
1757639939490 0.0843605179422768 74
1757639939539 0.1303194695644855 75
1757639939590 0.1015992127729443 76
1757639939662 0.10578005106752401 77
1757639939712 0.1407805067839373 78
1757639939763 0.12070741795866884 79
1757639939813 0.1098911903766186 80
1757639939873 0.12796716681485978 81
1757639939923 0.15574999784724977 82
1757639939974 0.07793477561412188 83
1757639940028 0.1671435363154587 84
1757639940083 0.12290084867891898 85
1757639940136 0.1108837286188261 86
1757639940187 0.20348381851242775 87
1757639940236 0.08202241272193272 88
1757639940287 0.14863317319170302 89
1757639940338 0.12155311497549326 90
1757639940389 0.14136166498608901 91
1757639940440 0.10499342651007029 92
1757639940490 0.14353356120760863 93
1757639940541 0.09206920468113769 94
1757639940591 0.09081034244436423 95
1757639940642 0.1543152925729735 96
1757639940693 0.12663976953864278 97
1757639940744 0.1599395428399631 98
1757639940795 0.16450446464975485 99
1757639940846 0.0955797357233497 100
1757639940896 0.14560370653325677 101
1757639940946 0.10011427953412656 102
1757639940998 0.18867797554293023 103
1757639941049 0.13832910011752095 104
1757639941100 0.12181572007384407 105
1757639941152 0.08413729047625293 106
1757639941203 0.23907732955003436 107
1757639941254 0.12742541087615022 108
1757639941307 0.0990961562410198 109
1757639941358 0.1357709183413889 110
1757639941409 0.23709027999566068 111
1757639941461 0.1319299835823961 112
1757639941512 0.1485042675252354 113
1757639941563 0.13746601111859655 114
1757639941615 0.1553236506245618 115
1757639941666 0.11612799283281312 116
1757639941717 0.14497161891285792 117
1757639941768 0.06963519882193785 118
1757639941820 0.08070740372233265 119
1757639941876 0.22449433877390634 120
1757639941930 0.08319744277453056 121
1757639941981 0.10919415121135091 122
1757639942036 0.11656740184556795 123
1757639942087 0.08859089650139015 124
1757639942140 0.15509711042865143 125
1757639942193 0.1521619865367585 126
1757639942252 0.20193518264867774 127
1757639942304 0.14865642423285413 128
1757639942356 0.14229971056570903 129
1757639942408 0.14220052454022483 130
1757639942460 0.1925008130625779 131
1757639942514 0.14635751538774097 132
1757639942566 0.16028193080660458 133
1757639942617 0.11070409696684551 134
1757639942733 0.16773713796930959 135
1757639942812 0.08892550642406043 136
1757639942865 0.15874026344324912 137
1757639942920 0.0736681810438504 138
1757639942974 0.13091770620460091 139
1757639943026 0.12870199717376735 140
1757639943079 0.12855680227952446 141
1757639943130 0.15823855618325086 142
1757639943182 0.16051418254926209 143
1757639943234 0.11994046717273024 144
1757639943286 0.11881321895229793 145
1757639943338 0.0908149580131551 146
1757639943390 0.12974883681266722 147
1757639943442 0.13127923532895214 148
1757639943494 0.10771394068515666 149
1757639943547 0.1822205459130064 150
1757639943598 0.09068162598048511 151
1757639943668 0.06998387433668819 152
1757639943721 0.1728550591199614 153
1757639943774 0.11894522001300499 154
1757639943828 0.14086242455642753 155
1757639943880 0.12672459736684544 156
1757639943939 0.14396996413632074 157
1757639943991 0.16374459728201018 158
1757639944044 0.08030755884971215 159
1757639944096 0.06223090955344051 160
1757639944149 0.09612862383617679 161
1757639944201 0.22280436656294514 162
1757639944254 0.10337896321100322 163
1757639944307 0.0965336157209639 164
1757639944359 0.16745538040056576 165
1757639944413 0.12807198113127857 166
1757639944465 0.11347780668052232 167
1757639944518 0.09141690032587323 168
1757639944571 0.12133656467541112 169
1757639944624 0.1293397055393642 170
1757639944676 0.11564644901405716 171
1757639944730 0.1115895488416251 172
1757639944782 0.16279132525493042 173
1757639944835 0.06102842857623256 174
1757639944888 0.10112616347604282 175
1757639944941 0.11484176418373243 176
1757639944994 0.13879822539806722 177
1757639945046 0.11867514241393055 178
1757639945100 0.22674466547078295 179
1757639945153 0.15403726527158884 180
1757639945207 0.11580935122262143 181
1757639945261 0.10768417842494232 182
1757639945313 0.1450529142330248 183
1757639945367 0.13136407635883612 184
1757639945421 0.1659737037504277 185
1757639945473 0.09617381081542092 186
1757639945528 0.1108397491665671 187
1757639945583 0.11263163911163082 188
1757639945636 0.1400906131696646 189
1757639945690 0.12679087571993855 190
1757639945743 0.13948378761229427 191
1757639945796 0.07728426832435105 192
1757639945862 0.10350741011074154 193
1757639945918 0.14148837358556957 194
1757639945991 0.1200931972713716 195
1757639946066 0.18272467067727813 196
1757639946127 0.11215303039318567 197
1757639946226 0.25232785698795196 198
1757639946282 0.12361759186951718 199
1757639946338 0.1170701866722104 200
1757639946392 0.13434507884833854 201
1757639946446 0.11776466875343769 202
1757639946500 0.09812002044127144 203
1757639946554 0.08936112574181238 204
1757639946608 0.0856821277916176 205
1757639946662 0.11842998288786367 206
1757639946716 0.11411805874388403 207
1757639946769 0.07360586574466794 208
1757639946823 0.1305272729832387 209
1757639946876 0.15516048964631568 210
1757639946931 0.10392227237686971 211
1757639946984 0.10902313915818704 212
1757639947039 0.12839183819661718 213
1757639947092 0.09396416062053242 214
1757639947146 0.13178608175512915 215
1757639947200 0.16058578679492655 216
1757639947254 0.15396786035125484 217
1757639947308 0.06919246766586687 218
1757639947360 0.20639514823142743 219
1757639947414 0.08798878002756506 220
1757639947468 0.1586665963291427 221
1757639947522 0.09383780696165976 222
1757639947580 0.09490589346400403 223
1757639947633 0.1815838281649166 224
1757639947688 0.1354277201151641 225
1757639947757 0.14020349871205964 226
1757639947815 0.07749985533296105 227
1757639947866 0.0659514854700219 228
1757639947920 0.20601390270290404 229
1757639947976 0.057678179829621846 230
1757639948036 0.14341704883603637 231
1757639948090 0.0733440812004557 232
1757639948144 0.08382413981785594 233
1757639948199 0.11150906522769848 234
1757639948253 0.07918652412467761 235
1757639948307 0.08977958590340161 236
1757639948362 0.13940020280297 237
1757639948417 0.06757878143956284 238
1757639948471 0.07501436143441921 239
1757639948527 0.11095076726941702 240
1757639948582 0.10912334468940782 241
1757639948636 0.18092140880974744 242
1757639948690 0.05196340589180136 243
1757639948744 0.09098540564396762 244
1757639948799 0.1123454675474566 245
1757639948855 0.1505854899839138 246
1757639948910 0.1684400824105948 247
1757639948964 0.1465675440117738 248
1757639949019 0.09949493847154042 249
1757639949073 0.17702981744265667 250
1757639949128 0.06665341704873612 251
1757639949183 0.15805101532094468 252
1757639949237 0.44850249241891627 253
1757639949291 0.08010819500602062 254
1757639949345 0.15183693475217458 255
1757639949400 0.08709976611145276 256
1757639949454 0.13177754930224064 257
1757639949508 0.4283543928304603 258
1757639949643 0.12319561382086301 259
1757639949703 0.11914877991151757 260
1757639949759 0.08627123052962636 261
1757639949815 0.07584360171766029 262
1757639949871 0.2327581795836836 263
1757639949926 0.09527349328765439 264
1757639949981 0.12782894093400998 265
1757639950041 0.10548345797722128 266
1757639950097 0.11919574746937622 267
1757639950152 0.12655046284704843 268
1757639950207 0.1393527776334448 269
1757639950262 0.12538520319253857 270
1757639950317 0.07388742438363723 271
1757639950372 0.1466279314800117 272
1757639950428 0.09810809239265636 273
1757639950483 0.17494363115211073 274
1757639950538 0.07884832302446951 275
1757639950594 0.19740468755857216 276
1757639950649 0.07854747564179096 277
1757639950704 0.09576832379703767 278
1757639950759 0.16001141087353019 279
1757639950814 0.27568705654137304 280
1757639950869 0.15156996781010462 281
1757639950924 0.07299432072326346 282
1757639950980 0.11737403325450499 283
1757639951035 0.11585346165464208 284
1757639951090 0.09899686972630109 285
1757639951146 0.071248978668942 286
1757639951201 0.09603271652227338 287
1757639951256 0.15320115923178598 288
1757639951311 0.08515274791086878 289
1757639951372 0.1179731298458771 290
1757639951427 0.07770448504116886 291
1757639951483 0.09287640038132518 292
1757639951538 0.10972492663254955 293
1757639951592 0.06064898473025257 294
1757639951648 0.14445125929513328 295
1757639951703 0.1671429852415927 296
1757639951819 0.09186018978280608 297
1757639951875 0.1537545818877141 298
1757639951931 0.10983315907238439 299
1757639951987 0.11061696919981204 300
1757639952043 0.11708201717592097 301
1757639952104 0.09777376012018854 302
1757639952160 0.10204390851327132 303
1757639952227 0.10801212573138798 304
1757639952283 0.13258057279677984 305
1757639952340 0.1280583285134561 306
1757639952396 0.1299216351927571 307
1757639952452 0.12535698806435622 308
1757639952510 0.10499637444667215 309
1757639952567 0.15314341682181376 310
1757639952623 0.15741739674089728 311
1757639952679 0.1070543031751484 312
1757639952746 0.15488240544338847 313
1757639952806 0.16443897864086943 314
1757639952861 0.08625020738374495 315
1757639952917 0.06482269888207917 316
1757639952973 0.11422292970957136 317
1757639953030 0.15535218248783544 318
1757639953086 0.1206188426702978 319
1757639953142 0.10292781200298554 320
1757639953198 0.069179436070215 321
1757639953254 0.10922543243538954 322
1757639953310 0.17858170611757437 323
1757639953367 0.1506010686853991 324
1757639953424 0.14686592724138095 325
1757639953480 0.10832674649316236 326
1757639953537 0.07546630438221992 327
1757639953593 0.16845549367675783 328
1757639953651 0.1193929449136517 329
1757639953707 0.1201254694886069 330
1757639953764 0.20235705900345763 331
1757639953822 0.09286340166961608 332
1757639953879 0.09974785197010584 333
1757639953935 0.09588755842510686 334
1757639953992 0.1396989411784821 335
1757639954049 0.16891319501873178 336
1757639954110 0.06448923759149626 337
1757639954167 0.15214110297598257 338
1757639954225 0.19021888423110622 339
1757639954281 0.10477169197862492 340
1757639954338 0.40670823946919027 341
1757639954394 0.12235314478976206 342
1757639954452 0.1336435933673642 343
1757639954508 0.15408073522221422 344
1757639954565 0.09136836029677793 345
1757639954622 0.13047301319740529 346
1757639954679 0.14601759728986952 347
1757639954737 0.10857857720832192 348
1757639954794 0.15515361506231076 349
1757639954851 0.12323960012957327 350
1757639954909 0.1665932478091438 351
1757639954966 0.17321410626438163 352
1757639955023 0.24780372872343498 353
1757639955081 0.11616721499614385 354
1757639955137 0.12372444494130475 355
1757639955194 0.1537867180260807 356
1757639955251 0.10193451876810604 357
1757639955308 0.10287779438800407 358
1757639955365 0.173662781283187 359
1757639955423 0.12962811588676712 360
1757639955481 0.2131469205279467 361
1757639955538 0.11753319668272326 362
1757639955595 0.18898685352032418 363
1757639955652 0.18248135113074562 364
1757639955707 0.11619464680556653 365
1757639955764 0.16877297954914502 366
1757639955822 0.14348862158340442 367
1757639955879 0.07347507903605861 368
1757639955937 0.1892098437946878 369
1757639955994 0.19935117067905825 370
1757639956051 0.10044476720033108 371
1757639956109 0.13593557352563218 372
1757639956172 0.06169334399895034 373
1757639956229 0.12188281384170754 374
1757639956287 0.09453115337095427 375
1757639956344 0.09528821588448355 376
1757639956400 0.1977310959317022 377
1757639956457 0.12213459565900518 378
1757639956514 0.1966383400165465 379
1757639956571 0.17062544238170457 380
1757639956628 0.09789329623722258 381
1757639956686 0.08794449045058615 382
1757639956743 0.11111228278333159 383
1757639956801 0.12922060206677843 384
1757639956859 0.17744884202689173 385
1757639956916 0.11404994351430506 386
1757639956974 0.13477947028798096 387
1757639957031 0.053298150147705774 388
1757639957089 0.1927239218967505 389
1757639957146 0.14368534369067854 390
1757639957205 0.10494782562611252 391
1757639957262 0.128548060054367 392
1757639957320 0.116007152990372 393
1757639957378 0.1263471929047229 394
1757639957436 0.13068174304721375 395
1757639957493 0.0943303080359029 396
1757639957551 0.08832152549387351 397
1757639957608 0.2066658799326571 398
1757639957666 0.1873466186305275 399
1757639957730 0.10759714038317819 400
1757639957795 0.10241359573139386 401
1757639957852 0.0994969217869395 402
1757639957908 0.16330299801951945 403
1757639957966 0.093720080315388 404
1757639958026 0.15457430805572958 405
1757639958084 0.1437674738091921 406
1757639958142 0.1833861817272204 407
1757639958206 0.1210086057407433 408
1757639958263 0.13040231521725273 409
