1757629879297 0.0024109563917110704 0
1757629879391 0.00438130326294732 1
1757629879492 0.0025407485666786933 2
1757629879588 0.5673787427536493 3
1757629879682 0.05410536849131203 4
1757629879785 0.009569355878769174 5
1757629879886 0.06916733386259422 6
1757629879991 0.05475085931838079 7
1757629880097 0.1040024807123195 8
1757629880205 0.06565672359313598 9
1757629880313 0.009943217947030542 10
1757629880433 0.005711545654149021 11
1757629880556 0.1450387313213954 12
1757629880662 0.015520374071612015 13
1757629880757 0.01796855656346083 14
1757629880849 0.0019690484582742906 15
1757629880946 0.352780161045987 16
1757629881037 0.011164253048823103 17
1757629881128 0.004534058718379416 18
1757629881223 0.3579012052361629 19
1757629881316 0.0017913723823303374 20
1757629881411 0.001016026583223963 21
1757629881503 0.6387136101448289 22
1757629881592 0.28647427215647725 23
1757629881681 0.008381229999010916 24
1757629881773 0.0004115034809566131 25
1757629881860 0.035345001233865636 26
1757629881948 0.07235218342377304 27
1757629882037 0.002092938485058363 28
1757629882125 0.0013343645686759561 29
1757629882215 0.21758532098631309 30
1757629882305 0.0972157609070936 31
1757629882396 0.0039735053719470925 32
1757629882484 0.14356963341125914 33
1757629882575 0.11531958659410985 34
1757629882659 0.057386510395089414 35
1757629882746 0.00033902875243740417 36
1757629882834 0.0012099167421720626 37
1757629882921 0.005753302466242861 38
1757629883006 0.006784369160957662 39
1757629883094 0.1756716173271274 40
1757629883182 0.05054951014914852 41
1757629883279 0.21719747025037398 42
1757629883368 0.6155925578274379 43
1757629883456 0.045572786732962195 44
1757629883544 0.11029071975360581 45
1757629883643 0.005871926907964176 46
1757629883741 0.3313734402398873 47
1757629883836 0.0732654397007542 48
1757629883926 0.16916459604668124 49
1757629884015 0.09100943521159581 50
1757629884103 0.008061211646988522 51
1757629884192 0.07454951774803666 52
1757629884285 0.0048871620028422234 53
1757629884373 0.011650859833609918 54
1757629884463 0.006975623559090096 55
1757629884556 0.00023652712592563482 56
1757629884646 0.03985616195319157 57
1757629884738 0.2933879772397525 58
1757629884825 0.6357112757887714 59
1757629884918 0.00876116027394821 60
1757629885016 0.024241577692529163 61
1757629885108 0.07191836959943963 62
1757629885198 0.0018671077942555108 63
1757629885295 0.007735115637958464 64
1757629885392 0.013427880280885504 65
1757629885497 0.007780869580749631 66
1757629885587 0.03623962292658344 67
1757629885677 0.01771615230164639 68
1757629885770 0.00017308312221776164 69
1757629885863 0.18857330344707035 70
1757629885958 0.06803817053167242 71
1757629886054 0.3192583831725357 72
1757629886148 0.001167204133777613 73
1757629886240 0.10408805045705846 74
1757629886437 0.2558238676265548 75
1757629886541 0.008437845447485243 76
1757629886639 0.010266671515472177 77
1757629886740 0.10566993931881472 78
1757629886837 0.026146158458656414 79
1757629886937 0.03933559757610964 80
1757629887142 0.0852227252544908 81
1757629887246 0.10902056012466889 82
1757629887358 0.3256386039327712 83
1757629887461 0.0075902683199243455 84
1757629887561 0.006348854901140229 85
1757629887665 0.1573375451667796 86
1757629887762 0.1995763605960022 87
1757629887857 0.5709469113018337 88
1757629887955 0.0009238657458766322 89
1757629888048 0.006520190818644336 90
1757629888143 0.12334322323520933 91
1757629888239 0.32338358536331135 92
1757629888336 0.021445431299320496 93
1757629888445 0.3803421259670793 94
1757629888542 0.017839409701407957 95
1757629888637 0.2406999066839403 96
1757629888728 0.05435216149534454 97
1757629888818 0.08129140210049822 98
1757629888922 0.3017634158600507 99
1757629889016 0.0009605166668451473 100
1757629889109 0.0005491009651983746 101
1757629889204 1.0222272201303808 102
1757629889297 0.01777811396069164 103
1757629889394 0.06014251722925751 104
1757629889508 0.17607967812596775 105
1757629889676 0.04030835160036019 106
1757629889779 0.010207041561225193 107
1757629889876 0.5004484730944437 108
1757629889972 0.021738112692083235 109
1757629890067 0.26171584391976466 110
1757629890164 0.030658696033443504 111
1757629890259 0.357172230029704 112
1757629890357 0.03113617750148312 113
1757629890466 0.009893684420538095 114
1757629890566 0.039925507834295784 115
1757629890663 0.03797389780105444 116
1757629890758 0.0028343462158615016 117
1757629890850 0.4442290098409864 118
1757629890941 7.7282935952192e-06 119
1757629891036 0.24364826288603408 120
1757629891129 0.9499657958564368 121
1757629891222 0.2062826091489916 122
1757629891313 0.031677017212758035 123
1757629891411 0.0753200030160668 124
1757629891505 0.023328035225083248 125
1757629891600 0.005799672981465964 126
1757629891692 0.1485934645020869 127
1757629891783 0.29442811012601033 128
1757629891876 0.17636279466727964 129
1757629891973 0.0247950646083426 130
1757629892070 0.15692337277457344 131
1757629892164 0.7831225857474764 132
1757629892261 0.08207419295427584 133
1757629892358 0.1926647676310125 134
1757629892451 0.24815473150848902 135
1757629892546 0.0005910766555226797 136
1757629892642 0.08313207644355736 137
1757629892736 0.005925597352756082 138
1757629892832 0.006718370822166957 139
1757629892926 0.015102232629145248 140
1757629893018 0.11783784902068338 141
1757629893114 0.03308893470172156 142
1757629893211 0.39428816624311197 143
1757629893308 0.002273836218757423 144
1757629893410 0.03331932450390123 145
1757629893505 0.034325406817425866 146
1757629893600 0.09096114511759705 147
1757629893695 0.029672729634353575 148
1757629893791 0.3134314782979355 149
1757629893882 0.026042238668280437 150
1757629893976 0.10322359616370745 151
1757629894072 0.010983002606529969 152
1757629894169 0.0405200663204738 153
1757629894268 0.19815003488522206 154
1757629894366 0.08945839024954935 155
1757629894462 0.07400507033996895 156
1757629894559 0.05314020741758743 157
1757629894658 0.2085771946634351 158
1757629894754 0.0764618510815697 159
1757629894851 0.02269715126789261 160
1757629894945 0.5946251807341588 161
1757629895044 0.22647815433818988 162
1757629895143 0.9962322138271501 163
1757629895241 0.14809042452811258 164
1757629895339 0.04610967749614201 165
1757629895448 0.20331086753895042 166
1757629895554 0.0037540833880212875 167
1757629895698 0.02791913934794562 168
1757629895803 0.2816019883997818 169
1757629895905 0.08958410494824708 170
1757629896003 0.02617819887000714 171
1757629896100 0.051376689602767756 172
1757629896198 2.56743666772059e-05 173
1757629896299 0.0004251427501393384 174
1757629896396 0.08772750557965796 175
1757629896502 0.003935058527506064 176
1757629896603 0.0014627852008919958 177
1757629896696 0.004678025329097622 178
1757629896788 0.18730481136558277 179
1757629896880 0.004534201659666634 180
1757629896972 0.0530310770551167 181
1757629897065 0.007336111090536081 182
1757629897156 0.11167778729588076 183
1757629897249 0.0029490440335063718 184
1757629897339 0.10261521978829669 185
1757629897430 0.005223142473752684 186
1757629897527 0.005172559074362123 187
1757629897618 0.4300613260762669 188
1757629897707 0.11406387361794018 189
1757629897798 0.015738552553564825 190
1757629897888 0.12284010774528803 191
1757629897977 0.05492956993277905 192
1757629898067 0.019278218645706037 193
1757629898156 0.07281834486019897 194
1757629898246 0.5539688911000891 195
1757629898340 0.08528644221099858 196
1757629898466 0.03473203353669598 197
1757629898561 0.02031796139549649 198
1757629898651 0.026075194368602502 199
1757629898742 0.0037338306906096815 200
1757629898831 0.061478310858149636 201
1757629898920 0.014434646885528372 202
1757629899015 0.007406268702196443 203
1757629899115 7.813408720643692e-05 204
1757629899210 0.049879038643976706 205
1757629899303 0.003746200469379954 206
1757629899396 0.1918434199553034 207
1757629899490 0.006854181293809976 208
1757629899585 0.16645593309846204 209
1757629899675 0.23492941260492428 210
1757629899765 0.03225123443538115 211
1757629899855 0.0028212155480569763 212
1757629899948 0.04988898018739778 213
1757629900040 0.017001630406095054 214
1757629900129 0.014102751568669232 215
1757629900219 0.19977611678928062 216
1757629900309 0.004537020058636305 217
1757629900402 0.49340027197520103 218
1757629900509 0.023547667672651477 219
1757629900603 0.03737779648540668 220
1757629900696 0.6106730330444258 221
1757629900789 0.2940735636312783 222
1757629900880 2.161956592822804e-08 223
1757629900972 0.36806363110058915 224
1757629901062 0.008881209158970031 225
1757629901153 0.24997341249974306 226
1757629901244 0.41336504661851825 227
1757629901334 0.10916899764226803 228
1757629901425 0.02570150082607733 229
1757629901518 0.013136424381817053 230
1757629901615 0.15180343817235414 231
1757629901703 0.03772716148037244 232
1757629901796 0.3142248387048809 233
1757629901887 8.702426751299982e-05 234
1757629901977 0.06997993596776869 235
1757629902068 0.020056449834704816 236
1757629902159 0.016038209146628506 237
1757629902251 0.05397174311118619 238
1757629902345 0.23325246125919005 239
1757629902442 0.008148843825286613 240
1757629902532 0.012338428564734629 241
1757629902622 0.001391166849203158 242
1757629902712 0.1344820785226046 243
1757629902804 0.04970681384736531 244
1757629902895 0.025432978513922632 245
1757629902986 0.010904266663223885 246
1757629903076 0.2129569777275552 247
1757629903168 0.07371282649835517 248
1757629903261 0.007858241578503474 249
1757629903351 0.0032163608555624956 250
1757629903442 0.024097815281415413 251
1757629903533 0.11754833079093639 252
1757629903629 0.0016208412666764839 253
1757629903719 0.043895093310048316 254
1757629903811 0.017284192318899837 255
1757629903910 0.008129403721062826 256
1757629904009 0.0035685355834540705 257
1757629904102 0.3203416692422972 258
1757629904200 0.08218082371415282 259
1757629904300 0.020642602560954522 260
1757629904400 0.04496293033508915 261
1757629904501 0.018661048818187344 262
1757629904609 0.0015117453976931767 263
1757629904707 0.371821017489031 264
1757629904806 0.0013837218339066673 265
1757629904901 9.731111918020419e-05 266
1757629905000 0.036972890583028876 267
1757629905099 0.02331664707554334 268
1757629905198 0.09814095902608888 269
1757629905296 0.2170767184306226 270
1757629905393 0.09802622256118172 271
1757629905509 0.038447259067973034 272
1757629905613 0.3417811294948355 273
1757629905818 0.30009791747817277 274
1757629905928 0.7907583429411713 275
1757629906033 0.07183611299563455 276
1757629906136 0.40795183019888587 277
1757629906238 0.006174632471728238 278
1757629906340 0.14221471910832864 279
1757629906441 0.12200123087768747 280
1757629906538 0.04097936411122446 281
1757629906637 0.006710596234395167 282
1757629906737 0.060922465290601954 283
1757629906834 0.2755374394254675 284
1757629906937 0.0007473587428470825 285
1757629907035 0.005416971024222675 286
1757629907132 0.01744801056755975 287
1757629907233 0.423868747763168 288
1757629907332 0.4479615234156381 289
1757629907428 0.0707616235464018 290
1757629907527 0.008948124689979202 291
1757629907664 0.019358502337497027 292
1757629907783 0.4313557623035825 293
1757629907888 0.4246716227156352 294
1757629907989 0.06281524829381985 295
1757629908087 0.08763010802057794 296
1757629908184 0.07658351170511547 297
1757629908281 0.35589573275821357 298
1757629908375 0.14761165085620337 299
1757629908503 0.5132273287587712 300
1757629908601 0.003330046194656543 301
1757629908699 0.15870886812513033 302
1757629908797 0.026785877594381467 303
1757629908896 0.005203167314616072 304
1757629908994 0.11936625416350667 305
1757629909088 0.0856052069437567 306
1757629909185 0.20763166033934227 307
1757629909284 0.3033403279168814 308
1757629909383 0.07998604561327494 309
1757629909482 0.1873654662675709 310
1757629909576 0.008813624724600637 311
1757629909672 0.029234058301148235 312
1757629909773 0.09418173425425386 313
1757629909902 0.005466364072173098 314
1757629910001 0.08462516105099296 315
1757629910103 0.20165783807548135 316
1757629910201 0.08678767656192009 317
1757629910300 0.24530462691359695 318
1757629910402 0.1538548171966386 319
1757629910516 0.06499985962267389 320
1757629910617 0.19861992944287687 321
1757629910716 0.11368940022925948 322
1757629910814 0.017998254761714443 323
1757629910914 0.018947311413127103 324
1757629911013 0.00046849239396394544 325
1757629911109 0.14370276287538525 326
1757629911209 0.02835656475169884 327
1757629911307 0.011575878280506813 328
1757629911404 0.11810145905381143 329
1757629911503 0.5062007361307342 330
1757629911598 0.02745551556147148 331
1757629911694 0.02424723318453785 332
1757629911796 0.3437227160929772 333
1757629911898 0.2734615501261859 334
1757629911997 0.3945387132944672 335
1757629912095 0.1914498755901 336
1757629912187 0.029337377981068512 337
1757629912285 0.06982885266405732 338
1757629912384 0.026713544310072553 339
1757629912482 0.3777199645302822 340
1757629912574 0.00019827092210577456 341
1757629912671 0.15864757710991317 342
1757629912768 0.07751169548045185 343
1757629912866 0.10238347856109282 344
1757629912962 0.019651862948456635 345
1757629913060 0.16882783370455326 346
1757629913153 0.0008983523181149587 347
1757629913249 0.1726367789180615 348
1757629913346 0.04932100859394388 349
1757629913446 0.2797063460613363 350
1757629913543 0.0015171638115775473 351
1757629913641 0.017357100679352522 352
1757629913737 0.07028066310730763 353
1757629913838 0.08033931034421514 354
1757629913938 0.019874566349168492 355
1757629914037 0.03222918598092297 356
1757629914132 0.009433276784639316 357
1757629914224 0.013508694293020464 358
1757629914322 0.01949640057009516 359
1757629914423 0.011254414949243252 360
1757629914522 0.040098884010826945 361
1757629914618 0.40778864413905475 362
1757629914714 0.034952003871555185 363
1757629914808 0.029475759669272145 364
1757629914904 0.1892054377043698 365
1757629915063 0.041818975329791015 366
1757629915164 0.1305175885124491 367
1757629915263 0.27713476671227427 368
1757629915360 0.0755305000648491 369
1757629915466 0.0004289069385681616 370
1757629915572 0.06533712666193554 371
1757629915672 0.0043257108956238875 372
1757629915771 0.0377226131619604 373
1757629915877 0.08975789734563756 374
1757629915978 0.0033947816861570816 375
1757629916078 0.26201408878176585 376
