1757641214205 162.92572336182798 0
1757641214255 162.8931253791495 1
1757641214304 162.84423781623818 2
1757641214352 162.78721763400242 3
1757641214402 162.72614399945815 4
1757641214449 162.66305666401962 5
1757641214498 162.5989755415021 6
1757641214546 162.53441059441874 7
1757641214595 162.46961680148345 8
1757641214643 162.4047216474639 9
1757641214689 162.33978886963925 10
1757641214737 162.2748503314143 11
1757641214787 162.2099219592248 12
1757641214835 162.14501171101463 13
1757641214883 162.08012356048138 14
1757641214932 162.01525948920093 15
1757641214980 161.95042048269005 16
1757641215029 161.88560702843807 17
1757641215079 161.82081936492276 18
1757641215129 161.7560576061181 19
1757641215178 161.69132180374854 20
1757641215226 161.6266119784158 21
1757641215275 161.56192813516236 22
1757641215324 161.4972702712534 23
1757641215372 161.43263838006737 24
1757641215422 161.36803245304182 25
1757641215473 161.30345248064563 26
1757641215522 161.23889845286593 27
1757641215571 161.17437035945076 28
1757641215619 161.10986819003105 29
1757641215668 161.04539193418108 30
1757641215716 160.98094158144923 31
1757641215765 160.91651712137283 32
1757641215814 160.852118543486 33
1757641215863 160.78774583732343 34
1757641215911 160.72339899242203 35
1757641215966 160.65907799832223 36
1757641216017 160.5947828445682 37
1757641216067 160.5305135207082 38
1757641216116 160.4662700162947 39
1757641216165 160.4020523208843 40
1757641216214 160.33786042403807 41
1757641216263 160.27369431532105 42
1757641216312 160.20955398430283 43
1757641216361 160.1454394205572 44
1757641216410 160.08135061366215 45
1757641216459 160.0172875532001 46
1757641216509 159.9532502287576 47
1757641216558 159.88923862992567 48
1757641216607 159.82525274629938 49
1757641216656 159.76129256747825 50
1757641216705 159.69735808306604 51
1757641216754 159.63344928267074 52
1757641216803 159.56956615590454 53
1757641216855 159.50570869238416 54
1757641216904 159.44187688173028 55
1757641216953 159.37807071356804 56
1757641217002 159.31429017752683 57
1757641217051 159.25053526324018 58
1757641217101 159.186805960346 59
1757641217150 159.1231022584864 60
1757641217199 159.05942414730782 61
1757641217248 158.99577161646087 62
1757641217298 158.9321446556004 63
1757641217348 158.86854325438566 64
1757641217398 158.80496740247995 65
1757641217450 158.74141708955096 66
1757641217502 158.67789230527055 67
1757641217552 158.6143930393149 68
1757641217601 158.55091928136434 69
1757641217651 158.48747102110354 70
1757641217702 158.42404824822128 71
1757641217753 158.3606509524107 72
1757641217802 158.29727912336918 73
1757641217852 158.23393275079815 74
1757641217908 158.17061182440352 75
1757641217969 158.10731633389523 76
1757641218026 158.0440462689876 77
1757641218079 157.98080161939902 78
1757641218130 157.91758237485226 79
1757641218181 157.85438852507423 80
1757641218232 157.79122005979605 81
1757641218283 157.72807696875307 82
1757641218335 157.66495924168498 83
1757641218387 157.6018668683354 84
1757641218438 157.53879983845243 85
1757641218489 157.4757581417883 86
1757641218540 157.41274176809944 87
1757641218591 157.34975070714648 88
1757641218641 157.2867849486942 89
1757641218691 157.22384448251174 90
1757641218740 157.16092929837228 91
1757641218791 157.09803938605324 92
1757641218841 157.0351747353364 93
1757641218892 156.97233533600752 94
1757641218942 156.90952117785662 95
1757641218995 156.846732250678 96
1757641219048 156.78396854427007 97
1757641219098 156.72123004843544 98
1757641219149 156.65851675298086 99
1757641219200 156.59582864771747 100
1757641219250 156.53316572246027 101
1757641219300 156.47052796702872 102
1757641219350 156.4079153712464 103
1757641219401 156.34532792494093 104
1757641219451 156.28276561794425 105
1757641219501 156.22022844009246 106
1757641219552 156.15771638122578 107
1757641219602 156.09522943118864 108
1757641219653 156.03276757982968 109
1757641219704 155.97033081700158 110
1757641219754 155.90791913256132 111
1757641219805 155.84553251636999 112
1757641219856 155.78317095829277 113
1757641219907 155.7208344481992 114
1757641219957 155.65852297596277 115
1757641220010 155.59623653146127 116
1757641220065 155.53397510457654 117
1757641220117 155.47173868519465 118
1757641220169 155.4095272632058 119
1757641220220 155.34734082850437 120
1757641220327 155.28517937098886 121
1757641220410 155.22304288056185 122
1757641220467 155.16093134713014 123
1757641220522 155.09884476060475 124
1757641220574 155.0367831109007 125
1757641220627 154.97474638793722 126
1757641220679 154.91273458163764 127
1757641220731 154.85074768192953 128
1757641220805 154.7887856787444 129
1757641220857 154.72684856201815 130
1757641220910 154.66493632169062 131
1757641220962 154.6030489477058 132
1757641221015 154.54118643001186 133
1757641221068 154.47934875856112 134
1757641221119 154.4175359233099 135
1757641221171 154.35574791421885 136
1757641221222 154.29398472125254 137
1757641221273 154.2322463343797 138
1757641221325 154.17053274357332 139
1757641221376 154.1088439388103 140
1757641221428 154.04717991007183 141
1757641221480 153.98554064734307 142
1757641221532 153.92392614061345 143
1757641221583 153.86233637987633 144
1757641221634 153.80077135512929 145
1757641221686 153.739231056374 146
1757641221738 153.67771547361622 147
1757641221790 153.6162245968658 148
1757641221842 153.55475841613674 149
1757641221893 153.4933169214471 150
1757641221945 153.43190010281893 151
1757641221997 153.37050795027864 152
1757641222052 153.3091404538565 153
1757641222107 153.24779760358697 154
1757641222160 153.18647938950858 155
1757641222212 153.1251858016639 156
1757641222263 153.06391683009969 157
1757641222315 153.0026724648667 158
1757641222368 152.9414526960198 159
1757641222420 152.88025751361798 160
1757641222471 152.81908690772426 161
1757641222523 152.7579408684057 162
1757641222585 152.6968193857336 163
1757641222638 152.63572244978303 164
1757641222691 152.57465005063347 165
1757641222745 152.51360217836827 166
1757641222797 152.45257882307493 167
1757641222850 152.3915799748449 168
1757641222909 152.33060562377386 169
1757641222972 152.26965575996147 170
1757641223025 152.2087303735114 171
1757641223078 152.14782945453155 172
1757641223131 152.08695299313362 173
1757641223185 152.0261009794336 174
1757641223239 151.9652734035515 175
1757641223292 151.90447025561122 176
1757641223346 151.84369152574084 177
1757641223399 151.78293720407254 178
1757641223451 151.72220728074242 179
1757641223503 151.66150174589066 180
1757641223555 151.60082058966162 181
1757641223609 151.5401638022035 182
1757641223661 151.4795313736687 183
1757641223714 151.4189232942135 184
1757641223766 151.35833955399838 185
1757641223819 151.2977801431878 186
1757641223872 151.2372450519502 187
1757641223925 151.17673427045816 188
1757641223980 151.1162477888881 189
1757641224035 151.05578559742077 190
1757641224091 150.99534768624065 191
1757641224146 150.93493404553644 192
1757641224200 150.87454466550068 193
1757641224252 150.8141795363302 194
1757641224305 150.75383864822552 195
1757641224358 150.69352199139155 196
1757641224419 150.63322955603687 197
1757641224488 150.57296133237432 198
1757641224543 150.51271731062056 199
1757641224598 150.4524974809965 200
1757641224652 150.3923018337268 201
1757641224706 150.33213035904038 202
1757641224806 150.2719830471699 203
1757641224864 150.21185988835225 204
1757641224920 150.1517608728282 205
1757641224976 150.09168599084262 206
1757641225031 150.0316352326443 207
1757641225086 149.971608588486 208
1757641225140 149.91160604862455 209
1757641225194 149.85162760332076 210
1757641225248 149.79167324283947 211
1757641225302 149.7317429574494 212
1757641225355 149.67183673742335 213
1757641225408 149.6119545730381 214
1757641225462 149.55209645457438 215
1757641225515 149.49226237231693 216
1757641225567 149.4324523165545 217
1757641225622 149.37266627757975 218
1757641225675 149.31290424568937 219
1757641225729 149.2531662111841 220
1757641225782 149.19345216436844 221
1757641225837 149.13376209555108 222
1757641225890 149.0740959950446 223
1757641225944 149.01445385316552 224
1757641226000 148.95483566023447 225
1757641226069 148.8952414065758 226
1757641226143 148.83567108251808 227
1757641226203 148.7761246783937 228
1757641226261 148.71660218453906 229
1757641226318 148.65710359129446 230
1757641226374 148.59762888900423 231
1757641226431 148.53817806801666 232
1757641226492 148.478751118684 233
1757641226546 148.41934803136238 234
1757641226602 148.3599687964119 235
1757641226657 148.30061340419672 236
1757641226711 148.2412818450848 237
1757641226770 148.18197410944825 238
1757641226826 148.12269018766284 239
1757641226881 148.0634300701085 240
1757641226936 148.00419374716907 241
1757641226993 147.94498120923228 242
1757641227049 147.88579244668983 243
1757641227103 147.82662744993735 244
1757641227156 147.76748620937437 245
1757641227210 147.7083687154045 246
1757641227264 147.64927495843506 247
1757641227318 147.5902049288775 248
1757641227372 147.53115861714707 249
1757641227426 147.47213601366303 250
1757641227480 147.4131371088485 251
1757641227534 147.35416189313057 252
1757641227589 147.2952103569402 253
1757641227642 147.2362824907124 254
1757641227696 147.17737828488592 255
1757641227750 147.11849772990354 256
1757641227804 147.05964081621198 257
1757641227858 147.00080753426178 258
1757641227921 146.94199787450745 259
1757641227984 146.88321182740742 260
1757641228040 146.82444938342397 261
1757641228096 146.76571053302342 262
1757641228154 146.7069952666758 263
1757641228212 146.64830357485522 264
1757641228268 146.58963544803956 265
1757641228323 146.53099087671075 266
1757641228379 146.47236985135447 267
1757641228434 146.41377236246038 268
1757641228489 146.35519840052203 269
1757641228544 146.29664795603685 270
1757641228599 146.23812101950617 271
1757641228652 146.17961758143522 272
1757641228706 146.12113763233307 273
1757641228761 146.06268116271272 274
1757641228816 146.00424816309115 275
1757641228870 145.94583862398898 276
1757641228935 145.88745253593095 277
1757641228992 145.82908988944558 278
1757641229049 145.7707506750653 279
1757641229104 145.71243488332635 280
1757641229159 145.65414250476894 281
1757641229215 145.5958735299371 282
1757641229270 145.53762794937873 283
1757641229326 145.4794057536456 284
1757641229381 145.42120693329346 285
1757641229435 145.36303147888177 286
1757641229489 145.30487938097392 287
1757641229555 145.24675063013714 288
1757641229615 145.18864521694263 289
1757641229671 145.13056313196532 290
1757641229727 145.07250436578406 291
1757641229782 145.01446890898157 292
1757641229836 144.95645675214442 293
1757641229891 144.89846788586297 294
1757641229947 144.8405023007315 295
1757641230068 144.78255998734818 296
1757641230139 144.72464093631496 297
1757641230203 144.66674513823762 298
1757641230263 144.60887258372586 299
1757641230320 144.5510232633932 300
1757641230376 144.493197167857 301
1757641230433 144.43539428773843 302
1757641230489 144.37761461366256 303
1757641230546 144.3198581362582 304
1757641230602 144.26212484615817 305
1757641230659 144.20441473399896 306
1757641230714 144.14672779042098 307
1757641230771 144.08906400606838 308
1757641230827 144.0314233715893 309
1757641230882 143.97380587763558 310
1757641230938 143.91621151486294 311
1757641230994 143.85864027393083 312
1757641231050 143.80109214550276 313
1757641231107 143.74356712024579 314
1757641231166 143.68606518883095 315
1757641231222 143.62858634193307 316
1757641231280 143.5711305702308 317
1757641231336 143.51369786440654 318
1757641231390 143.4562882151466 319
1757641231446 143.3989016131411 320
1757641231501 143.34153804908388 321
1757641231556 143.2841975136727 322
1757641231612 143.22687999760896 323
1757641231668 143.1695854915981 324
1757641231723 143.11231398634916 325
1757641231779 143.0550654725751 326
1757641231834 142.99783994099266 327
1757641231890 142.9406373823224 328
1757641231946 142.88345778728856 329
1757641232002 142.82630114661936 330
1757641232059 142.76916745104663 331
1757641232116 142.71205669130615 332
1757641232171 142.6549688581374 333
1757641232230 142.59790394228372 334
1757641232288 142.5408619344921 335
1757641232345 142.48384282551353 336
1757641232401 142.4268466061026 337
1757641232457 142.36987326701774 338
1757641232512 142.31292279902124 339
1757641232582 142.25599519287903 340
1757641232640 142.19909043936096 341
1757641232697 142.1422085292406 342
1757641232754 142.08534945329527 343
1757641232811 142.02851320230604 344
1757641232868 141.97169976705786 345
1757641232936 141.9149091383394 346
1757641232997 141.85814130694303 347
1757641233055 141.80139626366497 348
1757641233112 141.7446739993052 349
1757641233171 141.68797450466744 350
1757641233228 141.6312977705592 351
1757641233285 141.57464378779173 352
1757641233342 141.51801254718 353
1757641233399 141.46140403954288 354
1757641233455 141.4048182557028 355
1757641233511 141.34825518648606 356
1757641233567 141.2917148227228 357
1757641233623 141.23519715524668 358
1757641233679 141.17870217489534 359
1757641233735 141.12222987251008 360
1757641233791 141.06578023893587 361
1757641233847 141.00935326502153 362
1757641233903 140.9529489416196 363
1757641233961 140.8965672595863 364
1757641234018 140.84020820978174 365
1757641234075 140.7838717830696 366
1757641234131 140.72755797031743 367
1757641234188 140.6712667623964 368
1757641234244 140.61499815018152 369
1757641234306 140.55875212455143 370
1757641234364 140.50252867638866 371
1757641234420 140.44632779657925 372
1757641234476 140.3901494760132 373
1757641234533 140.33399370558405 374
1757641234591 140.2778604761892 375
1757641234647 140.22174977872965 376
1757641234704 140.16566160411023 377
1757641234760 140.10959594323944 378
1757641234817 140.05355278702953 379
1757641234873 139.99753212639638 380
1757641234930 139.9415339522597 381
1757641234987 139.88555825554286 382
1757641235045 139.82960502717296 383
1757641235104 139.77367425808077 384
1757641235162 139.71776593920083 385
1757641235219 139.66188006147135 386
1757641235283 139.60601661583425 387
1757641235341 139.55017559323514 388
1757641235399 139.49435698462338 389
1757641235457 139.43856078095203 390
1757641235513 139.38278697317776 391
1757641235570 139.32703555226104 392
1757641235627 139.27130650916604 393
1757641235683 139.2155998348605 394
1757641235740 139.15991552031605 395
1757641235797 139.10425355650779 396
1757641235854 139.04861393441467 397
1757641235910 138.99299664501936 398
1757641235968 138.93740167930804 399
1757641236030 138.88182902827072 400
1757641236089 138.8262786829011 401
1757641236146 138.7707506341964 402
1757641236203 138.71524487315776 403
1757641236260 138.6597613907898 404
1757641236323 138.60430017810094 405
1757641236382 138.5488612261032 406
1757641236439 138.49344452581238 407
1757641236496 138.43805006824783 408
1757641236554 138.38267784443258 409
1757641236611 138.32732784539348 410
1757641236668 138.27200006216086 411
1757641236726 138.2166944857689 412
1757641236784 138.16141110725525 413
1757641236841 138.1061499176614 414
1757641236898 138.0509109080324 415
1757641236955 137.99569406941697 416
1757641237013 137.94049939286754 417
1757641237070 137.88532686944015 418
1757641237127 137.83017649019453 419
1757641237185 137.77504824619407 420
1757641237243 137.71994212850578 421
1757641237300 137.66485812820028 422
1757641237358 137.609796236352 423
1757641237415 137.55475644403882 424
1757641237476 137.49973874234243 425
1757641237534 137.4447431223481 426
1757641237592 137.38976957514467 427
1757641237650 137.33481809182481 428
1757641237707 137.27988866348463 429
1757641237765 137.22498128122405 430
1757641237823 137.17009593614645 431
1757641237881 137.11523261935906 432
1757641237952 137.0603913219726 433
1757641238015 137.00557203510135 434
1757641238075 136.95077474986346 435
1757641238134 136.89599945738053 436
1757641238193 136.8412461487778 437
1757641238252 136.78651481518426 438
1757641238312 136.73180544773234 439
1757641238376 136.6771180375583 440
1757641238436 136.62245257580187 441
1757641238495 136.5678090536064 442
1757641238553 136.513187462119 443
1757641238612 136.45858779249025 444
1757641238669 136.40401003587445 445
1757641238728 136.34945418342946 446
1757641238785 136.29492022631672 447
1757641238844 136.24040815570137 448
1757641238901 136.18591796275214 449
1757641238960 136.13144963864136 450
1757641239020 136.0770031745449 451
1757641239079 136.02257856164232 452
1757641239137 135.96817579111675 453
1757641239195 135.91379485415496 454
1757641239253 135.85943574194724 455
1757641239311 135.8050984456876 456
1757641239369 135.75078295657357 457
1757641239427 135.69648926580624 458
1757641239486 135.6422173645904 459
1757641239544 135.58796724413435 460
1757641239603 135.53373889565006 461
1757641239661 135.479532310353 462
1757641239720 135.42534747946226 463
1757641239779 135.37118439420055 464
1757641239837 135.31704304579418 465
1757641239895 135.262923425473 466
1757641239953 135.20882552447046 467
1757641240013 135.15474933402356 468
1757641240072 135.1006948453729 469
1757641240131 135.04666204976274 470
1757641240193 134.99265093844085 471
1757641240272 134.93866150265848 472
1757641240335 134.88469373367064 473
1757641240402 134.83074762273574 474
1757641240462 134.77682316111594 475
1757641240529 134.72292034007683 476
1757641240592 134.66903915088756 477
1757641240653 134.61517958482096 478
1757641240713 134.56134163315338 479
1757641240774 134.50752528716467 480
1757641240834 134.45373053813833 481
1757641240892 134.39995737736135 482
1757641240952 134.34620579612434 483
1757641241012 134.29247578572142 484
1757641241071 134.2387673374503 485
1757641241133 134.18508044261225 486
1757641241250 134.13141509251204 487
1757641241315 134.07777127845807 488
1757641241378 134.02414899176222 489
1757641241441 133.97054822373994 490
1757641241518 133.91696896571025 491
1757641241580 133.8634112089957 492
1757641241642 133.8098749449224 493
1757641241703 133.75636016481997 494
1757641241765 133.70286686002163 495
1757641241826 133.64939502186402 496
1757641241888 133.59594464168748 497
1757641241950 133.54251571083583 498
1757641242011 133.48910822065625 499
