1757626404715 175.1122998079822 0
1757626404759 171.59644249606964 1
1757626404802 168.1523467134798 2
1757626404845 164.77849406674744 3
1757626404888 161.47340092929025 4
1757626404930 158.23561751722016 5
1757626404973 155.06372699556718 6
1757626405015 151.9563446136796 7
1757626405058 148.91211686862653 8
1757626405100 145.92972069548028 9
1757626405141 143.00786268340963 10
1757626405183 140.14527831656432 11
1757626405225 137.34073123877772 12
1757626405268 134.59301254115937 13
1757626405311 131.90094007169114 14
1757626405356 129.2633577659823 15
1757626405406 126.67913499837461 16
1757626405451 124.14716595262786 17
1757626405496 121.66636901144837 18
1757626405538 119.23568616415754 19
1757626405583 116.85408243182735 20
1757626405624 114.52054530924096 21
1757626405666 112.23408422306372 22
1757626405708 109.99373000563678 23
1757626405756 107.79853438383203 24
1757626405799 105.64756948243028 25
1757626405842 103.53992734150849 26
1757626405884 101.47471944734352 27
1757626405932 99.45107627636138 28
1757626405991 97.46814685167979 29
1757626406048 95.52509831181256 30
1757626406091 93.62111549112059 31
1757626406137 91.75540051161305 32
1757626406180 89.92717238571764 33
1757626406222 88.13566662965549 34
1757626406267 86.38013488706979 35
1757626406309 84.65984456257318 36
1757626406354 82.97407846489101 37
1757626406399 81.32213445929116 38
1757626406444 79.70332512900356 39
1757626406486 78.11697744534403 40
1757626406530 76.56243244626802 41
1757626406578 75.03904492309134 42
1757626406625 73.54618311512439 43
1757626406677 72.08322841197644 44
1757626406719 70.64957506329587 45
1757626406764 69.24462989572126 46
1757626406809 67.86781203682622 47
1757626406858 66.51855264584967 48
1757626406904 65.19629465101043 49
1757626406949 63.90049249321271 50
1757626406993 62.63061187595603 51
1757626407035 61.38612952127 52
1757626407086 60.16653293150071 53
1757626407131 58.97132015678173 54
1757626407174 57.79999956802883 55
1757626407217 56.6520896353029 56
1757626407260 55.527118711391196 57
1757626407307 54.42462482046215 58
1757626407366 53.34415545165389 59
1757626407410 52.28526735746192 60
1757626407466 51.24752635679492 61
1757626407510 50.230507142573174 62
1757626407555 49.2337930937475 63
1757626407603 48.25697609162127 64
1757626407648 47.29965634036113 65
1757626407691 46.361442191586676 66
1757626407734 45.44194997293216 67
1757626407778 44.54080382047722 68
1757626407826 43.65763551494674 69
1757626407872 42.79208432158274 70
1757626407915 41.94379683359513 71
1757626407958 41.11242681910002 72
1757626408002 40.29763507145793 73
1757626408045 39.4990892629264 74
1757626408089 38.716463801544315 75
1757626408132 37.949439691167974 76
1757626408176 37.197704394580654 77
1757626408219 36.460951699600585 78
1757626408264 35.738881588113934 79
1757626408309 35.03120010796143 80
1757626408356 34.33761924761018 81
1757626408401 33.6578568135428 82
1757626408447 32.99163631029955 83
1757626408491 32.33868682310958 84
1757626408536 31.698742903050114 85
1757626408585 31.07154445467363 86
1757626408631 30.45683662604516 87
1757626408674 29.854369701132867 88
1757626408720 29.26389899449733 89
1757626408764 28.685184748225815 90
1757626408808 28.11799203105971 91
1757626408853 27.562090639664373 92
1757626408897 27.01725500199237 93
1757626408949 26.483264082691925 94
1757626408995 25.959901290514132 95
1757626409040 25.446954387673372 96
1757626409085 24.944215401116693 97
1757626409130 24.45148053565913 98
1757626409176 23.968550088942845 99
1757626409222 23.49522836817931 100
1757626409269 23.031323608634573 101
1757626409314 22.576647893818766 102
1757626409358 22.13101707734201 103
1757626409402 21.694250706399664 104
1757626409447 21.26617194685116 105
1757626409505 20.84660750985698 106
1757626409554 20.43538758003982 107
1757626409603 20.03234574513637 108
1757626409650 19.637318927107067 109
1757626409695 19.25014731467224 110
1757626409744 18.870674297243397 111
1757626409789 18.49874640021949 112
1757626409834 18.134213221618534 113
1757626409881 17.776927370015766 114
1757626409926 17.426744403760193 115
1757626409972 17.08352277144195 116
1757626410017 16.747123753583754 117
1757626410068 16.417411405530032 118
1757626410114 16.09425250150826 119
1757626410159 15.777516479837532 120
1757626410212 15.467075389259724 121
1757626410258 15.162803836369577 122
1757626410307 14.864578934120315 123
1757626410357 14.572280251381907 124
1757626410401 14.28578976352993 125
1757626410445 14.004991804042982 126
1757626410495 13.729773017087696 127
1757626410541 13.460022311070206 128
1757626410588 13.19563081313412 129
1757626410633 12.936491824584825 130
1757626410680 12.682500777220927 131
1757626410729 12.433555190553639 132
1757626410774 12.189554629895806 133
1757626410819 11.950400665302123 134
1757626410865 11.71599683134306 135
1757626410913 11.486248587694964 136
1757626410964 11.261063280529397 137
1757626411025 11.040350104685217 138
1757626411074 10.82402006660696 139
1757626411120 10.611985948033828 140
1757626411169 10.404162270423651 141
1757626411218 10.200465260096584 142
1757626411264 10.000812814083783 143
1757626411312 9.805124466666433 144
1757626411358 9.61332135659086 145
1757626411406 9.425326194945857 146
1757626411452 9.241063233688616 147
1757626411504 9.060458234805834 148
1757626411558 8.88343844009703 149
1757626411607 8.70993254156724 150
1757626411653 8.539870652416642 151
1757626411701 8.373184278614822 152
1757626411746 8.209806291047732 153
1757626411793 8.04967089822564 154
1757626411842 7.892713619540577 155
1757626411889 7.738871259062022 156
1757626411935 7.588081879859908 157
1757626411982 7.440284778844095 158
1757626412035 7.295420462109876 159
1757626412094 7.153430620779103 160
1757626412143 7.014258107326922 161
1757626412192 6.877846912384192 162
1757626412241 6.74414214200587 163
1757626412288 6.613089995395988 164
1757626412336 6.484637743079843 165
1757626412383 6.358733705514387 166
1757626412430 6.235327232127856 167
1757626412484 6.114368680780031 168
1757626412529 5.9958093976344555 169
1757626412576 5.879601697434388 170
1757626412624 5.765698844174266 171
1757626412672 5.654055032158621 172
1757626412726 5.544625367440713 173
1757626412777 5.437365849633049 174
1757626412830 5.3322333540824385 175
1757626412878 5.229185614402091 176
1757626412927 5.128181205353531 177
1757626412975 5.029179526071411 178
1757626413028 4.932140783624115 179
1757626413089 4.837025976903479 180
1757626413146 4.743796880836983 181
1757626413197 4.652416030915886 182
1757626413247 4.562846708032935 183
1757626413296 4.475052923623414 184
1757626413347 4.3889994051034185 185
1757626413395 4.304651581599375 186
1757626413446 4.221975569962947 187
1757626413496 4.140938161065535 188
1757626413550 4.061506806366815 189
1757626413601 3.9836496047517533 190
1757626413648 3.9073352896306868 191
1757626413698 3.832533216297245 192
1757626413748 3.75921334953885 193
1757626413797 3.6873462514947857 194
1757626413846 3.616903069756773 195
1757626413897 3.547855525707331 196
1757626413949 3.4801759030909607 197
1757626413999 3.4138370368136166 198
1757626414048 3.3488123019658538 199
1757626414097 3.2850756030650925 200
1757626414146 3.2226013635127013 201
1757626414200 3.1613645152615244 202
1757626414249 3.101340488689649 203
1757626414302 3.042505202676289 204
1757626414357 2.9848350548757163 205
1757626414414 2.9283069121852767 206
1757626414471 2.8728981014036137 207
1757626414520 2.818586400075238 208
1757626414568 2.7653500275178025 209
1757626414620 2.7131676360283157 210
1757626414666 2.662018302264794 211
1757626414716 2.6118815187998 212
1757626414770 2.5627371858424093 213
1757626414821 2.514565603125299 214
1757626414876 2.46734746195358 215
1757626414944 2.4210638374121904 216
1757626415116 2.375696180728623 217
1757626415173 2.331226311787948 218
1757626415240 2.287636411797022 219
1757626415295 2.244909016094941 220
1757626415352 2.2030270071067863 221
1757626415411 2.161973607437817 222
1757626415462 2.121732373105287 223
1757626415516 2.082287186905146 224
1757626415571 2.04362225191092 225
1757626415627 2.0057220851021422 226
1757626415681 1.9685715111197277 227
1757626415733 1.9321556561457656 228
1757626415787 1.8964599419052537 229
1757626415855 1.8614700797873107 230
1757626415914 1.8271720650835168 231
1757626415983 1.7935521713410045 232
1757626416062 1.7605969448280399 233
1757626416123 1.7282931991098378 234
1757626416183 1.6966280097323936 235
1757626416240 1.665588709012202 236
1757626416301 1.6351628809297356 237
1757626416351 1.6053383561246037 238
1757626416405 1.576103206990391 239
1757626416455 1.5474457428671355 240
1757626416506 1.5193545053295623 241
1757626416618 1.4918182635691037 242
1757626416675 1.4648260098678854 243
1757626416728 1.4383669551627918 244
1757626416781 1.4124305246978517 245
1757626416835 1.387006353763181 246
1757626416887 1.3620842835187308 247
1757626416950 1.3376543569011758 248
1757626417010 1.3137068146122688 249
1757626417072 1.2902320911870409 250
1757626417136 1.2672208111402599 251
1757626417199 1.244663785189586 252
1757626417255 1.222552006553884 253
1757626417309 1.2008766473252137 254
1757626417375 1.1796290549130068 255
1757626417427 1.158800748559012 256
1757626417480 1.1383834159215842 257
1757626417532 1.11836890972795 258
1757626417583 1.0987492444930675 259
1757626417642 1.0795165933037894 260
1757626417700 1.0606632846669932 261
1757626417754 1.0421817994204436 262
1757626417811 1.0240647677050774 263
1757626417870 1.0063049659975665 264
1757626417932 0.9888953142018848 265
1757626417987 0.9718288727987437 266
1757626418039 0.9550988400517347 267
1757626418093 0.938698549269045 268
1757626418145 0.9226214661196517 269
1757626418198 0.9068611860028861 270
1757626418251 0.8914114314703309 271
1757626418302 0.8762660496989948 272
1757626418354 0.8614190100147373 273
1757626418406 0.8468644014649641 274
1757626418467 0.8325964304395838 275
1757626418524 0.8186094183392941 276
1757626418576 0.8048977992902301 277
1757626418630 0.7914561179040639 278
1757626418682 0.7782790270826546 279
1757626418735 0.765361285866355 280
1757626418788 0.7526977573250955 281
1757626418842 0.740283406491419 282
1757626418907 0.7281132983346181 283
1757626418965 0.7161825957751367 284
1757626419023 0.7044865577384767 285
1757626419077 0.6930205372477906 286
1757626419129 0.6817799795543987 287
1757626419185 0.6707604203054761 288
1757626419237 0.6599574837481788 289
1757626419289 0.6493668809694693 290
1757626419340 0.638984408170936 291
1757626419393 0.628805944977921 292
1757626419446 0.6188274527822492 293
1757626419498 0.6090449731179187 294
1757626419549 0.5994546260690804 295
1757626419600 0.5900526087096659 296
1757626419656 0.5808351935740244 297
1757626419707 0.5717987271579794 298
1757626419758 0.5629396284496764 299
1757626419809 0.5542543874896251 300
1757626419860 0.5457395639593823 301
1757626419913 0.5373917857982778 302
1757626419964 0.529207747847635 303
1757626420015 0.5211842105219541 304
1757626420065 0.5133179985064836 305
1757626420116 0.5056059994807092 306
1757626420167 0.4980451628671913 307
1757626420217 0.4906324986052814 308
1757626420268 0.48336507594920874 309
1757626420319 0.47624002229005746 310
1757626420370 0.46925452200115136 311
1757626420421 0.46240581530639635 312
1757626420472 0.4556911971711051 313
1757626420524 0.449108016214863 314
1757626420575 0.4426536736460131 315
1757626420626 0.43632562221729987 316
1757626420677 0.43012136520228095 317
1757626420729 0.42403845539207485 318
1757626420780 0.41807449411204506 319
1757626420831 0.4122271302580269 320
1757626420882 0.4064940593517028 321
1757626420933 0.4008730226147565 322
1757626420996 0.39536180606141597 323
1757626421055 0.3899582396090371 324
1757626421106 0.38466019620635644 325
1757626421158 0.37946559097906163 326
1757626421210 0.3743723803923509 327
1757626421261 0.36937856143012526 328
1757626421312 0.36448217079048506 329
1757626421363 0.3596812840972257 330
1757626421415 0.35497401512698734 331
1757626421474 0.35035851505176807 332
1757626421532 0.34583297169648386 333
1757626421585 0.3413956088112806 334
1757626421636 0.33704468535830506 335
1757626421694 0.3327784948126436 336
1757626421746 0.32859536447715293 337
1757626421797 0.3244936548109016 338
1757626421849 0.32047175877095674 339
1757626421901 0.31652810116724034 340
1757626421952 0.3126611380302097 341
1757626422004 0.3088693559910971 342
1757626422057 0.3051512716744629 343
1757626422121 0.30150543110281236 344
1757626422181 0.2979304091130449 345
1757626422238 0.29442480878449667 346
1757626422298 0.2909872608783374 347
1757626422354 0.2876164232881141 348
1757626422406 0.284310980501203 349
1757626422461 0.2810696430709608 350
1757626422515 0.2778911470993627 351
1757626422572 0.27477425372991376 352
1757626422627 0.2717177486506411 353
1757626422681 0.26872044160694813 354
1757626422737 0.26578116592415374 355
1757626422793 0.26289877803950945 356
1757626422849 0.26007215704351627 357
1757626422904 0.25730020423034977 358
1757626422964 0.2545818426572185 359
1757626423020 0.25191601671246633 360
1757626423071 0.24930169169226296 361
1757626423123 0.24673785338569895 362
1757626423177 0.2442235076681163 363
1757626423232 0.24175768010252222 364
1757626423288 0.23933941554891883 365
1757626423344 0.23696777778138778 366
1757626423400 0.23464184911278355 367
1757626423453 0.23236073002687965 368
1757626423509 0.23012353881782086 369
1757626423564 0.2279294112367345 370
1757626423621 0.22577750014536066 371
1757626423677 0.2236669751765612 372
1757626423737 0.22159702240157336 373
1757626423794 0.219566844003866 374
1757626423850 0.2175756579594769 375
1757626423905 0.21562269772369827 376
1757626424008 0.21370721192398268 377
1757626424062 0.21182846405894526 378
1757626424116 0.20998573220334896 379
1757626424171 0.20817830871894139 380
1757626424225 0.2064054999710401 381
1757626424280 0.20466662605073987 382
1757626424336 0.20296102050264134 383
1757626424392 0.20128803005798257 384
1757626424446 0.19964701437306967 385
1757626424501 0.19803734577290538 386
1757626424553 0.19645840899990188 387
1757626424609 0.1949096009675892 388
1757626424666 0.19339033051920826 389
1757626424725 0.1919000181911046 390
1757626424783 0.19043809598080993 391
1757626424839 0.18900400711973914 392
1757626424894 0.18759720585039183 393
1757626424952 0.18621715720798163 394
1757626425008 0.18486333680640116 395
1757626425063 0.18353523062843324 396
1757626425117 0.1822323348201327 397
1757626425172 0.18095415548928329 398
1757626425228 0.17970020850786464 399
1757626425285 0.17847001931843065 400
1757626425341 0.17726312274434214 401
1757626425395 0.176079062803758 402
1757626425448 0.17491739252732566 403
1757626425501 0.1737776737794864 404
1757626425562 0.17265947708333113 405
1757626425625 0.17156238144892957 406
1757626425754 0.17048597420507094 407
1757626425815 0.16942985083434384 408
1757626425875 0.16839361481148857 409
1757626425935 0.16737687744495802 410
1757626426004 0.16637925772162582 411
1757626426073 0.16540038215457672 412
1757626426142 0.16443988463391476 413
1757626426204 0.16349740628053733 414
1757626426266 0.16257259530280943 415
1757626426326 0.161665106856084 416
1757626426392 0.16077460290500803 417
1757626426455 0.15990075208856477 418
1757626426521 0.1590432295877919 419
1757626426582 0.15820171699612925 420
1757626426640 0.1573759021923343 421
1757626426698 0.1565654792159236 422
1757626426755 0.15577014814508708 423
1757626426817 0.15498961497702124 424
1757626426883 0.1542235915106414 425
1757626426947 0.1534717952316206 426
1757626427006 0.1527339491997074 427
1757626427063 0.15200978193828513 428
1757626427118 0.15129902732611628 429
1757626427172 0.15060142449124075 430
1757626427226 0.1499167177069784 431
1757626427288 0.14924465628999345 432
1757626427391 0.14858499450038165 433
1757626427454 0.14793749144374346 434
1757626427514 0.14730191097519804 435
1757626427576 0.14667802160530038 436
1757626427633 0.14606559640782982 437
1757626427688 0.1454644129294025 438
1757626427745 0.14487425310088278 439
1757626427813 0.14429490315054846 440
1757626427880 0.1437261535189812 441
1757626427944 0.14316779877564542 442
1757626428002 0.14261963753712115 443
1757626428062 0.14208147238695906 444
1757626428128 0.141553109797128 445
1757626428192 0.14103436005101921 446
1757626428250 0.14052503716797685 447
1757626428308 0.14002495882932875 448
1757626428367 0.13953394630588312 449
1757626428426 0.1390518243868623 450
1757626428488 0.13857842131024925 451
1757626428555 0.13811356869451352 452
1757626428617 0.13765710147169175 453
1757626428675 0.13720885782179798 454
1757626428738 0.13676867910853072 455
1757626428799 0.13633640981626083 456
1757626428858 0.13591189748826493 457
1757626428925 0.13549499266618523 458
1757626428992 0.13508554883069132 459
1757626429055 0.1346834223433175 460
1757626429111 0.1342884723894544 461
1757626429169 0.13390056092247182 462
1757626429227 0.13351955260894832 463
1757626429287 0.13314531477498862 464
1757626429344 0.13277771735360522 465
1757626429405 0.13241663283314337 466
1757626429471 0.13206193620672826 467
1757626429534 0.13171350492271616 468
1757626429648 0.13137121883612773 469
1757626429706 0.13103496016104316 470
1757626429766 0.13070461342394274 471
1757626429835 0.13038006541797356 472
1757626429907 0.130061205158121 473
1757626429972 0.1297479238372684 474
1757626430040 0.1294401147831322 475
1757626430101 0.12913767341604754 476
1757626430161 0.12884049720759033 477
1757626430222 0.12854848564002377 478
1757626430281 0.1282615401665429 479
1757626430340 0.12797956417231446 480
1757626430396 0.12770246293628287 481
1757626430452 0.12743014359373664 482
1757626430507 0.1271625150996168 483
1757626430565 0.12689948819255137 484
1757626430627 0.1266409753596048 485
1757626430688 0.1263868908017242 486
1757626430753 0.1261371503998718 487
1757626430820 0.1258916716818275 488
1757626430886 0.12565037378965185 489
1757626430947 0.12541317744779104 490
1757626431021 0.12518000493181639 491
1757626431085 0.12495078003778179 492
1757626431147 0.12472542805219015 493
1757626431209 0.12450387572255321 494
1757626431274 0.1242860512285364 495
1757626431340 0.124071884153674 496
1757626431404 0.12386130545764787 497
1757626431462 0.1236542474491109 498
1757626431521 0.12345064375905349 499
