1757645567517 0.13188456198338425 0
1757645567609 0.001307236390511159 1
1757645567704 0.009474015490344954 2
1757645567804 0.4228879116317554 3
1757645567902 0.3647846510379188 4
1757645567996 0.04755849589531681 5
1757645568089 0.0022569962567793116 6
1757645568183 0.003146094351059333 7
1757645568277 0.4291558276549645 8
1757645568372 0.010572714863352688 9
1757645568466 0.051449130422778544 10
1757645568561 0.0008045576852770821 11
1757645568653 0.022127204465766874 12
1757645568747 0.02379656035947658 13
1757645568845 0.09218960728826246 14
1757645568944 0.1313923416027284 15
1757645569049 0.46958125117055644 16
1757645569143 0.22294613080500947 17
1757645569238 0.2613829768745803 18
1757645569339 0.2725201086956009 19
1757645569435 0.06466860912038093 20
1757645569530 0.6572201332160957 21
1757645569624 0.015591957548572502 22
1757645569718 0.0019182331495387124 23
1757645569812 0.39083163791980835 24
1757645569909 0.005196101109349966 25
1757645570004 0.09166727135222599 26
1757645570099 0.042001278433689074 27
1757645570192 0.0005436215617399824 28
1757645570287 0.00032963488084547 29
1757645570382 5.929494321009774e-05 30
1757645570476 0.06854217542895115 31
1757645570571 0.7120277047918362 32
1757645570668 0.08356936847811722 33
1757645570781 0.20505582627461844 34
1757645570877 0.016669449871436044 35
1757645570970 0.24798343849943988 36
1757645571066 0.9133623203068122 37
1757645571162 0.02044587208672049 38
1757645571256 0.0593549644614159 39
1757645571349 0.009578280129725643 40
1757645571450 0.06304391310525054 41
1757645571544 0.22466549587183793 42
1757645571639 0.0266922621077549 43
1757645571734 0.38842773820978405 44
1757645571827 0.02446910126704465 45
1757645571924 0.21286191945274843 46
1757645572018 0.1266811102374153 47
1757645572113 0.05572984160256282 48
1757645572208 0.04623739050139381 49
1757645572302 0.26643849042214557 50
1757645572396 0.00021356779044537532 51
1757645572490 0.009843351559485305 52
1757645572584 0.2769065678773345 53
1757645572678 0.00031939347794980995 54
1757645572772 0.057918736611332636 55
1757645572866 0.18505824562556988 56
1757645572963 0.39896491304733034 57
1757645573059 2.133585066561336 58
1757645573153 0.010676801694630957 59
1757645573248 0.21975800901111703 60
1757645573344 0.017362068432854517 61
1757645573441 0.015348887878542574 62
1757645573535 0.17567046541503284 63
1757645573630 0.03335554556109293 64
1757645573724 0.926860348107323 65
1757645573819 0.06348041973192808 66
1757645573916 0.06501717198337588 67
1757645574044 0.0638883875926301 68
1757645574140 0.6379048519556477 69
1757645574234 0.20891109472149402 70
1757645574329 0.1729033313405569 71
1757645574424 0.19991899629100401 72
1757645574520 0.0464988868700026 73
1757645574616 0.024831209077627158 74
1757645574711 0.16635853661457356 75
1757645574806 0.03279928923461337 76
1757645574898 0.11801069709807352 77
1757645574994 0.005060979684643707 78
1757645575091 0.5563423707270819 79
1757645575186 0.0022587540050395647 80
1757645575281 0.03016501008400513 81
1757645575376 0.04089132328259965 82
1757645575477 0.004523757767375516 83
1757645575574 0.0002205360380895628 84
1757645575670 0.0038677781099699074 85
1757645575765 0.03773091861215185 86
1757645575860 0.035858794373855564 87
1757645575956 0.0008961433362147736 88
1757645576051 0.725595837892369 89
1757645576149 0.0332189049363565 90
1757645576246 0.35337026839571445 91
1757645576342 0.02862537211546034 92
1757645576437 0.14142580721921805 93
1757645576534 0.1412494060311069 94
1757645576630 0.31599572790277586 95
1757645576725 0.0006409779077187114 96
1757645576827 0.02013008128721246 97
1757645576923 0.7571477160582104 98
1757645577018 0.05201730412202847 99
1757645577113 7.866723379494545e-05 100
1757645577212 0.05459192900358846 101
1757645577309 0.46512991475698234 102
1757645577405 0.36057483241611205 103
1757645577507 0.2112360714333781 104
1757645577604 1.5855153468734313 105
1757645577713 0.0017030550745626254 106
1757645577876 0.13083529797734703 107
1757645577977 0.07155015903200512 108
1757645578079 0.10417654540736686 109
1757645578176 0.07826418583358745 110
1757645578271 0.042701302096153165 111
1757645578367 0.05616971696105643 112
1757645578463 0.0860019630804176 113
1757645578562 0.20021212351949805 114
1757645578658 0.02026974154160173 115
1757645578755 0.13427568033468013 116
1757645578851 0.2203327043079663 117
1757645578956 0.006168955161827742 118
1757645579061 0.06012100851583763 119
1757645579156 0.18186930621499814 120
1757645579253 0.2548622872824617 121
1757645579351 0.0458886080738689 122
1757645579448 0.3168728466500803 123
1757645579550 0.0070252256983462935 124
1757645579646 0.003918625527673768 125
1757645579745 0.00640865727812865 126
1757645579842 0.1209498506173962 127
1757645579937 5.7716388275541135e-05 128
1757645580034 0.15774867496885456 129
1757645580130 0.013128444679618432 130
1757645580227 0.4064324486820898 131
1757645580324 0.008139587560821379 132
1757645580422 0.42731026503080133 133
1757645580519 0.015235427411123707 134
1757645580616 0.2719701773195915 135
1757645580711 0.022876576600103334 136
1757645580805 0.006795779708178486 137
1757645580902 0.08930077637986596 138
1757645580998 0.007007816042653021 139
1757645581096 0.09153212603757965 140
1757645581193 0.09452216437074339 141
1757645581290 0.04152058275050394 142
1757645581386 0.1989005386180626 143
1757645581482 0.294399711378956 144
1757645581586 1.0132315636143863 145
1757645581683 0.07010386126113426 146
1757645581779 0.00851311390444208 147
1757645581876 0.021483098009187282 148
1757645581972 0.2296030486238291 149
1757645582069 0.616547379016365 150
1757645582167 0.03356244949934887 151
1757645582264 0.018359351765270034 152
1757645582363 0.06015033745266859 153
1757645582461 0.033779138596509335 154
1757645582558 0.0009576173872297804 155
1757645582655 0.1634745200594173 156
1757645582752 0.6719092304081125 157
1757645582851 0.017012624668722432 158
1757645582948 0.701414947530927 159
1757645583045 0.0373824584587337 160
1757645583143 0.002995016876869513 161
1757645583239 0.07018326646893455 162
1757645583338 0.05735937115092036 163
1757645583436 0.02906272512272095 164
1757645583533 0.06391167785332537 165
1757645583635 0.09920833918331523 166
1757645583732 5.224429376563073e-06 167
1757645583830 0.05673259693921977 168
1757645583931 0.00032441760288669236 169
1757645584062 0.8439172530278148 170
1757645584160 0.03385130735446423 171
1757645584258 0.03579544831737588 172
1757645584356 0.08004331436526989 173
1757645584453 0.43143681554297986 174
1757645584555 0.06033261294175592 175
1757645584654 0.6074526653127265 176
1757645584751 0.05586672888492791 177
1757645584850 0.11158755841969123 178
1757645584946 0.003508353759639554 179
1757645585046 0.4510671921728968 180
1757645585145 0.008195944104635422 181
1757645585243 0.07175385675321157 182
1757645585339 0.11793085575937103 183
1757645585437 0.10236459593112363 184
1757645585534 0.15760833085711626 185
1757645585636 0.00725860972614029 186
1757645585736 0.035352684003199956 187
1757645585846 0.0009492688556985333 188
1757645585948 0.07622126980255972 189
1757645586047 0.09705851281925976 190
1757645586146 0.0025727480249206113 191
1757645586244 0.029025829091975642 192
1757645586342 0.0018215944764789712 193
1757645586440 0.11539876791493954 194
1757645586539 0.10456097681724884 195
1757645586637 0.0012991431143526137 196
1757645586734 0.10494340099786861 197
1757645586832 0.1772738792506662 198
1757645586932 0.09839788145124793 199
1757645587031 0.283222098358191 200
1757645587208 0.004642278608123593 201
1757645587309 0.02882234999382105 202
1757645587409 0.03448195415631598 203
1757645587507 0.04659286709284643 204
1757645587610 0.09022561280065261 205
1757645587714 7.681382367904489e-05 206
1757645587814 0.005507170883770993 207
1757645587913 0.10388975235347991 208
1757645588011 0.09333953886236777 209
1757645588111 0.0013161935543059412 210
1757645588213 0.17656508085373748 211
1757645588313 0.0033715327052432614 212
1757645588412 0.03393368587720531 213
1757645588510 0.18212098178499908 214
1757645588609 0.008767410485507991 215
1757645588709 0.2972527756358434 216
1757645588809 0.06831469094625646 217
1757645588909 0.001669515056158964 218
1757645589022 2.5041255830558746e-06 219
1757645589122 0.07023870190129775 220
1757645589221 0.015503091070006966 221
1757645589322 0.017294037564150495 222
1757645589422 0.07788393438697494 223
1757645589522 0.014566482689380046 224
1757645589622 0.09069179917815279 225
1757645589726 7.013820178314427e-05 226
1757645589826 0.1361518880699692 227
1757645589924 0.02197449435423426 228
1757645590025 0.004588758227162007 229
1757645590125 0.5053296660825526 230
1757645590224 0.21011210210985665 231
1757645590323 0.009000073749450185 232
1757645590423 0.055478754310060906 233
1757645590524 0.07339021594569349 234
1757645590624 0.0002466682553315354 235
1757645590723 0.10471356647117151 236
1757645590822 0.46429206270328 237
1757645590921 0.2693481568597461 238
1757645591021 0.04560862579771971 239
1757645591122 2.5637853763879077 240
1757645591223 0.1277022148929843 241
1757645591322 0.020296436505182164 242
1757645591422 0.1398212747745938 243
1757645591522 0.426181820775691 244
1757645591624 0.0468276893062989 245
1757645591728 0.9052308454157952 246
1757645591830 0.1573611070789996 247
1757645591930 0.0020788413864989566 248
1757645592030 0.019416980090375815 249
1757645592129 0.09711712070222006 250
1757645592230 1.4498242484070738 251
1757645592332 0.0066222287331433915 252
1757645592433 0.33678333643259223 253
1757645592533 1.1714353167027465 254
1757645592634 0.0006597545876510743 255
1757645592734 0.09226852349800431 256
1757645592834 0.0242959336391037 257
1757645592936 0.288857109043474 258
1757645593036 0.01676890291280933 259
1757645593136 0.20044356207756275 260
1757645593236 0.3388937304378645 261
1757645593337 0.6181160534450143 262
1757645593438 0.9816456698662832 263
1757645593540 0.03833086165935525 264
1757645593638 0.0024363575984048067 265
1757645593742 0.49412097383973397 266
1757645593842 0.025363192944780195 267
1757645593948 0.061298311813695446 268
1757645594081 0.07730106327275348 269
1757645594181 0.024921422325109494 270
1757645594281 0.41586520109544994 271
1757645594381 0.10802538841659029 272
1757645594481 0.031922547447442044 273
1757645594582 0.18122847000105372 274
1757645594683 7.307965236886303e-05 275
1757645594783 0.06920179718760629 276
1757645594883 0.32823438977737146 277
1757645594984 0.0707723531795491 278
1757645595087 0.06606695407561655 279
1757645595187 0.06351535586440477 280
1757645595288 0.33160185879045406 281
1757645595388 0.027314649399979574 282
1757645595490 0.030377393193335853 283
1757645595591 0.8277658208111431 284
1757645595691 0.3305899799028943 285
1757645595797 0.0545019168453275 286
1757645595900 0.002173738332523529 287
1757645596001 0.05308333977115147 288
1757645596102 0.11100594998382861 289
1757645596203 0.008321610315024099 290
1757645596305 0.11921506881838122 291
1757645596406 0.00039102407142181634 292
1757645596507 0.05977926175853234 293
1757645596610 0.0597296837646346 294
1757645596710 0.04757532277715232 295
1757645596811 0.3809638622294339 296
1757645596913 0.00141249184053421 297
1757645597014 0.034046031618736546 298
1757645597115 1.4961719982251007 299
1757645597217 1.0192341832896805 300
1757645597317 0.055243875423571585 301
1757645597418 0.0045580349067658454 302
1757645597520 0.290440604261132 303
1757645597623 0.04298024980538458 304
1757645597724 0.0023730200063763565 305
1757645597829 0.03629442739757416 306
1757645597932 0.033113647158252886 307
1757645598034 0.02903202669738621 308
1757645598136 0.18988568382003576 309
1757645598240 0.17041139438995764 310
1757645598342 0.2587221035106602 311
1757645598444 0.001533094572051997 312
1757645598544 0.07776333835850854 313
1757645598650 0.010028360167803457 314
1757645598751 0.01180209159492726 315
1757645598852 0.08637690977831511 316
1757645598960 0.0048425972962572745 317
1757645599069 0.01391406211801882 318
1757645599171 0.11992424206987193 319
1757645599273 0.004135244028355526 320
1757645599374 0.1767355093143602 321
1757645599478 0.004169316759893624 322
1757645599579 0.16998362164597952 323
1757645599680 0.0001459351933621833 324
1757645599780 0.041290460690514036 325
1757645599890 0.23260089971474873 326
1757645599992 0.019455978569500376 327
1757645600096 0.038680719933737624 328
1757645600197 0.16556394415305084 329
1757645600299 0.4602830956600466 330
1757645600457 0.015142069485853773 331
1757645600565 0.17965047690030736 332
1757645600667 0.0005990261094794383 333
1757645600769 0.08356936641270346 334
1757645600871 0.001757179551588748 335
1757645600973 0.3766441621561133 336
1757645601075 0.1976045930380825 337
1757645601179 0.0039021658846674196 338
1757645601279 0.128151710585609 339
1757645601380 0.0505998400445539 340
1757645601482 0.12588952137887519 341
1757645601584 0.004507957583338664 342
1757645601687 0.023565289555284506 343
1757645601790 0.31734758437799 344
1757645601897 0.4434761166985013 345
1757645602001 1.6499404883880764 346
1757645602104 0.1969843731398942 347
1757645602207 0.01217557735200322 348
1757645602312 0.19317410472264027 349
1757645602415 0.06803071460498908 350
1757645602517 0.012861648931581277 351
1757645602619 0.009549291472330152 352
1757645602720 4.3449479519140465e-06 353
1757645602823 0.11773924533925374 354
1757645602927 0.0374354490328411 355
1757645603032 0.007457856977141772 356
1757645603134 0.0027821208324810363 357
1757645603235 0.0019818283865698652 358
1757645603337 0.00029326590084999726 359
1757645603442 0.061825898708186645 360
1757645603547 0.02835902571612645 361
1757645603649 0.24393213121254878 362
1757645603751 0.027568927970755802 363
1757645603853 0.00040203077066340093 364
1757645603970 0.2287520277282752 365
1757645604096 0.17347835405395665 366
1757645604200 0.0007891892334997493 367
1757645604301 0.35681506960706594 368
1757645604404 0.006743489094856649 369
1757645604506 0.8812990732703256 370
1757645604608 0.734987097396627 371
1757645604712 0.002718536962436554 372
1757645604816 0.06824127754887814 373
1757645604920 0.05141668858201456 374
1757645605024 0.0720305774030238 375
1757645605127 0.43144210270330335 376
1757645605231 9.85449853921112e-05 377
1757645605334 0.6942633209595603 378
1757645605437 0.003174613224107031 379
1757645605539 0.06842551770487684 380
1757645605642 0.021026204411140552 381
1757645605744 0.0006587947694263068 382
1757645605849 0.14991732806309566 383
1757645605957 0.4374243869614833 384
1757645606061 0.012863356286222734 385
1757645606163 0.26746086657965945 386
1757645606266 0.510310715372764 387
1757645606373 0.29866025705472404 388
1757645606477 0.018045565936380157 389
1757645606581 0.021231367319847125 390
1757645606683 0.3357048492997875 391
1757645606786 0.0220127967620642 392
1757645606889 0.2393397432929867 393
1757645606993 0.003139587940367244 394
1757645607099 0.12704594239893766 395
1757645607202 0.5142103734790624 396
1757645607304 0.021036846497310493 397
1757645607408 0.02286527626735213 398
1757645607512 0.00040812873233099175 399
1757645607615 0.14211665154667133 400
1757645607719 0.18032485773477389 401
1757645607821 0.004654403594037977 402
1757645607925 0.015945251503218717 403
1757645608033 0.09846243569077039 404
1757645608138 0.21271922063871768 405
1757645608243 0.0035436440395195446 406
1757645608347 0.0009685358707345093 407
1757645608450 0.032188008965920785 408
1757645608553 0.009531114001756519 409
1757645608657 0.10253925192451661 410
1757645608761 0.00035412856210570865 411
1757645608866 0.27414191774824165 412
1757645608980 0.0006705768104479617 413
1757645609088 0.008168089985113272 414
1757645609192 0.0699935531513474 415
1757645609299 0.21049185557222513 416
1757645609403 0.008765616601437416 417
1757645609509 0.1520320258003764 418
1757645609613 0.03644827708451729 419
1757645609717 0.09821971257144992 420
1757645609821 0.09578056347525117 421
1757645609930 0.3294490359842951 422
1757645610042 0.0004514485858100961 423
1757645610146 0.011357063110385448 424
1757645610250 0.0002408901960124667 425
1757645610355 0.0005368686993242787 426
1757645610458 0.019597753606650694 427
1757645610564 0.06732688118874197 428
1757645610669 1.6966477088262684e-05 429
1757645610772 0.4764853024596506 430
1757645610876 0.008651823230560634 431
1757645610981 0.08674028874308413 432
1757645611085 0.11992578408884574 433
1757645611190 0.3287269710868007 434
1757645611293 0.143711561250019 435
1757645611397 0.01751817656483781 436
1757645611502 0.10454233065247255 437
1757645611606 0.07268560905941729 438
1757645611711 0.2666267574413204 439
1757645611816 0.0002625656088336048 440
1757645611926 0.029564243233797343 441
1757645612037 0.015113456471799363 442
1757645612144 0.3429995260881596 443
1757645612248 0.2687834443050151 444
1757645612353 0.24931414902016094 445
1757645612458 0.0003206842549417619 446
1757645612563 0.007381137140408523 447
1757645612668 0.20787167457208264 448
1757645612774 0.0077749696529881875 449
1757645612879 0.18636860455970336 450
1757645612985 7.42973885170093e-05 451
1757645613090 0.01122551496393513 452
1757645613195 0.09846673846514638 453
1757645613299 0.19053435080412745 454
1757645613404 0.013056936073006597 455
1757645613511 0.20029662368076026 456
1757645613616 0.2667113893092019 457
1757645613722 0.029857690944623656 458
1757645613826 0.3813104780721784 459
1757645613933 0.03012942554243421 460
1757645614074 0.002106989154800325 461
1757645614180 0.00444808101664743 462
1757645614371 0.02359577778069581 463
1757645614479 0.013439530113148296 464
1757645614584 0.026822367926608283 465
1757645614689 0.00040618547533450796 466
1757645614795 0.08778939493878213 467
1757645614901 0.13373324487967694 468
1757645615005 0.04658798934028529 469
1757645615112 0.01632360773832254 470
1757645615218 0.6194871487196462 471
1757645615323 0.020149685000936616 472
1757645615429 0.013231893154337584 473
1757645615536 0.006754865442153512 474
1757645615647 0.8253861866325714 475
1757645615753 0.0033279973094405323 476
1757645615857 0.005195539318880504 477
1757645615963 0.010312058613852728 478
1757645616074 0.00535334702560369 479
1757645616182 0.0005671574610559931 480
1757645616287 0.10892298673677467 481
1757645616393 0.01680711825881516 482
1757645616498 0.03410132504155853 483
1757645616606 0.16500995892485704 484
1757645616712 0.41380093225127773 485
1757645616818 0.013116837236915032 486
1757645616922 0.26461458368968177 487
1757645617029 0.6708512610729439 488
1757645617135 0.021958562509571206 489
1757645617241 0.018160337646213918 490
1757645617347 0.26851926850761737 491
1757645617453 0.00037694525079451325 492
1757645617559 0.3466429787968372 493
1757645617665 0.0008165650529499913 494
1757645617772 0.14870190254990687 495
1757645617925 0.31078457493534917 496
1757645618035 0.016811805706177657 497
1757645618146 0.01705070126886307 498
1757645618252 0.1248589348508901 499
