1757646911616 174.85720008119017 0
1757646911665 165.07295753628642 1
1757646911718 167.4312777230747 2
1757646911773 155.54985504327243 3
1757646911826 153.5049381391047 4
1757646911879 152.3453271186996 5
1757646911932 149.77427188184933 6
1757646911985 150.9336318078416 7
1757646912041 144.13949755418088 8
1757646912095 143.98154215516357 9
1757646912150 143.11920375016928 10
1757646912212 136.06571619868416 11
1757646912268 135.19027530451487 12
1757646912322 131.49613345638326 13
1757646912379 124.07188207388944 14
1757646912448 135.49815256085535 15
1757646912509 127.45178597763808 16
1757646912564 123.55712734653389 17
1757646912625 116.38233469304947 18
1757646912683 113.95884419706205 19
1757646912738 118.02048375824366 20
1757646912793 113.4482678771768 21
1757646912849 115.22849405947575 22
1757646912908 105.88540317947064 23
1757646912964 110.0109140464366 24
1757646913020 110.49261486453624 25
1757646913077 108.87371587701786 26
1757646913134 107.34140183787595 27
1757646913189 102.69500184918768 28
1757646913245 98.76119726305302 29
1757646913301 98.96434239663182 30
1757646913357 99.57138698593225 31
1757646913414 96.84524094502876 32
1757646913470 97.50520441078345 33
1757646913525 91.98841680752477 34
1757646913582 90.38146241596937 35
1757646913639 87.78448580403786 36
1757646913696 91.33698192128075 37
1757646913752 87.77977019264775 38
1757646913808 89.05092314395309 39
1757646913864 82.82651047580218 40
1757646913921 80.73594033760502 41
1757646913977 81.11373743506729 42
1757646914032 77.93815934774686 43
1757646914089 78.99303707567002 44
1757646914147 76.91178061748349 45
1757646914216 76.84161586659364 46
1757646914295 74.00825063628501 47
1757646914354 76.04434392689681 48
1757646914412 71.27099078579977 49
1757646914471 72.71554183771393 50
1757646914530 67.3566748475568 51
1757646914587 66.98810791199278 52
1757646914646 66.77474977312693 53
1757646914711 67.19081435684437 54
1757646914770 64.59614749004021 55
1757646914829 62.8652613804401 56
1757646914888 61.36743794539284 57
1757646914945 61.33812074623215 58
1757646915001 59.63709570188451 59
1757646915058 59.03316988838347 60
1757646915114 55.35724053419872 61
1757646915170 56.58307388739177 62
1757646915232 56.06540071173751 63
1757646915294 54.049254685569345 64
1757646915351 55.21719944079802 65
1757646915408 52.80400995382699 66
1757646915468 54.828982127639605 67
1757646915525 52.10552035685461 68
1757646915582 50.95048488081667 69
1757646915638 49.0395687750788 70
1757646915697 50.82086550605027 71
1757646915755 48.24564054545567 72
1757646915812 46.527130500237085 73
1757646915869 47.10510832973066 74
1757646915926 48.518531078779745 75
1757646915983 45.296788115694746 76
1757646916041 44.84174664858425 77
1757646916098 42.735249141004715 78
1757646916155 42.413938639823634 79
1757646916212 41.856612836927596 80
1757646916269 42.87521335760707 81
1757646916327 40.71351211342663 82
1757646916384 39.529993372464205 83
1757646916441 40.06474031056796 84
1757646916499 38.20498430166584 85
1757646916556 36.65198322169117 86
1757646916612 37.19314756746903 87
1757646916669 36.89011464678726 88
1757646916732 35.67669194470878 89
1757646916791 34.79345940409874 90
1757646916852 35.645905328361486 91
1757646916912 34.95115122642649 92
1757646916970 33.89121926336561 93
1757646917027 32.03709495107358 94
1757646917084 31.77196536822499 95
1757646917141 31.161514251700282 96
1757646917198 32.588303412819776 97
1757646917254 30.773335612159737 98
1757646917311 30.900950423423534 99
1757646917369 29.663571962026836 100
1757646917429 30.381623255149083 101
1757646917487 28.704552206965328 102
1757646917545 29.451221546090807 103
1757646917602 28.7714400040499 104
1757646917659 27.101166591376177 105
1757646917716 28.345652961842713 106
1757646917774 27.494514434362056 107
1757646917831 25.205727855172665 108
1757646917889 24.13063186575463 109
1757646917947 24.274486838890173 110
1757646918004 25.529359209366955 111
1757646918062 22.870445753802013 112
1757646918120 23.65095194830795 113
1757646918176 24.221920940742844 114
1757646918234 23.38803389271248 115
1757646918291 22.982994406971912 116
1757646918349 21.69567932987351 117
1757646918407 21.122012743717026 118
1757646918465 21.632427682055102 119
1757646918523 19.95816922285155 120
1757646918581 20.268603053623483 121
1757646918640 20.812105431969407 122
1757646918699 19.5122566789133 123
1757646918763 20.182651368849115 124
1757646918823 18.954789292561987 125
1757646918880 18.38224914400956 126
1757646918938 18.792730322623477 127
1757646918998 18.580322612733756 128
1757646919061 18.269034853773736 129
1757646919124 18.25499222623104 130
1757646919189 17.16219661699812 131
1757646919262 17.516679195224306 132
1757646919322 15.63361210370416 133
1757646919383 17.523596734588587 134
1757646919444 16.549652232774335 135
1757646919505 16.658102033380075 136
1757646919564 15.618898153461748 137
1757646919623 15.611462059140537 138
1757646919681 15.73248899943362 139
1757646919740 15.09315600604787 140
1757646919797 15.140842782368333 141
1757646919856 14.36549527920185 142
1757646919914 14.466793373289235 143
1757646919972 13.97899222620886 144
1757646920031 12.528371621239021 145
1757646920089 13.279481509359238 146
1757646920148 13.365189892803201 147
1757646920207 12.232169540708558 148
1757646920267 12.733985729468625 149
1757646920326 12.368852347030352 150
1757646920384 12.79454179612545 151
1757646920442 12.61174118232155 152
1757646920501 11.033803501055914 153
1757646920559 12.700391575450153 154
1757646920619 11.286385900767039 155
1757646920678 11.983785521064627 156
1757646920737 11.10975136202711 157
1757646920801 11.382908472026903 158
1757646920859 10.173650269411624 159
1757646920918 11.223969823944314 160
1757646920977 10.88715724983746 161
1757646921035 10.25029108078206 162
1757646921095 9.710851573102836 163
1757646921155 9.976890579496507 164
1757646921214 9.714100043469799 165
1757646921274 9.636957937250903 166
1757646921332 9.138921522948875 167
1757646921391 9.537628542578704 168
1757646921449 9.040735877144488 169
1757646921508 8.580535451762755 170
1757646921567 9.512624377182496 171
1757646921626 9.195981018785396 172
1757646921685 7.807503476206522 173
1757646921745 8.073500121279043 174
1757646921812 8.096286190626008 175
1757646921962 8.54737807315939 176
1757646922032 8.166661123646767 177
1757646922096 7.926312685122414 178
1757646922160 7.781179954100085 179
1757646922223 7.542829257730595 180
1757646922284 8.157508052712755 181
1757646922347 7.106838497462443 182
1757646922408 7.175624112490834 183
1757646922469 6.756603673244457 184
1757646922531 6.629103649701118 185
1757646922593 6.259590409708545 186
1757646922652 7.120869198268549 187
1757646922711 6.6550461089669 188
1757646922772 6.566720682541757 189
1757646922840 6.529963512500953 190
1757646922900 5.766608515297836 191
1757646922960 6.434343408562211 192
1757646923020 6.235550408024322 193
1757646923080 6.063949130308423 194
1757646923139 5.8907142695078445 195
1757646923341 6.057789268747935 196
1757646923432 5.332809130883426 197
1757646923498 6.08972742579076 198
1757646923562 5.876435878133834 199
1757646923624 5.383395301711418 200
1757646923687 5.7401736913337045 201
1757646923748 5.658137277500791 202
1757646923810 5.761493039443318 203
1757646923872 5.01077081472823 204
1757646923933 4.977222346993418 205
1757646923995 4.858486181023495 206
1757646924056 4.969670269580788 207
1757646924116 4.802478645042142 208
1757646924178 5.203476504806613 209
1757646924255 4.559674160423219 210
1757646924333 4.2239569203687815 211
1757646924395 4.854143288868307 212
1757646924458 4.190275762914195 213
1757646924523 4.300151778347833 214
1757646924586 4.272175794293437 215
1757646924649 3.881678574311436 216
1757646924711 4.100998174790535 217
1757646924772 3.997543108002476 218
1757646924834 4.071242525355673 219
1757646924901 4.054908583816137 220
1757646924961 3.93706693896293 221
1757646925022 3.7076011266986613 222
1757646925082 3.7502711176175305 223
1757646925143 3.5520381781733694 224
1757646925204 3.5422557109088637 225
1757646925264 3.543587741838683 226
1757646925326 3.466209862127749 227
1757646925388 3.4827187093594367 228
1757646925448 3.28723092843408 229
1757646925514 3.145496444786248 230
1757646925575 2.9417524883929085 231
1757646925637 3.1179839056742646 232
1757646925698 3.217460167726946 233
1757646925763 2.721734896895744 234
1757646925824 3.1286425822649373 235
1757646925885 3.0377455018054254 236
1757646925946 3.0357337898869976 237
1757646926005 2.5395699698340763 238
1757646926067 2.421061751261908 239
1757646926129 2.958783702107891 240
1757646926190 2.77579105896416 241
1757646926251 2.673303697238924 242
1757646926313 2.785873516583584 243
1757646926373 3.0565449038593595 244
1757646926435 2.764149022986983 245
1757646926495 2.5432246074578346 246
1757646926555 2.346461010571847 247
1757646926617 3.023456615221698 248
1757646926680 2.2674359549436387 249
1757646926741 2.032840830265035 250
1757646926803 2.4200984409457766 251
1757646926865 2.2340912895260496 252
1757646926931 2.5498920993856866 253
1757646926991 2.4782430715857187 254
1757646927052 2.1965225301359173 255
1757646927114 1.958507775949243 256
1757646927176 2.0733513744693104 257
1757646927237 2.277737178445491 258
1757646927299 1.9821751437285513 259
1757646927360 1.722421226527339 260
1757646927421 1.8412037125303273 261
1757646927481 1.7958265952468664 262
1757646927542 2.1473713540695036 263
1757646927602 1.6283031060063151 264
1757646927664 1.521675195750091 265
1757646927725 1.7490955786281377 266
1757646927787 1.8904896178146062 267
1757646927848 1.6006335288599902 268
1757646927908 1.7253230879686399 269
1757646927969 1.7645541150999662 270
1757646928031 1.9438440472211485 271
1757646928092 1.2990063018441793 272
1757646928153 1.4003368562580492 273
1757646928219 1.5867278314000608 274
1757646928280 1.4971273698875813 275
1757646928343 1.5798353244040628 276
1757646928405 1.5015845182823104 277
1757646928469 1.4486551151015907 278
1757646928534 1.64717348103724 279
1757646928596 1.3522425218733556 280
1757646928657 1.678272798948042 281
1757646928719 1.7687012204184767 282
1757646928780 1.215154939063408 283
1757646928842 1.479415274143098 284
1757646928906 1.473393476448668 285
1757646928973 1.1466289264403453 286
1757646929035 1.50648649487398 287
1757646929096 1.2424358193371172 288
1757646929157 1.2808400540532452 289
1757646929232 1.2626078621562131 290
1757646929301 1.426365847067243 291
1757646929366 1.1517640440476908 292
1757646929430 1.2080270873954144 293
1757646929491 1.165417164340504 294
1757646929553 1.0723075941422264 295
1757646929615 1.0235886644552952 296
1757646929676 0.9909033905417424 297
1757646929738 1.2826587567147247 298
1757646929800 0.9387344209673045 299
1757646929862 1.2080285649707645 300
1757646929925 1.2677358335217646 301
1757646929991 1.000730541312074 302
1757646930054 0.8719514160577579 303
1757646930115 0.888692127863588 304
1757646930177 1.0243854450748546 305
1757646930239 0.9452411101467075 306
1757646930303 1.0186206142888437 307
1757646930365 1.01190619123932 308
1757646930428 0.867625873834008 309
1757646930490 0.8883773658433323 310
1757646930553 0.6790945812533343 311
1757646930615 0.9683488532623109 312
1757646930677 0.8587760867828931 313
1757646930739 0.7559112256437135 314
1757646930800 0.8286583444990687 315
1757646930863 0.9788586776203162 316
1757646930926 0.9004105482980846 317
1757646930994 0.7699557462639659 318
1757646931057 1.179505621156322 319
1757646931118 0.7852811082309032 320
1757646931181 0.6308862661322291 321
1757646931243 0.8431787806096374 322
1757646931305 0.7442397093836299 323
1757646931366 0.9286999258829658 324
1757646931429 0.8416640685138408 325
1757646931492 0.7522704753609329 326
1757646931555 0.8368105967426788 327
1757646931618 0.7474144710031008 328
1757646931680 0.6767790235960517 329
1757646931743 0.6959835409331884 330
1757646931805 0.7286375850251163 331
1757646931868 0.5768072342333946 332
1757646931931 0.6050457368685834 333
1757646931994 0.8782129005133371 334
1757646932058 0.7201198980375374 335
1757646932121 0.6609033614692992 336
1757646932183 0.7379511021757225 337
1757646932246 0.7340885318546915 338
1757646932308 0.7050762373007219 339
1757646932371 0.6616529114875948 340
1757646932436 0.5961621433437024 341
1757646932500 0.589602344284947 342
1757646932563 0.6265823579068788 343
1757646932624 0.5681537328868947 344
1757646932689 0.5343949479468423 345
1757646932752 0.44734160368871184 346
1757646932814 0.64636395398706 347
1757646932875 0.5839242197941144 348
1757646932937 0.541243696211496 349
1757646933006 0.39903060245152644 350
1757646933071 0.5803584814122844 351
1757646933135 0.5943873829216139 352
1757646933197 0.48467200818306005 353
1757646933261 0.5664749639643247 354
1757646933324 0.5423667039871989 355
1757646933387 0.4201772830648712 356
1757646933451 0.4208974513511933 357
1757646933516 0.3745718239816156 358
1757646933578 0.4351928501154766 359
1757646933640 0.3874381714155335 360
1757646933704 0.44476677866238823 361
1757646933767 0.3464267403652522 362
1757646933831 0.4028766131416877 363
1757646933893 0.31010575629669473 364
1757646933954 0.4691731440712513 365
1757646934017 0.40304153315589913 366
1757646934081 0.43951061364137456 367
1757646934143 0.45684065023605397 368
1757646934217 0.42042365089479394 369
1757646934312 0.36546112762379 370
1757646934380 0.37519720738800966 371
1757646934446 0.3858844203257535 372
1757646934511 0.34839618428136393 373
1757646934575 0.467625258013544 374
1757646934640 0.3831270369525159 375
1757646934703 0.31421393102137546 376
1757646934768 0.37979422434494103 377
1757646934831 0.34558470424407134 378
1757646934894 0.30797573518799376 379
1757646934957 0.3124223357331639 380
1757646935026 0.23001099324533242 381
1757646935093 0.3303473189150753 382
1757646935158 0.30278948965239827 383
1757646935222 0.36534702910850436 384
1757646935288 0.28329091038246934 385
1757646935353 0.206751542520371 386
1757646935417 0.30508293608934917 387
1757646935482 0.34540993015596466 388
1757646935545 0.32824231518746083 389
1757646935624 0.405654646265434 390
1757646935691 0.23611851777885265 391
1757646935756 0.3666483384875869 392
1757646935822 0.33168429716497533 393
1757646935886 0.3569456215890037 394
1757646935949 0.2838414065888703 395
1757646936014 0.20443842006278326 396
1757646936084 0.3213596528088106 397
1757646936149 0.30887951615944653 398
1757646936214 0.3534877628274638 399
1757646936279 0.327536019653659 400
1757646936349 0.252067026749561 401
1757646936413 0.3245172468984667 402
1757646936477 0.18531160032397995 403
1757646936541 0.2415867978387767 404
1757646936605 0.2767544857589948 405
1757646936672 0.26704029856183004 406
1757646936737 0.2506689949850101 407
1757646936805 0.3215967709349442 408
1757646936870 0.3351900999661462 409
1757646936935 0.277526364858408 410
1757646936999 0.19623595327913473 411
1757646937069 0.32370609725094807 412
1757646937134 0.23581208769201148 413
1757646937199 0.20037959525023943 414
1757646937263 0.24198386269160385 415
1757646937328 0.29749858958549924 416
1757646937393 0.26716366065101776 417
1757646937458 0.2753669006018779 418
1757646937522 0.22634323853048877 419
1757646937588 0.2479267785269013 420
1757646937652 0.25397327378252466 421
1757646937718 0.1804442613307832 422
1757646937784 0.32461918464876893 423
1757646937849 0.24959103861230733 424
1757646937915 0.17209995604765216 425
1757646937979 0.21759741530283508 426
1757646938045 0.17953697857420986 427
1757646938110 0.3016127172063877 428
1757646938174 0.21581978419557396 429
1757646938239 0.2337494763389488 430
1757646938305 0.23551613057144324 431
1757646938371 0.23951519021122614 432
1757646938436 0.16238470878383698 433
1757646938501 0.26316077782442576 434
1757646938566 0.22030857880040608 435
1757646938632 0.23016269953299417 436
1757646938696 0.23738235418783996 437
1757646938760 0.1293252579487669 438
1757646938825 0.19455781335729339 439
1757646938890 0.16912652881255824 440
1757646938954 0.19298212065018414 441
1757646939020 0.19390875251818143 442
1757646939088 0.27414568894006736 443
1757646939156 0.22382781330608542 444
1757646939234 0.22480845764541052 445
1757646939302 0.23845185159764112 446
1757646939368 0.19614790284171654 447
1757646939434 0.17467425095827788 448
1757646939500 0.16445589270276237 449
1757646939566 0.1477516420110575 450
1757646939632 0.15269734567491658 451
1757646939698 0.20465096471918912 452
1757646939764 0.19903895121119816 453
1757646939829 0.15412458297010898 454
1757646939896 0.15928753322560765 455
1757646939962 0.13258997835023142 456
1757646940028 0.2803975230188791 457
1757646940095 0.13988996556276115 458
1757646940161 0.11401728827567324 459
1757646940226 0.1643808730803924 460
1757646940293 0.1300302309201075 461
1757646940396 0.2474533051720984 462
1757646940489 0.10144655751272695 463
1757646940561 0.19387671539480722 464
1757646940633 0.22908712736006556 465
1757646940701 0.1487549914409315 466
1757646940768 0.17892949275196443 467
1757646940835 0.10240138577739011 468
1757646940900 0.11474500949916924 469
1757646940967 0.1926109275142927 470
1757646941034 0.180398465403914 471
1757646941101 0.2188261062753231 472
1757646941173 0.24381308917250094 473
1757646941239 0.14276514306448376 474
1757646941305 0.17613595208526706 475
1757646941371 0.16365992751664307 476
1757646941437 0.19268975500316826 477
1757646941503 0.09042508469694883 478
1757646941571 0.20100597996295372 479
1757646941637 0.17561960426611295 480
1757646941703 0.15514441524268452 481
1757646941770 0.2532061466423585 482
1757646941836 0.23505990177376893 483
1757646941902 0.17238039542354325 484
1757646941968 0.13282151642674736 485
1757646942036 0.18130404472763875 486
1757646942178 0.1838597357656189 487
1757646942246 0.25758214074306557 488
1757646942314 0.2015261839460201 489
1757646942386 0.21563264759641645 490
1757646942452 0.12266815963567973 491
1757646942518 0.16621650814019223 492
1757646942585 0.1612165942972148 493
1757646942652 0.16564097905173097 494
1757646942720 0.1852366328451285 495
1757646942787 0.1662424933862057 496
1757646942854 0.11641570524220371 497
1757646942921 0.21325537050333496 498
1757646942987 0.16667652491395638 499
