1757649345649 169.66606232321925 0
1757649345705 166.26773972478773 1
1757649345775 162.93765960206142 2
1757649345832 159.67444869920533 3
1757649345892 156.47676146227062 4
1757649345949 153.34327947877873 5
1757649346006 150.27271092868065 6
1757649346062 147.26379004645963 7
1757649346121 144.31527659415073 8
1757649346179 141.42595534505423 9
1757649346237 138.5946355779256 10
1757649346294 135.82015058142795 11
1757649346352 133.10135716863843 12
1757649346410 130.4371352014039 13
1757649346471 127.82638712434493 14
1757649346529 125.2680375083118 15
1757649346586 122.7644839374756 16
1757649346649 120.31109191431963 17
1757649346708 117.9068544672115 18
1757649346769 115.55078488398841 19
1757649346833 113.24191630333043 20
1757649346898 110.97930131439908 21
1757649346960 108.76201156457375 22
1757649347019 106.5891373751211 23
1757649347079 104.45978736463717 24
1757649347142 102.3730880801039 25
1757649347202 100.32818363540599 26
1757649347263 98.32423535715638 27
1757649347325 96.36042143768267 28
1757649347392 94.43593659502866 29
1757649347455 92.54999173982903 30
1757649347513 90.70181364891774 31
1757649347583 88.89064464553373 32
1757649347658 87.11574228598984 33
1757649347720 85.3763790526742 34
1757649347785 83.67184205325556 35
1757649347846 82.00143272596691 36
1757649347911 80.36704587385262 37
1757649347974 78.7653284229324 38
1757649348035 77.19562629045807 39
1757649348098 75.65729851410646 40
1757649348158 74.14971698822367 41
1757649348220 72.6722662053844 42
1757649348281 71.22434300315953 43
1757649348342 69.80535631598593 44
1757649348405 68.41472693203615 45
1757649348466 67.05188725498655 46
1757649348529 65.71628107058494 47
1757649348589 64.40736331792095 48
1757649348650 63.12459986530373 49
1757649348711 61.86746729065443 50
1757649348772 60.63545266632202 51
1757649348831 59.42805334823284 52
1757649348891 58.24477676928688 53
1757649348951 57.08514023691462 54
1757649349016 55.94867073471062 55
1757649349079 54.83490472806142 56
1757649349140 53.74338797368719 57
1757649349202 52.67367533301809 58
1757649349263 51.625330589327874 59
1757649349324 50.59792626854894 60
1757649349387 49.59104346369458 61
1757649349452 48.60427166281538 62
1757649349513 47.637208580418694 63
1757649349602 46.68945999228128 64
1757649349672 45.76063957358637 65
1757649349742 44.850368740318416 66
1757649349808 43.95827649384957 67
1757649349871 43.08399926865357 68
1757649349935 42.22718078308383 69
1757649350001 41.38747189315425 70
1757649350063 40.564530449261575 71
1757649350122 39.75802115579065 72
1757649350208 38.96761543354387 73
1757649350273 38.19299128493818 74
1757649350339 37.43383316191371 75
1757649350403 36.68983183649933 76
1757649350468 35.96068427398154 77
1757649350538 35.24609350862434 78
1757649350599 34.545768521888455 79
1757649350662 33.859424123099636 80
1757649350725 33.186780832516604 81
1757649350785 32.52756476675034 82
1757649350845 31.88150752648724 83
1757649350908 31.24834608646968 84
1757649351030 30.627822687688656 85
1757649351092 30.019684731743656 86
1757649351156 29.423684677326317 87
1757649351221 28.839579938784947 88
1757649351285 28.267132786727995 89
1757649351346 27.706110250625382 90
1757649351407 27.156284023367526 91
1757649351469 26.61743036774243 92
1757649351530 26.089330024792417 93
1757649351589 25.571768124012433 94
1757649351657 25.06453409535298 95
1757649351723 24.567421582991237 96
1757649351783 24.080228360834838 97
1757649351844 23.602756249723228 98
1757649351905 23.134811036292685 99
1757649351966 22.676202393471282 100
1757649352027 22.226743802570972 101
1757649352087 21.786252476944846 102
1757649352148 21.35454928717779 103
1757649352207 20.931458687779816 104
1757649352267 20.516808645351755 105
1757649352327 20.11043056819375 106
1757649352389 19.71215923732742 107
1757649352453 19.32183273890318 108
1757649352515 18.939292397965072 109
1757649352576 18.564382713545502 110
1757649352638 18.19695129506335 111
1757649352699 17.83684879999902 112
1757649352759 17.48392887282089 113
1757649352978 17.138048085137907 114
1757649353089 16.79906587705368 115
1757649353158 16.466844499697842 116
1757649353238 16.141248958911095 117
1757649353307 15.822146960060595 118
1757649353373 15.50940885396308 119
1757649353439 15.202907583893353 120
1757649353504 14.902518633656273 121
1757649353569 14.60811997670101 122
1757649353633 14.31959202625644 123
1757649353703 14.03681758646715 124
1757649353768 13.759681804510073 125
1757649353832 13.488072123671902 126
1757649353893 13.22187823736798 127
1757649353954 12.960992044083774 128
1757649354016 12.705307603220332 129
1757649354077 12.454721091825625 130
1757649354138 12.20913076219389 131
1757649354200 11.9684369003155 132
1757649354261 11.73254178516041 133
1757649354321 11.50134964877822 134
1757649354386 11.274766637198608 135
1757649354447 11.05270077211595 136
1757649354508 10.835061913342404 137
1757649354586 10.621761722013986 138
1757649354657 10.412713624534563 139
1757649354725 10.207832777242833 140
1757649354790 10.007036031787877 141
1757649354852 9.810241901198944 142
1757649354915 9.617370526635627 143
1757649354976 9.428343644804606 144
1757649355037 9.24308455602976 145
1757649355119 9.061518092962345 146
1757649355185 8.88357058991848 147
1757649355248 8.709169852831312 148
1757649355310 8.538245129805517 149
1757649355375 8.37072708226204 150
1757649355444 8.206547756661157 151
1757649355506 8.045640556792417 152
1757649355569 7.887940216619823 153
1757649355633 7.733382773671325 154
1757649355694 7.5819055429616125 155
1757649355763 7.433447091437435 156
1757649355843 7.287947212935078 157
1757649355950 7.1453469036396156 158
1757649356128 7.0055883380358965 159
1757649356199 6.868614845341408 160
1757649356268 6.734370886411321 161
1757649356336 6.602802031106259 162
1757649356402 6.473854936113457 163
1757649356474 6.347477323212294 164
1757649356540 6.223617957975129 165
1757649356606 6.10222662889493 166
1757649356668 5.983254126930861 167
1757649356731 5.866652225463714 168
1757649356794 5.752373660652706 169
1757649356857 5.64037211218576 170
1757649356920 5.530602184415339 171
1757649356983 5.423019387872024 172
1757649357044 5.31758012114834 173
1757649357105 5.214241653145363 174
1757649357168 5.1129621056748285 175
1757649357231 5.013700436409627 176
1757649357299 4.916416422175678 177
1757649357367 4.821070642578342 178
1757649357450 4.727624463956667 179
1757649357535 4.636040023658898 180
1757649357620 4.546280214632738 181
1757649357697 4.458308670324192 182
1757649357793 4.37208974987864 183
1757649357875 4.287588523638176 184
1757649357948 4.204770758929282 185
1757649358028 4.12360290613493 186
1757649358104 4.044052085045507 187
1757649358176 3.966086071482887 188
1757649358248 3.8896732841922335 189
1757649358316 3.8147827719961387 190
1757649358383 3.7413842012058347 191
1757649358450 3.6694478432843427 192
1757649358530 3.5989445627564822 193
1757649358598 3.5298458053608353 194
1757649358660 3.462123586438747 195
1757649358725 3.395750479555683 196
1757649358789 3.3306996053502336 197
1757649358852 3.2669446206062367 198
1757649358915 3.2044597075435357 199
1757649358978 3.1432195633229587 200
1757649359043 3.0831993897612886 201
1757649359107 3.024374883251967 202
1757649359172 2.9667222248874254 203
1757649359237 2.9102180707789986 204
1757649359303 2.85483954257046 205
1757649359386 2.8005642181413304 206
1757649359450 2.747370122496089 207
1757649359512 2.6952357188356317 208
1757649359593 2.6441398998073047 209
1757649359663 2.5940619789298993 210
1757649359728 2.544981682190152 211
1757649359792 2.4968791398072945 212
1757649359864 2.4497348781622725 213
1757649359929 2.4035298118883746 214
1757649359991 2.3582452361199873 215
1757649360060 2.3138628188963484 216
1757649360125 2.2703645937171713 217
1757649360188 2.2277329522471296 218
1757649360253 2.1859506371661657 219
1757649360315 2.1450007351627662 220
1757649360382 2.104866670067299 221
1757649360447 2.0655321961226054 222
1757649360512 2.026981391389148 223
1757649360576 1.9891986512819502 224
1757649360643 1.9521686822367514 225
1757649360706 1.9158764955027385 226
1757649360771 1.8803074010593543 227
1757649360832 1.8454470016547042 228
1757649360897 1.8112811869630818 229
1757649360959 1.7777961278592829 230
1757649361024 1.7449782708073298 231
1757649361088 1.712814332361336 232
1757649361154 1.6812912937762612 233
1757649361222 1.6503963957263716 234
1757649361287 1.6201171331292072 235
1757649361350 1.5904412500729985 236
1757649361414 1.5613567348454251 237
1757649361477 1.5328518150617054 238
1757649361542 1.5049149528900145 239
1757649361607 1.4775348403723005 240
1757649361670 1.4507003948385886 241
1757649361736 1.4244007544128725 242
1757649361806 1.3986252736088152 243
1757649361877 1.3733635190133981 244
1757649361943 1.3486052650568212 245
1757649362009 1.3243404898668694 246
1757649362072 1.3005593712061105 247
1757649362136 1.2772522824902282 248
1757649362199 1.2544097888858887 249
1757649362263 1.2320226434865327 250
1757649362327 1.2100817835645432 251
1757649362392 1.1885783268982715 252
1757649362457 1.1675035681724129 253
1757649362523 1.1467165425843406 254
1757649362587 1.126474881353479 255
1757649362652 1.1066368119349597 256
1757649362715 1.0870660189527561 257
1757649362780 1.0680121653500205 258
1757649362844 1.0493382725316156 259
1757649362908 1.0309124079511907 260
1757649362971 1.012976719032394 261
1757649363035 0.9953987481484468 262
1757649363101 0.9780506916515858 263
1757649363166 0.9611676137348034 264
1757649363231 0.9446213176808941 265
1757649363295 0.9282878869006297 266
1757649363358 0.9123957150337305 267
1757649363423 0.8968206185519653 268
1757649363487 0.8814423376267767 269
1757649363552 0.866482989232731 270
1757649363614 0.8518221670900327 271
1757649363676 0.8373430488510147 272
1757649363740 0.8232618507131997 273
1757649363806 0.8094617189517053 274
1757649363868 0.7958290599376123 275
1757649363937 0.7825745477370217 276
1757649364001 0.7694811311199933 277
1757649364065 0.7567506295136608 278
1757649364129 0.7442743492475563 279
1757649364194 0.7319461864309538 280
1757649364258 0.7199631765819066 281
1757649364321 0.7082195307549459 282
1757649364386 0.6966117716691684 283
1757649364450 0.6853324591987554 284
1757649364513 0.6741839237984353 285
1757649364593 0.6633505546508799 286
1757649364660 0.6527337097414884 287
1757649364724 0.6422364602288316 288
1757649364790 0.6320393985902879 289
1757649364854 0.6219574872218345 290
1757649364919 0.6121635834332663 291
1757649364983 0.6025655582134057 292
1757649365049 0.5930724421681896 293
1757649365139 0.5838539247032849 294
1757649365206 0.5748198546920782 295
1757649365271 0.5658810285174116 296
1757649365336 0.557204202637199 297
1757649365401 0.5486191364512395 298
1757649365466 0.5402854048454091 299
1757649365535 0.5321185543321664 300
1757649365600 0.5240345841280584 301
1757649365666 0.5161906997743324 302
1757649365732 0.5084267095661842 303
1757649365799 0.5008929988474974 304
1757649365889 0.4935102897393517 305
1757649365967 0.48619929976438625 306
1757649366039 0.4791085664285055 307
1757649366106 0.47208701239715395 308
1757649366175 0.465276689292104 309
1757649366241 0.45860301294121586 310
1757649366307 0.45199097208865924 311
1757649366374 0.44558125287023603 312
1757649366440 0.43923102933846464 313
1757649366506 0.43307481089036504 314
1757649366575 0.4269760570988409 315
1757649366640 0.42106329798371556 316
1757649366706 0.4152693862799308 317
1757649366771 0.4095261128172594 318
1757649366837 0.40396137334021026 319
1757649366902 0.3984455867100096 320
1757649366968 0.3931009408552464 321
1757649367034 0.3878036510339423 322
1757649367100 0.3826703804359922 323
1757649367167 0.37764050564182655 324
1757649367234 0.37265177241655195 325
1757649367299 0.36782086584015755 326
1757649367366 0.36302980313407407 327
1757649367431 0.3583899822484642 328
1757649367497 0.35384377353272356 329
1757649367563 0.3493316171880387 330
1757649367629 0.34496527549777106 331
1757649367696 0.3406319567040811 332
1757649367761 0.33643835518133886 333
1757649367826 0.3322768068970321 334
1757649367891 0.3282491015083682 335
1757649367958 0.3242525362975044 336
1757649368028 0.3203841545841549 337
1757649368094 0.31659411013081307 338
1757649368161 0.31282995421678716 339
1757649368227 0.3091898750662825 340
1757649368292 0.30557499692144025 341
1757649368359 0.30207894058843265 342
1757649368426 0.29860744169649905 343
1757649368490 0.29524970151252106 344
1757649368555 0.2919601880368855 345
1757649368620 0.28869035964346734 346
1757649368686 0.2855310337470015 347
1757649368750 0.2823909458625202 348
1757649368816 0.27935664783833936 349
1757649368882 0.27634117394200863 350
1757649368946 0.27342694885955565 351
1757649369011 0.2705311651827411 352
1757649369077 0.2677322547427243 353
1757649369142 0.2649905172784678 354
1757649369209 0.26226271416187763 355
1757649369275 0.2596295089006414 356
1757649369341 0.2570100224242821 357
1757649369406 0.2544810471152789 358
1757649369471 0.2519655973295962 359
1757649369540 0.24953672048171702 360
1757649369620 0.24712119667177476 361
1757649369688 0.24478845076150665 362
1757649369756 0.2424689047369341 363
1757649369824 0.24022847968727729 364
1757649369893 0.2380341924657027 365
1757649369960 0.2358489177858849 366
1757649370036 0.23374151400910845 367
1757649370103 0.23164310979574132 368
1757649370170 0.22961914457607063 369
1757649370237 0.22760417823887508 370
1757649370305 0.22566034343012453 371
1757649370372 0.2237255180688164 372
1757649370440 0.22185863682747828 373
1757649370509 0.22000078585365712 374
1757649370575 0.2182078074170511 375
1757649370645 0.2164238893900704 376
1757649370712 0.21470188406278795 377
1757649370778 0.21301578550636208 378
1757649370846 0.2113348133910669 379
1757649370911 0.20971549844476986 380
1757649370976 0.2081014575312935 381
1757649371043 0.20654627738572784 382
1757649371109 0.20499652274687136 383
1757649371176 0.20350293374815556 384
1757649371242 0.20201492497452567 385
1757649371309 0.20058048444187077 386
1757649371376 0.19915178150114823 387
1757649371442 0.19777414371127294 388
1757649371508 0.19640240297215295 389
1757649371574 0.19507931530385406 390
1757649371641 0.1937622857180769 391
1757649371708 0.19249158495054172 392
1757649371774 0.19122710438669718 393
1757649371842 0.19000671314540435 394
1757649371911 0.1888123470970465 395
1757649371979 0.18762044634414735 396
1757649372049 0.18647340713661503 397
1757649372121 0.1853290942977823 398
1757649372188 0.18422750390002723 399
1757649372254 0.18312889799175988 400
1757649372323 0.182070952943367 401
1757649372393 0.18101624727709006 402
1757649372461 0.18000021572246927 403
1757649372528 0.17898767496309903 404
1757649372594 0.17801189380395335 405
1757649372661 0.1770398511453555 406
1757649372727 0.1761027233066985 407
1757649372794 0.17516957775937347 408
1757649372860 0.1742695695645416 409
1757649372926 0.1733737833510553 410
1757649372994 0.1725094220013607 411
1757649373061 0.17164951805522047 412
1757649373128 0.1708193892100546 413
1757649373195 0.16999394877390286 414
1757649373263 0.16919669422726963 415
1757649373330 0.16840435454643485 416
1757649373398 0.1676386699960634 417
1757649373466 0.16687812210366207 418
1757649373532 0.1661427550089904 419
1757649373599 0.16542388493327106 420
1757649373667 0.16470647080334364 421
1757649373734 0.16401610138555922 422
1757649373801 0.16332749606669628 423
1757649373870 0.1626644953142915 424
1757649373938 0.16200355923596568 425
1757649374005 0.161366840121533 426
1757649374097 0.1607324786940782 427
1757649374166 0.16012099736711058 428
1757649374235 0.1595121592027907 429
1757649374304 0.1589249132727253 430
1757649374374 0.15834058847741667 431
1757649374443 0.1577766153651188 432
1757649374511 0.1572158338977826 433
1757649374595 0.15667420925272435 434
1757649374667 0.156136039349974 435
1757649374736 0.15561587553048972 436
1757649374804 0.1550994221936509 437
1757649374873 0.15459986680774174 438
1757649374942 0.15410427034992155 439
1757649375012 0.1536245048541885 440
1757649375090 0.15314893950495492 441
1757649375168 0.1526881778593392 442
1757649375237 0.15223185042472587 443
1757649375306 0.15178933780082518 444
1757649375374 0.15135148637645046 445
1757649375444 0.15092649791726856 446
1757649375518 0.15050639065245738 447
1757649375586 0.15009823028153815 448
1757649375657 0.14969516419241594 449
1757649375726 0.14930316347038228 450
1757649375796 0.14891646329999175 451
1757649375866 0.14853998032660323 452
1757649375935 0.14816899745017487 453
1757649376004 0.14780741581007892 454
1757649376073 0.14745152718365698 455
1757649376149 0.1471042549340987 456
1757649376219 0.14676286208479902 457
1757649376290 0.14642933078360676 458
1757649376360 0.14610185883985052 459
1757649376430 0.14578152261209393 460
1757649376499 0.14546741937223057 461
1757649376568 0.1451597540140093 462
1757649376637 0.1448584890517996 463
1757649376707 0.14456299116967922 464
1757649376775 0.1442740549751757 465
1757649376841 0.14399024115984835 466
1757649376913 0.14371314431426663 467
1757649376985 0.1434405503470742 468
1757649377052 0.14317482273030485 469
1757649377122 0.1429130028213134 470
1757649377190 0.1426581928507784 471
1757649377259 0.1424067189071442 472
1757649377328 0.14216239280675272 473
1757649377397 0.1419208537301758 474
1757649377465 0.14168659482818413 475
1757649377532 0.1414545958402875 476
1757649377602 0.14123000389491924 477
1757649377672 0.1410071658894413 478
1757649377740 0.14079185644116055 479
1757649377809 0.14057781536189423 480
1757649377878 0.14037141911128084 481
1757649377947 0.14016582535473177 482
1757649378015 0.13996798756493728 483
1757649378085 0.13977050540671723 484
1757649378156 0.1395808853295295 485
1757649378228 0.13939119237354086 486
1757649378299 0.1392094626981237 487
1757649378368 0.13902724934762323 488
1757649378438 0.13885309567102516 489
1757649378507 0.13867806462070473 490
1757649378575 0.13851118493928227 491
1757649378644 0.13834305068751923 492
1757649378712 0.13818315490843813 493
1757649378780 0.1380216432889202 494
1757649378848 0.13786845276094667 495
1757649378986 0.13771330049289643 496
1757649379071 0.13756654755570674 497
1757649379148 0.13741750181196888 498
1757649379223 0.13727692936325006 499
