1757651434837 65.56868977440725 0
1757651434996 28.60284682912516 1
1757651435214 16.020860861845243 2
1757651435431 9.13762215582379 3
1757651435632 0.4476047453568534 4
1757651435828 1.7487707073714933 5
1757651436073 0.2540727004613355 6
1757651436283 0.08536574954934834 7
1757651436473 0.15420213958841592 8
1757651436649 0.09714638277936548 9
1757651436849 0.0014116067682492738 10
1757651437050 0.0044228423273742 11
1757651437231 0.04829323337661692 12
1757651437439 0.2112958024963946 13
1757651437621 0.17216439981530238 14
1757651437775 0.04240545146989563 15
1757651437975 0.29681926008747467 16
1757651438164 0.16463767146303707 17
1757651438352 0.35422821774778634 18
1757651438547 0.1531647863754257 19
1757651438748 0.01638282429780937 20
1757651438933 0.14475923019023157 21
1757651439115 0.02577296400285075 22
1757651439324 0.0958328157136222 23
1757651439515 0.0031326195070566112 24
1757651439663 0.10329007226646997 25
1757651439808 0.09182950219600547 26
1757651439950 0.0005254842078372033 27
1757651440087 0.000647442077591906 28
1757651440241 0.0778899786640391 29
1757651440363 0.8307914270408145 30
1757651440491 0.5362210756731705 31
1757651440622 0.027859936974053194 32
1757651440782 0.25063009295951044 33
1757651440952 0.023114871358928195 34
1757651441136 0.04016165969810288 35
1757651441328 0.06787110720002075 36
1757651441566 0.6226472418880294 37
1757651441758 0.08934459108772182 38
1757651441931 0.36387136666220793 39
