1757625092591 29.51351728841484 0
1757625092640 4.8009859159220865 1
1757625092683 1.2096967587014185 2
1757625092787 0.3962553322209891 3
1757625092838 0.11972961258989984 4
1757625092883 0.09621978512716924 5
1757625092928 0.09874964861645176 6
1757625092971 0.09614420894931372 7
1757625093017 0.09143197691278913 8
1757625093061 0.13354668316726773 9
1757625093108 0.2545385342415913 10
1757625093155 0.1332580174274725 11
1757625093197 0.12711860562070867 12
1757625093241 0.07286372571152003 13
1757625093284 0.11968621414988086 14
1757625093327 0.0573304212664649 15
1757625093372 0.12673572431737945 16
1757625093450 0.07892865551805738 17
1757625093494 0.1348487302515135 18
1757625093538 0.1810675104130614 19
1757625093580 0.0733004790775427 20
1757625093626 0.10511077711929524 21
1757625093668 0.07811869108382596 22
1757625093712 0.09084325425573302 23
1757625093757 0.22264624898611807 24
1757625093802 0.052574932386398876 25
1757625093850 0.1555363521857355 26
1757625093960 0.10454772791097397 27
1757625094005 0.10111367414405308 28
1757625094048 0.1542006783708202 29
1757625094096 0.07886650469064964 30
1757625094142 0.1176958686905923 31
1757625094190 0.14177680726750078 32
1757625094235 0.14022816386550305 33
1757625094279 0.11483475242049845 34
1757625094326 0.11408576536505642 35
1757625094397 0.09118324232918747 36
1757625094446 0.137529472142577 37
1757625094490 0.11641854501377161 38
1757625094560 0.06965644275826495 39
1757625094630 0.07878509925150662 40
1757625094675 0.10585216591950891 41
1757625094720 0.1069117550646627 42
1757625094764 0.07899481666418501 43
1757625094814 0.1277223492788713 44
1757625094868 0.09153700120097832 45
1757625094926 0.11435506938945088 46
1757625094986 0.11121088753687222 47
1757625095054 0.12428494210655605 48
1757625095112 0.1299803874292945 49
1757625095170 0.056075584008688256 50
1757625095229 0.15370669659753594 51
1757625095301 0.1441201230375841 52
1757625095376 0.07193649418221569 53
1757625095435 0.12556142501013517 54
1757625095492 0.060135927658161364 55
1757625095543 0.1489028508504422 56
1757625095592 0.08583119506626621 57
1757625095642 0.1345856141627192 58
1757625095697 0.2215842059465107 59
1757625095756 0.09214798104974171 60
1757625095811 0.09167492089589177 61
1757625095865 0.11220576851068176 62
1757625095921 0.10198000477817634 63
1757625096021 0.1148004939176524 64
1757625096079 0.13518703216378036 65
1757625096128 0.1314332498492255 66
1757625096178 0.08990984246981946 67
1757625096232 0.13169125212152757 68
1757625096283 0.13928826149474638 69
1757625096339 0.17957031502521303 70
1757625096397 0.11367794275101561 71
1757625096456 0.20238634590009655 72
1757625096506 0.12068438401209736 73
1757625096557 0.1459572804411812 74
1757625096607 0.046213894873071995 75
1757625096658 0.08673409729307346 76
1757625096712 0.1257724657529627 77
1757625096762 0.06900145465951363 78
1757625096812 0.12488064751384703 79
1757625096863 0.05845308964691762 80
1757625096912 0.05956291468106726 81
1757625096980 0.17494233426083766 82
1757625097032 0.11156795584570375 83
1757625097083 0.06531675776594748 84
1757625097135 0.10056206919807079 85
1757625097191 0.10842266568872391 86
1757625097244 0.05537613206973525 87
1757625097294 0.11096281120917956 88
1757625097347 0.13574988747708233 89
1757625097401 0.10937244211086496 90
1757625097457 0.09082699302262415 91
1757625097510 0.0761035939471445 92
1757625097557 0.06109384722698087 93
1757625097606 0.11229292183129115 94
1757625097660 0.05390319012966345 95
1757625097717 0.10898056996184811 96
1757625097773 0.08606340903322979 97
1757625097830 0.08023891503864669 98
1757625097892 0.14776145731681092 99
1757625097956 0.07735095312286656 100
1757625098013 0.09730957144308473 101
1757625098070 0.18500548204443915 102
1757625098126 0.1844294146984813 103
1757625098173 0.14589070266069404 104
1757625098220 0.0916620062857206 105
1757625098280 0.07119764110133121 106
1757625098344 0.0750474544924807 107
1757625098415 0.10370486097787332 108
1757625098478 0.0922604320628367 109
1757625098544 0.15396695156115542 110
1757625098607 0.11202508594099127 111
1757625098658 0.065637729053016 112
1757625098713 0.15287645048085283 113
1757625098770 0.054245699403516125 114
1757625098820 0.09317309970016671 115
1757625098868 0.12524292639876033 116
1757625098915 0.10873933306683002 117
1757625098964 0.12989035851522687 118
1757625099012 0.1233617532960566 119
1757625099058 0.07129520959265466 120
1757625099109 0.124185491275373 121
1757625099164 0.10489958474661423 122
1757625099235 0.16791117262807886 123
1757625099294 0.1050643431871116 124
1757625099362 0.1300439728190624 125
1757625099435 0.09047063100986692 126
1757625099495 0.08852756268671227 127
1757625099550 0.11494499851332662 128
1757625099601 0.08779360598493348 129
1757625099648 0.09458072853102638 130
1757625099699 0.09876266579417049 131
1757625099754 0.07707500283719423 132
1757625099808 0.1464946440472507 133
1757625099865 0.12278411528954511 134
1757625099922 0.11931513240050566 135
1757625099983 0.17968928953633412 136
1757625100039 0.392159666764247 137
1757625100093 0.0707107444659769 138
1757625100147 0.14921156288371581 139
1757625100202 0.0902300943584444 140
1757625100256 0.17031065171936852 141
1757625100319 0.11074772269848097 142
1757625100374 0.15793252720183948 143
1757625100430 0.18130830720701255 144
1757625100489 0.08949153801340617 145
1757625100543 0.0972525442529873 146
1757625100596 0.11754060688797886 147
1757625100645 0.07250354951678355 148
1757625100693 0.06687788291790975 149
1757625100741 0.11123002738334083 150
1757625100788 0.07926643481330785 151
1757625100837 0.15750198637345225 152
1757625100885 0.143247089009866 153
1757625100932 0.06317889079592601 154
1757625100980 0.19987177878608797 155
1757625101029 0.10014723608678204 156
1757625101076 0.09490080806454364 157
1757625101124 0.11619240935054556 158
1757625101171 0.08779862218696265 159
1757625101219 0.09872687835999266 160
1757625101266 0.14138878452480427 161
1757625101318 0.09950553032293932 162
1757625101368 0.14259129314432634 163
1757625101416 0.08454016168421352 164
1757625101465 0.39361281899510936 165
1757625101514 0.08592894042300177 166
1757625101561 0.0842940500982986 167
1757625101610 0.09475332948006517 168
1757625101658 0.07353731451634335 169
1757625101705 0.0847751929699074 170
1757625101753 0.04868444437741135 171
1757625101802 0.0995259201784441 172
1757625101854 0.13168138217860517 173
1757625101902 0.09157553976490719 174
1757625101950 0.0756169675030324 175
1757625102003 0.08682867661186028 176
1757625102051 0.1475493317043877 177
1757625102099 0.08790959827891433 178
1757625102148 0.08219300699503461 179
1757625102199 0.11126030740886943 180
1757625102250 0.11325632900177209 181
1757625102298 0.09984778216076876 182
1757625102352 0.1113029026473521 183
1757625102401 0.09730490922601383 184
1757625102449 0.06595896938172852 185
1757625102499 0.10787103300580726 186
1757625102547 0.1443587784010315 187
1757625102595 0.12045436931690892 188
1757625102644 0.11836528170111976 189
1757625102693 0.08780224851088056 190
1757625102742 0.1386150256217932 191
1757625102790 0.08254666939306235 192
1757625102865 0.10040238521221669 193
1757625102999 0.11490569586240358 194
1757625103052 0.1038986386426447 195
1757625103106 0.1164950210281133 196
1757625103159 0.1320965087764101 197
1757625103212 0.09901884863898794 198
1757625103262 0.1449640318640813 199
1757625103312 0.1304401755719889 200
1757625103362 0.08696077025434057 201
1757625103412 0.13189391615909682 202
1757625103461 0.16018866006408378 203
1757625103510 0.06766555870433219 204
1757625103559 0.0814486284457457 205
1757625103608 0.05402510435076608 206
1757625103658 0.23908933958148973 207
1757625103707 0.1744720109946698 208
1757625103757 0.08073676555357165 209
1757625103806 0.13801177830581976 210
1757625103856 0.1567569816393138 211
1757625103905 0.14132516871966255 212
1757625103954 0.05549621395748998 213
1757625104004 0.08197738467300633 214
1757625104053 0.1932226773097076 215
1757625104102 0.08734631604409508 216
1757625104152 0.13731507067840634 217
1757625104200 0.08904368325878455 218
1757625104250 0.11899917944998092 219
1757625104301 0.12919083041543616 220
1757625104364 0.10930725329711724 221
1757625104424 0.08029717593297428 222
1757625104475 0.10877364217548058 223
1757625104524 0.0708627768659393 224
1757625104575 0.13643927363456654 225
1757625104625 0.07088796979573385 226
1757625104675 0.0602304218112466 227
1757625104726 0.1304628842461322 228
1757625104775 0.10330332723871286 229
1757625104826 0.15151055121788476 230
1757625104876 0.056752636566968793 231
1757625104926 0.07324792535274056 232
1757625104976 0.14509434346321987 233
1757625105025 0.22508579036801224 234
1757625105075 0.15504778385287774 235
1757625105127 0.1233498428089831 236
1757625105176 0.197360066550908 237
1757625105226 0.1306383628958003 238
1757625105276 0.09311585303465675 239
1757625105326 0.13899417371448095 240
1757625105381 0.18486128483607261 241
1757625105437 0.042721192682725145 242
1757625105487 0.05777026769063475 243
1757625105537 0.08810889885239617 244
1757625105588 0.0819188017707119 245
1757625105638 0.060738692803747156 246
1757625105688 0.11560998611188276 247
1757625105773 0.1682569821187532 248
1757625105826 0.08835878859026336 249
1757625105878 0.13521275995052648 250
1757625105928 0.08744227089549873 251
1757625105979 0.13524214413168004 252
1757625106030 0.150587766925594 253
1757625106081 0.05959628277184599 254
1757625106131 0.14977443236636573 255
1757625106182 0.1215330850325443 256
1757625106232 0.16066829222944165 257
1757625106282 0.08052442506014681 258
1757625106335 0.14449133951667836 259
1757625106394 0.20247830956018323 260
1757625106450 0.07094186424815063 261
1757625106515 0.08105048782434525 262
1757625106583 0.1470384696518725 263
1757625106646 0.22076339943901205 264
1757625106706 0.09332429478069075 265
1757625106766 0.09611549094952934 266
1757625106827 0.1091924542034409 267
1757625106884 0.12322377458581373 268
1757625106945 0.08713101920857293 269
1757625107038 0.09094695296033471 270
1757625107094 0.08876809930127391 271
1757625107146 0.08966307755489258 272
1757625107202 0.14733813484857505 273
1757625107262 0.19552686033740224 274
1757625107322 0.10283884140463903 275
1757625107381 0.13391571016158862 276
1757625107444 0.06940297537408682 277
1757625107507 0.12340509851299467 278
1757625107575 0.12265833753998709 279
1757625107635 0.07127154361425872 280
1757625107692 0.06255453264160073 281
1757625107749 0.10448528687940971 282
1757625107800 0.12278075555666675 283
1757625107852 0.11310404103784906 284
1757625107908 0.14169249268062134 285
1757625107961 0.09425820380691734 286
1757625108021 0.09068998956052265 287
1757625108077 0.09445518557413084 288
1757625108136 0.10337573834365947 289
1757625108194 0.10028706587130254 290
1757625108248 0.10828312718087806 291
1757625108303 0.08647618769668321 292
1757625108362 0.13727627788586794 293
1757625108424 0.08848903902646774 294
1757625108480 0.1790866014588675 295
1757625108537 0.11949100988783247 296
1757625108589 0.0500666065882627 297
1757625108642 0.062214446426614174 298
1757625108693 0.09191242518767465 299
1757625108752 0.12088856333792775 300
1757625108818 0.053485714405361984 301
1757625108882 0.11037025607623167 302
1757625108944 0.110845648758897 303
1757625109004 0.1335239491613228 304
1757625109064 0.10683638302558936 305
1757625109124 0.22594353071999673 306
1757625109180 0.08546893502425018 307
1757625109233 0.14594074007498095 308
1757625109285 0.10169226996289302 309
1757625109341 0.072266595238565 310
1757625109408 0.11941972139759101 311
1757625109468 0.1122984959624989 312
1757625109538 0.15584659934970288 313
1757625109625 0.1298075837262601 314
1757625109681 0.08489412786752343 315
1757625109734 0.16673470655106357 316
1757625109786 0.09283286471813458 317
1757625109838 0.12543303126433963 318
1757625109898 0.13012667143860418 319
1757625109957 0.10676506842069913 320
1757625110011 0.09443391292331586 321
1757625110063 0.0955705697107233 322
1757625110115 0.10970622940883612 323
1757625110168 0.13199504559935782 324
1757625110220 0.10679066536645736 325
1757625110272 0.09484611190563852 326
1757625110326 0.09146387420555875 327
1757625110386 0.09297501967378356 328
1757625110454 0.14555389375311714 329
1757625110513 0.08522721039595374 330
1757625110567 0.10391454774434541 331
1757625110620 0.08488887010649962 332
1757625110672 0.08561048266866242 333
1757625110730 0.096610966860994 334
1757625110782 0.08918774919119704 335
1757625110835 0.16114407725698596 336
1757625110888 0.13911108177074039 337
1757625110942 0.1277387989720588 338
1757625110995 0.06766292024921976 339
1757625111048 0.15540525026989047 340
1757625111100 0.12380523679142184 341
1757625111155 0.0886437263422678 342
1757625111208 0.11512526367613102 343
1757625111261 0.10492069986146094 344
1757625111314 0.09633112946908881 345
1757625111368 0.1236746873341579 346
1757625111426 0.07066076603302776 347
1757625111484 0.10714592587550416 348
1757625111538 0.11140676043180964 349
1757625111590 0.1499764766641511 350
1757625111643 0.1443543546439003 351
1757625111697 0.17705220170977973 352
1757625111750 0.13998954298292207 353
1757625111803 0.08923735718715874 354
1757625111856 0.13060126528012572 355
1757625111910 0.07827236928813133 356
1757625111963 0.11793607354317005 357
1757625112017 0.20717910016315802 358
1757625112070 0.10538199734917356 359
1757625112124 0.09148033861820998 360
1757625112177 0.1388886963912348 361
1757625112229 0.11929739590773786 362
1757625112283 0.1092562004482869 363
1757625112337 0.1325314222328561 364
1757625112390 0.06309007957954185 365
1757625112443 0.12711960453280166 366
1757625112501 0.11637640866089452 367
1757625112554 0.059557166726337894 368
1757625112607 0.09886161428893857 369
1757625112661 0.09110170802985294 370
1757625112714 0.10615078371549617 371
1757625112767 0.13142414594693402 372
1757625112823 0.1336756498547418 373
1757625112881 0.10625819309201195 374
1757625112941 0.08886789466103126 375
1757625112999 0.11042706753371714 376
1757625113059 0.12645152065564483 377
1757625113123 0.1202593889659911 378
1757625113186 0.12219286540916714 379
1757625113246 0.12996760095671717 380
1757625113306 0.1460662215315545 381
1757625113366 0.054314642618728266 382
1757625113424 0.0781015930469854 383
1757625113480 0.09048254850256855 384
1757625113544 0.0628312259708213 385
1757625113610 0.18170225535467785 386
1757625113678 0.09539136614794404 387
1757625113805 0.11958598986786985 388
1757625113869 0.11284419365354885 389
1757625113926 0.08852625440975923 390
1757625113983 0.05068814393607738 391
1757625114040 0.15264409742198146 392
1757625114096 0.18086152295041916 393
1757625114150 0.11907247005755252 394
1757625114204 0.10780076559581535 395
1757625114258 0.08581325833846423 396
1757625114312 0.1299007182511744 397
1757625114379 0.0706367724917554 398
1757625114439 0.09108288191609491 399
1757625114494 0.11325759584721512 400
1757625114554 0.11734328135981054 401
1757625114608 0.14045685994217505 402
1757625114663 0.09190933158698454 403
1757625114723 0.11514523910697977 404
1757625114780 0.12430215551433968 405
1757625114832 0.137682014228402 406
1757625114889 0.1264022873009704 407
1757625114943 0.08228029044327291 408
1757625114997 0.17618720790880651 409
1757625115052 0.10058832205493524 410
1757625115105 0.08658068819903152 411
1757625115167 0.10589007482732447 412
1757625115234 0.06966229713767268 413
1757625115303 0.19884827598835988 414
1757625115371 0.12517324217504833 415
1757625115437 0.12038136137174282 416
1757625115500 0.11417673092003772 417
1757625115563 0.11343735010440298 418
1757625115625 0.10612997320950036 419
1757625115683 0.14981003070273008 420
1757625115739 0.07335618199895512 421
1757625115794 0.12186561619479526 422
1757625115849 0.08218653674267588 423
1757625115903 0.08615467881615109 424
1757625115959 0.08110088235282925 425
1757625116014 0.13162120995425827 426
1757625116067 0.17086375208625942 427
1757625116122 0.07118147023597682 428
1757625116177 0.16859080716080033 429
1757625116232 0.13655316623097616 430
1757625116287 0.13030972629853663 431
1757625116340 0.05976185124004658 432
1757625116395 0.09519497097626009 433
1757625116450 0.09910962482308994 434
1757625116506 0.04754167965742192 435
1757625116571 0.07535669928598689 436
1757625116626 0.0950591648578723 437
1757625116682 0.10753050536553266 438
1757625116737 0.09955481414427253 439
1757625116791 0.0690625182465064 440
1757625116847 0.061346222104445784 441
1757625116904 0.1262873317692581 442
1757625116965 0.07808128756779936 443
1757625117026 0.09895531029736924 444
1757625117082 0.051359693142978134 445
1757625117137 0.0686319636383131 446
1757625117193 0.11050511893086 447
1757625117249 0.11371335562580727 448
1757625117308 0.07280185915003402 449
1757625117364 0.07400079427239017 450
1757625117419 0.13490517470082414 451
1757625117475 0.11198559124313731 452
1757625117530 0.07259049199185748 453
1757625117588 0.09556109203391025 454
1757625117648 0.2380214930419206 455
1757625117711 0.10480679770197802 456
1757625117768 0.14978836375808016 457
1757625117824 0.07637252839228588 458
1757625117882 0.15756776944552517 459
1757625117938 0.12920678202090558 460
1757625117995 0.08897269483140528 461
1757625118051 0.12439637066286519 462
1757625118107 0.12514943839936732 463
1757625118163 0.07652976228638586 464
1757625118218 0.08348484855404305 465
1757625118274 0.10235525620874239 466
