1757637228293 33.91204334018059 0
1757637228387 5.389863496028442 1
1757637228483 1.1007776238323081 2
1757637228573 0.010741299211460395 3
1757637228673 0.8321583679714267 4
1757637228779 0.3369925853814631 5
1757637228879 0.0026540521596769566 6
1757637228978 0.017066896952759706 7
1757637229068 0.038995329121009885 8
1757637229161 0.010686110131382227 9
1757637229255 0.05652062462143778 10
1757637229347 0.006121824218524809 11
1757637229441 0.0827324314756775 12
1757637229533 0.2966474108499337 13
1757637229625 0.19375920634631186 14
1757637229716 0.0024760672562431224 15
1757637229811 0.04617863136714579 16
1757637229902 0.003426943776923182 17
1757637229995 0.11561245616435994 18
1757637230087 0.027295200484391602 19
1757637230177 0.22183331797432027 20
1757637230299 3.5764575954492112e-06 21
1757637230390 5.349808843281059e-05 22
1757637230481 0.2442936732410377 23
1757637230574 0.12265048553563046 24
1757637230674 0.4155939647843379 25
1757637230767 0.11490669161995531 26
