1757645093020 64.58340347655704 0
1757645093112 18.172801407885203 1
1757645093206 11.74988619488665 2
1757645093299 5.391501338192017 3
1757645093393 0.8944415993565197 4
1757645093486 1.6181082994962321 5
1757645093580 0.9140247052065995 6
1757645093674 0.24193948013789526 7
1757645093775 0.00032305618547524194 8
1757645093893 0.0025756757079843143 9
1757645093988 0.08983297623181359 10
1757645094081 0.206306261371862 11
1757645094178 0.0016331338571547304 12
1757645094273 0.020719772921707277 13
1757645094366 0.0493064823244961 14
1757645094460 1.745505900296565 15
1757645094554 0.07504543704656748 16
1757645094649 0.021339417035877224 17
1757645094741 0.01755444248860856 18
1757645094835 0.018772366002866397 19
1757645094936 0.03470034411190823 20
1757645095031 0.011105109355222686 21
1757645095125 0.009995350789706056 22
1757645095218 0.08564676274500622 23
1757645095311 0.04065350374338827 24
1757645095405 0.02529562072949252 25
1757645095499 0.0005718460703762521 26
1757645095593 0.06089351759630991 27
1757645095689 0.08673700453644322 28
1757645095783 0.022703269650602636 29
1757645095878 0.03642316223528371 30
1757645095972 1.386646342244953e-05 31
1757645096066 0.01675728888383192 32
1757645096160 0.009495215352687096 33
1757645096255 0.0007020498739864956 34
1757645096350 0.12261669136016715 35
1757645096445 0.0004614517352223339 36
1757645096539 0.0073119160390606895 37
1757645096632 0.10248864414396897 38
1757645096726 0.09837341582824616 39
1757645096820 0.42817774368613387 40
1757645096917 0.030692525974466082 41
1757645097016 0.11249286016470998 42
1757645097111 0.00016181859981824462 43
1757645097206 0.3148720681366104 44
1757645097302 0.21544236349911042 45
1757645097397 0.0018529186458309192 46
1757645097492 0.03645672686267142 47
1757645097588 0.05227547063458123 48
1757645097682 0.906520953471144 49
1757645097777 0.0818421999999873 50
1757645097871 0.0601212560837215 51
1757645097967 9.936262631634635e-05 52
1757645098062 0.03373137618142801 53
1757645098157 0.06656867936802677 54
1757645098252 0.0006275058768888292 55
1757645098347 0.050900308409872023 56
1757645098441 0.017563743564793746 57
1757645098535 0.022657890831297264 58
1757645098631 0.034925964517907596 59
1757645098725 0.17163687856962143 60
1757645098841 0.011743316153795322 61
1757645098941 0.14434289878357082 62
1757645099043 0.3932051842170374 63
1757645099139 0.3617889477041099 64
1757645099235 0.036007855408961544 65
1757645099330 0.2657983236982331 66
1757645099426 0.06425257388916616 67
1757645099521 0.012263152608785735 68
1757645099618 0.5286739097042412 69
1757645099714 0.03454991158006954 70
1757645099811 0.032346137037051303 71
1757645099908 0.011155582619878071 72
1757645100002 0.14825338419096107 73
1757645100100 0.02616024352078733 74
1757645100196 0.08097227611652112 75
1757645100292 0.1358472014506844 76
1757645100388 0.00031361922937716977 77
1757645100483 0.03005084763071853 78
1757645100579 0.06998780650137194 79
1757645100675 0.007618035461536801 80
1757645100772 0.04035080408447023 81
1757645100868 0.4712298992436453 82
1757645100963 0.9238807815998274 83
1757645101064 0.034861627192622535 84
1757645101160 0.07534158764757905 85
1757645101257 0.00932557881678621 86
1757645101353 0.5747363121140135 87
1757645101448 0.002352108417224122 88
1757645101542 0.05468452371370439 89
1757645101639 0.0037198001925770347 90
1757645101833 0.06125204041982984 91
1757645101931 0.0751168966536537 92
1757645102029 0.0918455436513876 93
1757645102125 0.013503462565160952 94
1757645102221 0.013783101678723462 95
1757645102317 0.01748714876746752 96
1757645102413 0.009182605834479779 97
1757645102508 0.049365047674222035 98
1757645102604 0.026484063291714315 99
1757645102702 0.017195687105415785 100
1757645102798 0.2058349589332991 101
1757645102895 0.3185637627055012 102
1757645102990 0.00022484453523830602 103
1757645103092 4.567818212620697e-05 104
1757645103191 0.1390380041378982 105
1757645103337 0.5099625626987555 106
1757645103436 0.14146203132066767 107
1757645103535 0.04243012657146931 108
1757645103632 0.06170310932356161 109
1757645103728 0.06345060866656255 110
1757645103846 0.011415450801748727 111
1757645103944 0.06995310179482397 112
1757645104040 3.539408388342532e-06 113
1757645104137 0.05713653553055615 114
1757645104233 0.0004922741873623407 115
1757645104329 0.11628105931235325 116
1757645104426 9.453069300935199e-05 117
1757645104525 0.08159416020822603 118
1757645104620 0.29932029925719245 119
1757645104717 0.021614656206756865 120
1757645104815 0.0030100747732852134 121
1757645104912 0.2330328411799843 122
1757645105010 0.30084405322617097 123
1757645105111 0.18918592728456343 124
1757645105209 0.00413651100609364 125
1757645105309 0.004935534731937435 126
1757645105406 0.31863590166719946 127
1757645105501 1.0067348858708476 128
1757645105597 0.0755449996809452 129
1757645105694 0.07043629783189335 130
1757645105799 0.00011294031566131454 131
1757645105911 0.02940906060300502 132
1757645106012 0.0869330596735178 133
1757645106110 0.04292026837599325 134
1757645106206 0.31683530136159604 135
1757645106302 0.054000006337358145 136
1757645106401 0.21625495975833256 137
1757645106500 0.013983599045985862 138
1757645106597 0.16496747388140326 139
1757645106693 0.041384206192102334 140
1757645106790 0.10982117246757547 141
1757645106887 1.047257910787701 142
1757645106983 0.004949793962851569 143
1757645107081 0.04224511348724954 144
1757645107184 0.4249631957408592 145
1757645107282 3.588228987345311e-05 146
1757645107378 0.1904887480799254 147
1757645107476 0.00018285352397529812 148
1757645107574 0.09529794497588859 149
1757645107671 0.1324863990264761 150
1757645107768 0.7828769558149727 151
1757645107864 0.03401863269569879 152
1757645107961 0.002595752522790302 153
1757645108057 0.024692602845238408 154
1757645108155 0.007408052503355493 155
1757645108252 0.005292991648813314 156
1757645108350 0.0420136651041385 157
1757645108447 0.01796501866555918 158
1757645108544 0.422602166852212 159
1757645108643 0.5611248371470671 160
1757645108740 0.007031701006919143 161
1757645108851 0.3890576328542662 162
1757645108950 0.03343008350499696 163
1757645109047 0.06530528652760254 164
1757645109149 0.09551542492494657 165
1757645109248 0.003865001006582151 166
1757645109344 0.18854058113821792 167
1757645109444 0.20810141496435816 168
1757645109542 0.10135466812444244 169
1757645109641 0.1189722572635925 170
1757645109741 0.05730812007916897 171
1757645109840 0.012405026798241918 172
1757645109937 0.07033695616346637 173
1757645110036 0.10127214436957406 174
1757645110136 0.00451960856568236 175
1757645110234 0.2940215258950668 176
1757645110331 0.042316671756161287 177
1757645110429 0.09577489366672129 178
1757645110527 0.016690551244841683 179
1757645110624 0.12222562634748432 180
1757645110723 0.0040232860722782355 181
1757645110822 0.1671348142882307 182
1757645110919 6.764171848738419e-06 183
1757645111018 0.12186021176258596 184
1757645111117 3.092935214871876e-05 185
1757645111219 0.05832746026476414 186
1757645111319 0.013991017040173638 187
1757645111417 0.2588948682996494 188
1757645111515 2.3657381046411184e-05 189
1757645111612 0.00014276661643576144 190
1757645111711 0.8538739270458114 191
1757645111808 0.09546554672052951 192
1757645111905 0.39277899050093235 193
1757645112006 1.5425614578213807 194
1757645112105 1.4692156504073894 195
1757645112202 0.14175490316875272 196
1757645112300 0.003936861474232212 197
1757645112399 0.0587554130554552 198
1757645112496 0.0016310353260027607 199
1757645112594 0.02461649676178749 200
1757645112693 0.09306150016935816 201
1757645112792 0.2934200086055536 202
1757645112891 0.18797728777560058 203
1757645112988 0.014810776522613789 204
1757645113087 0.0812819962259496 205
1757645113186 2.122437682052214 206
1757645113289 0.00258097593335498 207
1757645113388 0.013058914406409883 208
1757645113485 0.0027090672052696952 209
1757645113584 0.0009016698316746095 210
1757645113683 0.002162653514885172 211
1757645113797 0.1602382893325801 212
1757645113906 0.030392158277158906 213
1757645114005 2.886321036135711e-05 214
1757645114104 0.08686135468734218 215
1757645114201 0.41452767734256013 216
1757645114301 0.06476116352313102 217
1757645114400 0.849891727139074 218
1757645114498 0.09121144760275884 219
1757645114597 0.8282375332782801 220
1757645114696 0.8242986302319787 221
1757645114795 0.16443684098363137 222
1757645114895 0.0434223718316758 223
1757645114995 0.0002877554998327944 224
