1757640429398 159.84722037864896 0
1757640429449 159.01710798952902 1
1757640429499 158.32270209898962 2
1757640429548 152.18952552986173 3
1757640429605 148.27189297964804 4
1757640429655 154.09103946578696 5
1757640429704 148.1206407265301 6
1757640429753 144.03808949714545 7
1757640429802 140.7351399953256 8
1757640429850 142.50173412267128 9
1757640429899 144.60602489748024 10
1757640429950 128.7374276688839 11
1757640430001 134.92558905718542 12
1757640430050 134.32401150070754 13
1757640430100 132.8081295789529 14
1757640430149 122.2826826642515 15
1757640430200 122.53481904470158 16
1757640430251 121.04838121178702 17
1757640430300 121.78574923159353 18
1757640430349 116.71128695837902 19
1757640430398 110.48861386155883 20
1757640430446 116.93635351707383 21
1757640430495 112.21641973260978 22
1757640430545 110.19311612344175 23
1757640430596 105.50482775023798 24
1757640430647 111.50626716175188 25
1757640430701 108.51390098439558 26
1757640430753 103.57541647350979 27
1757640430804 98.75259746731123 28
1757640430854 105.6016537105451 29
1757640430906 100.16449979505714 30
1757640430957 102.0707251502245 31
1757640431006 90.96877154954474 32
1757640431055 89.94649588956187 33
1757640431104 91.51204986298248 34
1757640431155 87.0462263132809 35
1757640431206 88.35686138546387 36
1757640431256 84.88971188199025 37
1757640431306 88.09818130993847 38
1757640431357 81.24330199376794 39
1757640431407 81.54755844546864 40
1757640431456 78.72657872299588 41
1757640431507 79.48881660499113 42
1757640431556 77.40196988366353 43
1757640431611 78.45609354374217 44
1757640431665 75.23809860132742 45
1757640431717 74.73841667047112 46
1757640431767 68.83987234321054 47
1757640431819 72.36157600356032 48
1757640431868 67.80934943788716 49
1757640431920 69.82627478851008 50
1757640431975 62.99882311575926 51
1757640432026 64.85827319959311 52
1757640432076 63.65307528816214 53
1757640432126 61.117132045987944 54
1757640432175 65.51881763403264 55
1757640432231 63.25156155904346 56
1757640432282 59.42066609794523 57
1757640432349 63.63910858548429 58
1757640432403 58.207100938283524 59
1757640432458 59.682223634637054 60
1757640432511 54.58515424323234 61
1757640432562 56.657352967770535 62
1757640432615 54.19373750045038 63
1757640432664 51.59923596703614 64
1757640432715 52.67181678686202 65
1757640432768 51.5597215833301 66
1757640432835 50.59001809338584 67
1757640432888 50.20200221315254 68
1757640432941 48.11121098644037 69
1757640432994 49.43487178093033 70
1757640433047 46.297639133738585 71
1757640433099 46.70769648400395 72
1757640433151 45.63771329024925 73
1757640433202 44.867080412349736 74
1757640433252 46.816858685000184 75
1757640433303 43.90219786995728 76
1757640433355 43.50283736502262 77
1757640433407 44.399945137215944 78
1757640433474 40.25650551586192 79
1757640433528 38.83358566077026 80
1757640433579 39.02354404928121 81
1757640433634 39.69279145386723 82
1757640433689 35.73710296558079 83
1757640433741 39.0199109218608 84
1757640433791 37.16184216021739 85
1757640433843 35.79334127244014 86
1757640433896 35.33951833859261 87
1757640433947 36.955008968799355 88
1757640433999 35.85374659928002 89
1757640434050 33.93769877725582 90
1757640434101 34.29916182670731 91
1757640434152 35.460135234118646 92
1757640434204 31.87021204853545 93
1757640434255 33.473808638643476 94
1757640434306 32.672806242484626 95
1757640434357 30.495187639511236 96
1757640434411 31.094691968892338 97
1757640434463 31.104427954425574 98
1757640434514 30.3074718159201 99
1757640434566 30.436116511175598 100
1757640434616 29.427928250861648 101
1757640434668 27.55821495363902 102
1757640434719 30.042354559997307 103
1757640434770 26.471443567054024 104
1757640434821 24.99905837034209 105
1757640434879 25.853317643360537 106
1757640434933 27.983254396178083 107
1757640434986 26.567371138474016 108
1757640435039 26.173018672609505 109
1757640435090 24.56229792064437 110
1757640435143 23.804109564783737 111
1757640435194 22.032130077256884 112
1757640435245 24.17019278891471 113
1757640435298 23.26448258880151 114
1757640435349 22.48032319366639 115
1757640435400 22.546946405941515 116
1757640435455 21.01021867449674 117
1757640435507 21.620809249415842 118
1757640435559 20.345207126375456 119
1757640435612 20.587702848725254 120
1757640435667 21.298282833507734 121
1757640435723 20.21931160273467 122
1757640435776 19.220415096696208 123
1757640435829 18.536229057897753 124
1757640435880 17.772334458848306 125
1757640435931 18.892974405626475 126
1757640435984 18.086768846969484 127
1757640436037 17.657840306773483 128
1757640436089 16.96717440879034 129
1757640436142 17.367032686262306 130
1757640436247 17.563806192083533 131
1757640436306 16.462173439702628 132
1757640436363 17.576596136783813 133
1757640436420 15.961178423381462 134
1757640436476 16.377314497580183 135
1757640436530 15.02372032489483 136
1757640436586 15.350238299990924 137
1757640436640 14.37250140985421 138
1757640436694 14.337015263707483 139
1757640436749 13.719093155887325 140
1757640436806 13.853135530920657 141
1757640436860 13.682954262263332 142
1757640436913 13.898931695847446 143
1757640436966 13.638243367013454 144
1757640437017 13.668932317295017 145
1757640437070 12.752843024047074 146
1757640437123 13.263329334417728 147
1757640437176 13.60207743311209 148
1757640437229 13.503050153729022 149
1757640437281 12.352127305460911 150
1757640437334 11.482210285824817 151
1757640437387 10.917573226397867 152
1757640437439 12.012093479408342 153
1757640437492 11.972956926907402 154
1757640437544 10.8614627536457 155
1757640437596 10.636980745275899 156
1757640437649 11.016985873342804 157
1757640437706 10.548463372807717 158
1757640437764 11.046121795932972 159
1757640437832 11.12998724142288 160
1757640437888 9.704337391854196 161
1757640437943 9.789699478233727 162
1757640437998 9.815597514303493 163
1757640438053 9.38593260164895 164
1757640438107 9.326717076552457 165
1757640438163 9.247468093389553 166
1757640438217 9.277092079947916 167
1757640438270 8.869842496625076 168
1757640438323 8.863463309062391 169
1757640438376 9.29902548029564 170
1757640438429 9.599796724707183 171
1757640438484 8.665690818017927 172
1757640438536 8.928641360899327 173
1757640438590 7.661566884379354 174
1757640438643 7.9987612515380935 175
1757640438697 8.282394095220226 176
1757640438752 7.712420308927246 177
1757640438805 7.2593413269132245 178
1757640438860 7.4916060898421115 179
1757640438913 7.188332122022459 180
1757640438966 7.362686342754644 181
1757640439020 7.508617804010477 182
1757640439073 6.663104085150753 183
1757640439126 6.55401116658634 184
1757640439179 7.130431219587865 185
1757640439233 6.779376104589503 186
1757640439286 6.925503241607885 187
1757640439340 6.71126044064765 188
1757640439393 5.901300429418044 189
1757640439446 6.05794238693033 190
1757640439500 6.59272587314987 191
1757640439553 6.182778397921821 192
1757640439615 6.202373864817 193
1757640439739 5.241641248446254 194
1757640439800 5.594652866449373 195
1757640439859 5.976208482525294 196
1757640439917 5.360336490241005 197
1757640439974 5.387797587970683 198
1757640440029 5.4401747457239615 199
1757640440085 5.55911963714582 200
1757640440141 5.406922127568562 201
1757640440196 4.955985979849351 202
1757640440250 4.481155475765899 203
1757640440306 4.907377601114959 204
1757640440360 4.635053359727604 205
1757640440414 4.481427049393659 206
1757640440469 4.983164647509709 207
1757640440524 4.108218780266535 208
1757640440577 4.63658042995519 209
1757640440631 5.173265985293219 210
1757640440685 4.2287973518580415 211
1757640440739 5.19852905065188 212
1757640440793 4.6334972716444165 213
1757640440848 4.41748759678979 214
1757640440902 4.565192259962106 215
1757640440956 4.068935854456766 216
1757640441011 3.653968941423033 217
1757640441070 3.615501185621363 218
1757640441124 3.843496477796392 219
1757640441177 3.6757960440779947 220
1757640441231 3.7614979405614037 221
1757640441286 3.7957167028561307 222
1757640441345 3.476948127742826 223
1757640441399 3.4213260289860257 224
1757640441453 3.4137903207139435 225
1757640441508 3.7174543975922045 226
1757640441563 3.4456100438934185 227
1757640441617 3.727935406658869 228
1757640441672 3.639701425745923 229
1757640441726 3.415993898381849 230
1757640441785 3.0595707587203984 231
1757640441841 2.9991137244088906 232
1757640441896 3.3806616471452084 233
1757640441951 2.7765727581714317 234
1757640442007 3.309658261615063 235
1757640442064 2.795962706403059 236
1757640442120 2.8338177303459995 237
1757640442174 2.7436581610487796 238
1757640442229 2.7725467742868255 239
1757640442285 2.651334255606484 240
1757640442350 2.698246206994794 241
1757640442407 2.529473093555133 242
1757640442465 2.694212163617955 243
1757640442522 2.524153417390231 244
1757640442578 2.301519662618717 245
1757640442633 3.0886297333088852 246
1757640442688 2.484054903318548 247
1757640442743 2.211246281134888 248
1757640442810 2.5870775796017362 249
1757640442872 2.3199322487484517 250
1757640442930 2.255713248793053 251
1757640442987 2.338027987651566 252
1757640443045 2.079659668861482 253
1757640443101 2.0306041152343326 254
1757640443156 2.1644096603605956 255
1757640443212 1.9800452066980294 256
1757640443268 1.6900766088818262 257
1757640443324 1.9988797459565735 258
1757640443380 1.9527725455827396 259
1757640443435 1.924237974601916 260
1757640443490 1.5929369390404835 261
1757640443546 2.1754305720507743 262
1757640443602 1.8597325764259742 263
1757640443657 1.762194369794383 264
1757640443713 2.043618735326947 265
1757640443768 1.6397070978090804 266
1757640443829 1.6870822369099834 267
1757640443888 1.808825750868428 268
1757640443942 1.7246005150610597 269
1757640443998 1.889721894939775 270
1757640444054 1.5504360815902132 271
1757640444110 1.6488502793138475 272
1757640444166 1.6875130501473135 273
1757640444222 1.9298081917703889 274
1757640444277 1.3767253940893958 275
1757640444333 1.1988468759083 276
1757640444389 1.2997012040286346 277
1757640444445 1.553946935277362 278
1757640444500 1.3115255767637932 279
1757640444557 1.7050194825517315 280
1757640444613 1.2792749868899667 281
1757640444668 1.2700935628036094 282
1757640444724 1.3158136954207775 283
1757640444780 1.4640443697422973 284
1757640444835 1.3672303588954717 285
1757640444893 1.295728982303313 286
1757640444949 1.0661706426261608 287
1757640445004 1.3207304565873503 288
1757640445060 1.2500368809383016 289
1757640445117 1.1274373745926667 290
1757640445173 1.5080673615491818 291
1757640445229 1.57399596348113 292
1757640445285 1.420136486181808 293
1757640445341 1.1738836962525778 294
1757640445397 1.1380047417925394 295
1757640445453 1.1032210476491362 296
1757640445508 1.1576792270446083 297
1757640445564 0.9676089596864544 298
1757640445621 1.0519504765904313 299
1757640445677 1.126473430909718 300
1757640445734 1.257427770405553 301
1757640445790 0.9400216815993072 302
1757640445851 0.9292183903602491 303
1757640445909 0.9152492735266229 304
1757640445965 0.8917645564795602 305
1757640446022 0.8514933829763713 306
1757640446079 1.1753983389974403 307
1757640446136 0.9620374760351154 308
1757640446193 0.9467674331450397 309
1757640446249 1.0424180551872697 310
1757640446307 1.099441145635295 311
1757640446363 0.9286568450917295 312
1757640446419 0.7114761049443803 313
1757640446475 0.7515522724889906 314
1757640446531 0.9154326835460012 315
1757640446586 0.8262501136635019 316
1757640446643 0.9023654154972481 317
1757640446699 0.9410859077417304 318
1757640446756 0.7069607627187185 319
1757640446814 0.661053579299851 320
1757640446870 1.0080631975403858 321
1757640446926 0.8109845423803019 322
1757640446983 0.6455848003887623 323
1757640447039 0.7094306190812742 324
1757640447095 0.6854193223458847 325
1757640447151 0.717935744913111 326
1757640447208 0.806738554052338 327
1757640447266 0.6085260333489533 328
1757640447323 0.6251305378102661 329
1757640447380 0.7910056635582096 330
1757640447436 0.6618609311486584 331
1757640447493 0.6064451310144999 332
1757640447550 0.5627104370619437 333
1757640447606 0.5911072542545751 334
1757640447662 0.7087781013960317 335
1757640447719 0.6622168836850555 336
1757640447780 0.6048445081458904 337
1757640447849 0.6637297985003643 338
1757640447912 0.5957658042929037 339
1757640447969 0.6365118909167112 340
1757640448026 0.6837230483224728 341
1757640448083 0.5502019260001898 342
1757640448140 0.6610858086613882 343
1757640448197 0.5266916264401156 344
1757640448254 0.5158836235376949 345
1757640448312 0.4450087004273996 346
1757640448369 0.40178109970877635 347
1757640448427 0.9011035131511627 348
1757640448484 0.5883269094444674 349
1757640448541 0.5929349461822756 350
1757640448597 0.5436833195076083 351
1757640448654 0.5476562266607872 352
1757640448711 0.5402401523747247 353
1757640448769 0.5983415471021294 354
1757640448826 0.5652632083268803 355
1757640448885 0.6351449175309882 356
1757640448944 0.3772270378474941 357
1757640449001 0.3978857230046232 358
1757640449059 0.4910003194377526 359
1757640449116 0.4449164025022942 360
1757640449173 0.4457247230508581 361
1757640449230 0.3932013436516019 362
1757640449287 0.37011432549828704 363
1757640449346 0.4542433205508142 364
1757640449404 0.5179926737666716 365
1757640449462 0.4921123288274861 366
1757640449520 0.28631275566531444 367
1757640449581 0.3174309287142868 368
1757640449639 0.4155482904426412 369
1757640449697 0.5193590226057725 370
1757640449754 0.3928288369264384 371
1757640449812 0.424398496935005 372
1757640449870 0.29446707439215114 373
1757640449932 0.49595934463717395 374
1757640449990 0.3638180109333452 375
1757640450049 0.41598563201265043 376
1757640450106 0.2678706773719298 377
1757640450164 0.4949605319217124 378
1757640450222 0.29054476263289103 379
1757640450279 0.22766757593188114 380
1757640450337 0.46322337206879477 381
1757640450396 0.37373743402023135 382
1757640450453 0.37945553102370233 383
1757640450517 0.2909548155954357 384
1757640450575 0.27447174330530444 385
1757640450633 0.3330528180153943 386
1757640450691 0.3332185356414561 387
1757640450748 0.42482565162678476 388
1757640450806 0.28754054015708064 389
1757640450868 0.30505994110599866 390
1757640450926 0.27703173638584677 391
1757640450985 0.2828874832921157 392
1757640451046 0.2993426590069994 393
1757640451104 0.3213261471067971 394
1757640451162 0.4131043573003298 395
1757640451220 0.24637230707187657 396
1757640451278 0.26397387323816945 397
1757640451336 0.286396253597188 398
1757640451394 0.3120179963067006 399
1757640451452 0.3536630943083247 400
1757640451511 0.37218967389205126 401
1757640451570 0.28457182913739587 402
1757640451629 0.3144082564428274 403
1757640451688 0.2747438516010489 404
1757640451746 0.29690039327093626 405
1757640451805 0.273099638706966 406
1757640451863 0.22145339920909268 407
1757640451922 0.308299432842446 408
1757640451988 0.32076955921526984 409
1757640452047 0.28741999276762226 410
1757640452108 0.3139488990489705 411
1757640452166 0.25616645675901134 412
1757640452224 0.28513232117270826 413
1757640452282 0.2749102219389865 414
1757640452350 0.30724508521748967 415
1757640452411 0.21662133630251332 416
1757640452473 0.22079409429326588 417
1757640452533 0.2523668120718687 418
1757640452675 0.34487983380290255 419
1757640452739 0.23666175482109397 420
1757640452817 0.18783920462116852 421
1757640452887 0.36630554809634536 422
1757640452949 0.24072225569524092 423
1757640453010 0.37167677643797437 424
1757640453071 0.2358691986190537 425
1757640453133 0.20595271313467367 426
1757640453194 0.27994201249054196 427
1757640453256 0.23607148890086316 428
1757640453317 0.197362585315367 429
1757640453380 0.17492549055005785 430
1757640453440 0.29061015139217017 431
1757640453499 0.16084634097803344 432
1757640453558 0.21438044308294085 433
1757640453617 0.1615654323402681 434
1757640453677 0.15704009111559844 435
1757640453736 0.19739250947427406 436
1757640453796 0.20927454033315016 437
1757640453856 0.26492863017111484 438
1757640453916 0.16595994348557078 439
1757640453979 0.20954889409154495 440
1757640454043 0.2796395303124074 441
1757640454102 0.21358481459120193 442
1757640454162 0.17108918389989547 443
1757640454221 0.2006574993926559 444
1757640454282 0.24422469489495002 445
1757640454341 0.1300875912539863 446
1757640454401 0.19440417323320683 447
1757640454460 0.2432556362587257 448
1757640454520 0.25106715419010794 449
1757640454579 0.31593522163502374 450
1757640454638 0.19057963806120587 451
1757640454699 0.23676069463480373 452
1757640454759 0.2565031492068329 453
1757640454819 0.3119079480508191 454
1757640454881 0.2732074265269858 455
1757640454940 0.1861176270321008 456
1757640454999 0.19959968204189824 457
1757640455059 0.22206786155679364 458
1757640455119 0.22976044014800379 459
1757640455177 0.14150205105709546 460
1757640455246 0.12738835429324272 461
1757640455307 0.22586959620242741 462
1757640455367 0.12845833109546967 463
1757640455427 0.19715488867740433 464
1757640455486 0.17598154766461455 465
1757640455551 0.09509561947759822 466
1757640455610 0.24809356344467928 467
1757640455669 0.29819875612732044 468
1757640455730 0.14031992232749835 469
1757640455791 0.15094109117836832 470
1757640455851 0.1379419244573284 471
1757640455911 0.12246319197967281 472
1757640455970 0.20190690271087536 473
1757640456036 0.20794221061928742 474
1757640456099 0.20897529780184482 475
1757640456158 0.16331658716793732 476
1757640456218 0.14288749605320505 477
1757640456278 0.2897474561287964 478
1757640456339 0.3202062111665518 479
1757640456400 0.14643214429056592 480
1757640456460 0.21831680482680882 481
1757640456520 0.1288119278781797 482
1757640456580 0.1663522313708517 483
1757640456640 0.14679497056493349 484
1757640456700 0.16006828238685927 485
1757640456759 0.15154869361838177 486
1757640456821 0.13139085338943998 487
1757640456882 0.1512709791116168 488
1757640456943 0.13380098503855498 489
1757640457003 0.18694054469539556 490
1757640457063 0.13063881819134177 491
1757640457123 0.11804425786293335 492
1757640457184 0.20528657355576932 493
1757640457243 0.07329809456838907 494
1757640457304 0.15407705225259993 495
1757640457365 0.16752198027257015 496
1757640457425 0.12841348016432966 497
1757640457486 0.16521272084544186 498
1757640457546 0.27070956177379485 499
