1757630362791 140.2732208613673 0
1757630362854 121.45569613601997 1
1757630362907 97.68223750264671 2
1757630362962 86.86087855987354 3
1757630363019 74.57135472624657 4
1757630363074 60.05968442819667 5
1757630363131 50.36715033119057 6
1757630363180 42.646464623933234 7
1757630363227 33.67358504428771 8
1757630363275 31.39488909431905 9
1757630363323 24.5359671036273 10
1757630363375 21.233502565075106 11
1757630363433 18.1520197975821 12
1757630363491 15.625900045026103 13
1757630363548 13.347025703736472 14
1757630363603 10.694899329454856 15
1757630363654 9.125041688495925 16
1757630363708 8.34769248087127 17
1757630363761 6.501172756532522 18
1757630363812 5.068998138463875 19
1757630363865 4.149466594543037 20
1757630363913 4.068214328756864 21
1757630363962 3.9077577403994423 22
1757630364023 2.7049849524385716 23
1757630364073 2.0566998295881644 24
1757630364122 2.887176865475388 25
1757630364171 1.4720950250659248 26
1757630364224 1.4836317384196411 27
1757630364283 1.193458849093751 28
1757630364341 1.107643581387776 29
1757630364400 0.7977165302376887 30
1757630364456 1.007575471365013 31
1757630364512 0.6315805376069533 32
1757630364564 0.726314368122246 33
1757630364615 0.47474982927468273 34
1757630364666 0.34793124537779957 35
1757630364717 0.48664342084112594 36
1757630364766 0.36863370711408094 37
1757630364813 0.2033103256250605 38
1757630364863 0.2585498334348766 39
1757630364914 0.20913549035984091 40
1757630364966 0.23657516867993517 41
1757630365024 0.2669994302925636 42
1757630365081 0.2443047106466062 43
1757630365139 0.17825990726875787 44
1757630365193 0.2031977299366367 45
1757630365244 0.2170401202673374 46
1757630365296 0.13491086150328407 47
1757630365344 0.1775587642242827 48
1757630365392 0.19261889947954103 49
1757630365440 0.19795168360558868 50
1757630365499 0.10535795252186189 51
1757630365561 0.2196675744952959 52
1757630365610 0.16678996272912036 53
1757630365658 0.22345857491855914 54
1757630365705 0.09245897441549196 55
1757630365754 0.13574237087196142 56
1757630365934 0.11461697772693867 57
1757630366034 0.14606835587758824 58
1757630366094 0.12884201036034842 59
1757630366151 0.10174664448289632 60
1757630366207 0.09398570633614932 61
1757630366261 0.20361392349281948 62
1757630366310 0.11355430168519141 63
1757630366370 0.15416438645877467 64
1757630366420 0.11024208819553095 65
1757630366468 0.14457837590432832 66
1757630366516 0.20946523784899626 67
1757630366565 0.15560810777202413 68
1757630366614 0.11544439611821009 69
1757630366662 0.10806081188087724 70
1757630366710 0.13518275324385776 71
1757630366758 0.13525516890738554 72
1757630366813 0.13520405274118008 73
1757630366861 0.10561827571176241 74
1757630366910 0.1751559434467889 75
1757630366964 0.13787637996555133 76
1757630367025 0.10085513787348506 77
1757630367082 0.09836899360747445 78
1757630367140 0.17827589649783873 79
1757630367197 0.07547153926823372 80
1757630367259 0.0768691364209974 81
1757630367317 0.10177563688932882 82
1757630367377 0.0833421723871211 83
1757630367438 0.0971819303779255 84
1757630367495 0.14446824955121476 85
1757630367548 0.14202834330100336 86
1757630367601 0.15396583860525306 87
1757630367654 0.1899480066445991 88
1757630367720 0.11907633799231954 89
1757630367778 0.1121066948351108 90
1757630367837 0.12619371924641526 91
1757630367894 0.09945511227086055 92
1757630367961 0.10170618059348202 93
1757630368059 0.20962615427758785 94
