1757625147301 169.35337134490703 0
1757625147346 165.94897639799194 1
1757625147390 162.61412710594468 2
1757625147435 159.347355424771 3
1757625147492 156.14722650300345 4
1757625147541 153.01233782807336 5
1757625147595 149.9413183992821 6
1757625147645 146.93282792635577 7
1757625147698 143.985556052609 8
1757625147748 141.09822160178916 9
1757625147793 138.2695718477126 10
1757625147844 135.49838180584436 11
1757625147893 132.78345354600913 12
1757625147938 130.12361552545724 13
1757625147981 127.51772194154388 14
1757625148031 124.96465210331003 15
1757625148076 122.46330982128656 16
1757625148121 120.01262281486979 17
1757625148166 117.61154213664636 18
1757625148213 115.25904161307054 19
1757625148260 112.95411730092239 20
1757625148305 110.69578695900012 21
1757625148352 108.48308953452113 22
1757625148394 106.31508466372976 23
1757625148441 104.19085218622922 24
1757625148499 102.1094916725754 25
1757625148553 100.07012196468935 26
1757625148612 98.07188072866282 27
1757625148661 96.11392401954842 28
1757625148708 94.19542585774266 29
1757625148754 92.31557781658525 30
1757625148797 90.47358862081336 31
1757625148846 88.66868375552332 32
1757625148891 86.90010508530646 33
1757625148934 85.1671104832377 34
1757625148977 83.46897346940922 35
1757625149028 81.80498285871204 36
1757625149087 80.17444241758032 37
1757625149140 78.5766705294245 38
1757625149197 77.01099986848794 39
1757625149250 75.47677708187372 40
1757625149301 73.97336247949629 41
1757625149361 72.50012973172205 42
1757625149421 71.05646557447145 43
1757625149474 69.64176952156392 44
1757625149529 68.25545358409424 45
1757625149584 66.89694199663684 46
1757625149641 65.56567095008145 47
1757625149692 64.26108833091106 48
1757625149744 62.982653466739116 49
1757625149799 61.729836877929685 50
1757625149854 60.50212003512994 51
1757625149907 59.29899512255096 52
1757625149963 58.11996480683738 53
1757625150015 56.9645420113729 54
1757625150070 55.83224969587283 55
1757625150123 54.72262064112041 56
1757625150175 53.635197238708294 57
1757625150219 52.56953128565102 58
1757625150265 51.525183783738406 59
1757625150313 50.50172474350477 60
1757625150364 49.498732992692084 61
1757625150425 48.51579598908959 62
1757625150476 47.55250963763581 63
1757625150523 46.60847811167267 64
1757625150566 45.68331367824489 65
1757625150611 44.776636527340855 66
1757625150654 43.88807460497478 67
1757625150699 43.01726345001269 68
1757625150741 42.163846034647904 69
1757625150787 41.3274726084344 70
1757625150831 40.50780054578933 71
1757625150875 39.70449419687858 72
1757625150921 38.917224741801554 73
1757625150969 38.14567004799425 74
1757625151017 37.38951453077166 75
1757625151064 36.64844901693308 76
1757625151117 35.92217061135587 77
1757625151164 35.210382566505686 78
1757625151210 34.5127941547927 79
1757625151253 33.82912054370601 80
1757625151300 33.15908267365958 81
1757625151346 32.50240713848568 82
1757625151391 31.858826068512773 83
1757625151438 31.228077016167294 84
1757625151484 30.609902844039762 85
1757625151531 30.00405161535782 86
1757625151576 29.41027648680988 87
1757625151625 28.82833560366494 88
1757625151672 28.257991997135367 89
1757625151718 27.699013483930933 90
1757625151766 27.151172567953708 91
1757625151811 26.614246344084847 92
1757625151860 26.08801640401535 93
1757625151907 25.57226874407444 94
1757625151954 25.066793675010125 95
1757625151999 24.571385733677783 96
1757625152046 24.085843596593747 97
1757625152093 23.60996999531198 98
1757625152139 23.14357163358285 99
1757625152186 22.686459106254247 100
1757625152236 22.238446819876135 101
1757625152285 21.799352914970616 102
1757625152333 21.368999189930634 103
1757625152379 20.947211026511145 104
1757625152425 20.533817316877652 105
1757625152483 20.12865039217793 106
1757625152533 19.731545952603195 107
1757625152585 19.342342998906318 108
1757625152636 18.96088376534503 109
1757625152681 18.587013654019206 110
1757625152728 18.22058117057161 111
1757625152775 17.86143786122275 112
1757625152820 17.509438251110677 113
1757625152867 17.164439783907557 114
1757625152916 16.8263027626855 115
1757625152966 16.494890292004605 116
1757625153020 16.170068221196967 117
1757625153069 15.851705088820992 118
1757625153123 15.539672068260739 119
1757625153173 15.233842914446045 120
1757625153230 14.934093911669228 121
1757625153280 14.640303822475156 122
1757625153331 14.352353837601672 123
1757625153380 14.070127526948147 124
1757625153428 13.793510791550196 125
1757625153479 13.522391816539384 126
1757625153526 13.256661025066904 127
1757625153575 12.996211033170942 128
1757625153623 12.740936605567759 129
1757625153672 12.49073461234704 130
1757625153720 12.24550398655241 131
1757625153769 12.005145682628568 132
1757625153817 11.76956263571682 133
1757625153864 11.538659721781134 134
1757625153912 11.312343718547408 135
1757625153958 11.090523267238893 136
1757625154006 10.873108835091108 137
1757625154054 10.660012678629979 138
1757625154107 10.451148807697328 139
1757625154164 10.246432950208009 140
1757625154213 10.045782517623659 141
1757625154263 9.849116571127913 142
1757625154313 9.656355788488776 143
1757625154387 9.467422431593617 144
1757625154449 9.28224031464308 145
1757625154499 9.100734772990116 146
1757625154548 8.922832632610811 147
1757625154598 8.748462180193968 148
1757625154648 8.577553133836629 149
1757625154697 8.41003661433304 150
1757625154746 8.245845117044848 151
1757625154796 8.084912484340443 152
1757625154845 7.927173878591876 153
1757625154894 7.772565755717761 154
1757625154945 7.621025839260955 155
1757625154994 7.472493094990051 156
1757625155042 7.326907706013927 157
1757625155092 7.1842110483987565 158
1757625155143 7.044345667277327 159
1757625155193 6.907255253440352 160
1757625155242 6.772884620400102 161
1757625155291 6.64117968191662 162
1757625155341 6.5120874299770035 163
1757625155390 6.385555913218567 164
1757625155444 6.261534215786771 165
1757625155499 6.139972436619071 166
1757625155549 6.020821669145948 167
1757625155597 5.904033981400673 168
1757625155649 5.789562396529397 169
1757625155703 5.677360873693481 170
1757625155752 5.567384289356024 171
1757625155805 5.459588418944802 172
1757625155855 5.353929918883933 173
1757625155906 5.250366308986807 174
1757625155960 5.148855955202874 175
1757625156010 5.049358052711186 176
1757625156060 4.951832609353556 177
1757625156112 4.856240429400525 178
1757625156162 4.762543097643311 179
1757625156213 4.670702963805192 180
1757625156263 4.580683127265808 181
1757625156314 4.492447422092046 182
1757625156367 4.405960402369277 183
1757625156419 4.3211873278269435 184
1757625156470 4.23809414975241 185
1757625156522 4.1566474971873655 186
1757625156575 4.076814663400984 187
1757625156629 3.9985635926342806 188
1757625156680 3.921862867110171 189
1757625156735 3.846681694303863 190
1757625156786 3.772989894468311 191
1757625156839 3.7007578884096346 192
1757625156891 3.6299566855073695 193
1757625156945 3.5605578719746793 194
1757625157007 3.4925335993536644 195
1757625157062 3.4258565732409987 196
1757625157114 3.3605000422393063 197
1757625157175 3.296437787129663 198
1757625157230 3.233644110260836 199
1757625157281 3.172093825150813 200
1757625157329 3.111762246296416 201
1757625157377 3.052625179186779 202
1757625157425 2.9946589105165837 203
1757625157473 2.9378401985950173 204
1757625157553 2.88214626394659 205
1757625157662 2.8275547800998146 206
1757625157714 2.774043864560111 207
1757625157766 2.721592069963163 208
1757625157819 2.6701783754050705 209
1757625157875 2.619782177945822 210
1757625157926 2.5703832842825265 211
1757625157977 2.5219619025890734 212
1757625158028 2.4744986345187803 213
1757625158079 2.427974467366842 214
1757625158128 2.382370766389331 215
1757625158177 2.3376692672756296 216
1757625158226 2.2938520687711526 217
1757625158275 2.250901625447449 218
1757625158323 2.2088007406166166 219
1757625158373 2.1675325593872254 220
1757625158422 2.127080561858835 221
1757625158472 2.087428556452398 222
1757625158520 2.048560673373754 223
1757625158571 2.010461358207609 224
1757625158623 1.973115365639355 225
1757625158674 1.936507753302141 226
1757625158726 1.900623875746768 227
1757625158777 1.8654493785318356 228
1757625158827 1.830970192431837 229
1757625158878 1.7971725277607682 230
1757625158928 1.7640428688089715 231
1757625158978 1.7315679683909373 232
1757625159029 1.6997348425018417 233
1757625159081 1.6685307650806476 234
1757625159132 1.6379432628776336 235
1757625159182 1.607960110424264 236
1757625159237 1.5785693251033392 237
1757625159289 1.5497591623174403 238
1757625159344 1.5215181107537008 239
1757625159407 1.4938348877429444 240
1757625159459 1.4666984347113539 241
1757625159512 1.4400979127227749 242
1757625159563 1.4140226981098774 243
1757625159614 1.388462378192365 244
1757625159665 1.3634067470805333 245
1757625159715 1.338845801562427 246
1757625159764 1.3147697370729485 247
1757625159814 1.291168943743294 248
1757625159865 1.2680340025290806 249
1757625159916 1.2453556814156095 250
1757625159966 1.2231249316987283 251
1757625160017 1.201332884339773 252
1757625160068 1.17997084639311 253
1757625160117 1.1590302975048419 254
1757625160168 1.1385028864812354 255
1757625160218 1.1183804279254932 256
1757625160268 1.098654898941509 257
1757625160318 1.07931843590324 258
1757625160370 1.0603633312884382 259
1757625160423 1.0417820305754066 260
1757625160474 1.0235671292015411 261
1757625160528 1.0057113695824325 262
1757625160583 0.9882076381903127 263
1757625160634 0.9710489626906571 264
1757625160686 0.9542285091357945 265
1757625160737 0.937739579214375 266
1757625160789 0.9215756075555778 267
1757625160841 0.9057301590870027 268
1757625160894 0.8901969264451153 269
1757625160947 0.8749697274372529 270
1757625160999 0.8600425025541277 271
1757625161051 0.8454093125318412 272
1757625161102 0.8310643359624053 273
1757625161152 0.8170018669518219 274
1757625161205 0.8032163128247536 275
1757625161263 0.7897021918748617 276
1757625161314 0.776454131159926 277
1757625161364 0.7634668643408015 278
1757625161416 0.750735229563405 279
1757625161468 0.7382541673827999 280
1757625161519 0.726018718728614 281
1757625161568 0.714024022910908 282
1757625161624 0.7022653156657167 283
1757625161681 0.6907379272394779 284
1757625161737 0.6794372805115522 285
1757625161792 0.6683588891540855 286
1757625161849 0.6574983558284871 287
1757625161901 0.6468513704177529 288
1757625161952 0.6364137082939616 289
1757625162007 0.6261812286202334 290
1757625162060 0.6161498726864313 291
1757625162115 0.6063156622779838 292
1757625162174 0.5966746980771348 293
1757625162232 0.5872231580959849 294
1757625162290 0.577957296140688 295
1757625162343 0.568873440306198 296
1757625162397 0.5599679915009258 297
1757625162448 0.5512374220007477 298
1757625162499 0.5426782740317558 299
1757625162550 0.5342871583811847 300
1757625162601 0.5260607530359532 301
1757625162653 0.5179958018482785 302
1757625162704 0.5100891132278134 303
1757625162755 0.502337558859786 304
1757625162807 0.4947380724486144 305
1757625162859 0.4872876484864996 306
1757625162912 0.47998334104650847 307
1757625162965 0.4728222625996248 308
1757625163019 0.4658015828553281 309
1757625163071 0.4589185276252168 310
1757625163126 0.45217037770921026 311
1757625163178 0.4455544678038922 312
1757625163231 0.43906818543255677 313
1757625163287 0.4327089698965062 314
1757625163340 0.4264743112471989 315
1757625163391 0.420361749278825 316
1757625163443 0.41436887254089433 317
1757625163494 0.4084933173704566 318
1757625163545 0.40273276694354415 319
1757625163596 0.3970849503454716 320
1757625163648 0.39154764165960504 321
1757625163699 0.38611865907423504 322
1757625163751 0.3807958640072031 323
1757625163802 0.37557716024791865 324
1757625163854 0.37046049311642165 325
1757625163905 0.3654438486391495 326
1757625163956 0.36052525274109554 327
1757625164008 0.35570277045399884 328
1757625164060 0.35097450514027456 329
1757625164111 0.34633859773236436 330
1757625164162 0.3417932259871932 331
1757625164220 0.33733660375543717 332
1757625164273 0.3329669802653163 333
1757625164328 0.32868263942060083 334
1757625164394 0.32448189911257663 335
1757625164456 0.32036311054566563 336
1757625164511 0.31632465757645245 337
1757625164563 0.31236495606583503 338
1757625164616 0.3084824532440443 339
1757625164668 0.30467562708827534 340
1757625164723 0.3009429857126846 341
1757625164776 0.2972830667704975 342
1757625164827 0.29369443686799396 343
1757625164879 0.2901756909901349 344
1757625164931 0.2867254519375882 345
1757625164983 0.2833423697749504 346
1757625165035 0.2800251212899082 347
1757625165087 0.2767724094631576 348
1757625165140 0.273582962948839 349
1757625165192 0.2704555355652953 350
1757625165244 0.2673889057959404 351
1757625165297 0.264381876300044 352
1757625165354 0.2614332734332241 353
1757625165409 0.25854194677746767 354
1757625165465 0.25570676868047965 355
1757625165519 0.25292663380418084 356
1757625165571 0.250200458682172 357
1757625165624 0.24752718128597978 358
1757625165677 0.24490576059992436 359
1757625165734 0.24233517620441636 360
1757625165790 0.23981442786753723 361
1757625165843 0.23734253514472503 362
1757625165897 0.2349185369864053 363
1757625165953 0.23254149135341737 364
1757625166007 0.23021047484007254 365
1757625166065 0.22792458230469376 366
1757625166120 0.2256829265074961 367
1757625166175 0.22348463775564723 368
1757625166227 0.22132886355538414 369
1757625166281 0.21921476827102993 370
1757625166334 0.2171415327907778 371
1757625166385 0.2151083541991156 372
1757625166437 0.21311444545574887 373
1757625166491 0.2111590350808972 374
1757625166545 0.2092413668468384 375
1757625166599 0.20736069947557687 376
1757625166652 0.205516306342507 377
1757625166706 0.20370747518596868 378
1757625166758 0.20193350782255562 379
1757625166811 0.2001937198680856 380
1757625166865 0.1984874404641004 381
1757625166918 0.19681401200979673 382
1757625166977 0.1951727898992789 383
1757625167036 0.19356314226402527 384
1757625167092 0.19198444972046416 385
1757625167147 0.19043610512256143 386
1757625167201 0.18891751331931778 387
1757625167255 0.1874280909170757 388
1757625167308 0.18596726604654776 389
1757625167368 0.1845344781344657 390
1757625167423 0.183129177679761 391
1757625167478 0.18175082603418444 392
1757625167533 0.1803988951872858 393
1757625167587 0.17907286755565227 394
1757625167643 0.17777223577633444 395
1757625167699 0.17649650250436794 396
1757625167755 0.17524518021431312 397
1757625167812 0.17401779100573583 398
1757625167867 0.17281386641254115 399
1757625167923 0.1716329472160973 400
1757625167979 0.17047458326206094 401
1757625168037 0.1693383332808412 402
1757625168093 0.16822376471162323 403
1757625168147 0.16713045352988268 404
1757625168203 0.16605798407832442 405
1757625168258 0.16500594890117368 406
1757625168312 0.16397394858175263 407
1757625168367 0.1629615915832834 408
1757625168421 0.16196849409284403 409
1757625168475 0.160994279868424 410
1757625168528 0.16003858008901256 411
1757625168582 0.15910103320765895 412
1757625168637 0.15818128480744884 413
1757625168692 0.15727898746033642 414
1757625168747 0.15639380058878039 415
1757625168805 0.1555253903301171 416
1757625168860 0.1546734294036304 417
1757625168914 0.15383759698025468 418
1757625168970 0.1530175785548619 419
1757625169027 0.15221306582108451 420
1757625169085 0.15142375654861728 421
1757625169145 0.15064935446295466 422
1757625169202 0.14988956912751109 423
1757625169261 0.14914411582808254 424
1757625169317 0.1484127154595967 425
1757625169395 0.14769509441510692 426
1757625169458 0.14699098447699444 427
1757625169523 0.14630012271031842 428
1757625169605 0.1456222513582891 429
1757625169666 0.14495711773980924 430
1757625169725 0.1443044741490473 431
1757625169785 0.1436640777570035 432
1757625169844 0.14303569051502632 433
1757625169901 0.14241907906024312 434
1757625169959 0.14181401462286206 435
1757625170018 0.14122027293531936 436
1757625170076 0.14063763414321936 437
1757625170130 0.14006588271804446 438
1757625170189 0.13950480737159565 439
1757625170248 0.1389542009721294 440
1757625170306 0.1384138604621536 441
1757625170362 0.1378835867778578 442
1757625170417 0.137363184770137 443
1757625170475 0.1368524631271834 444
1757625170530 0.13635123429860982 445
1757625170584 0.13585931442107996 446
1757625170638 0.13537652324540933 447
1757625170693 0.13490268406511705 448
1757625170751 0.1344376236463845 449
1757625170812 0.13398117215941135 450
1757625170874 0.13353316311112642 451
1757625170930 0.13309343327923326 452
1757625170988 0.13266182264756535 453
1757625171048 0.1322381743427168 454
1757625171108 0.1318223345719357 455
1757625171165 0.13141415256224326 456
1757625171223 0.13101348050076 457
1757625171278 0.1306201734762162 458
1757625171333 0.13023408942162124 459
1757625171385 0.1298550890580649 460
1757625171444 0.1294830358396385 461
1757625171499 0.1291177958994425 462
1757625171553 0.1287592379966647 463
1757625171608 0.1284072334647082 464
1757625171663 0.1280616561603465 465
1757625171718 0.12772238241388528 466
1757625171773 0.1273892909803124 467
1757625171829 0.12706226299141368 468
1757625171890 0.1267411819088406 469
1757625171947 0.12642593347810402 470
1757625172003 0.12611640568348126 471
1757625172058 0.1258124887038164 472
1757625172113 0.1255140748691946 473
1757625172168 0.12522105861847538 474
1757625172224 0.12493333645766848 475
1757625172280 0.12465080691913095 476
1757625172334 0.12437337052157431 477
1757625172389 0.12410092973086326 478
1757625172444 0.1238333889215917 479
1757625172499 0.12357065433941726 480
1757625172554 0.12331263406414358 481
1757625172612 0.1230592379735336 482
1757625172671 0.12281037770783775 483
1757625172728 0.12256596663502696 484
1757625172784 0.12232591981671058 485
1757625172841 0.12209015397473297 486
1757625172896 0.12185858745842808 487
1757625172953 0.12163114021252476 488
1757625173009 0.12140773374568535 489
1757625173065 0.12118829109966843 490
1757625173120 0.12097273681910217 491
1757625173177 0.12076099692185398 492
1757625173314 0.1205529988699893 493
1757625173382 0.12034867154130316 494
1757625173454 0.12014794520141654 495
1757625173519 0.11995075147642374 496
1757625173587 0.11975702332608223 497
1757625173655 0.11956669501753225 498
1757625173728 0.11937970209953651 499
