1757643833987 34.54662085074724 0
1757643834092 3.6976659949875414 1
1757643834197 2.2867945947624024 2
1757643834300 0.368789059695425 3
1757643834402 0.43781525346345374 4
1757643834513 0.15463620745991016 5
1757643834617 0.029643626382741012 6
1757643834720 0.08789465354813875 7
1757643834821 0.05922411144943094 8
1757643834923 0.0001720368666656232 9
1757643835026 0.1721830214261884 10
1757643835126 0.20552516731355558 11
1757643835234 0.002656021737332134 12
1757643835341 0.0964707211156504 13
1757643835446 0.1705896127249161 14
1757643835549 0.0995331368336239 15
1757643835653 3.0310430333898598e-05 16
1757643835758 0.038776445912535464 17
1757643835866 0.19915873233489434 18
1757643835970 0.019951241580007734 19
1757643836072 0.0020311581303773117 20
1757643836174 0.2243445722727596 21
1757643836276 0.021881636062048012 22
1757643836380 0.0015802683369936313 23
1757643836483 0.18094342629093343 24
1757643836593 0.0631584249856332 25
1757643836695 0.05577257453357041 26
1757643836797 0.02674015379426222 27
1757643836899 0.22708432492148778 28
1757643837001 0.008421113316303732 29
1757643837103 0.007611481989177753 30
1757643837204 0.24089018691053413 31
1757643837307 0.0835891373935078 32
1757643837408 0.05556706668475743 33
1757643837511 0.07812477160211811 34
1757643837614 0.11325711805738613 35
1757643837715 0.013322812737399155 36
1757643837817 0.03920612808544478 37
1757643837919 0.0021704242118009303 38
1757643838022 0.09091009329745377 39
1757643838125 0.19180041009038423 40
1757643838227 0.045228419734295096 41
1757643838329 0.03599231742544925 42
1757643838432 8.424966147925459e-05 43
1757643838593 5.079518754580789e-05 44
1757643838718 0.01981382816274228 45
1757643838827 0.01460968564362288 46
1757643838935 0.24732380108859783 47
1757643839042 0.12580779037167059 48
1757643839147 0.06790265577840074 49
1757643839252 0.001677504376530001 50
1757643839354 0.002493379352793105 51
1757643839456 0.052272657001058015 52
1757643839558 0.018743895898512455 53
1757643839663 0.4458647216609255 54
1757643839766 0.023653785793715576 55
1757643839868 0.028028493357991804 56
1757643839971 0.024665333290484277 57
1757643840073 0.010188786937466134 58
1757643840177 0.006576607977253906 59
1757643840280 0.013546024284335139 60
1757643840383 0.5662945095256676 61
1757643840485 0.42645853767437686 62
1757643840588 0.0016551141256736927 63
1757643840698 0.10185145989299133 64
1757643840803 0.08649841326458681 65
1757643840907 0.6099577933286983 66
1757643841009 0.3129035724299635 67
1757643841112 0.0038171182960600844 68
1757643841216 0.11896971508499776 69
1757643841320 0.27280435124795627 70
1757643841424 1.0997410517872217 71
1757643841527 5.229752601418015e-06 72
1757643841634 0.12470018376198297 73
1757643841737 0.003038645333243382 74
1757643841840 0.08875212747341538 75
1757643841946 0.016444902135575565 76
1757643842055 0.43782023129087416 77
1757643842159 0.0002317151286495707 78
1757643842262 0.01100525272872515 79
1757643842366 0.07498492313499548 80
1757643842469 0.4367363215237317 81
1757643842573 0.02418637851394491 82
1757643842678 0.06813864435296328 83
1757643842783 0.03264797525491088 84
1757643842888 0.0957835523730362 85
1757643842991 0.33901983328336666 86
1757643843095 0.04016986151331539 87
1757643843198 0.012318925767103707 88
1757643843303 2.9149432342268694e-05 89
1757643843407 0.09306576968946419 90
1757643843527 0.0343196559033084 91
1757643843649 0.1513761819971424 92
1757643843760 0.30432108541893726 93
1757643843866 0.35572145198409116 94
1757643843970 0.18626434632174668 95
1757643844076 0.09098393918163966 96
1757643844202 0.004173668981445149 97
1757643844313 0.02190797327967058 98
1757643844421 0.005148193725546069 99
1757643844586 0.2989708790055946 100
1757643844701 0.004068139290018663 101
1757643844811 0.2087651310098322 102
1757643844920 0.11519514066344692 103
1757643845024 0.03311304377446683 104
1757643845129 0.16248379117688955 105
1757643845301 0.03819177941864627 106
1757643845413 0.008626606201751107 107
1757643845526 0.15272573215411955 108
1757643845637 0.09381750345049085 109
1757643845746 0.9994177933855867 110
1757643845860 0.01916232122908517 111
1757643845975 0.00017384058272116172 112
1757643846090 0.0013658827783582133 113
1757643846200 0.3040707723607561 114
1757643846308 0.01025418270641638 115
1757643846413 0.06708431208936631 116
1757643846519 0.00026866804084252745 117
1757643846624 0.10278428380279694 118
1757643846735 0.040287425053143505 119
1757643846843 0.009425075546110615 120
1757643846947 0.004478822868989472 121
1757643847053 0.18902488538396156 122
1757643847158 0.06575641113096387 123
1757643847263 0.26555770519325306 124
1757643847368 0.024983447968661098 125
1757643847473 0.05472761643276674 126
1757643847578 1.4129025983834763e-05 127
1757643847683 0.2135358153708395 128
1757643847789 0.016589397152823322 129
1757643847894 0.08695500086223645 130
1757643847998 0.009864194217672399 131
1757643848103 0.027580950234020286 132
1757643848209 0.27064781500248836 133
1757643848315 0.8064891049085701 134
1757643848421 0.07508054769592429 135
1757643848528 0.0002476475458361743 136
1757643848650 0.37571251099480135 137
1757643848762 0.00450678692668692 138
1757643848873 0.05681845569729078 139
1757643848978 0.009866752140297653 140
1757643849083 0.005887679263216794 141
1757643849189 0.00788429974496393 142
1757643849294 0.014735950363206234 143
1757643849400 0.09479219289578206 144
1757643849505 0.03035895703084561 145
1757643849610 1.3930765159827134 146
1757643849716 0.004156360942576191 147
1757643849822 0.02306440881987001 148
1757643849927 0.050974804374381746 149
1757643850033 0.00020908513036922198 150
1757643850139 0.029446344445297028 151
1757643850246 0.06523999478652381 152
1757643850352 0.0002530717518699324 153
1757643850457 0.017748454513815962 154
1757643850562 0.008123868267298426 155
1757643850668 0.10855297274176332 156
1757643850777 0.5706841610226031 157
1757643850886 0.33601142777222454 158
1757643850992 0.7752013722473374 159
1757643851097 0.06909215251247156 160
1757643851204 0.007005114682919919 161
1757643851310 0.07305751665769647 162
1757643851416 0.043771404486616185 163
1757643851522 0.03356073796492672 164
1757643851627 0.0253646195459905 165
1757643851734 0.12698080597246522 166
1757643851839 0.3404530100691747 167
1757643851944 0.10262890000538279 168
1757643852050 0.02607158553054162 169
1757643852153 0.02308783899122234 170
1757643852262 0.04707230244080618 171
1757643852367 0.00028568539840683035 172
1757643852475 0.01371278278003413 173
1757643852581 0.003030945599525157 174
1757643852685 0.009189779043084049 175
1757643852792 0.008082128211513382 176
1757643852905 0.06584677068824797 177
1757643853011 0.29822684744168515 178
1757643853116 0.04155093411442461 179
1757643853221 0.0046250545317109495 180
1757643853327 0.10913503853585389 181
1757643853437 0.5236558783232598 182
1757643853553 0.013645388311142578 183
1757643853672 0.05936441605793467 184
1757643853780 0.81811334996785 185
1757643853888 0.09718652595351744 186
1757643853995 0.05329217891870865 187
1757643854102 0.0035015298939985793 188
1757643854209 1.4752905148060639e-05 189
1757643854314 0.02224677041061286 190
1757643854422 0.3238592917081828 191
1757643854529 0.05737244628878846 192
1757643854637 0.005540935903255216 193
1757643854744 0.7730708448378881 194
1757643854854 0.00905702694907999 195
1757643854963 0.05783459926494281 196
1757643855071 0.008053990230068931 197
1757643855177 0.5672972831613791 198
1757643855283 0.10820342651490078 199
1757643855434 0.07898108139804709 200
1757643855574 0.00047860689452988394 201
1757643855687 0.2260961170348727 202
1757643855798 0.007467487892344744 203
1757643855910 0.0046041292841245305 204
1757643856023 0.041460389647259815 205
1757643856131 0.027308259644137037 206
1757643856238 5.401258576644379e-05 207
1757643856345 0.10329650974384624 208
1757643856452 0.05945987250748382 209
1757643856560 0.5217621545791157 210
1757643856667 0.001942247071814658 211
1757643856774 0.03196879577641162 212
1757643856886 0.07876262822360154 213
1757643856996 0.49908317562786186 214
1757643857105 0.08092380647356086 215
1757643857212 0.0003108843215485682 216
1757643857320 0.006780698283222117 217
1757643857428 0.024420066693962423 218
1757643857535 0.06468832388946046 219
1757643857644 0.04192184825635894 220
1757643857751 0.0024201884207347545 221
1757643857857 0.9854097182706949 222
1757643857964 0.003448869640045435 223
1757643858071 0.027893406405930608 224
1757643858179 0.1655796257551807 225
1757643858287 0.0836025598866946 226
1757643858394 0.0830454625984498 227
1757643858501 0.08701653600172123 228
1757643858624 0.08597840085489979 229
1757643858735 0.007358696691427691 230
1757643858842 0.2507168169192414 231
1757643858953 7.861704273995683e-05 232
1757643859063 0.07948131155976694 233
1757643859171 0.002457251122086808 234
1757643859278 0.013161158390544101 235
1757643859386 0.029968819439176505 236
1757643859493 0.1034376073276532 237
1757643859602 0.9934272994167508 238
1757643859712 0.004060912511789179 239
1757643859819 0.020324866732672812 240
1757643859926 0.004093086680235799 241
1757643860033 0.005668576679582692 242
1757643860141 0.0526783574624785 243
1757643860249 0.0001604025544884037 244
1757643860356 0.3606498453682844 245
1757643860463 0.12396781566374487 246
1757643860571 0.21755828825244816 247
1757643860678 0.48401296065996563 248
1757643860787 0.1583173834665071 249
1757643860894 1.9418095809320973e-06 250
1757643861004 0.33021855138352424 251
1757643861112 0.003924355470489735 252
1757643861221 0.04253778768768201 253
1757643861329 0.03703296208414252 254
1757643861437 0.010991004435486784 255
1757643861545 0.11891898496135048 256
1757643861652 0.026867022647779785 257
1757643861758 0.22663319977384808 258
1757643861866 0.0028659690782822417 259
1757643861973 0.013755327989599662 260
1757643862081 0.10144383488320188 261
1757643862191 0.015208558095168136 262
1757643862299 0.13848304861965846 263
1757643862407 0.17105525856481996 264
1757643862514 0.010411979073659067 265
1757643862618 0.6808391621669277 266
1757643862726 0.06749650986719621 267
1757643862833 0.10536248796739482 268
1757643862945 0.12943694087546348 269
1757643863058 0.2424784914320559 270
1757643863166 0.10639707742176314 271
1757643863276 0.8126662418727104 272
1757643863385 0.010092325949866405 273
1757643863502 0.04590835954998893 274
1757643863628 0.27347957078951945 275
1757643863742 0.14485162380001226 276
1757643863852 0.0036727506473786435 277
1757643863960 0.11852288744130952 278
1757643864069 2.4492136124763204e-05 279
1757643864176 0.010313510421489732 280
1757643864287 0.08877683201649514 281
1757643864396 0.02303723366584217 282
1757643864505 0.16127673797345174 283
1757643864614 0.05219767058758452 284
1757643864724 0.054403725067193966 285
1757643864833 0.21928247485213526 286
1757643864942 0.07351503859376209 287
1757643865053 0.03845701600463006 288
1757643865164 0.00021973738457654144 289
1757643865272 0.20954015465304698 290
1757643865382 0.12184019694228145 291
1757643865491 0.7994700524676089 292
1757643865601 0.02272313224570719 293
1757643865710 0.013290500864156767 294
1757643865820 0.04371074899736183 295
1757643865929 0.20546143326315933 296
1757643866041 0.015670168589426065 297
1757643866151 0.03714187690634524 298
1757643866259 0.07554930190147291 299
1757643866369 0.03379744288766669 300
1757643866478 0.019368395095141627 301
1757643866588 0.660869513452084 302
1757643866698 0.257275874987875 303
1757643866806 0.004207010317765315 304
1757643866916 0.01089085212177779 305
1757643867026 0.3088443824980469 306
1757643867138 0.00913498993330966 307
1757643867248 0.5412426538400578 308
1757643867356 0.010647478266911198 309
1757643867467 0.023696496104270177 310
1757643867576 0.11704500934282236 311
1757643867685 0.027986681703501503 312
1757643867794 0.04447712540409707 313
1757643867903 0.46927134187443875 314
1757643868011 0.28441357848180937 315
1757643868120 0.0205777327746099 316
1757643868228 0.06284986624739913 317
1757643868335 0.22548226169076085 318
1757643868445 0.8094559127543967 319
1757643868558 0.11473354820697472 320
1757643868676 0.0015339868217086913 321
1757643868785 0.03788429927091223 322
1757643868895 0.10950157099653272 323
1757643869005 0.05448509631739092 324
1757643869118 0.003619580229694346 325
1757643869228 0.09515955073054619 326
1757643869338 0.40969005624854105 327
1757643869450 0.15602520243638154 328
1757643869561 0.9065686952457113 329
1757643869672 0.006264155281529427 330
1757643869786 0.21008619846011717 331
1757643869897 0.016127132594211255 332
1757643870009 0.2816212187657514 333
1757643870121 0.20413894577608416 334
1757643870230 0.04243891929758686 335
1757643870340 0.012027853200824638 336
1757643870451 0.17110959778395224 337
1757643870563 0.0026953097552433803 338
1757643870674 0.011392370549402581 339
1757643870783 0.15891907741400968 340
1757643870894 0.05761560273912884 341
1757643871004 0.0037795136665954884 342
1757643871117 0.09700044748095764 343
1757643871228 0.0008479178858669703 344
1757643871338 0.02040671327451599 345
1757643871448 9.871885909359378e-05 346
1757643871560 0.027138327016870648 347
1757643871726 0.0366326394497153 348
1757643871861 0.09205630993464124 349
1757643871979 0.36250937456230137 350
1757643872091 0.08350958604601944 351
1757643872202 0.03940867538969324 352
1757643872313 0.10719524102533942 353
1757643872423 0.28669482241894534 354
1757643872534 0.11570206360622093 355
1757643872643 0.8169680623237399 356
1757643872755 0.006497998602774965 357
1757643872866 0.0013903023976806826 358
1757643872977 0.08445831230069721 359
1757643873143 0.028496216065759267 360
1757643873268 0.05933785290683218 361
1757643873382 0.048010430169924206 362
1757643873500 0.3138963486149307 363
1757643873633 0.08358039477099705 364
1757643873749 0.0076843427137766535 365
1757643873870 0.7911227101272805 366
1757643873983 0.7731978209727115 367
1757643874094 0.0003119388386757888 368
1757643874207 0.25938430235135246 369
1757643874319 0.0021895208980982996 370
1757643874430 0.02595193263605905 371
1757643874540 0.11409505008838393 372
1757643874652 0.05960830662226717 373
1757643874762 0.17080619105893727 374
1757643874874 0.0006801851788903905 375
1757643874986 0.0607524356898871 376
1757643875096 0.15886688414316033 377
1757643875209 0.0027785727208511574 378
1757643875323 0.0940546040368816 379
1757643875438 0.03792522404227347 380
1757643875552 0.17267070969472026 381
1757643875664 0.012834448961262186 382
1757643875775 0.0035030282295082336 383
1757643875887 0.18574313806054651 384
1757643876000 0.26513651178608283 385
1757643876111 0.5746028587311282 386
1757643876221 0.08795893581432442 387
1757643876332 0.00022574624188151477 388
1757643876445 0.0008297618672242126 389
1757643876558 0.002551292825432397 390
1757643876669 0.0012698337093822096 391
1757643876779 0.03931324212337832 392
1757643876891 0.08273323318144774 393
1757643877003 0.16966364446573778 394
1757643877113 0.2564556263863223 395
1757643877225 0.038420576306721715 396
1757643877338 0.16364167241725514 397
1757643877450 0.07822467561845005 398
1757643877561 0.04386639709631537 399
1757643877671 0.010075289054499508 400
1757643877782 0.03278883383208471 401
1757643877892 0.1461975571796205 402
1757643878003 0.1733602904550399 403
1757643878113 0.15489966567867966 404
1757643878222 0.03151697871631878 405
1757643878333 0.00580319863077631 406
1757643878445 0.013288492706722152 407
1757643878559 0.04265246631285258 408
1757643878679 0.051537617185349514 409
1757643878792 0.2838810990100979 410
1757643878903 0.09540171231107485 411
1757643879015 0.022187329003633204 412
1757643879128 0.004559269954911803 413
1757643879241 0.18968998632927267 414
1757643879358 0.31118157909268046 415
1757643879470 0.03641894468356507 416
1757643879584 0.22658425394402845 417
1757643879697 0.1556028925371577 418
1757643879809 0.0609946943211738 419
1757643879921 0.25833667503462715 420
1757643880035 0.004159925686595395 421
1757643880144 0.20957122889054405 422
1757643880255 0.20264492401820863 423
1757643880366 0.024295663042611434 424
1757643880476 0.005959050406321456 425
1757643880586 0.22797294938632803 426
1757643880697 0.31284737198146206 427
1757643880809 0.42996513276496334 428
1757643880919 0.08588591972058118 429
1757643881028 0.10505254718228281 430
1757643881139 0.17925274092242885 431
1757643881249 0.018265676676804645 432
1757643881366 0.017521567192308154 433
1757643881479 0.15915951633645803 434
1757643881591 1.435106281119949e-05 435
1757643881701 0.09830387525183959 436
1757643881813 0.05539013742375243 437
1757643881926 0.14957106105176823 438
1757643882037 0.36710590166005397 439
1757643882148 0.08056006771494312 440
1757643882259 0.01232935362626416 441
1757643882370 0.4406355553469795 442
1757643882480 0.0011014253980279845 443
1757643882591 0.09068351576443168 444
1757643882702 0.08193207247802332 445
1757643882814 0.0806598007780016 446
1757643882925 0.10574282458631029 447
1757643883035 0.7755968261308646 448
1757643883146 0.05354152364730655 449
1757643883256 0.060093094566594715 450
1757643883372 0.07242465549010804 451
1757643883487 0.026802407797725924 452
1757643883611 0.0037438789665996002 453
1757643883729 0.011091794042900352 454
1757643883843 0.02795440611823943 455
1757643883956 0.02186624929150465 456
1757643884069 0.5215970013317567 457
1757643884187 0.38124574756403157 458
1757643884301 0.021422115753338855 459
1757643884418 0.04115850207754242 460
1757643884533 0.07399846905006761 461
1757643884647 0.1512936305578645 462
1757643884763 0.43493147779039726 463
1757643884876 0.07561369074996369 464
1757643884990 0.003912719526050127 465
1757643885100 0.033198240877268186 466
1757643885212 0.02411201575846693 467
1757643885324 0.002236612874301022 468
1757643885443 0.08525153708596493 469
1757643885557 0.08350533400239926 470
1757643885670 0.0017483557091957857 471
1757643885787 0.10959556109595436 472
1757643885902 0.00914045528783962 473
1757643886015 0.005027143638136662 474
1757643886127 0.10346367883480029 475
1757643886238 0.04196667006548341 476
1757643886351 0.049255646849988025 477
1757643886462 0.08100371816188175 478
1757643886575 0.03981260565099632 479
1757643886685 0.16657833106064293 480
1757643886798 0.11183195538173756 481
1757643886908 0.011711953662348468 482
1757643887020 0.012461019888941365 483
1757643887131 0.0016730728892141277 484
1757643887242 0.18665053214117902 485
1757643887355 0.019488481304408806 486
1757643887473 0.6243538968610738 487
1757643887587 0.27026979138913426 488
1757643887699 0.28181632311124755 489
1757643887812 1.6328462961621109 490
1757643887923 0.00042772143237884073 491
1757643888035 0.0027085387526227726 492
1757643888147 0.017904205488845585 493
1757643888258 0.07174091964352736 494
1757643888431 0.28372040495282036 495
1757643888544 0.0022388471972294615 496
1757643888668 0.45527846599839944 497
1757643888782 0.004104136229535529 498
1757643888896 0.0439022861451824 499
