1757641534372 168.87672819721146 0
1757641534428 165.52276476291095 1
1757641534476 160.58778952595904 2
1757641534524 154.98361573753962 3
1757641534584 149.16886215807662 4
1757641534632 143.36981208796612 5
1757641534680 137.6952365162923 6
1757641534732 132.19494448938698 7
1757641534782 126.88934925069736 8
1757641534828 121.7843215603611 9
1757641534877 116.87862930209769 10
1757641534924 112.16765550744162 11
1757641534974 107.6452519531594 12
1757641535023 103.30465979456527 13
1757641535073 99.13896371148753 14
1757641535121 95.14131299267162 15
1757641535169 91.3050263133838 16
1757641535221 87.62363858760874 17
1757641535276 84.09091907984647 18
1757641535326 80.700875361009 19
1757641535375 77.44775039229253 20
1757641535424 74.32601637073316 21
1757641535475 71.33036714534326 22
1757641535522 68.45571010062255 23
1757641535569 65.69715794848831 24
1757641535632 63.05002064208892 25
1757641535679 60.50979751145923 26
1757641535728 58.072169664495156 27
1757641535777 55.73299266874818 28
1757641535825 53.488289515803416 29
1757641535873 51.334243863378035 30
1757641535921 49.26719354719601 31
1757641535970 47.28362435337721 32
1757641536018 45.380164041633535 33
1757641536066 43.55357660954753 34
1757641536115 41.800756788397045 35
1757641536163 40.118724761272134 36
1757641536212 38.50462109455351 37
1757641536262 36.95570187415675 38
1757641536312 35.46933403828152 39
1757641536360 34.042990898731624 40
1757641536408 32.67424784319026 41
1757641536458 31.360778211139827 42
1757641536505 30.10034933641118 43
1757641536554 28.890818749629563 44
1757641536619 27.730130534096944 45
1757641536669 26.61631182891093 46
1757641536731 25.547469473371216 47
1757641536785 24.521786786964665 48
1757641536833 23.537520479451057 49
1757641536882 22.592997685792543 50
1757641536931 21.686613120882626 51
1757641536979 20.816826349233978 52
1757641537028 19.98215916498028 53
1757641537078 19.181193077734783 54
1757641537127 18.41256690002834 55
1757641537176 17.67497443222278 56
1757641537228 16.967162240960967 57
1757641537277 16.287927527374315 58
1757641537326 15.636116081421095 59
1757641537375 15.010620318875414 60
1757641537424 14.410377397627427 61
1757641537474 13.834367410090248 62
1757641537522 13.281611648638489 63
1757641537636 12.751170941127643 64
1757641537690 12.242144053662745 65
1757641537742 11.753666157899069 66
1757641537796 11.284907360267658 67
1757641537849 10.835071290623487 68
1757641537900 10.403393747915468 69
1757641537950 9.989141400574345 70
1757641538014 9.59161053940762 71
1757641538072 9.210125880880085 72
1757641538126 8.84403941874418 73
1757641538176 8.492729322066559 74
1757641538227 8.155598877776482 75
1757641538277 7.832075475936972 76
1757641538329 7.521609636012782 77
1757641538379 7.223674072478562 78
1757641538430 6.937762798177946 79
1757641538481 6.663390263908119 80
1757641538532 6.400090532766341 81
1757641538583 6.147416487853931 82
1757641538642 5.904939071989862 83
1757641538696 5.672246558140799 84
1757641538746 5.44894384932649 85
1757641538797 5.234651806809596 86
1757641538848 5.029006605427216 87
1757641538899 4.831659114967496 88
1757641538951 4.642274306539028 89
1757641539002 4.4605306829232685 90
1757641539053 4.28611973194095 91
1757641539105 4.118745401902736 92
1757641539155 3.9581235982518224 93
1757641539206 3.8039817005422383 94
1757641539256 3.6560580989313176 95
1757641539306 3.514101749397824 96
1757641539358 3.377871746929278 97
1757641539408 3.247136915952394 98
1757641539459 3.1216754173100294 99
1757641539509 3.0012743711160947 100
1757641539559 2.885729494846939 101
1757641539608 2.7748447560536253 102
1757641539659 2.6684320391044123 103
1757641539710 2.5663108253905045 104
1757641539760 2.4683078864512593 105
1757641539810 2.3742569894967676 106
1757641539859 2.283998614827017 107
1757641539909 2.1973796846669353 108
1757641539961 2.1142533029561394 109
1757641540011 2.0344785056507786 110
1757641540061 1.9579200211127943 111
1757641540111 1.8844480401789945 112
1757641540163 1.8139379955189494 113
1757641540213 1.74627034990637 114
1757641540263 1.6813303930438708 115
1757641540314 1.619008046595551 116
1757641540365 1.5591976770957887 117
1757641540416 1.5017979164160558 118
1757641540467 1.446711489484396 119
1757641540519 1.3938450489645366 120
1757641540574 1.3431090166134838 121
1757641540635 1.2944174310477847 122
1757641540709 1.2476878016595228 123
1757641540763 1.2028409684336285 124
1757641540823 1.1598009674280534 125
1757641540876 1.1184949016880623 126
1757641540930 1.0788528173750644 127
1757641540990 1.0408075848993803 128
1757641541045 1.004294784854692 129
1757641541098 0.9692525985602891 130
1757641541150 0.9356217030248873 131
1757641541203 0.903345170153416 132
1757641541255 0.8723683700253602 133
1757641541309 0.8426388780801671 134
1757641541362 0.814106386051873 135
1757641541414 0.7867226165014791 136
1757641541466 0.7604412408017507 137
1757641541517 0.7352178004349281 138
1757641541569 0.7110096314695622 139
1757641541620 0.6877757920879984 140
1757641541671 0.6654769930412803 141
1757641541723 0.6440755309132186 142
1757641541774 0.6235352240801281 143
1757641541827 0.6038213512573416 144
1757641541879 0.5849005925279834 145
1757641541931 0.5667409727537522 146
1757641541983 0.5493118072714513 147
1757641542035 0.5325836497829509 148
1757641542087 0.5165282423499653 149
1757641542138 0.5011184674086161 150
1757641542189 0.48632830172217695 151
1757641542244 0.4721327721937284 152
1757641542295 0.45850791346356046 153
1757641542349 0.4454307272192315 154
1757641542400 0.4328791431491111 155
1757641542453 0.42083198147300294 156
1757641542504 0.4092689169861368 157
1757641542556 0.39817044455540385 158
1757641542608 0.387517846009162 159
1757641542676 0.37729315836432736 160
1757641542735 0.36747914333671705 161
1757641542788 0.35805925808281236 162
1757641542841 0.34901762712319867 163
1757641542894 0.34033901539995537 164
1757641542947 0.33200880242216246 165
1757641543012 0.3240129574556034 166
1757641543072 0.31633801571446524 167
1757641543126 0.3089710555145579 168
1757641543179 0.30189967634921994 169
1757641543233 0.2951119778506467 170
1757641543285 0.2885965396008507 171
1757641543339 0.2823424017579577 172
1757641543392 0.2763390464648974 173
1757641543445 0.2705763800088752 174
1757641543498 0.2650447157013156 175
1757641543551 0.25973475744915653 176
1757641543605 0.25463758398958314 177
1757641543669 0.2497446337614 178
1757641543727 0.24504769038731433 179
1757641543783 0.24053886874247846 180
1757641543838 0.2362106015855796 181
1757641543891 0.23205562672978744 182
1757641543944 0.2280669747317264 183
1757641543998 0.22423795707756708 184
1757641544053 0.220562154846148 185
1757641544107 0.21703340782986325 186
1757641544161 0.21364580409482914 187
1757641544214 0.21039366996257897 188
1757641544267 0.20727156039627243 189
1757641544319 0.20427424977506856 190
1757641544371 0.20139672304099418 191
1757641544423 0.19863416720326096 192
1757641544476 0.19598196318558977 193
1757641544529 0.1934356780026897 194
1757641544590 0.19099105725260612 195
1757641544712 0.18864401791217067 196
1757641544783 0.18639064142331405 197
1757641544841 0.18422716705849537 198
1757641544898 0.1821499855539772 199
1757641544953 0.18015563300012846 200
1757641545007 0.17824078497836637 201
1757641545063 0.1764022509347938 202
1757641545117 0.17463696878095344 203
1757641545171 0.17294199971254265 204
1757641545227 0.171314523237275 205
1757641545282 0.16975183240345257 206
1757641545336 0.1682513292211326 207
1757641545390 0.16681052026812035 208
1757641545445 0.1654270124733185 209
1757641545498 0.16409850907027357 210
1757641545551 0.16282280571404273 211
1757641545604 0.16159778675479405 212
1757641545657 0.16042142166179846 213
1757641545732 0.1592917615917546 214
1757641545797 0.15820693609560504 215
1757641545852 0.15716514995826217 216
1757641545907 0.15616468016586904 217
1757641545963 0.1552038729954513 218
1757641546018 0.1542811412220135 219
1757641546072 0.1533949614383425 220
1757641546126 0.15254387148296075 221
1757641546180 0.15172646797186906 222
1757641546235 0.15094140392988395 223
1757641546289 0.15018738651754912 224
1757641546344 0.14946317484976612 225
1757641546398 0.1487675779024316 226
1757641546451 0.1480994525035414 227
1757641546504 0.14745770140533632 228
1757641546557 0.14684127143423142 229
1757641546611 0.1462491517153785 230
1757641546664 0.14568037196885317 231
1757641546717 0.14513400087457454 232
1757641546773 0.1446091445031829 233
1757641546832 0.14410494481021002 234
1757641546886 0.1436205781909919 235
1757641546940 0.1431552540938661 236
1757641546994 0.14270821368930614 237
1757641547047 0.14227872859273136 238
1757641547101 0.1418660996388257 239
1757641547155 0.14146965570529013 240
1757641547209 0.1410887525840268 241
1757641547262 0.1407227718978473 242
1757641547318 0.14037112006086122 243
1757641547385 0.14003322728078857 244
1757641547440 0.1397085466014951 245
1757641547493 0.13939655298413703 246
1757641547548 0.1390967424253505 247
1757641547602 0.1388086311109907 248
1757641547656 0.1385317546039898 249
1757641547710 0.13826566706495358 250
1757641547764 0.13800994050417645 251
1757641547818 0.1377641640638051 252
1757641547871 0.13752794332893997 253
1757641547925 0.13730089966649917 254
1757641547983 0.13708266959072996 255
1757641548050 0.136872904154289 256
1757641548105 0.13667126836386415 257
1757641548161 0.1364774406193421 258
1757641548218 0.13629111217557593 259
1757641548273 0.1361119866258388 260
1757641548329 0.13593977940608964 261
1757641548383 0.1357742173192106 262
1757641548438 0.13561503807841122 263
1757641548492 0.13546198986902463 264
1757641548546 0.1353148309279567 265
1757641548600 0.13517332914007157 266
1757641548654 0.1350372616508359 267
1757641548708 0.1349064144945606 268
1757641548762 0.1347805822376147 269
1757641548821 0.13465956763600562 270
1757641548879 0.13454318130674725 271
1757641548934 0.13443124141245888 272
1757641548988 0.13432357335866296 273
1757641549043 0.1342200095032662 274
1757641549100 0.1341203888777383 275
1757641549154 0.13402455691951073 276
1757641549208 0.13393236521514543 277
1757641549263 0.13384367125384186 278
1757641549318 0.1337583381908605 279
1757641549371 0.13367623462046707 280
1757641549426 0.13359723435801132 281
1757641549481 0.1335212162307732 282
1757641549535 0.1334480638772227 283
1757641549589 0.13337766555435351 284
1757641549644 0.1333099139527667 285
1757641549698 0.13324470601919014 286
1757641549753 0.13318194278613496 287
1757641549807 0.13312152920840145 288
1757641549862 0.13306337400615786 289
1757641549916 0.13300738951432758 290
1757641549971 0.1329534915380304 291
1757641550031 0.13290159921383368 292
1757641550087 0.13285163487657986 293
1757641550141 0.13280352393156447 294
1757641550196 0.1327571947318509 295
1757641550254 0.13271257846051318 296
1757641550308 0.13266960901760955 297
1757641550363 0.13262822291169465 298
1757641550456 0.13258835915569023 299
1757641550515 0.13254995916693557 300
1757641550572 0.13251296667125156 301
1757641550628 0.13247732761085687 302
1757641550684 0.1324429900559784 303
1757641550741 0.13240990412001105 304
1757641550797 0.13237802187808073 305
1757641550857 0.1323472972888757 306
1757641550914 0.13231768611961342 307
1757641550971 0.13228914587401708 308
1757641551028 0.132261635723181 309
1757641551085 0.13223511643920763 310
1757641551141 0.1322095503315062 311
1757641551196 0.13218490118564427 312
1757641551251 0.13216113420465028 313
1757641551306 0.13213821595266861 314
1757641551362 0.13211611430087222 315
1757641551417 0.1320947983755411 316
1757641551473 0.13207423850822259 317
1757641551529 0.1320544061878847 318
1757641551585 0.13203527401498827 319
1757641551641 0.13201681565739443 320
1757641551697 0.13199900580804017 321
1757641551752 0.13198182014430498 322
1757641551808 0.1319652352890047 323
1757641551864 0.1319492287729449 324
1757641551919 0.1319337789989724 325
1757641551975 0.13191886520746388 326
1757641552030 0.13190446744319387 327
1757641552086 0.1318905665235278 328
1757641552142 0.13187714400788475 329
1757641552198 0.13186418216842144 330
1757641552254 0.1318516639618866 331
1757641552309 0.13183957300259894 332
1757641552366 0.13182789353650376 333
1757641552421 0.13181661041626627 334
1757641552477 0.1318057090773574 335
1757641552534 0.13179517551509404 336
1757641552590 0.1317849962625948 337
1757641552649 0.13177515836961556 338
1757641552713 0.13176564938222737 339
1757641552770 0.13175645732330504 340
1757641552828 0.13174757067379259 341
1757641552889 0.13173897835471549 342
1757641552948 0.13173066970990813 343
1757641553015 0.13172263448942953 344
1757641553078 0.1317148628336391 345
1757641553136 0.13170734525790487 346
1757641553193 0.13170007263792105 347
1757641553257 0.13169303619560846 348
1757641553317 0.1316862274855758 349
1757641553375 0.13167963838211805 350
1757641553496 0.13167326106673194 351
1757641553572 0.1316670880161274 352
1757641553634 0.1316611119907133 353
1757641553696 0.13165532602354157 354
1757641553757 0.1316497234096889 355
1757641553815 0.13164429769605987 356
1757641553873 0.13163904267159332 357
1757641553931 0.13163395235785785 358
1757641553989 0.13162902100001894 359
1757641554047 0.13162424305816361 360
1757641554106 0.1316196131989685 361
1757641554164 0.13161512628769775 362
1757641554222 0.1316107773805164 363
1757641554279 0.13160656171710836 364
1757641554337 0.1316024747135855 365
1757641554394 0.13159851195567654 366
1757641554450 0.13159466919218535 367
1757641554506 0.13159094232870622 368
1757641554562 0.13158732742158824 369
1757641554619 0.13158382067213592 370
1757641554676 0.13158041842103965 371
1757641554734 0.13157711714302459 372
1757641554791 0.13157391344170996 373
1757641554847 0.13157080404467178 374
1757641554904 0.13156778579869677 375
1757641554967 0.13156485566522652 376
1757641555024 0.1315620107159775 377
1757641555082 0.13155924812873376 378
1757641555138 0.13155656518330552 379
1757641555198 0.13155395925764451 380
1757641555255 0.1315514278241131 381
1757641555312 0.1315489684458982 382
1757641555369 0.13154657877356646 383
1757641555425 0.13154425654175225 384
1757641555483 0.13154199956597795 385
1757641555540 0.1315398057395959 386
1757641555596 0.13153767303085076 387
1757641555653 0.13153559948005572 388
1757641555710 0.1315335831968798 389
1757641555767 0.13153162235773955 390
1757641555824 0.13152971520329326 391
1757641555881 0.13152786003603123 392
1757641555938 0.1315260552179618 393
1757641555995 0.1315242991683846 394
1757641556052 0.13152259036175223 395
1757641556108 0.1315209273256135 396
1757641556165 0.13151930863863712 397
1757641556222 0.13151773292871155 398
1757641556279 0.13151619887111812 399
1757641556335 0.13151470518677527 400
1757641556392 0.13151325064054928 401
