1757639835616 157.08580985942905 0
1757639835681 155.92515572579578 1
1757639835749 152.1457903622181 2
1757639835813 145.5774346689523 3
1757639835880 147.2320495691983 4
1757639835946 135.11068172249105 5
1757639835998 133.41608188337102 6
1757639836058 125.23105703137051 7
1757639836110 118.9268167954916 8
1757639836163 119.65615197355008 9
1757639836216 115.94497625529301 10
1757639836268 113.26245242158814 11
1757639836325 109.21520651132981 12
1757639836380 102.46497851525231 13
1757639836434 97.56370394000545 14
1757639836491 95.63841058770363 15
1757639836551 95.94621179997684 16
1757639836774 91.54966959065682 17
1757639837083 87.70554092863735 18
1757639837145 86.22990704384448 19
1757639837199 80.51448286308579 20
1757639837248 76.49107513743341 21
1757639837297 79.5480369213113 22
1757639837344 72.34108580089551 23
1757639837391 73.43766526587473 24
1757639837440 68.92524627747629 25
1757639837505 67.64469066298196 26
1757639837554 64.48412758439352 27
1757639837602 63.78607060407519 28
1757639837650 57.21896329108479 29
1757639837703 57.794700546815484 30
1757639837766 56.268447528037385 31
1757639837814 53.87293774240046 32
1757639837861 52.904997891387204 33
1757639838076 50.95812050945171 34
1757639838143 49.25128617653865 35
1757639838194 48.122123700202806 36
1757639838244 48.68119937087679 37
1757639838297 45.52097786609293 38
1757639838348 42.585622763466866 39
1757639838398 42.21682561225526 40
1757639838448 41.54975182229346 41
1757639838499 36.69943817199916 42
1757639838549 38.92201950871816 43
1757639838599 35.64167534273209 44
1757639838651 35.39698442111667 45
1757639838701 35.17626140856425 46
1757639838751 32.21362994929827 47
1757639838805 31.538304681991697 48
1757639838854 31.31319844524081 49
1757639838904 29.388104474420015 50
1757639838966 28.071742375397132 51
1757639839017 26.633472225353923 52
1757639839070 25.603472650497398 53
1757639839119 25.73736050769132 54
1757639839169 24.411161980054985 55
1757639839219 23.922055198328955 56
1757639839269 23.047652826000583 57
1757639839320 22.679802747127177 58
1757639839372 20.393091691267077 59
1757639839425 21.25005424964787 60
1757639839476 18.57566797321843 61
1757639839527 19.66079475627299 62
1757639839578 19.547733320587078 63
1757639839629 17.60968648829924 64
1757639839685 17.774982366214743 65
1757639839738 17.06751852244955 66
1757639839790 16.574506242246215 67
1757639839842 16.254941604159566 68
1757639839893 15.531372997853111 69
1757639839944 14.942115129645114 70
1757639839993 13.071432365994227 71
1757639840044 13.808197148367151 72
1757639840094 13.259477891360378 73
1757639840146 13.167212364638027 74
1757639840197 12.671153040531653 75
1757639840247 11.882570365694969 76
1757639840298 12.425007585868732 77
1757639840347 11.22993384746461 78
1757639840397 11.1551590774144 79
1757639840447 10.682063054329717 80
1757639840498 10.4557320135939 81
1757639840549 10.191192607314855 82
1757639840599 9.007082003583506 83
1757639840649 9.235442850230061 84
1757639840701 9.240244666854782 85
1757639840751 8.68041193273061 86
1757639840802 8.01485591892873 87
1757639840852 7.7062484839541465 88
1757639840904 7.805669699513954 89
1757639840954 7.271069080685423 90
1757639841012 7.124073037708596 91
1757639841063 7.094464840237647 92
1757639841114 6.221854440655624 93
1757639841166 6.181511100993795 94
1757639841217 6.576864262252868 95
1757639841267 5.771433379094402 96
1757639841319 5.883152185488841 97
1757639841371 5.694039013172175 98
1757639841422 5.841968850555209 99
1757639841473 5.118442168165685 100
1757639841524 4.792752809959207 101
1757639841575 5.266785263303805 102
1757639841626 4.883543201784626 103
1757639841677 4.417240532758163 104
1757639841728 4.698958915100829 105
1757639841794 4.575140311118259 106
1757639841846 4.253363162033771 107
1757639841900 4.032206837113131 108
1757639841952 3.973158969984306 109
1757639842003 3.663453380814412 110
1757639842055 4.120373714828886 111
1757639842111 3.859204589840174 112
1757639842166 3.3945156229671603 113
1757639842243 3.4033593651008776 114
1757639842295 3.1643821103805485 115
1757639842349 3.1767025115866994 116
1757639842401 3.5519772298211674 117
1757639842452 2.964985082586369 118
1757639842504 2.9289064491020995 119
1757639842556 2.9676785319981414 120
1757639842607 2.7174980825617627 121
1757639842658 2.497760177052074 122
1757639842717 2.4877710592908335 123
1757639842779 2.475625033092536 124
1757639842832 2.271482512853739 125
1757639842886 2.330684185675624 126
1757639842938 2.301458527283429 127
1757639842990 2.100215454267633 128
1757639843050 1.9959961965872792 129
1757639843102 1.9410247254328155 130
1757639843154 1.7878082251757712 131
1757639843206 2.0438717162810245 132
1757639843259 1.9480436875900422 133
1757639843311 1.3744403486985768 134
1757639843363 1.445459745933159 135
1757639843415 1.6272412807972627 136
1757639843467 1.5472915518367807 137
1757639843519 1.7373150207594736 138
1757639843571 1.5620147567149802 139
1757639843623 1.4895016811825554 140
1757639843676 1.2716502936047176 141
1757639843728 1.3676588338486146 142
1757639843781 1.4908195178511277 143
1757639843834 1.276726771525825 144
1757639843886 1.3267123248884343 145
1757639843938 1.0925024333294133 146
1757639843989 1.1464533915471427 147
1757639844043 1.1428984188538527 148
1757639844094 1.0026420867036483 149
1757639844146 1.307012199120815 150
1757639844199 0.9139987694502459 151
1757639844251 0.917442243446422 152
1757639844305 1.0552859261715883 153
1757639844357 0.7760075024272585 154
1757639844409 0.920654937957117 155
1757639844462 1.0059903613521464 156
1757639844514 0.8353172870312027 157
1757639844567 0.945946148762241 158
1757639844619 0.6570172529040752 159
1757639844671 0.7696180417600331 160
1757639844725 0.7135137237690001 161
1757639844778 0.7204072521349142 162
1757639844832 0.7418638068837445 163
1757639844885 0.924880420955039 164
1757639844938 0.670626515688467 165
1757639844991 0.5750234646901297 166
1757639845045 0.5162739665694808 167
1757639845104 0.7796691509557839 168
1757639845156 0.5409152884650642 169
1757639845209 0.5186804206344611 170
1757639845262 0.6793654969294707 171
1757639845324 0.6871029801869367 172
1757639845383 0.5677821255500632 173
1757639845436 0.6067033454857998 174
1757639845489 0.39278213205528706 175
1757639845541 0.4076465377223665 176
1757639845594 0.5257530760271552 177
1757639845647 0.41361382664386853 178
1757639845699 0.4665679150686919 179
1757639845752 0.4506069986289338 180
1757639845813 0.3758362462814962 181
1757639845886 0.45616963760936474 182
1757639845939 0.4602086901550975 183
1757639846054 0.3455218672053731 184
1757639846111 0.37420505428762524 185
1757639846168 0.4186334503599836 186
1757639846223 0.39857702612097035 187
1757639846278 0.4032674815223739 188
1757639846330 0.40496171518090507 189
1757639846384 0.38112765314544594 190
1757639846437 0.3375835695738554 191
1757639846493 0.29372480902286074 192
1757639846546 0.33863637204269226 193
1757639846601 0.3029804835399481 194
1757639846654 0.2778479461770026 195
1757639846708 0.41522513413606493 196
1757639846761 0.33686597934218493 197
1757639846814 0.32873610781038065 198
1757639846868 0.35952015568551604 199
1757639846921 0.34772001199294306 200
1757639846975 0.24357274726960154 201
1757639847029 0.2638900446672339 202
1757639847088 0.306442317628963 203
1757639847149 0.31247902367144703 204
1757639847202 0.31280027989545883 205
1757639847255 0.23660221787675076 206
1757639847309 0.42035188885605157 207
1757639847362 0.30533708228832807 208
1757639847417 0.29154307516164096 209
1757639847471 0.19962308438971854 210
1757639847525 0.14493257834380807 211
1757639847578 0.1456113758911692 212
1757639847629 0.2108831296304619 213
1757639847685 0.2870283276419327 214
1757639847753 0.2275244418189268 215
1757639847809 0.22101822733465795 216
1757639847863 0.2553265649660373 217
1757639847917 0.21302212921007518 218
1757639847971 0.24455381207168417 219
1757639848025 0.17055132894933217 220
1757639848080 0.2377329289939358 221
1757639848135 0.20812957841614713 222
1757639848190 0.2329534019756679 223
1757639848243 0.14880021460501036 224
1757639848297 0.2434513752410709 225
1757639848351 0.1355178384659832 226
1757639848410 0.1950590946668001 227
1757639848463 0.19671318278648622 228
1757639848518 0.16619274982388002 229
1757639848573 0.07956106667918776 230
1757639848627 0.29387641134407666 231
1757639848684 0.2902163610894106 232
1757639848737 0.3298767042118135 233
1757639848793 0.1741905057225406 234
1757639848847 0.16422699487735215 235
1757639848902 0.13002441544492266 236
1757639848960 0.125391702564226 237
1757639849014 0.23729613228986415 238
1757639849068 0.156785806086367 239
1757639849125 0.20081117007787203 240
1757639849183 0.18323665730662214 241
1757639849238 0.15276002063720887 242
1757639849293 0.09014585736985718 243
1757639849348 0.1756562636506673 244
1757639849403 0.1305839060366893 245
1757639849457 0.16255235466942436 246
1757639849512 0.1623505783144685 247
1757639849571 0.1333603092718372 248
1757639849625 0.12462590302024819 249
1757639849680 0.165391705692059 250
1757639849734 0.1454381693358665 251
1757639849789 0.118487157839312 252
1757639849843 0.1774749734001236 253
1757639849898 0.1339319765362967 254
1757639849953 0.1628944278406698 255
1757639850008 0.19498149359176153 256
1757639850063 0.17369791363231382 257
1757639850119 0.10090050341921883 258
1757639850174 0.10862998324729892 259
1757639850229 0.07261033013263522 260
1757639850284 0.20286130686548512 261
1757639850339 0.08700746962070383 262
1757639850393 0.13941034808207245 263
1757639850448 0.2143248267062517 264
1757639850504 0.09237281372447352 265
1757639850558 0.27102720450744167 266
1757639850614 0.19502479818650406 267
1757639850669 0.09176898202103143 268
1757639850723 0.1458677974356076 269
1757639850779 0.0784311016662559 270
1757639850833 0.08199533671768489 271
1757639850889 0.1464304513067378 272
1757639850943 0.1533786440431207 273
1757639850998 0.1517830948184554 274
1757639851052 0.09487788778505599 275
1757639851107 0.14583459882401117 276
1757639851170 0.13670175450807118 277
1757639851226 0.12265992618650409 278
1757639851283 0.13039189304144708 279
1757639851339 0.19009861004026618 280
1757639851394 0.13554225832767358 281
1757639851450 0.05927203507219313 282
1757639851506 0.08318926906312794 283
1757639851563 0.15141319590967042 284
1757639851618 0.1145958750060044 285
1757639851674 0.11091539140355128 286
1757639851729 0.08696901473155216 287
1757639851783 0.12371739683876568 288
1757639851838 0.1545680298780644 289
1757639851894 0.1322811521972915 290
1757639851949 0.1289184167031118 291
1757639852004 0.07519200776220616 292
1757639852060 0.16396314199065815 293
1757639852116 0.08107018964695548 294
1757639852177 0.10437295183712299 295
1757639852256 0.07517380214096571 296
1757639852312 0.14369338503509277 297
1757639852368 0.09057317560812449 298
1757639852424 0.09983279422475998 299
1757639852480 0.08410676122590177 300
1757639852535 0.11224575214941805 301
1757639852592 0.13674040546963376 302
1757639852647 0.14436022363193965 303
1757639852709 0.1049962778893218 304
1757639852776 0.10536161054535928 305
1757639852834 0.06675710348278825 306
1757639852890 0.11293707713847932 307
1757639852947 0.11716094395443803 308
1757639853005 0.08702193723892347 309
1757639853061 0.03682435190575898 310
1757639853118 0.11560337132605884 311
1757639853173 0.11527491222134252 312
1757639853236 0.13903578188228044 313
1757639853293 0.08729611068667778 314
1757639853349 0.06363065136812554 315
1757639853405 0.1218208786703146 316
1757639853461 0.09979595053987629 317
1757639853517 0.11760701572943404 318
1757639853573 0.17518968327970186 319
1757639853629 0.08786999515408392 320
1757639853685 0.20375852208946407 321
1757639853741 0.08786589819117664 322
1757639853799 0.12699386341725968 323
1757639853857 0.20978415879460513 324
1757639853913 0.12850389782302984 325
1757639853978 0.1059978027338658 326
1757639854034 0.08321760589185088 327
1757639854090 0.09476527681386483 328
1757639854147 0.14785468814946015 329
1757639854204 0.0852579830581151 330
1757639854261 0.11316128503932524 331
1757639854316 0.10398632978121197 332
1757639854372 0.07156461549662634 333
1757639854428 0.10389925918060218 334
1757639854485 0.14263392460420052 335
1757639854541 0.13889374219789372 336
1757639854599 0.09840977804900135 337
1757639854655 0.19849081786052333 338
1757639854712 0.08097040960881287 339
1757639854769 0.08255070638642288 340
1757639854826 0.16607084329647007 341
1757639854883 0.1503130166036757 342
1757639854939 0.15156593950835426 343
1757639854996 0.04952029928289967 344
1757639855057 0.08129547963904382 345
1757639855112 0.15764592516647463 346
1757639855171 0.11177055352011296 347
1757639855240 0.20158787744122825 348
1757639855298 0.14019357513334285 349
1757639855354 0.07621414389470231 350
1757639855412 0.11075936359114028 351
1757639855471 0.2151681093464909 352
1757639855528 0.10246126862770083 353
1757639855584 0.11655032742984651 354
1757639855641 0.10933140838642653 355
1757639855699 0.26171453876374023 356
1757639855756 0.09922114151664678 357
1757639855813 0.07721561258693714 358
1757639855869 0.12302246754372313 359
1757639855927 0.12252000578091167 360
1757639855983 0.09765823337831533 361
1757639856039 0.19370050767070424 362
1757639856096 0.23783528597504577 363
1757639856153 0.09802919152185784 364
1757639856210 0.19084039254652177 365
1757639856267 0.08353182331949831 366
1757639856324 0.1272282439742932 367
1757639856381 0.13925638126109874 368
1757639856438 0.06859866986470005 369
1757639856495 0.13652665545584897 370
1757639856552 0.12241357511017908 371
1757639856609 0.09838063913390382 372
1757639856678 0.1027905979816295 373
1757639856736 0.15371187094366842 374
1757639856793 0.07959813226311016 375
1757639856850 0.16316927174509502 376
1757639856907 0.12042876796566598 377
1757639856964 0.0860289036239363 378
1757639857021 0.10157949186819629 379
1757639857079 0.09102283992006086 380
1757639857136 0.12962443179503844 381
1757639857193 0.07818546000946032 382
1757639857252 0.1009341030512622 383
1757639857314 0.10063242583231213 384
1757639857372 0.1715675963291967 385
1757639857429 0.11497290200364597 386
1757639857487 0.11257539156511046 387
1757639857545 0.19523407223232744 388
1757639857602 0.10308836163118873 389
1757639857658 0.15787468097343854 390
1757639857724 0.08705288749278499 391
1757639857791 0.09109221244346742 392
1757639857848 0.1488801172666049 393
1757639857911 0.07065709443565503 394
1757639857969 0.1257224338842223 395
1757639858025 0.11163434170885898 396
1757639858083 0.14517096347854636 397
1757639858140 0.19272433432797825 398
1757639858202 0.10793030092803779 399
1757639858262 0.11477424169176277 400
1757639858320 0.1202184451818776 401
1757639858378 0.10040597140289013 402
1757639858436 0.13028913432444686 403
1757639858504 0.08451667390204412 404
1757639858562 0.1759436584840738 405
1757639858620 0.14409058537034683 406
1757639858677 0.06079889258822883 407
1757639858736 0.21233395642786398 408
1757639858795 0.18621883498308833 409
1757639858853 0.074364725775827 410
1757639858912 0.11596629774684386 411
1757639858972 0.0875644344316185 412
1757639859029 0.0757211660229611 413
1757639859086 0.11558544363973626 414
1757639859145 0.1588852908987512 415
1757639859203 0.17904277205419483 416
1757639859262 0.15375612490855514 417
1757639859326 0.14183965538260346 418
1757639859384 0.2427189802455054 419
1757639859443 0.12565715059986715 420
1757639859501 0.14177837026411072 421
1757639859559 0.12573144505386852 422
1757639859618 0.13243848005445552 423
1757639859676 0.10006495606463846 424
1757639859734 0.07990382648175695 425
1757639859793 0.18136431216202722 426
1757639859851 0.09783388489018943 427
1757639859909 0.101666336065302 428
1757639859967 0.10162569374599413 429
1757639860026 0.07881868057640812 430
1757639860084 0.13592329758852967 431
1757639860144 0.14107319760706574 432
1757639860203 0.13355225340483204 433
1757639860262 0.08172863077842246 434
1757639860319 0.1635277304207297 435
1757639860377 0.08884234378343636 436
1757639860434 0.09509341066725971 437
1757639860494 0.18393491952194255 438
1757639860553 0.0962362215919788 439
1757639860611 0.11780400014277645 440
1757639860669 0.12206214338858858 441
1757639860729 0.12719312589848802 442
1757639860788 0.09131121945935065 443
1757639860845 0.16105187958840822 444
