1757642913358 35.992519125912224 0
1757642913468 4.650302497663194 1
1757642913572 1.6119694654682213 2
1757642913674 0.21117133540964403 3
1757642913775 0.017593204845437298 4
1757642913876 0.16722551176108696 5
1757642913976 7.541876556099311e-05 6
1757642914076 0.07629678857114681 7
1757642914185 0.050657948185367056 8
1757642914287 0.04339700257895075 9
1757642914390 0.001591755261563634 10
1757642914495 0.07968760192268771 11
1757642914600 0.06057004472543689 12
1757642914706 0.5880171865126362 13
1757642914809 0.016510796180877953 14
1757642914924 0.18400883375906865 15
1757642915031 0.28951006743485125 16
1757642915139 0.003887247581326747 17
1757642915246 0.032892906575498725 18
1757642915349 0.7640470715303876 19
1757642915464 0.4848308368545892 20
1757642915570 0.23047363008641622 21
1757642915683 0.016265568042201962 22
1757642915791 0.04188787797563939 23
1757642915896 0.08684028381804099 24
1757642916001 0.7087691733534435 25
1757642916110 0.0005409092161599025 26
1757642916232 0.026841088158089478 27
1757642916342 0.4660196052298944 28
1757642916448 0.44159121053596995 29
1757642916553 0.16361020100161217 30
1757642916658 5.269269765105599e-05 31
1757642916761 0.0014153706104161378 32
1757642916867 0.003066797821259717 33
1757642916973 0.03357495565498865 34
1757642917078 0.0010997069641182154 35
1757642917181 0.04530330688915405 36
1757642917292 0.06116319122560764 37
1757642917406 0.0026164723172489622 38
1757642917528 0.17347998326697056 39
1757642917634 0.00867404713262422 40
1757642917736 0.0039028349636811978 41
1757642917837 0.06432748735350097 42
1757642917939 0.07498331716226848 43
1757642918048 0.026664844075991134 44
1757642918152 0.022636034067344202 45
1757642918262 0.06185233134992036 46
1757642918384 0.11621427620065794 47
1757642918491 2.831610096833345e-07 48
1757642918596 0.002403986809516584 49
1757642918699 0.39747367034679687 50
1757642918803 0.11072023668184924 51
1757642918908 0.0913986373490595 52
1757642919012 0.2881231564277591 53
1757642919115 0.007843533881755169 54
1757642919220 0.1368242961019428 55
1757642919322 0.03128108753535344 56
1757642919427 0.0297910127081542 57
1757642919531 0.19751125965691513 58
1757642919632 0.1389109287526541 59
1757642919733 0.0029513982614932134 60
1757642919832 0.026441759966028693 61
1757642919933 0.10533024720934767 62
1757642920033 0.07141067819464757 63
1757642920142 0.5216165550303353 64
1757642920255 0.00039335542709701245 65
1757642920360 0.08523875393465936 66
1757642920463 0.13329043171995153 67
1757642920565 0.5815275202067781 68
1757642920667 0.02363981723326623 69
1757642920769 0.036997806417367336 70
1757642920871 0.0016009490979189056 71
1757642920971 0.0005141410205363611 72
1757642921074 0.06506870026049397 73
1757642921271 0.036857204267426454 74
1757642921380 0.025306249104135564 75
1757642921490 0.0346460838731388 76
1757642921594 6.357720424588398e-05 77
1757642921698 0.14804211470354264 78
1757642921802 0.21445914033372243 79
1757642921909 0.09862280854679982 80
1757642922016 0.4487330969632274 81
1757642922122 0.2712509663434819 82
1757642922226 0.0040924377743930705 83
1757642922337 0.08634951454819292 84
1757642922441 2.992899086436642e-08 85
1757642922546 0.0013952452242210072 86
1757642922651 0.25195376019184934 87
1757642922755 0.02680045072359275 88
1757642922858 0.13196826953711252 89
1757642922958 0.10304198946109315 90
1757642923060 0.04633441740436278 91
1757642923180 0.05970500594074323 92
1757642923290 0.11661733385908234 93
1757642923415 0.33939204881658885 94
1757642923525 0.39245720159087577 95
1757642923659 0.004913480682444529 96
1757642923769 0.03846159084841519 97
1757642923873 0.29597826712483677 98
1757642924034 0.0004518126648254507 99
1757642924148 0.2971205688950226 100
1757642924254 0.13749244849002631 101
1757642924365 0.18139241437446868 102
1757642924470 0.10445249178633266 103
1757642924574 0.06262621742236991 104
1757642924679 0.11926356989722917 105
1757642924783 0.03544955530617956 106
1757642924886 0.153037374546634 107
1757642924992 0.059094469539030775 108
1757642925095 0.013610620657331566 109
1757642925199 0.5096120311533345 110
1757642925303 0.056419539729266006 111
1757642925405 0.14785214466458926 112
1757642925506 0.047771215532320936 113
1757642925610 0.08202412786540976 114
1757642925743 0.00553612773073374 115
1757642925870 0.04150519467132113 116
1757642925975 0.04187915622393464 117
1757642926078 0.12057816272846741 118
1757642926183 0.1386871118482489 119
1757642926285 0.8314680120797069 120
1757642926396 0.2102050960772261 121
1757642926500 0.03759279072031125 122
1757642926608 0.000883058370472281 123
1757642926710 0.44675659732337036 124
1757642926813 0.5425044011016826 125
1757642926917 0.6371588327302761 126
1757642927019 0.10732076312799312 127
1757642927124 0.3635183167087208 128
1757642927227 0.5839906350605455 129
1757642927329 0.029291246126121634 130
1757642927432 0.5481987450710589 131
1757642927534 0.012519321671225558 132
1757642927636 0.1006509297924849 133
1757642927736 0.13369064327815244 134
1757642927840 0.14779541607960564 135
1757642927941 0.11310076252612537 136
1757642928045 0.006254887797389841 137
1757642928149 0.08349517134165373 138
1757642928252 0.00040091014490006643 139
1757642928371 0.7426961818890948 140
1757642928482 0.04823654507635317 141
1757642928587 0.39889805189634797 142
1757642928692 0.041294145183840364 143
1757642928797 0.15491687187858139 144
1757642928901 0.05994182241451877 145
1757642929008 0.17256373050981844 146
1757642929113 0.04454122999489503 147
1757642929215 0.4182561643792902 148
1757642929318 0.0036929764272677942 149
1757642929423 0.06915583855383133 150
1757642929526 0.0024448248474145872 151
1757642929628 0.023263665495931587 152
1757642929731 0.14441619038429093 153
1757642929832 0.2486692384355422 154
1757642929935 0.010027768256163022 155
1757642930037 0.001460484884031578 156
1757642930140 0.28322356323541376 157
1757642930241 0.06188736702206113 158
1757642930344 0.3899046158772085 159
1757642930451 0.06674631076926785 160
1757642930586 0.12841187608938545 161
1757642930693 0.11298700119487132 162
1757642930800 0.008718204616249049 163
1757642930909 0.014207778993726262 164
1757642931015 0.0006408256547085965 165
1757642931122 0.012205666892607006 166
1757642931228 0.07464950768835175 167
1757642931332 0.049774795222450124 168
1757642931436 0.009811234890618485 169
1757642931540 0.08324594969666405 170
1757642931642 0.00015458378678198125 171
1757642931746 0.00035501096080324746 172
1757642931848 0.012380447525460076 173
1757642931950 0.02950747638061851 174
1757642932053 0.14358400154976905 175
1757642932155 0.0013146313322015223 176
1757642932260 0.002186287789514366 177
1757642932375 0.07571775807962965 178
1757642932484 0.4633174501852984 179
1757642932590 1.782663049191067e-06 180
1757642932695 0.10256021782784423 181
1757642932797 0.000704864607780928 182
1757642932902 0.014220907396889476 183
1757642933004 0.08957439597053937 184
1757642933113 0.11850604069320236 185
1757642933233 0.48445222211993877 186
1757642933357 0.04003259817057602 187
1757642933469 0.21844438262464302 188
1757642933576 0.0797953393662773 189
1757642933685 0.02918790036815228 190
1757642933796 0.07272983630223348 191
1757642933903 0.21607350607619175 192
1757642934024 0.16553281091226765 193
1757642934139 0.0047931838334260325 194
1757642934250 0.013293645436771973 195
1757642934360 0.00017126048660995598 196
1757642934472 0.2526607483750326 197
1757642934584 0.011184344658859686 198
1757642934691 0.03228410991664315 199
