1757639128101 120.72869118026478 0
1757639128154 89.2881705251343 1
1757639128202 59.82597360096236 2
1757639128249 42.982998978697495 3
1757639128296 30.60476116319611 4
1757639128344 22.35473538895703 5
1757639128392 16.090482300221556 6
1757639128438 11.085704662286586 7
1757639128484 8.171158053541166 8
1757639128533 5.933136764481557 9
1757639128580 3.765719473568202 10
1757639128628 3.1364779505035534 11
1757639128685 2.1667019832998715 12
1757639128734 1.52103413797247 13
1757639128781 1.0586171044392283 14
1757639128830 0.5826724729801424 15
1757639128878 0.43448862435888597 16
1757639128925 0.4417344586864529 17
1757639128973 0.4726977924263205 18
1757639129021 0.1790772015937427 19
1757639129067 0.24131546554790034 20
1757639129115 0.2679817114442494 21
1757639129163 0.2052250276109625 22
1757639129210 0.15785650198273504 23
1757639129258 0.17524764235620655 24
1757639129305 0.1470263511871831 25
1757639129364 0.08197756404434736 26
1757639129412 0.18252643417056102 27
1757639129458 0.07087972272912024 28
1757639129505 0.17497069218446415 29
1757639129560 0.10610775244205137 30
1757639129609 0.11149741583282353 31
1757639129657 0.12861643836708406 32
1757639129704 0.27345040216516703 33
1757639129750 0.2042884083877139 34
1757639129797 0.11440367789166685 35
1757639129854 0.16660762293799192 36
1757639129905 0.15254838440748064 37
1757639129954 0.12974821210036308 38
1757639130002 0.1545236945893534 39
1757639130053 0.17569130330725935 40
1757639130108 0.1022772264860605 41
1757639130156 0.09174136012503045 42
1757639130205 0.1398834610628856 43
1757639130252 0.11807579839209809 44
1757639130299 0.16194269604038686 45
1757639130348 0.11991696070020297 46
1757639130396 0.11656480270115321 47
1757639130443 0.1595351855802673 48
1757639130492 0.11481381318971992 49
1757639130541 0.06226436001678132 50
1757639130587 0.1419619140966204 51
1757639130635 0.2454124453441121 52
1757639130687 0.17838136876820546 53
1757639130748 0.09540064850923317 54
1757639130797 0.09003261308890485 55
1757639130849 0.15047537737144565 56
1757639130897 0.0756810781897527 57
1757639130946 0.1715477197937594 58
1757639130994 0.13746749520262372 59
1757639131041 0.11680328875044446 60
1757639131088 0.19238745869295 61
1757639131136 0.08016623670905847 62
1757639131189 0.09333282206012146 63
1757639131238 0.1284117875242665 64
1757639131288 0.17425183219916474 65
1757639131337 0.10619496027749789 66
1757639131388 0.07714996606284479 67
1757639131434 0.09736670182153355 68
1757639131486 0.09395488339860561 69
1757639131534 0.10326210975541414 70
1757639131582 0.12731838609909563 71
1757639131632 0.1387154905940682 72
1757639131679 0.11989829055426994 73
1757639131727 0.12305579697883506 74
1757639131774 0.09851234487186182 75
1757639131823 0.12017295815182755 76
1757639131872 0.3338128542886778 77
1757639131921 0.09694713086513945 78
1757639131973 0.13856100703210866 79
1757639132033 0.07298713810499405 80
1757639132084 0.13198316901805598 81
1757639132135 0.19481958982068123 82
1757639132184 0.1227977648564701 83
1757639132235 0.09208650804913351 84
1757639132286 0.1846933934026053 85
1757639132336 0.0916427073646306 86
1757639132386 0.20346819688733336 87
1757639132433 0.07857757542125644 88
1757639132484 0.0878796253566027 89
1757639132533 0.1373155631324765 90
1757639132585 0.10086210382078527 91
1757639132650 0.27166066918539844 92
1757639132703 0.0995723752843862 93
1757639132760 0.1082389742378648 94
1757639132811 0.13210868984145482 95
1757639132861 0.14277636888626108 96
1757639132911 0.17518047191449213 97
1757639132961 0.10178789722427418 98
1757639133013 0.13976684699803846 99
1757639133063 0.07992025552104065 100
1757639133114 0.15505261861683006 101
1757639133164 0.13564312319049587 102
1757639133213 0.1170081647754471 103
1757639133261 0.0717611004419125 104
1757639133310 0.11664838621417464 105
1757639133360 0.17203084448089487 106
1757639133409 0.19706582292614694 107
1757639133458 0.15562799408780903 108
1757639133507 0.1565491644626064 109
1757639133556 0.08007673457915904 110
1757639133606 0.11813750305527124 111
1757639133655 0.0887670548598929 112
1757639133706 0.11954644633705577 113
1757639133756 0.136819984702668 114
1757639133805 0.1526237500601512 115
1757639133855 0.1047193055997301 116
1757639133904 0.1562940659939424 117
1757639133954 0.08143385818667567 118
1757639134002 0.17389617051447315 119
1757639134052 0.14029263008285342 120
1757639134101 0.1213878230801559 121
1757639134150 0.1701738927393684 122
1757639134198 0.12479144392201577 123
1757639134248 0.0972120677372471 124
1757639134297 0.11743557268318103 125
1757639134347 0.11674072492952853 126
1757639134398 0.0666616540940064 127
1757639134448 0.13224776407065042 128
1757639134498 0.09456796234342724 129
1757639134550 0.12309581023484246 130
1757639134601 0.1614197829763115 131
1757639134651 0.2178571425021099 132
1757639134700 0.13703006439873894 133
1757639134752 0.1021020098735344 134
1757639134806 0.16107818414634176 135
1757639134859 0.0862061456229695 136
1757639134912 0.1621887413537743 137
1757639134961 0.13801132116058712 138
1757639135011 0.07948609664631828 139
1757639135062 0.10591305357920892 140
1757639135112 0.1471031515654011 141
1757639135170 0.1435275055062607 142
1757639135223 0.13605452350136218 143
1757639135274 0.14504915992651346 144
1757639135324 0.1410799991629469 145
1757639135375 0.04390815373731934 146
1757639135426 0.10851196050784079 147
1757639135475 0.1408457675180572 148
1757639135526 0.1772114767484034 149
1757639135574 0.08645376977100053 150
1757639135625 0.10142447682956494 151
1757639135674 0.1368623859688335 152
1757639135724 0.18450694034103698 153
1757639135774 0.17269838066045615 154
1757639135825 0.13669653720266228 155
1757639135875 0.11851318556632834 156
1757639135926 0.05908813040202959 157
1757639135975 0.13994642659754503 158
1757639136025 0.15551525840762725 159
1757639136074 0.14007829249604165 160
1757639136124 0.1733206569716117 161
1757639136176 0.14000498691675267 162
1757639136225 0.10089033972844766 163
1757639136274 0.13282232941967992 164
1757639136325 0.43794443675333394 165
1757639136375 0.09398014969024841 166
1757639136426 0.07345461850620968 167
1757639136477 0.06148488587033244 168
1757639136528 0.13025101259715036 169
1757639136580 0.08864988548689334 170
1757639136630 0.0959230774962259 171
1757639136681 0.22152843191877797 172
1757639136731 0.10508938637861927 173
1757639136784 0.13152643821012733 174
1757639136839 0.1240645793836305 175
1757639136891 0.1466012387272289 176
1757639136942 0.09960098461316137 177
1757639136993 0.17750297699100392 178
1757639137045 0.14368009620141708 179
1757639137095 0.1238476107085549 180
1757639137146 0.18963910110330945 181
1757639137197 0.16781318249979232 182
1757639137248 0.131413633433791 183
1757639137298 0.14886852735256073 184
1757639137349 0.11304088009063298 185
1757639137400 0.13643713434212504 186
1757639137453 0.1763259865165148 187
1757639137504 0.07966471401515027 188
1757639137555 0.14459675819267426 189
1757639137615 0.08712779136366058 190
1757639137680 0.12300686623789611 191
1757639137733 0.12549724722397146 192
1757639137787 0.15863077702066777 193
1757639137839 0.14629879263294274 194
1757639137892 0.15371000066832657 195
1757639137945 0.11072987591537534 196
1757639137996 0.2943023544794784 197
1757639138047 0.08016843999138581 198
1757639138097 0.13420625635456154 199
1757639138149 0.13701667929339595 200
1757639138200 0.09276220171624783 201
