1757648815168 168.87672819721146 0
1757648815229 165.52276476291095 1
1757648815285 162.23717953861888 2
1757648815346 159.01674827745822 3
1757648815400 155.86047393964128 4
1757648815453 152.76693413203324 5
1757648815506 149.73472928539002 6
1757648815562 146.762939876806 7
1757648815654 143.850217079853 8
1757648815707 140.99538650536576 9
1757648815760 138.19714158375245 10
1757648815813 135.45466399380163 11
1757648815876 132.76669389191773 12
1757648816031 130.13199178996908 13
1757648816085 127.54980589894114 14
1757648816140 125.01894070043338 15
1757648816194 122.5382199982222 16
1757648816247 120.10695437339304 17
1757648816304 117.72400900634867 18
1757648816357 115.38826742207746 19
1757648816417 113.09909865889607 20
1757648816471 110.85542517894174 21
1757648816525 108.65634247939322 22
1757648816578 106.50080590677278 23
1757648816633 104.38826204319652 24
1757648816686 102.31770207659956 25
1757648816741 100.28813361986924 26
1757648816796 98.29905327573324 27
1757648816850 96.34950238614046 28
1757648816905 94.43853789682491 29
1757648816958 92.56570325647542 30
1757648817012 90.73008715310081 31
1757648817066 88.93079310040844 32
1757648817119 87.16740841007777 33
1757648817174 85.43906646951959 34
1757648817228 83.74507062762129 35
1757648817282 82.08457985397766 36
1757648817336 80.45724089808114 37
1757648817390 78.8622402171713 38
1757648817446 77.29877759530417 39
1757648817501 75.7665371726184 40
1757648817555 74.26474460453508 41
1757648817609 72.79263821494573 42
1757648817669 71.34993712097305 43
1757648817725 69.93590399815143 44
1757648817779 68.54996895316488 45
1757648817836 67.19141577468285 46
1757648817890 65.86001199786608 47
1757648817944 64.5550638105844 48
1757648817998 63.2758888230171 49
1757648818053 62.02228427732372 50
1757648818108 60.793588869683866 51
1757648818162 59.589152158120925 52
1757648818217 58.40879914384482 53
1757648818271 57.25189923649564 54
1757648818326 56.117832174902745 55
1757648818380 55.006448891292024 56
1757648818435 53.917147815909345 57
1757648818489 52.84949000154514 58
1757648818543 51.80289024486595 59
1757648818598 50.77723668655868 60
1757648818652 49.771961309070434 61
1757648818706 48.786505443647314 62
1757648818761 47.82077912826158 63
1757648818816 46.874239878982664 64
1757648818871 45.94635410335284 65
1757648818926 45.037052267282924 66
1757648818981 44.14581602267315 67
1757648819120 43.27213547749447 68
1757648819179 42.415960147984016 69
1757648819236 41.576794502929715 70
1757648819294 40.75415105250098 71
1757648819350 39.94799707193077 72
1757648819406 39.15785860222967 73
1757648819467 38.38341731374007 74
1757648819536 37.62421108517662 75
1757648819594 36.88023428443632 76
1757648819651 36.15103722573939 77
1757648819712 35.4361775343349 78
1757648819770 34.73566443564292 79
1757648819827 34.04906727612096 80
1757648819884 33.37596235321569 81
1757648819941 32.71637271856012 82
1757648819998 32.069885720121334 83
1757648820057 31.436095313334466 84
1757648820113 30.81503741049968 85
1757648820171 30.206316387909332 86
1757648820227 29.609542901438175 87
1757648820283 29.02476482032501 88
1757648820338 28.451602630230074 89
1757648820392 27.88968278331507 90
1757648820446 27.339064260129344 91
1757648820501 26.799382787848657 92
1757648820558 26.270279761092116 93
1757648820614 25.751824480692214 94
1757648820670 25.243667095653787 95
1757648820725 24.745602943819097 96
1757648820779 24.257289488964737 97
1757648820834 23.77881393309398 98
1757648820889 23.309841783242735 99
1757648820950 22.850043729546684 100
1757648821009 22.39951544714497 101
1757648821063 21.95793522345469 102
1757648821118 21.524986265053418 103
1757648821175 21.100772096313168 104
1757648821235 20.684983102827836 105
1757648821292 20.27731433681344 106
1757648821350 19.87787658929934 107
1757648821407 19.486371699308886 108
1757648821464 19.10250593077209 109
1757648821519 18.72639679760362 110
1757648821579 18.3577569828286 111
1757648821635 17.996303362941077 112
1757648821691 17.642159667397284 113
1757648821752 17.29504884710296 114
1757648821810 16.954697824759254 115
1757648821866 16.621236072212632 116
1757648821922 16.294396263539465 117
1757648821978 15.97391483221788 118
1757648822033 15.659926551421623 119
1757648822088 15.352173303313863 120
1757648822144 15.05040052588898 121
1757648822200 14.754747882693392 122
1757648822255 14.464965976838323 123
1757648822310 14.18080877208799 124
1757648822366 13.902420439651975 125
1757648822423 13.629559842812824 126
1757648822486 13.361989018313496 127
1757648822542 13.099856288809262 128
1757648822598 12.842928341848078 129
1757648822654 12.590974858847803 130
1757648822710 12.344147982534436 131
1757648822770 12.102221812281957 132
1757648822826 11.864973268983487 133
1757648822881 11.632558007351513 134
1757648822937 11.404634870328806 135
1757648822993 11.18135634368329 136
1757648823051 10.962510731020565 137
1757648823106 10.747888720154778 138
1757648823169 10.537646041480134 139
1757648823231 10.331577315036652 140
1757648823294 10.129479397046671 141
1757648823352 9.931511001681878 142
1757648823411 9.737472732310914 143
1757648823469 9.547167286260208 144
1757648823527 9.36075611930682 145
1757648823585 9.178045502792749 146
1757648823642 8.998843665328007 147
1757648823698 8.82331457962045 148
1757648823754 8.651269886386142 149
1757648823817 8.48252305220235 150
1757648823875 8.31724035842116 151
1757648823931 8.155238532352833 152
1757648823988 7.996336000806547 153
1757648824045 7.840701160837092 154
1757648824101 7.6880424084834456 155
1757648824157 7.538524101276744 156
1757648824214 7.391973564132743 157
1757648824270 7.248219456237481 158
1757648824326 7.107428158996639 159
1757648824383 6.969431300165693 160
1757648824439 6.8340617344310175 161
1757648824507 6.701487702443989 162
1757648824571 6.571544906890161 163
1757648824630 6.444070174048535 164
1757648824688 6.319233451541479 165
1757648824747 6.196766518438993 166
1757648824806 6.076835031549013 167
1757648824864 5.959283718947748 168
1757648824933 5.8439581032748755 169
1757648824992 5.731025518110444 170
1757648825050 5.620334114873992 171
1757648825108 5.511732752702019 172
1757648825165 5.405390310885276 173
1757648825222 5.301158180993632 174
1757648825279 5.198888378604948 175
1757648825335 5.098751207649765 176
1757648825414 5.0004980689336715 177
1757648825545 4.9042948035835146 178
1757648825609 4.810000530134923 179
1757648825673 4.717474693009011 180
1757648825735 4.626884574924722 181
1757648825794 4.538091990795507 182
1757648825862 4.4509590120986 183
1757648825933 4.365654257684026 184
1757648825997 4.281942782638523 185
1757648826060 4.1999886920636795 186
1757648826120 4.119660680788945 187
1757648826179 4.040827424768107 188
1757648826238 3.963654405541708 189
1757648826296 3.888012539360321 190
1757648826355 3.813772667153831 191
1757648826414 3.7411015539838273 192
1757648826473 3.66977629470667 193
1757648826532 3.599959112019225 194
1757648826593 3.5315270617735695 195
1757648826650 3.464356869382091 196
1757648826707 3.398612100054711 197
1757648826765 3.3340786042707085 198
1757648826822 3.270915445812014 199
1757648826879 3.2090053411373134 200
1757648826938 3.1482304370099543 201
1757648826994 3.0887512032893256 202
1757648827051 3.030451893179077 203
1757648827109 2.973216154302675 204
1757648827165 2.9172057819145065 205
1757648827222 2.8622162351800857 206
1757648827279 2.8084048010991127 207
1757648827336 2.755660803745857 208
1757648827394 2.703872738969346 209
1757648827454 2.6531992959685557 210
1757648827512 2.603443309563587 211
1757648827569 2.554759012510982 212
1757648827626 2.5070404046709465 213
1757648827684 2.4601804487975767 214
1757648827741 2.414334858317854 215
1757648827799 2.369398616287152 216
1757648827865 2.325265650050909 217
1757648827924 2.2820930807141186 218
1757648827981 2.2396913434524945 219
1757648828040 2.19821310980185 220
1757648828097 2.1575575687970394 221
1757648828155 2.117622658445578 222
1757648828213 2.078562545706936 223
1757648828271 2.0401938997005313 224
1757648828329 2.0026664961988234 225
1757648828387 1.9658834020769311 226
1757648828445 1.9297462499008202 227
1757648828503 1.8944063981754435 228
1757648828560 1.859686288535554 229
1757648828618 1.8257329462444094 230
1757648828676 1.7924530126008458 231
1757648828734 1.7597515225835314 232
1757648828792 1.7277771706400682 233
1757648828849 1.6963577410912336 234
1757648828907 1.6656376523934115 235
1757648828965 1.6355268395984888 236
1757648829023 1.6059334699859864 237
1757648829081 1.5770037164356994 238
1757648829138 1.54857030543525 239
1757648829197 1.5207751902112212 240
1757648829254 1.493531339835598 241
1757648829313 1.4667498040515403 242
1757648829371 1.4405743742365116 243
1757648829429 1.4148423457273096 244
1757648829498 1.3896933454918825 245
1757648829565 1.3650431361724868 246
1757648829626 1.3408054188039327 247
1757648829686 1.3171217404724633 248
1757648829747 1.2938336173043674 249
1757648829807 1.271078485975398 250
1757648829868 1.2487026690665721 251
1757648829932 1.2268395950001771 252
1757648829991 1.2054101712945728 253
1757648830049 1.1843329613910634 254
1757648830107 1.1637435425859388 255
1757648830165 1.1434918143862673 256
1757648830223 1.1237093925422554 257
1757648830281 1.104319373183677 258
1757648830339 1.0852423925304173 259
1757648830398 1.0666122844430648 260
1757648830455 1.0482822437811505 261
1757648830514 1.0303821884303952 262
1757648830575 1.0128372241096548 263
1757648830636 0.9955698878292324 264
1757648830696 0.9787123830432608 265
1757648830756 0.9621209372226527 266
1757648830815 0.945923882188376 267
1757648830873 0.9299817991198412 268
1757648830931 0.9144192465151496 269
1757648830990 0.899165471703381 270
1757648831049 0.8841469142219494 271
1757648831108 0.8694906266984975 272
1757648831166 0.8550596886295521 273
1757648831226 0.8409774164710322 274
1757648831284 0.8271745911637018 275
1757648831343 0.8135790987103972 276
1757648831401 0.8003168046797506 277
1757648831460 0.787253077113837 278
1757648831518 0.7745100815442629 279
1757648831577 0.7619572560934891 280
1757648831636 0.749713161346825 281
1757648831694 0.7377121098345002 282
1757648831753 0.7258853081310501 283
1757648831811 0.714354057589954 284
1757648831870 0.7029896187169186 285
1757648831936 0.6919097171824614 286
1757648831998 0.6809895058462114 287
1757648832058 0.6703432271227683 288
1757648832116 0.6599083569423773 289
1757648832176 0.6496190726463718 290
1757648832235 0.6395925350835372 291
1757648832293 0.6297052958829963 292
1757648832352 0.6200710554472497 293
1757648832418 0.6105700962383881 294
1757648832478 0.6013127481399145 295
1757648832536 0.5922393177384107 296
1757648832595 0.5832866371834214 297
1757648832660 0.574568119330091 298
1757648832719 0.5659650603885219 299
1757648832778 0.5575875194526411 300
1757648832837 0.5493203767475502 301
1757648832896 0.54127042519087 302
1757648832958 0.5333805012019911 303
1757648833017 0.5255898062451173 304
1757648833076 0.5180083684448724 305
1757648833136 0.5105217317768577 306
1757648833195 0.5032366692803181 307
1757648833255 0.4960421754751753 308
1757648833314 0.48904185370832537 309
1757648833373 0.4821807981748094 310
1757648833433 0.47540032160185247 311
1757648833492 0.46880740326691345 312
1757648833552 0.4622913832461274 313
1757648833612 0.45595607691615747 314
1757648833671 0.4496941535499699 315
1757648833731 0.4436063479679914 316
1757648833790 0.43763976602670024 317
1757648833849 0.431737598401499 318
1757648833908 0.4260040858082423 319
1757648833974 0.42033195377588756 320
1757648834034 0.41482236330587424 321
1757648834094 0.4093712587936198 322
1757648834153 0.4040768029584662 323
1757648834214 0.3988878906172651 324
1757648834274 0.393749379392978 325
1757648834333 0.38876305782202464 326
1757648834393 0.3838246635200775 327
1757648834454 0.37903298296526444 328
1757648834529 0.3742868723263275 329
1757648834591 0.3696821956722679 330
1757648834653 0.3651208429558427 331
1757648834716 0.360695833417257 332
1757648834777 0.35635919982638664 333
1757648834838 0.35205872759877915 334
1757648834909 0.34789128496979205 335
1757648834972 0.34375811391193967 336
1757648835035 0.3397532248098881 337
1757648835095 0.335780809944691 338
1757648835156 0.3319320979510049 339
1757648835216 0.3281141511725636 340
1757648835276 0.3244154906082909 341
1757648835337 0.3207908730131099 342
1757648835397 0.3171906213648811 343
1757648835457 0.3137073051476408 344
1757648835518 0.31024694844402884 345
1757648835579 0.30689939176297326 346
1757648835640 0.30357346066923946 347
1757648835700 0.3003563396057803 348
1757648835761 0.2971595793759603 349
1757648835821 0.2940677793540065 350
1757648835881 0.29103805546600237 351
1757648835943 0.2880229245282749 352
1757648836008 0.2851112125859795 353
1757648836069 0.28221308695613806 354
1757648836130 0.27941475979742814 355
1757648836190 0.27662906826797073 356
1757648836250 0.2739396806801043 357
1757648836310 0.27126203133276505 358
1757648836371 0.2686773128875165 359
1757648836431 0.2661446788968495 360
1757648836492 0.26361853721401696 361
1757648836552 0.26118446620730723 362
1757648836612 0.2587562113513018 363
1757648836673 0.2564168398252534 364
1757648836734 0.2540826505207625 365
1757648836794 0.2518342668904177 366
1757648836854 0.24959047168088871 367
1757648836915 0.2474295102966467 368
1757648836976 0.24531229048864212 369
1757648837037 0.24319484438118877 370
1757648837098 0.24115994491604248 371
1757648837159 0.23912441600617576 372
1757648837220 0.23716861097039516 373
1757648837281 0.23521180419490065 374
1757648837341 0.23333199452290765 375
1757648837417 0.23145084003281696 376
1757648837480 0.22964404851056539 377
1757648837540 0.22783559675032092 378
1757648837601 0.22609896321593137 379
1757648837662 0.22439773213595948 380
1757648837723 0.22269042043360118 381
1757648837784 0.2210552500449503 382
1757648837845 0.21941384537119815 383
1757648837906 0.21784214801632434 384
1757648837967 0.21626408281840448 385
1757648838036 0.21475337258677196 386
1757648838097 0.21323617987427754 387
1757648838159 0.21178406859406873 388
1757648838220 0.21032537798785758 389
1757648838281 0.20892957137577323 390
1757648838342 0.207562477828162 391
1757648838403 0.20618469398039943 392
1757648838464 0.20487061349230298 393
1757648838525 0.2035458847654194 394
1757648838586 0.20228274164554136 395
1757648838647 0.2010090039582006 396
1757648838708 0.1997948041314009 397
1757648838769 0.1985700741907202 398
1757648838831 0.19740290198210705 399
1757648838892 0.19622527411030571 400
1757648838953 0.1951032891562182 401
1757648839015 0.1940046508052575 402
1757648839076 0.19289168812036198 403
1757648839137 0.1918355915969748 404
1757648839198 0.19076536605238073 405
1757648839259 0.18975014635232604 406
1757648839320 0.18872099784737656 407
1757648839380 0.18774505543713957 408
1757648839441 0.18675538879772458 409
1757648839514 0.18581718703408073 410
1757648839578 0.18486546946308247 411
1757648839640 0.18396353211451696 412
1757648839701 0.18308063580392345 413
1757648839762 0.1821805443669663 414
1757648839825 0.1813317853209026 415
1757648839886 0.18046614620439308 416
1757648839948 0.17965018888149434 417
1757648840010 0.1788176661612224 418
1757648840076 0.17803322754136716 419
1757648840138 0.17723253749518889 420
1757648840200 0.1764783850086926 421
1757648840262 0.17570829406731459 422
1757648840324 0.17498324360591688 423
1757648840386 0.17424256638437102 424
1757648840448 0.17354548039076476 425
1757648840510 0.17286344057948488 426
1757648840573 0.17216223961316934 427
1757648840636 0.17150651860786564 428
1757648840697 0.17083204298355942 429
1757648840760 0.17020161169525092 430
1757648840822 0.169552827566822 431
1757648840883 0.16894669738015902 432
1757648840945 0.16832261125052958 433
1757648841008 0.16773983242733037 434
1757648841070 0.16713948956534452 435
1757648841132 0.1665791497112229 436
1757648841193 0.1660016326308547 437
1757648841256 0.16546285522244167 438
1757648841317 0.16493604467237197 439
1757648841380 0.16438862766303036 440
1757648841441 0.16388210489018207 441
1757648841504 0.16335544854422357 442
1757648841565 0.16286842067216042 443
1757648841626 0.16236172410587454 444
1757648841688 0.16189342944843324 445
1757648841750 0.1614059229905864 446
1757648841812 0.16095562982087622 447
1757648841873 0.1604865737887672 448
1757648841935 0.1600535791568579 449
1757648841997 0.1596022626805639 450
1757648842060 0.15918589127793004 451
1757648842127 0.15875163117084692 452
1757648842189 0.1583512342397228 453
1757648842253 0.15796012550847324 454
1757648842314 0.15754776250684285 455
1757648842377 0.1571716767907651 456
1757648842439 0.15677484967339284 457
1757648842503 0.15641320022761593 458
1757648842564 0.1560313118982578 459
1757648842631 0.15568353506572336 460
1757648842693 0.15531601165290446 461
1757648842755 0.15498156595248136 462
1757648842817 0.15462785589954534 463
1757648842879 0.1543062211502477 464
1757648842944 0.15396579434123275 465
1757648843006 0.1536564708211077 466
1757648843067 0.15332881774103466 467
1757648843130 0.1530313253793472 468
1757648843195 0.15274113732744032 469
1757648843258 0.15242929407794598 470
1757648843319 0.15215022497523464 471
1757648843387 0.15185003856331014 472
1757648843449 0.1515816543437158 473
1757648843511 0.15129267875094915 474
1757648843573 0.1510345624376532 475
1757648843635 0.15075636895323227 476
1757648843697 0.15050811998300415 477
1757648843760 0.15024029652628285 478
1757648843823 0.1500015301005929 479
1757648843885 0.1497436805703257 480
1757648843947 0.14951402703218614 481
1757648844010 0.14926577068138255 482
1757648844073 0.14904487491688723 483
1757648844140 0.14882981366129402 484
1757648844205 0.14859284776300646 485
1757648844268 0.14838600919157843 486
1757648844331 0.14815781873539444 487
1757648844395 0.14795888189265946 488
1757648844459 0.14773913289522433 489
1757648844535 0.1475477894734636 490
1757648844598 0.14733616087484885 491
1757648844662 0.14715211471328746 492
1757648844725 0.14694829787175906 493
1757648844789 0.14677126447565017 494
1757648844852 0.14657496268232895 495
1757648844925 0.14640466876113978 496
1757648844989 0.14621559677376564 497
1757648845052 0.14605177979770181 498
1757648845116 0.1458696633927454 499
