1757646095761 140.73338291923287 0
1757646095820 115.46938273243329 1
1757646095873 103.34711212068673 2
1757646095927 87.10979643171508 3
1757646095982 70.76233273449795 4
1757646096033 58.47193760786215 5
1757646096085 51.4453666347183 6
1757646096142 44.71599387630854 7
1757646096196 38.35171879534532 8
1757646096249 30.981361682589093 9
1757646096503 25.115241789256253 10
1757646096563 19.757013619962624 11
1757646096619 17.872631068007447 12
1757646096674 15.615692618649966 13
1757646096731 13.190324601628303 14
1757646096800 10.799653021194354 15
1757646096853 8.819707343482623 16
1757646096925 7.957423106425303 17
1757646096983 7.509902869007841 18
1757646097040 5.6409757029095555 19
1757646097098 4.700481330311927 20
1757646097158 4.472829347264272 21
1757646097216 4.2194756092596775 22
1757646097271 2.4925637151324547 23
1757646097325 2.4211040598821416 24
1757646097379 2.3649413536039465 25
1757646097434 1.778295417774766 26
1757646097490 1.6495873251069748 27
1757646097544 1.1080052027492546 28
1757646097599 1.0361718183859259 29
1757646097651 1.0637439723628426 30
1757646097705 0.935879457817873 31
1757646097757 0.8418976909078231 32
1757646097810 0.6431314192697327 33
1757646097863 0.5490974619996395 34
1757646097915 0.6782453073885921 35
1757646097968 0.3562407072995864 36
1757646098023 0.40552990594560073 37
1757646098076 0.2531781365881246 38
1757646098131 0.35972958840664077 39
1757646098184 0.32745892577029356 40
1757646098237 0.2368274957661376 41
1757646098295 0.30527264208348004 42
1757646098351 0.2431627749380007 43
1757646098404 0.15977353092782212 44
1757646098458 0.20713714829316263 45
1757646098512 0.21798470282066404 46
1757646098565 0.1888457074052408 47
1757646098619 0.16004393482770796 48
1757646098673 0.17490262347225805 49
1757646098727 0.08412360137100311 50
1757646098782 0.1494442987017815 51
1757646098836 0.179565004091842 52
1757646098890 0.1313415047077369 53
1757646098952 0.08713623902610776 54
1757646099006 0.15119447376534256 55
1757646099083 0.19708569475404336 56
1757646099145 0.12814596174774967 57
1757646099198 0.15268612044462404 58
1757646099254 0.13794437195245016 59
1757646099312 0.203080133339142 60
1757646099366 0.15731078867985424 61
1757646099421 0.15464374993002636 62
1757646099475 0.34934325566145036 63
1757646099529 0.1151739220401332 64
1757646099583 0.17623853279011026 65
1757646099637 0.10845348657692605 66
1757646099690 0.10382603468332431 67
1757646099744 0.07308916780812266 68
1757646099798 0.19874981931870286 69
1757646099851 0.1430228186008037 70
1757646099906 0.11360046350949371 71
1757646099961 0.12175672845340257 72
1757646100015 0.11670313424788184 73
1757646100070 0.0748760608923733 74
1757646100125 0.12986904959993384 75
1757646100179 0.1367458121451844 76
1757646100234 0.10623466741525117 77
1757646100289 0.10431556346567478 78
1757646100343 0.24142267055374592 79
1757646100396 0.10881516612719606 80
1757646100451 0.13314693456324347 81
1757646100505 0.07807589988785875 82
1757646100559 0.19938656727451304 83
1757646100614 0.11928399021731587 84
1757646100671 0.136960107811651 85
1757646100726 0.10210992016143414 86
1757646100780 0.24098893547846342 87
1757646100836 0.1226648667956507 88
1757646100891 0.1586539801525033 89
1757646100945 0.16904624204577184 90
1757646101006 0.16047074019473195 91
1757646101061 0.1606611449554222 92
1757646101115 0.11525743679512936 93
1757646101169 0.19353647286352987 94
1757646101225 0.09846002821806414 95
1757646101279 0.14424927005777058 96
1757646101335 0.18720597818904505 97
1757646101390 0.09720440781024937 98
1757646101445 0.11091642650646041 99
1757646101499 0.16942826372577335 100
1757646101553 0.09773244376105686 101
1757646101607 0.0744128232231058 102
1757646101663 0.17622297666778042 103
1757646101718 0.1260283352015905 104
1757646101774 0.10405455501530342 105
1757646101829 0.07575368968694114 106
1757646101884 0.18277623151280714 107
1757646101940 0.08488540204003332 108
1757646101995 0.11446884864215558 109
1757646102050 0.08219306400556084 110
1757646102105 0.14942143232657357 111
1757646102160 0.07414869933125602 112
1757646102215 0.07778059258184515 113
1757646102270 0.1790923655305533 114
1757646102325 0.11844239818633016 115
1757646102381 0.07665672681712692 116
1757646102436 0.1974212900884549 117
1757646102490 0.08482626962020058 118
1757646102546 0.11961834053500685 119
1757646102603 0.10719383923303491 120
1757646102658 0.15861166409364735 121
1757646102714 0.11131825659556707 122
1757646102769 0.12622260939018318 123
1757646102824 0.1878882190699882 124
1757646102880 0.08396575319733482 125
1757646102936 0.12647738888256252 126
1757646102992 0.1470975277786178 127
1757646103053 0.15796680882461867 128
1757646103110 0.11416375603853458 129
1757646103165 0.12901183123604193 130
1757646103222 0.14281972180741973 131
1757646103278 0.11567187754124235 132
1757646103334 0.1085865520468779 133
1757646103392 0.15199253232470086 134
1757646103447 0.12159506945075584 135
1757646103503 0.09034905864800676 136
1757646103559 0.17653301618295011 137
1757646103615 0.10236742095316795 138
1757646103671 0.07172689959733358 139
1757646103726 0.11914834928307896 140
1757646103782 0.1296801213865978 141
1757646103838 0.10509586518947567 142
1757646103895 0.12502542516822027 143
1757646103952 0.15325524356236506 144
1757646104008 0.1279910909235355 145
1757646104077 0.12118607285820368 146
1757646104153 0.1454259255332831 147
1757646104209 0.17469417716083213 148
1757646104265 0.11884529833595997 149
1757646104322 0.15079868677593303 150
1757646104379 0.20935966736166456 151
1757646104434 0.0916738099255272 152
1757646104495 0.08804243765359059 153
1757646104551 0.16803788777797363 154
1757646104608 0.08941838830062766 155
1757646104665 0.18313921249871826 156
1757646104721 0.21985717240627387 157
1757646104778 0.11408670481878375 158
1757646104834 0.185434575480755 159
1757646104891 0.17420531928844513 160
1757646104947 0.1565413111351763 161
1757646105003 0.09683618685900491 162
1757646105066 0.08268005741644588 163
1757646105124 0.08290702910154572 164
1757646105185 0.1136844244719902 165
1757646105242 0.0921394114456713 166
1757646105307 0.10552907361349156 167
1757646105366 0.0992450337214122 168
1757646105427 0.17866790433032667 169
1757646105482 0.14194698254259616 170
1757646105538 0.15360962743253878 171
1757646105595 0.06591812985920786 172
1757646105656 0.08146964116178845 173
1757646105713 0.13436297598823901 174
1757646105804 0.11364464158962019 175
1757646105866 0.18849131238447658 176
1757646105924 0.1642548664884219 177
1757646105996 0.11187298352862522 178
1757646106158 0.13624062527892117 179
1757646106221 0.23587156475829577 180
1757646106280 0.17582026225262085 181
1757646106340 0.14202700723290654 182
1757646106401 0.2047888122067658 183
1757646106458 0.06333697181720604 184
1757646106516 0.08073851524026641 185
1757646106573 0.20526602383857617 186
1757646106631 0.08816034088144027 187
1757646106689 0.10679446455737324 188
1757646106747 0.1438548388991272 189
1757646106806 0.1254006878598872 190
1757646106862 0.05313107820723716 191
1757646106921 0.1438117761432468 192
1757646106978 0.12175270348615447 193
1757646107035 0.1250790666961726 194
1757646107098 0.19681333227794864 195
1757646107156 0.163385980478732 196
1757646107214 0.1424003186070983 197
1757646107271 0.11828373916607227 198
1757646107330 0.1384940653331676 199
1757646107389 0.1345255729199048 200
1757646107447 0.15594940339503796 201
