1757623792198 nan 0
1757623792268 nan 1
1757623792328 nan 2
1757623792399 nan 3
1757623792452 nan 4
1757623792502 nan 5
1757623792559 nan 6
1757623792620 nan 7
1757623792677 nan 8
1757623792725 nan 9
1757623792781 nan 10
1757623792826 nan 11
1757623792881 nan 12
1757623792970 nan 13
1757623793032 nan 14
1757623793093 nan 15
1757623793145 nan 16
1757623793191 nan 17
1757623793242 nan 18
1757623793294 nan 19
1757623793344 nan 20
1757623793395 nan 21
1757623793450 nan 22
1757623793498 nan 23
1757623793540 nan 24
1757623793583 nan 25
1757623793628 nan 26
1757623793678 nan 27
1757623793726 nan 28
1757623793791 nan 29
1757623793837 nan 30
1757623793881 nan 31
1757623793927 nan 32
1757623793971 nan 33
1757623794015 nan 34
1757623794057 nan 35
1757623794115 nan 36
1757623794164 nan 37
1757623794215 nan 38
1757623794259 nan 39
1757623794307 nan 40
1757623794348 nan 41
1757623794394 nan 42
1757623794438 nan 43
1757623794486 nan 44
1757623794528 nan 45
1757623794572 nan 46
1757623794682 nan 47
1757623794737 nan 48
1757623794788 nan 49
1757623794837 nan 50
1757623794900 nan 51
1757623794954 nan 52
1757623795001 nan 53
1757623795052 nan 54
1757623795096 nan 55
1757623795144 nan 56
1757623795185 nan 57
1757623795232 nan 58
1757623795279 nan 59
1757623795327 nan 60
1757623795374 nan 61
1757623795425 nan 62
1757623795481 nan 63
1757623795545 nan 64
1757623795598 nan 65
1757623795650 nan 66
1757623795709 nan 67
1757623795756 nan 68
1757623795802 nan 69
1757623795855 nan 70
1757623795912 nan 71
1757623795985 nan 72
1757623796038 nan 73
1757623796091 nan 74
1757623796143 nan 75
1757623796199 nan 76
1757623796250 nan 77
1757623796299 nan 78
1757623796350 nan 79
1757623796393 nan 80
1757623796444 nan 81
1757623796500 nan 82
1757623796551 nan 83
1757623796620 nan 84
1757623796681 nan 85
1757623796737 nan 86
1757623796789 nan 87
1757623796841 nan 88
1757623796889 nan 89
1757623796943 nan 90
1757623797028 nan 91
1757623797089 nan 92
1757623797135 nan 93
1757623797181 nan 94
1757623797231 nan 95
1757623797291 nan 96
1757623797338 nan 97
1757623797380 nan 98
1757623797423 nan 99
1757623797466 nan 100
1757623797519 nan 101
1757623797567 nan 102
1757623797610 nan 103
1757623797656 nan 104
1757623797702 nan 105
1757623797748 nan 106
1757623797792 nan 107
1757623797835 nan 108
1757623797878 nan 109
1757623797924 nan 110
1757623797968 nan 111
1757623798013 nan 112
1757623798057 nan 113
1757623798100 nan 114
1757623798143 nan 115
1757623798188 nan 116
1757623798233 nan 117
1757623798292 nan 118
1757623798384 nan 119
1757623798459 nan 120
1757623798546 nan 121
1757623798610 nan 122
1757623799042 nan 123
1757623799193 nan 124
1757623799392 nan 125
1757623799471 nan 126
1757623799546 nan 127
1757623799603 nan 128
1757623799686 nan 129
1757623799767 nan 130
1757623799840 nan 131
1757623799917 nan 132
1757623799978 nan 133
1757623800055 nan 134
1757623800154 nan 135
1757623800227 nan 136
1757623800291 nan 137
1757623800351 nan 138
1757623800426 nan 139
1757623800534 nan 140
1757623800614 nan 141
1757623800670 nan 142
1757623800729 nan 143
1757623800809 nan 144
1757623800893 nan 145
1757623800971 nan 146
1757623801087 nan 147
1757623801220 nan 148
1757623801325 nan 149
1757623801395 nan 150
1757623801502 nan 151
1757623801591 nan 152
1757623801668 nan 153
1757623801769 nan 154
1757623801840 nan 155
1757623801907 nan 156
1757623801959 nan 157
1757623802013 nan 158
1757623802070 nan 159
1757623802128 nan 160
1757623802185 nan 161
1757623802245 nan 162
1757623802326 nan 163
1757623802395 nan 164
1757623802486 nan 165
1757623802635 nan 166
1757623802691 nan 167
1757623802745 nan 168
1757623802806 nan 169
1757623802855 nan 170
1757623802906 nan 171
1757623802959 nan 172
1757623803009 nan 173
1757623803057 nan 174
1757623803115 nan 175
1757623803162 nan 176
1757623803213 nan 177
1757623803262 nan 178
1757623803312 nan 179
1757623803361 nan 180
1757623803410 nan 181
1757623803595 nan 182
1757623803699 nan 183
1757623803780 nan 184
1757623803840 nan 185
1757623803897 nan 186
1757623803952 nan 187
1757623804002 nan 188
1757623804054 nan 189
1757623804106 nan 190
1757623804169 nan 191
1757623804240 nan 192
1757623804303 nan 193
1757623804364 nan 194
1757623804424 nan 195
1757623804484 nan 196
1757623804538 nan 197
1757623804596 nan 198
1757623804657 nan 199
1757623804716 nan 200
1757623804770 nan 201
1757623804826 nan 202
1757623804883 nan 203
1757623804935 nan 204
1757623804980 nan 205
1757623805025 nan 206
1757623805071 nan 207
1757623805114 nan 208
1757623805173 nan 209
1757623805222 nan 210
1757623805288 nan 211
1757623805346 nan 212
1757623805394 nan 213
1757623805448 nan 214
1757623805526 nan 215
1757623805595 nan 216
1757623805650 nan 217
1757623805717 nan 218
1757623805771 nan 219
1757623805820 nan 220
1757623805880 nan 221
1757623805947 nan 222
1757623806021 nan 223
1757623806084 nan 224
1757623806140 nan 225
1757623806192 nan 226
1757623806243 nan 227
1757623806293 nan 228
1757623806339 nan 229
1757623806390 nan 230
1757623806448 nan 231
1757623806507 nan 232
1757623806563 nan 233
1757623806665 nan 234
1757623806761 nan 235
1757623806833 nan 236
1757623806905 nan 237
1757623806982 nan 238
1757623807037 nan 239
1757623807091 nan 240
1757623807145 nan 241
1757623807216 nan 242
1757623807271 nan 243
1757623807327 nan 244
1757623807384 nan 245
1757623807437 nan 246
1757623807492 nan 247
1757623807541 nan 248
1757623807593 nan 249
1757623807642 nan 250
1757623807694 nan 251
1757623807746 nan 252
1757623807795 nan 253
1757623807852 nan 254
1757623807903 nan 255
1757623807959 nan 256
1757623808017 nan 257
1757623808073 nan 258
1757623808129 nan 259
1757623808185 nan 260
1757623808241 nan 261
1757623808301 nan 262
1757623808371 nan 263
1757623808436 nan 264
1757623808489 nan 265
1757623808540 nan 266
1757623808588 nan 267
1757623808637 nan 268
1757623808686 nan 269
1757623808733 nan 270
1757623808780 nan 271
1757623808831 nan 272
1757623808883 nan 273
1757623808933 nan 274
1757623808980 nan 275
1757623809026 nan 276
1757623809103 nan 277
1757623809153 nan 278
1757623809204 nan 279
1757623809266 nan 280
1757623809318 nan 281
1757623809367 nan 282
1757623809415 nan 283
1757623809467 nan 284
1757623809515 nan 285
1757623809562 nan 286
1757623809607 nan 287
1757623809655 nan 288
1757623809703 nan 289
1757623809751 nan 290
1757623809801 nan 291
1757623809850 nan 292
1757623809900 nan 293
1757623809951 nan 294
1757623810003 nan 295
1757623810053 nan 296
1757623810102 nan 297
1757623810154 nan 298
1757623810203 nan 299
1757623810256 nan 300
1757623810310 nan 301
1757623810368 nan 302
1757623810421 nan 303
1757623810480 nan 304
1757623810551 nan 305
1757623810606 nan 306
1757623810655 nan 307
1757623810709 nan 308
1757623810765 nan 309
1757623810820 nan 310
1757623810877 nan 311
1757623810934 nan 312
1757623810997 nan 313
1757623811052 nan 314
1757623811103 nan 315
1757623811161 nan 316
1757623811215 nan 317
1757623811268 nan 318
1757623811321 nan 319
1757623811370 nan 320
1757623811418 nan 321
1757623811466 nan 322
1757623811518 nan 323
1757623811575 nan 324
1757623811640 nan 325
1757623811700 nan 326
1757623811756 nan 327
1757623811877 nan 328
1757623811936 nan 329
1757623811994 nan 330
1757623812048 nan 331
1757623812100 nan 332
1757623812153 nan 333
1757623812205 nan 334
1757623812258 nan 335
1757623812310 nan 336
1757623812361 nan 337
1757623812415 nan 338
1757623812475 nan 339
1757623812535 nan 340
1757623812589 nan 341
1757623812642 nan 342
1757623812698 nan 343
1757623812755 nan 344
1757623812809 nan 345
1757623812868 nan 346
1757623812925 nan 347
1757623812979 nan 348
1757623813030 nan 349
1757623813083 nan 350
1757623813136 nan 351
1757623813185 nan 352
1757623813236 nan 353
1757623813286 nan 354
1757623813345 nan 355
1757623813395 nan 356
1757623813442 nan 357
1757623813488 nan 358
1757623813535 nan 359
1757623813582 nan 360
1757623813659 nan 361
1757623813712 nan 362
1757623813768 nan 363
1757623813960 nan 364
1757623814021 nan 365
1757623814076 nan 366
1757623814130 nan 367
1757623814188 nan 368
1757623814243 nan 369
1757623814302 nan 370
1757623814363 nan 371
1757623814423 nan 372
1757623814482 nan 373
1757623814541 nan 374
1757623814601 nan 375
1757623814655 nan 376
1757623814712 nan 377
1757623814766 nan 378
1757623814819 nan 379
1757623814879 nan 380
1757623814946 nan 381
1757623815018 nan 382
1757623815080 nan 383
1757623815134 nan 384
1757623815194 nan 385
1757623815270 nan 386
1757623815381 nan 387
1757623815443 nan 388
1757623815523 nan 389
1757623815599 nan 390
1757623815660 nan 391
1757623815717 nan 392
1757623815776 nan 393
1757623815834 nan 394
1757623815889 nan 395
1757623815939 nan 396
1757623815989 nan 397
1757623816046 nan 398
1757623816101 nan 399
1757623816154 nan 400
1757623816211 nan 401
1757623816276 nan 402
1757623816330 nan 403
1757623816385 nan 404
1757623816441 nan 405
1757623816492 nan 406
1757623816544 nan 407
1757623816657 nan 408
1757623816730 nan 409
1757623816799 nan 410
1757623816867 nan 411
1757623816924 nan 412
1757623816981 nan 413
1757623817037 nan 414
1757623817090 nan 415
1757623817139 nan 416
1757623817188 nan 417
1757623817236 nan 418
1757623817285 nan 419
1757623817332 nan 420
1757623817384 nan 421
1757623817449 nan 422
1757623817501 nan 423
1757623817565 nan 424
1757623817631 nan 425
1757623817701 nan 426
1757623817756 nan 427
1757623817813 nan 428
1757623817870 nan 429
1757623817922 nan 430
1757623817981 nan 431
1757623818041 nan 432
1757623818093 nan 433
1757623818152 nan 434
1757623818208 nan 435
1757623818263 nan 436
1757623818329 nan 437
1757623818392 nan 438
1757623818449 nan 439
1757623818505 nan 440
1757623818562 nan 441
1757623818614 nan 442
1757623818673 nan 443
1757623818729 nan 444
1757623818794 nan 445
1757623818864 nan 446
1757623818926 nan 447
1757623819031 nan 448
1757623819090 nan 449
1757623819151 nan 450
1757623819213 nan 451
1757623819277 nan 452
1757623819333 nan 453
1757623819389 nan 454
1757623819452 nan 455
1757623819532 nan 456
1757623819596 nan 457
1757623819655 nan 458
1757623819713 nan 459
1757623819806 nan 460
1757623819967 nan 461
1757623820056 nan 462
1757623820126 nan 463
1757623820400 nan 464
1757623821024 nan 465
1757623821390 nan 466
1757623821707 nan 467
1757623822049 nan 468
1757623822140 nan 469
1757623822220 nan 470
1757623822291 nan 471
1757623822360 nan 472
1757623822439 nan 473
1757623822509 nan 474
1757623822606 nan 475
1757623823260 nan 476
1757623823922 nan 477
1757623824235 nan 478
1757623824625 nan 479
1757623824932 nan 480
1757623825312 nan 481
1757623825645 nan 482
1757623825876 nan 483
1757623826064 nan 484
1757623826176 nan 485
1757623826285 nan 486
1757623826350 nan 487
1757623826420 nan 488
1757623826498 nan 489
1757623826569 nan 490
1757623826706 nan 491
1757623826820 nan 492
1757623827210 nan 493
1757623827564 nan 494
1757623827820 nan 495
1757623827939 nan 496
1757623828070 nan 497
1757623828211 nan 498
1757623828291 nan 499
