1757628907002 30.856351017291658 0
1757628907099 2.4873877198075296 1
1757628907193 1.9328031001446409 2
1757628907281 0.35861944588104827 3
1757628907415 0.013849281932927126 4
1757628907547 0.06638338437127426 5
1757628907669 0.021621705887331106 6
1757628907787 0.07868888983713025 7
1757628907894 0.043928635416334766 8
1757628907998 0.032181089971481065 9
1757628908143 0.03532917700534297 10
1757628908308 0.30941594369686715 11
1757628908460 0.019100471398932967 12
1757628908565 0.04831664227180989 13
1757628908669 0.1516972584887149 14
1757628908770 0.10478837841970158 15
1757628908870 0.020087474959431008 16
1757628908969 0.001700652539773778 17
1757628909095 0.01100774426470959 18
1757628909207 0.07351234202361757 19
1757628909315 0.014053838289815384 20
1757628909421 0.1617488591210263 21
1757628909536 1.1647843678131797e-05 22
1757628909643 0.020929303527222283 23
1757628909749 0.0321459395811657 24
1757628909851 0.003775476553357021 25
1757628909944 6.046526943978542e-06 26
1757628910038 0.03183667229416496 27
1757628910151 0.10704818943740799 28
1757628910271 0.0001631014670557391 29
1757628910372 0.4177530028246905 30
1757628910472 0.01861049540409133 31
1757628910571 0.2660913187763963 32
1757628910671 0.09813285966564118 33
1757628910765 0.005044271064978469 34
1757628910855 0.09675338036537526 35
1757628910946 0.009945970897880383 36
1757628911041 0.05351575648603171 37
1757628911141 0.04489527330054162 38
1757628911237 0.025476002723559987 39
1757628911332 0.6703467271274628 40
1757628911427 0.03941015456394646 41
1757628911521 0.0659060755931801 42
1757628911613 0.006935832228842741 43
1757628911703 0.06840829931012124 44
1757628911794 0.0058323543527468965 45
1757628911893 0.06394704295132579 46
1757628911984 0.11181272429601795 47
1757628912076 0.0003045091783482968 48
1757628912168 0.06391371501326867 49
1757628912258 0.09605781279777846 50
1757628912352 0.00044413797442341646 51
1757628912450 0.030390170388966714 52
1757628912542 0.05121697838872521 53
1757628912635 0.13488399123521158 54
1757628912732 0.49913176524495495 55
1757628912823 0.017700469471268337 56
1757628912924 0.12663148001577104 57
1757628913018 0.35715493378995883 58
1757628913124 0.025188989356220173 59
1757628913220 8.267430784393079e-06 60
1757628913315 0.06484573087918545 61
1757628913407 0.18850161772612273 62
1757628913498 0.22381368474388433 63
1757628913590 0.004904918433864049 64
1757628913683 0.1106680898584332 65
1757628913776 0.09666504314310936 66
1757628913870 0.06840667484545185 67
1757628913963 0.011287164715661484 68
1757628914054 1.6467503981533783e-06 69
1757628914152 0.00487702036664251 70
1757628914244 0.03149401904383631 71
1757628914336 0.08295765437210442 72
1757628914426 0.28315904876163783 73
1757628914515 0.11140821202804395 74
1757628914612 0.06462186940796623 75
1757628914703 0.030675214472508996 76
1757628914793 0.0022075486743491726 77
1757628914883 0.10097201067314539 78
1757628914972 0.01448021500073478 79
1757628915060 0.012239827416316965 80
1757628915165 0.003989500612658884 81
1757628915263 0.02976522984798729 82
1757628915356 0.00319508738840788 83
1757628915447 0.008530759524984792 84
1757628915540 0.11129278696595017 85
1757628915634 0.8438349658980457 86
1757628915725 0.013098076171703032 87
1757628915815 0.4194128914114599 88
1757628915909 0.2812292031552685 89
1757628916002 0.19364605181191852 90
1757628916094 0.10296763052661485 91
1757628916186 0.08813122985835933 92
1757628916280 0.22164572426491752 93
1757628916373 0.23022525867806354 94
1757628916466 0.025584213489533495 95
1757628916555 0.06445396202383061 96
1757628916645 0.2373761312794604 97
1757628916746 0.013105738358160618 98
1757628916838 0.0016541317486922931 99
1757628916930 0.00907263286254648 100
1757628917023 0.0006709978791935563 101
1757628917114 0.12497149324438868 102
1757628917248 0.27950995397836637 103
1757628917422 0.0013034444622914865 104
1757628917525 0.05580101635611446 105
1757628917629 0.4753987948593217 106
1757628917725 0.018288843215761796 107
1757628917821 0.007899793992149675 108
1757628917917 0.8633761432759209 109
1757628918010 0.12336011307996213 110
1757628918119 0.16635938416812876 111
1757628918226 0.1618566395644181 112
1757628918317 0.3014926991630396 113
1757628918412 0.001157061516558748 114
1757628918504 0.01994754502206317 115
1757628918598 0.051490222026043926 116
1757628918698 0.018623264224489514 117
1757628918794 0.014318413784385657 118
1757628918891 0.0038369868410944325 119
1757628918992 0.14322102060122327 120
1757628919111 0.05248029763726043 121
1757628919215 0.024788106617684037 122
1757628919318 0.000674920096989088 123
1757628919416 0.0863153297365356 124
1757628919512 0.13587260737825696 125
1757628919605 0.0004970486419744025 126
1757628919697 0.10386396713427602 127
1757628919790 0.0001534016860748031 128
1757628919886 0.009793808430869709 129
1757628919987 0.00021627667716273298 130
1757628920081 0.0013510900384390793 131
1757628920195 0.037420940746398255 132
1757628920293 0.006178542985497886 133
1757628920387 0.06554941020534417 134
1757628920480 0.03913494220750481 135
1757628920572 0.5935784692039724 136
1757628920667 0.05663633873215698 137
1757628920760 0.01944953536104508 138
1757628920853 0.6326973700669233 139
1757628920945 0.014695373674903263 140
1757628921037 0.06020634694088339 141
1757628921129 0.0701758909859785 142
1757628921222 0.006604610092724702 143
1757628921321 0.011597508568934408 144
1757628921415 0.0018709839361786419 145
1757628921506 0.0027320572078558566 146
1757628921597 0.2113421312766854 147
1757628921688 0.0001567863956671338 148
1757628921779 0.016424758004385226 149
1757628921870 0.011863247774639856 150
1757628921962 0.2124776393907492 151
1757628922054 0.06408599909470056 152
1757628922145 0.013375517199343958 153
1757628922239 7.281129975388166e-05 154
1757628922330 0.030660529782300362 155
1757628922421 0.4205033299873848 156
1757628922512 0.01918842350630251 157
1757628922604 0.15738187281312832 158
1757628922695 0.05527981276099771 159
1757628922786 0.0904878425517799 160
1757628922878 0.009399119175239536 161
1757628922975 0.005619637961730852 162
1757628923067 0.06642694802367069 163
1757628923162 0.0006506502137039832 164
1757628923258 0.0027448817127158796 165
1757628923354 0.09654904188077312 166
1757628923504 0.03259142871170854 167
1757628923619 0.3667438177276363 168
1757628923717 0.4366379717534681 169
1757628923815 0.15230309792613253 170
1757628923912 0.029477816799557657 171
1757628924006 0.014744521936655956 172
1757628924101 0.564089332035135 173
1757628924195 0.3579289063186418 174
1757628924289 0.01621369298290867 175
1757628924386 0.2370170184710905 176
1757628924479 0.458395473040269 177
1757628924571 0.0026081856150596697 178
1757628924663 0.009218801857918566 179
1757628924755 0.00014619570642506526 180
1757628924848 0.011880207929197159 181
1757628924941 0.6551444157981027 182
1757628925033 0.10615118434822814 183
1757628925129 0.05711807973656108 184
1757628925237 0.00305596400497489 185
1757628925336 0.0006344622187393722 186
1757628925431 0.018041223515857293 187
1757628925525 0.009098527850826753 188
1757628925619 0.09382760533967721 189
1757628925714 0.1151877467422414 190
1757628925808 1.2776930074494603 191
1757628925901 0.009430333752589766 192
1757628925995 0.027398720981375062 193
1757628926088 0.047411756156144874 194
1757628926180 0.0032465697929205616 195
1757628926276 0.00429771671119467 196
1757628926369 0.024956104748436903 197
1757628926462 0.04460989878453328 198
1757628926556 0.41959522139372823 199
1757628926726 0.23728114718958654 200
1757628926816 0.0003760671847399716 201
1757628926907 0.06562679016096319 202
1757628926998 0.04801447478364462 203
1757628927088 0.3190479924445003 204
1757628927179 9.327421076475126e-06 205
1757628927273 0.027161879720056438 206
1757628927371 0.004987652331625857 207
1757628927466 0.06736728279815815 208
1757628927559 0.1392591011145614 209
1757628927651 0.206161007984878 210
1757628927744 0.0802037348560828 211
1757628927837 0.02138389497688212 212
1757628927930 0.0012243541550301005 213
1757628928023 0.600935737199604 214
1757628928129 0.0247257054419015 215
1757628928230 0.0006136767129708883 216
1757628928325 0.029259057113950913 217
1757628928422 0.12220965187628152 218
1757628928516 0.019059467323148994 219
1757628928611 0.17307287420477904 220
1757628928707 0.061157911017425945 221
1757628928800 0.029992889969395645 222
1757628928895 0.27501680275003093 223
1757628928988 0.2843700454631034 224
1757628929081 0.024176838526119685 225
1757628929176 0.011185593641693864 226
1757628929270 0.10174095842882408 227
1757628929366 0.37225091515104913 228
1757628929461 0.04523022584190675 229
1757628929555 0.1463620957193717 230
1757628929648 0.0026729896759941753 231
1757628929741 0.4660387716812473 232
1757628929834 0.02473621425532022 233
1757628929928 0.22563010299629846 234
1757628930023 0.1522532881151808 235
1757628930121 0.0004348429074057327 236
1757628930240 0.0028924201799087382 237
1757628930337 0.20862038022686305 238
1757628930432 0.1254012691355461 239
1757628930527 0.12007421542734462 240
1757628930623 0.002984572415344036 241
1757628930722 0.04194682193679686 242
1757628930816 0.012207633121040345 243
1757628930912 0.00935438392438581 244
1757628931007 0.0001620387023034267 245
1757628931160 0.29686409984117607 246
1757628931263 0.3077744472177128 247
1757628931363 0.41822088195275275 248
1757628931460 0.08571380733433688 249
1757628931556 0.0037766052527788137 250
1757628931653 0.004962490782593745 251
1757628931749 0.023726124679400457 252
1757628931845 0.019194530779357843 253
1757628931941 0.0013842312427722605 254
1757628932038 0.19873592523355707 255
1757628932133 0.026276377244282303 256
1757628932226 0.013780080379240445 257
1757628932321 0.005167850663233021 258
1757628932415 0.062379476396987016 259
1757628932509 0.19640710082245716 260
1757628932605 0.007996375690483866 261
1757628932700 0.09163044762515511 262
1757628932794 0.7502404506483261 263
1757628932887 0.029648663771999817 264
1757628932983 0.5070368805954335 265
1757628933080 0.0018236706449516352 266
1757628933175 0.05764992589086831 267
1757628933269 0.00392401297517833 268
1757628933364 0.04577265297466559 269
1757628933466 1.2367730555422802 270
1757628933562 0.013067150955394732 271
1757628933658 0.0006589010760213404 272
1757628933752 0.08120449598385711 273
1757628933847 0.020547540015352403 274
1757628933943 0.06187700930120723 275
1757628934038 0.41779859532165525 276
1757628934132 0.003464323542413812 277
1757628934227 0.052547012633701366 278
1757628934323 0.3289742078100995 279
1757628934427 0.0431249205410262 280
1757628934523 0.015766895544441877 281
1757628934632 0.162926153623221 282
1757628934729 1.0181729500328096 283
1757628934827 0.057432168033942396 284
1757628934924 0.00538912100351144 285
1757628935020 0.00246239311365081 286
1757628935130 0.02704098557061678 287
1757628935248 0.001966278965803773 288
1757628935350 0.024256844748613678 289
1757628935458 0.3598166756114277 290
1757628935560 0.006683106664040451 291
1757628935659 0.1285180948899899 292
1757628935757 0.3900124080547411 293
1757628935854 0.05989186493037643 294
1757628935954 0.09200178687000099 295
1757628936050 0.03577035030377301 296
1757628936148 0.13796413205840768 297
1757628936248 0.012419182612649541 298
1757628936346 0.0010295662310510433 299
1757628936452 0.012969511731083447 300
1757628936551 0.3239361018467233 301
1757628936649 0.029619044738555377 302
1757628936747 0.05065478539509776 303
1757628936843 0.33248929832873625 304
1757628936940 0.015150174282055522 305
1757628937036 0.02925266786768254 306
1757628937132 0.007317881161150729 307
1757628937231 0.19008707112488704 308
1757628937327 0.10439821544691491 309
1757628937425 0.037036455041472224 310
1757628937527 0.011461527137068217 311
1757628937624 0.06406952133878503 312
1757628937720 1.3827235950404309 313
1757628937821 0.42139108033217115 314
1757628937918 0.21483813546682376 315
1757628938015 0.00010152168697107118 316
1757628938119 0.006076563658046846 317
1757628938223 0.04061683031922392 318
1757628938329 0.026831096995224585 319
1757628938428 0.04369473826463265 320
1757628938525 0.2393499117716433 321
1757628938620 0.007291001017759044 322
1757628938716 0.07277701862705609 323
1757628938812 0.0004366286221213309 324
1757628938909 0.0017958604728269627 325
1757628939005 0.0003238802795963362 326
1757628939101 0.06489010277657058 327
1757628939200 0.3207637439176981 328
1757628939298 0.06662740070615132 329
1757628939395 0.6553310447637556 330
1757628939495 0.33640195401402756 331
1757628939599 0.03797371460199648 332
1757628939696 0.14357089544337204 333
1757628939793 0.8603843590244064 334
1757628939899 0.08243667783370746 335
1757628939996 0.2443599686750158 336
1757628940093 0.010527135165131025 337
1757628940203 0.035050064254260924 338
1757628940303 0.019033750561353462 339
1757628940401 0.009460964130948653 340
1757628940499 0.21566778155413296 341
1757628940597 0.01775922369489421 342
1757628940698 0.03803632577851333 343
1757628940838 0.000495919636081663 344
1757628940942 0.09571327533717466 345
1757628941045 0.20917476215443206 346
1757628941144 0.007991440630748768 347
1757628941243 0.004881242647991886 348
1757628941342 0.0037762648768579024 349
1757628941440 0.024554696245917825 350
1757628941540 0.440663528067884 351
1757628941639 0.07243439541076678 352
1757628941739 1.953816682701627e-05 353
1757628941837 0.03999143117085328 354
1757628941932 0.0001442968437222851 355
1757628942034 0.16202957544888152 356
1757628942130 0.032456145602325695 357
1757628942226 0.05311582822824642 358
1757628942323 0.005069971844272938 359
1757628942420 0.09144216261858061 360
1757628942515 0.07485438859145811 361
1757628942611 0.0013721576770332827 362
1757628942708 0.3684050549868389 363
1757628942805 0.07301821921883775 364
1757628942903 0.03078875097037482 365
1757628942999 0.012920119336703128 366
1757628943096 0.003408479723983101 367
1757628943193 9.320223590281751e-05 368
1757628943290 0.6639727397655066 369
1757628943386 0.0641572177757407 370
1757628943526 0.3452324654576675 371
1757628943635 0.12264437517106593 372
1757628943742 0.33781617558344107 373
1757628943851 0.33747847287856525 374
1757628943960 0.0700724311784769 375
1757628944066 0.04965687791764819 376
1757628944169 0.0021694155525050964 377
1757628944275 0.001014199883368128 378
1757628944379 0.05243874569356119 379
1757628944484 0.03132057801695569 380
1757628944595 1.2120870930513326 381
1757628944711 0.047857978459180446 382
1757628944818 0.1260037918129098 383
1757628944924 0.12071353582984576 384
1757628945027 0.5294408589302387 385
1757628945131 0.28789097395421237 386
1757628945251 0.004345324976678548 387
1757628945361 0.019494747849120225 388
1757628945468 3.15811776382861e-06 389
1757628945581 0.02593875941576029 390
1757628945718 0.04002081116084271 391
1757628945832 0.002374973349849768 392
1757628945939 0.065509499998003 393
1757628946048 0.2167911567980227 394
1757628946153 0.13959117364980925 395
1757628946257 2.34725799974003e-05 396
1757628946362 0.0017827144487603938 397
1757628946467 0.027181848195214346 398
1757628946574 0.0031811793455743544 399
1757628946684 0.05610242840694953 400
1757628946788 0.007341053623994991 401
1757628946889 0.04853482885919184 402
1757628946994 0.014923297866005573 403
1757628947100 0.0027488632747325074 404
1757628947213 0.034499016999889796 405
1757628947347 0.14278937100863642 406
1757628947456 0.36980271287733446 407
1757628947559 0.12327811738618893 408
1757628947668 0.350474634096611 409
1757628947770 0.005823009102881216 410
1757628947870 0.13689180614832813 411
1757628947971 0.13163342565074077 412
1757628948072 0.38893547512456833 413
1757628948182 0.14331015976090253 414
1757628948283 0.08903899863024303 415
1757628948385 0.004149988913551028 416
1757628948484 0.10711461496836795 417
1757628948584 0.11982131088333246 418
1757628948683 0.061954743161159356 419
1757628948783 1.8614775085954473e-05 420
1757628948886 0.0008637905369795392 421
1757628948990 0.009105669723273811 422
1757628949092 0.07764855392130621 423
1757628949194 1.4818499295139526e-05 424
1757628949298 0.1741955656843189 425
1757628949399 0.42943222132625747 426
1757628949558 0.043349911090689607 427
1757628949669 0.0002499428032290382 428
1757628949800 0.0003060939347767055 429
1757628949910 0.18805075681859298 430
1757628950014 0.24603572255213876 431
1757628950124 0.02656460601266726 432
1757628950243 0.24584202575770964 433
1757628950349 0.036473740379507895 434
1757628950451 0.2779892268781706 435
1757628950554 0.005102264028315912 436
1757628950656 0.06465099097904194 437
1757628950760 0.20271733095783726 438
1757628950863 0.03091269743228207 439
1757628950964 0.00041390364397419756 440
1757628951064 0.12912294853600503 441
1757628951166 0.03805424646307713 442
1757628951271 0.0036783814628415052 443
1757628951373 0.052011838018168555 444
1757628951474 0.16720545233069067 445
1757628951573 0.0070179342498437785 446
1757628951674 0.007561712064572937 447
1757628951779 0.0008612443437612927 448
1757628951878 0.012063338835223935 449
1757628951976 0.01339428878634028 450
1757628952077 0.12724758497982538 451
1757628952177 0.170420822231043 452
1757628952277 0.01294719827708918 453
1757628952379 0.2912771458038797 454
1757628952482 0.5340072144587831 455
1757628952587 0.16907621635293055 456
1757628952690 0.08013735664187803 457
1757628952792 0.19279766264620568 458
1757628952892 0.05168628145159781 459
1757628952990 0.023619544815253243 460
1757628953089 0.006469502748731169 461
1757628953187 0.0006593219568546573 462
