1757638787065 8.711069147010716e-05 0
1757638787140 0.0008303207917474576 1
1757638787233 0.08982457222342213 2
1757638787320 0.0035332977374787707 3
1757638787408 0.004256478178134541 4
1757638787503 0.0034205387369041305 5
1757638787611 0.18069931468858116 6
1757638787701 0.017898523380013527 7
1757638787789 0.021982833121307704 8
1757638787878 0.21388140870368605 9
1757638787966 1.4660578602695151 10
1757638788053 0.059083688719555535 11
1757638788140 0.044392775214119336 12
1757638788228 0.031028919182140534 13
1757638788316 0.01450241526596968 14
1757638788409 0.01474432160129602 15
1757638788498 0.019707386590301208 16
1757638788585 0.00292657998198262 17
1757638788674 0.14707900466158028 18
1757638788760 0.3846445256556998 19
1757638788848 0.18354033849350743 20
1757638788934 0.02195711226875099 21
1757638789020 0.015765632582697035 22
1757638789107 0.0008145825089829287 23
1757638789193 0.1313627808003401 24
1757638789279 0.11649564348983632 25
1757638789365 0.09651273023791418 26
1757638789455 0.7794542148053226 27
1757638789546 0.030956988582048713 28
1757638789633 0.02509159262746652 29
1757638789720 0.37071678713187745 30
1757638789807 0.044833120329587965 31
1757638789893 0.023324213664533903 32
1757638789985 0.25890461862164094 33
1757638790073 0.08495895932003397 34
1757638790160 0.0610437486449023 35
1757638790247 0.00017485248655127556 36
1757638790354 0.0004479738040322555 37
1757638790455 0.1386750265658226 38
1757638790545 0.09458158267717846 39
1757638790634 1.7804764561860253 40
1757638790725 0.05343619813907766 41
1757638790814 0.008127910044662876 42
1757638790903 0.014098274551628005 43
1757638790993 0.0073016062452034 44
1757638791081 0.0527943639228607 45
1757638791167 0.0029493152591987285 46
1757638791255 0.09505325394120027 47
1757638791342 0.002361244185200116 48
1757638791496 0.010548132133495093 49
1757638791600 0.043913711498732654 50
1757638791694 0.0001327275318639326 51
1757638791784 0.3267691914153939 52
1757638791876 0.041531059954446704 53
1757638791968 0.013155074995999088 54
1757638792059 0.06971956521155805 55
1757638792147 0.004844576818312711 56
1757638792236 0.1266806855497044 57
1757638792326 0.005790991146671586 58
1757638792415 0.015582566896358292 59
1757638792504 0.2716538101278931 60
1757638792607 0.3749133468435564 61
1757638792698 0.1114074861884584 62
1757638792789 0.45726617766771416 63
1757638792878 0.013563509827828363 64
1757638792967 0.000449057248394786 65
1757638793055 0.08605468564444092 66
1757638793142 1.9491453427881014e-05 67
1757638793230 0.1710376819132047 68
1757638793317 0.017338724530837908 69
1757638793405 0.003070082005145791 70
1757638793492 0.47084577395412214 71
1757638793586 0.08126633488178284 72
1757638793678 0.08260863997307102 73
1757638793766 0.32311223643415166 74
1757638793855 0.04207613586599808 75
1757638793944 0.03914921806032529 76
1757638794032 0.009200973723042728 77
1757638794119 0.44253288094271037 78
1757638794207 0.201807917066911 79
1757638794296 8.310851769351716e-05 80
1757638794385 0.15061305130900168 81
1757638794474 0.000512235615959225 82
1757638794567 0.04580660589194994 83
1757638794654 0.013175557987826906 84
1757638794741 0.05247327507846224 85
1757638794830 0.12117343647929493 86
1757638794923 0.01097625993618613 87
1757638795012 0.005953439767570816 88
1757638795101 0.030135577283145035 89
1757638795192 0.05456778340064559 90
1757638795280 0.17382323618196244 91
1757638795368 0.2653990953241701 92
1757638795460 0.06580505317474858 93
1757638795549 0.12118817717766164 94
1757638795643 0.11851306007570646 95
1757638795733 0.0002123233802290093 96
1757638795822 0.19648488483348794 97
1757638795910 0.008087246826324099 98
1757638795997 0.0009588663867257214 99
1757638796087 0.019798216627117633 100
1757638796220 0.024030217515839804 101
1757638796317 0.004333956897351865 102
1757638796410 0.09294339715246447 103
1757638796502 0.06238717071329404 104
1757638796593 0.005680873080062707 105
1757638796684 0.3191530089728765 106
1757638796772 0.018359739317449008 107
1757638796861 0.23349669294612693 108
1757638796949 0.017399712602510525 109
1757638797037 0.06115149041656563 110
1757638797126 0.15207060613256357 111
1757638797215 0.07987169313013188 112
1757638797319 0.0030939814223086286 113
1757638797447 0.13922710444202993 114
1757638797547 0.0016664530948672864 115
1757638797657 0.02374468259496448 116
1757638797753 0.1492605443919949 117
1757638797846 0.2749729932455506 118
1757638797937 0.0064263597742776155 119
1757638798029 0.00031986735850304305 120
1757638798120 0.013487984059944572 121
1757638798212 0.008831544153554789 122
1757638798302 0.00259077575361641 123
1757638798393 0.06776278217574083 124
1757638798481 0.6988996915489183 125
1757638798571 0.3735556169612571 126
1757638798663 7.313027828478566e-05 127
1757638798754 0.15932607647999097 128
1757638798843 0.031100637925102398 129
1757638798933 0.0002442995788732265 130
1757638799022 0.2868562398040423 131
1757638799112 0.001068537023252398 132
1757638799203 0.10115459401451898 133
1757638799293 0.51187457846896 134
1757638799385 0.02939967593281707 135
1757638799473 0.03894521584347066 136
1757638799563 0.3253622212805824 137
1757638799654 0.09774444572753643 138
1757638799748 0.0075081567018998804 139
1757638799839 0.19713439912187805 140
1757638799933 0.058877352383305735 141
1757638800025 0.05636769266714388 142
1757638800117 0.04724204635962536 143
1757638800215 0.012796751262110771 144
1757638800310 0.006573023442043696 145
1757638800407 0.056015425817951645 146
1757638800501 0.01480793692546133 147
1757638800593 0.22064758157720343 148
1757638800685 0.0002819572156901434 149
1757638800777 0.016516678352458004 150
1757638800872 0.006548998488419033 151
1757638800964 0.09035035684001427 152
1757638801053 1.3474306410956873 153
1757638801143 0.0016460073815407357 154
1757638801233 0.026571679697896654 155
1757638801323 0.004577030073321051 156
1757638801414 0.894013559547447 157
1757638801502 0.1621095003591072 158
1757638801594 0.6471140004214189 159
1757638801687 0.022730735605133227 160
1757638801781 0.06642721268342874 161
1757638801874 0.17968185887595672 162
1757638801972 0.0005306097622492186 163
1757638802064 0.05291391848324087 164
1757638802155 0.15240376461663618 165
1757638802245 0.14066375688204696 166
1757638802336 0.286626845186182 167
1757638802426 0.17432192988690012 168
1757638802517 0.04508356244525933 169
1757638802624 0.047554387897548046 170
1757638802717 0.08811787604500532 171
1757638802810 0.07467842050709349 172
1757638802905 0.04301428235631809 173
1757638802998 0.0010568509897256636 174
1757638803088 0.21155537212854 175
1757638803179 0.10551742689673105 176
1757638803267 0.043093162936509256 177
1757638803359 0.00028078672624587165 178
1757638803453 0.12003329525675278 179
1757638803544 0.055894830204259165 180
1757638803637 0.10510532710072956 181
1757638803733 0.008598931024686824 182
1757638803825 0.2338978995592802 183
1757638803918 0.06314614786323014 184
1757638804011 0.002304515676398961 185
1757638804102 0.03135274262608169 186
1757638804193 0.6032946280441195 187
1757638804284 0.05994528955787781 188
1757638804375 0.0028135047216391765 189
1757638804468 0.016794750157869645 190
1757638804559 0.025603772048825853 191
1757638804650 6.408526868485473e-05 192
1757638804741 0.07285166027486142 193
1757638804833 0.05703554543148771 194
1757638804925 0.011617688895624692 195
1757638805016 0.3457604055826402 196
1757638805106 0.13629427665402946 197
1757638805201 0.0031582381953768053 198
1757638805294 0.18269438308713268 199
1757638805386 0.12142279527003139 200
1757638805481 0.019854334059215203 201
1757638805573 0.08358289185385047 202
1757638805663 0.21477103940066172 203
1757638805761 0.035827306645414045 204
1757638805861 0.16041612650464696 205
1757638805959 0.05652304203159058 206
1757638806056 0.0739116707408367 207
1757638806149 0.01230158164269813 208
1757638806241 0.009173909253023246 209
1757638806335 0.07179954504523409 210
1757638806426 0.003455837829453235 211
1757638806518 0.0001875732426793806 212
1757638806609 0.4416026649584741 213
1757638806699 0.04373287482863406 214
1757638806792 0.00029563362749184565 215
1757638806884 0.034707395443666175 216
1757638806979 0.07245138753727504 217
1757638807070 0.05684494923307366 218
1757638807161 0.020299470803247316 219
1757638807253 0.005425317482539064 220
1757638807344 0.13135461064765583 221
1757638807436 0.05250764282327481 222
1757638807530 0.2954900035951421 223
1757638807638 0.012480940022625684 224
1757638807733 0.1671367682803248 225
1757638807832 0.8073549102403398 226
1757638807924 0.0002456155771366613 227
1757638808018 0.059505161070803 228
1757638808111 0.0489821954872834 229
1757638808205 0.10066401837837774 230
1757638808297 0.13850324489015103 231
1757638808390 0.18306256947537672 232
1757638808482 0.011969624202189817 233
1757638808573 0.11463970417128652 234
1757638808667 0.05545157336543368 235
1757638808760 0.0005557062993768328 236
1757638808851 0.0015181818611560102 237
1757638808944 0.004807896874680792 238
1757638809036 0.18015876065913086 239
1757638809127 0.07039874064877663 240
1757638809218 0.7559395879147981 241
1757638809310 0.07509122803903305 242
1757638809403 0.005988582130782358 243
1757638809495 0.0010320870891103754 244
1757638809586 0.051869833791501924 245
1757638809679 0.014600174121516492 246
1757638809771 0.0261718587382779 247
1757638809868 9.856475483868556e-05 248
1757638809962 0.8400208350972298 249
1757638810054 0.0002638177871169809 250
1757638810146 0.06662177857238105 251
1757638810238 1.3368256233518765 252
1757638810330 1.421533885687569 253
1757638810421 0.0005893768831331561 254
1757638810513 0.09087961142088281 255
1757638810605 0.00020783442467137115 256
1757638810698 0.0037293308636552553 257
1757638810790 0.030031269193654456 258
1757638810882 0.9163184464052208 259
1757638810975 0.13185957748863908 260
1757638811066 0.010569334416745669 261
1757638811159 0.04360851126608978 262
1757638811252 0.14676241016606262 263
1757638811344 0.0253387203287483 264
1757638811436 0.1491962699122806 265
1757638811528 0.16996923992617455 266
1757638811619 0.04142738900004079 267
1757638811712 0.725794681676767 268
1757638811807 0.32627533943828363 269
1757638811907 2.061700719376867e-07 270
1757638812002 0.04400228805061981 271
1757638812096 0.013380679025196268 272
1757638812191 0.047133355526941555 273
1757638812286 0.010383692809780598 274
1757638812382 0.5904587685466055 275
1757638812473 0.23725553530188276 276
1757638812572 0.012647534477954052 277
1757638812672 0.016414323206803135 278
1757638812766 0.0008330369751270015 279
1757638812861 0.07233464183034005 280
1757638812959 0.03198198755340825 281
1757638813053 0.27903069486994475 282
1757638813146 0.01173539590479599 283
1757638813239 0.004018154338595976 284
1757638813332 0.0001852883281297105 285
1757638813424 0.04926680591482053 286
1757638813517 0.03044008539397396 287
1757638813611 0.011196812266872953 288
1757638813707 0.026231946131127074 289
1757638813800 0.9745388324193631 290
1757638813899 0.004109496794353224 291
1757638813994 0.004734197575303085 292
1757638814086 0.02011413684961755 293
1757638814180 0.009177229794711021 294
1757638814273 0.5432316344106819 295
1757638814367 0.05944980054453339 296
1757638814462 0.026012148796602394 297
1757638814556 0.0011176845375495904 298
1757638814647 0.24412896217176625 299
1757638814742 7.464306095070284e-05 300
1757638814835 0.12593464768331078 301
1757638814928 0.005853410896589945 302
1757638815021 3.533968945673482e-05 303
1757638815115 0.01895487051865528 304
1757638815206 0.021396425803812697 305
1757638815300 0.0281449094026953 306
1757638815393 0.08243623974379291 307
1757638815486 0.025244100244323414 308
1757638815580 0.05683331096101411 309
1757638815672 0.10328950623937827 310
1757638815768 0.10241746696007917 311
1757638815863 0.4118443562415106 312
1757638815963 0.5287928995851952 313
1757638816062 0.007278574455584412 314
1757638816156 0.11173602874276962 315
1757638816249 0.03908614276824305 316
1757638816344 0.09425902748121318 317
1757638816438 0.01894066894099324 318
1757638816531 0.003839568186149674 319
1757638816624 0.07404404199239682 320
1757638816718 0.0002986281307839561 321
1757638816812 0.14425291505210536 322
1757638816905 0.00035534869725437095 323
1757638816998 0.4601689591850881 324
1757638817077 0.09672816725783616 325
1757638817171 0.027711702101280634 326
1757638817266 0.043111988703099006 327
1757638817359 0.24941448691231813 328
1757638817454 0.03596991376878119 329
1757638817626 0.3037331159399882 330
1757638817735 0.080659734878114 331
1757638817837 0.012220008054362732 332
1757638817939 0.10992434886170115 333
1757638818037 0.053752601943075164 334
1757638818133 0.1265048566975357 335
1757638818228 1.1270473059389445 336
1757638818326 0.0763747850694247 337
1757638818429 0.00023641590873585045 338
1757638818525 0.267878312880094 339
1757638818619 0.18666493261407016 340
1757638818715 0.21433452285871185 341
1757638818809 0.058757746775822524 342
1757638818903 0.022760975530685144 343
1757638818998 0.34351434466799485 344
1757638819092 0.035418597150429734 345
1757638819185 0.12115284240794581 346
1757638819279 0.008474662137610976 347
1757638819426 0.02445034159336882 348
1757638819527 0.036617384655802374 349
1757638819625 0.2740508770199743 350
1757638819723 0.02219279474726532 351
1757638819819 0.03202109439643197 352
1757638819915 0.25924589430425454 353
1757638820015 0.0005927703527146826 354
1757638820108 0.0002900538811943493 355
1757638820202 0.48514252453295065 356
1757638820297 0.08018743829565075 357
1757638820391 0.04936710112930706 358
1757638820485 0.020651696801510997 359
1757638820579 0.6448345211956985 360
1757638820673 0.21453311681674922 361
1757638820769 0.0004122337781861412 362
1757638820863 0.15715181313329016 363
1757638820959 0.11773307029243721 364
1757638821054 0.003973328652642137 365
1757638821148 0.328305959561809 366
1757638821241 0.0002049063506284515 367
1757638821337 0.03489962440065977 368
1757638821432 0.0037311877791818718 369
1757638821527 1.0282571521355215 370
1757638821621 4.208149863559176e-07 371
1757638821715 8.600249469701104e-05 372
1757638821808 0.005826884564376879 373
1757638821912 0.02378020954174529 374
1757638822018 0.006360488031786991 375
1757638822115 0.033570914383707115 376
1757638822212 0.020798003963212963 377
1757638822309 0.05435239355594108 378
1757638822406 0.04159597021580848 379
1757638822501 0.005424481539141157 380
1757638822613 0.0040575773279078785 381
1757638822712 0.006204446169244559 382
1757638822809 0.1671320871178069 383
1757638822907 2.655561483989414e-05 384
1757638823010 0.24276640268671115 385
1757638823106 0.12915333258873807 386
1757638823200 0.02627823323474689 387
1757638823294 0.03457300410686887 388
1757638823390 0.014497749482771976 389
1757638823485 0.20722040252195226 390
1757638823580 0.19457029066172707 391
1757638823676 0.5740415770721201 392
1757638823772 0.0035465638491359508 393
1757638823866 5.001367490900842e-05 394
1757638823963 0.027769123800114662 395
1757638824064 0.13925735184802435 396
1757638824160 0.003730245991807847 397
1757638824254 0.06732093611783485 398
1757638824350 0.044316171846125026 399
1757638824447 0.03300924905553279 400
1757638824543 0.12612059905124154 401
1757638824638 0.023625375316493707 402
1757638824733 0.44675304606990285 403
1757638824827 0.0005558374215226991 404
1757638824922 0.030417389383799977 405
1757638825017 0.0015000231547993201 406
1757638825113 0.08196913703376456 407
1757638825208 0.0035025658624252285 408
1757638825302 0.2851669971267757 409
1757638825398 0.0071301115904576955 410
1757638825494 0.2478945909152776 411
1757638825589 0.06017937916123506 412
1757638825685 0.28511446694919534 413
1757638825780 0.0012858587564575704 414
1757638825876 0.047714857383725974 415
1757638825971 0.07456920596127627 416
1757638826071 0.12232790065543256 417
1757638826169 0.05598036296755589 418
1757638826265 0.0009106830695483693 419
1757638826363 2.113958097283925e-05 420
1757638826458 0.3581818811995438 421
1757638826555 0.0035425402385865965 422
1757638826649 0.0002863023937195414 423
1757638826746 0.04266028887585805 424
1757638826844 5.130614661419954e-05 425
1757638826940 0.0021667823383048853 426
1757638827035 0.308215046346994 427
1757638827131 0.10935242269019209 428
1757638827226 0.3596045302579985 429
1757638827322 0.15546766714540733 430
1757638827419 0.4298590777427139 431
1757638827517 0.264253645231436 432
1757638827629 0.2956179468879847 433
1757638827729 0.01518226510596787 434
1757638827829 0.23422893953606527 435
1757638827931 0.02452240548795085 436
1757638828028 0.18277245743601217 437
1757638828131 0.01080258289097947 438
1757638828227 0.09641822558471873 439
1757638828323 0.012144493174155897 440
1757638828420 0.006347113963390238 441
1757638828517 0.0004989916911993102 442
1757638828613 0.0996364259493744 443
1757638828711 0.05152086198334244 444
1757638828807 0.09211761786341092 445
1757638828907 0.04197098372122028 446
1757638829007 0.0471446168078921 447
1757638829104 0.49792669882005575 448
1757638829201 0.5999260989090901 449
1757638829297 0.012134917601710598 450
1757638829394 0.6821711163768575 451
1757638829494 0.0075218223373499345 452
1757638829594 0.14817898958972206 453
1757638829690 0.21726760417722737 454
1757638829787 0.0002679309928858763 455
1757638829883 0.30097331898655516 456
1757638829981 0.10284837422268382 457
1757638830085 0.01934449311167015 458
1757638830185 0.021301898350966922 459
1757638830281 0.01644977234902281 460
1757638830379 0.024777163803526337 461
1757638830475 0.14700504268414155 462
1757638830573 0.007799932539542376 463
1757638830669 0.05920078920043672 464
1757638830766 0.19927158514898044 465
1757638830862 0.14574110273230168 466
1757638830960 0.004737142195000473 467
1757638831057 0.0008535938023185806 468
1757638831154 0.0018423535033818808 469
1757638831250 0.002090721692839212 470
1757638831348 0.6412056110129731 471
1757638831445 0.6455314067378357 472
1757638831543 0.0040777288605513 473
1757638831642 0.05040228924086106 474
1757638831739 0.8590709758952795 475
1757638831836 0.25582077933211833 476
1757638831945 0.43237152260521394 477
1757638832044 0.04868455781597853 478
1757638832148 0.18684553072555513 479
1757638832249 0.02841705631213495 480
1757638832348 0.015577734470974876 481
1757638832446 0.0047520237218420065 482
1757638832549 0.28961773295167137 483
1757638832659 0.12404727070747736 484
1757638832759 0.36700925732101586 485
1757638832859 0.4610034625899427 486
1757638832959 0.1699590798197194 487
1757638833058 0.004377210899277403 488
1757638833158 0.0007470872096728462 489
1757638833257 0.006239100468789665 490
1757638833358 0.0018431264239305324 491
1757638833457 0.003970244476077789 492
1757638833555 0.007030881049454879 493
1757638833654 0.08623859176094198 494
1757638833752 0.038539678976759494 495
1757638833850 0.1587562120677671 496
1757638833949 0.00048082134603360496 497
1757638834046 0.05944080827902911 498
1757638834147 0.22513357726862324 499
