1757646899214 142.39821573950994 0
1757646899283 120.94222321793177 1
1757646899341 101.58864945847317 2
1757646899400 82.27113436324177 3
1757646899457 73.30538285511518 4
1757646899514 59.730250159776794 5
1757646899571 52.04309748642214 6
1757646899627 43.82570758180308 7
1757646899684 35.80291900162543 8
1757646899741 31.126238199734775 9
1757646899798 25.409569415447518 10
1757646899855 23.0650835285858 11
1757646899910 19.107947128261134 12
1757646899967 16.327985187467082 13
1757646900023 12.87452479779058 14
1757646900080 10.82726756649278 15
1757646900135 9.248861583510024 16
1757646900191 7.9232121745343145 17
1757646900246 6.808666505818142 18
1757646900303 4.960846098649209 19
1757646900358 5.144737536759144 20
1757646900423 4.194376546152152 21
1757646900480 3.359512434890158 22
1757646900536 3.042675417132016 23
1757646900593 2.249987251247271 24
1757646900648 1.9175424593073762 25
1757646900703 1.5159288183194328 26
1757646900758 1.6387008479029175 27
1757646900812 1.2491141721911077 28
1757646900867 1.1699089823143802 29
1757646900923 0.847931488664496 30
1757646900978 0.7664293729800176 31
1757646901034 1.0516086449314548 32
1757646901089 0.5526241355983585 33
1757646901145 0.6111879024639106 34
1757646901200 0.5563706228239317 35
1757646901255 0.512560907119176 36
1757646901309 0.3908302579779345 37
1757646901364 0.24702955113458425 38
1757646901419 0.27299869042895514 39
1757646901475 0.2796216692417643 40
1757646901531 0.2435414797674468 41
1757646901586 0.21284685748605375 42
1757646901641 0.17959144028564106 43
1757646901696 0.22131500173802665 44
1757646901751 0.2725862959269839 45
1757646901806 0.19876817011532924 46
1757646901861 0.17172852828413845 47
1757646901917 0.21583367322420038 48
1757646901972 0.1661912998025011 49
1757646902028 0.18208139549480531 50
1757646902083 0.14641789171739003 51
1757646902139 0.14480940490342123 52
1757646902194 0.11114645556813921 53
1757646902249 0.09357471331572388 54
1757646902306 0.16410596392743468 55
1757646902362 0.217348610646895 56
1757646902421 0.12364623473272168 57
1757646902482 0.10301959189845605 58
1757646902540 0.16077924201073412 59
1757646902713 0.09457208871010263 60
1757646902777 0.10702942519896488 61
1757646902840 0.06795176414106009 62
1757646902903 0.15586590537683767 63
1757646902973 0.23784239707035404 64
1757646903032 0.1132789026095825 65
1757646903090 0.1499978049918778 66
1757646903149 0.14710825061489546 67
1757646903207 0.11690194754457794 68
1757646903267 0.0882835089758445 69
1757646903325 0.22462569593763146 70
1757646903384 0.21075709564972395 71
1757646903443 0.1467173986352875 72
1757646903506 0.06687882720901597 73
1757646903562 0.05865776167921023 74
1757646903618 0.1325020637393263 75
1757646903674 0.07742200872713621 76
1757646903730 0.06513485156844488 77
1757646903788 0.17007707189943053 78
1757646903844 0.1362155707778089 79
1757646903900 0.13711861910393158 80
1757646903957 0.10813730442027315 81
1757646904014 0.16651604804045136 82
1757646904071 0.13587309211272397 83
1757646904126 0.06661867941684045 84
1757646904189 0.12072659052755458 85
1757646904271 0.09870728451199401 86
1757646904348 0.10555486494211946 87
1757646904407 0.1716403505446354 88
1757646904475 0.16737207035137866 89
1757646904535 0.12702138195715723 90
1757646904594 0.15114715451400676 91
