1757637523904 0.9185299891325794 0
1757637524004 0.2230037737740087 1
1757637524096 0.02353809969137859 2
1757637524182 0.07527657280414016 3
1757637524268 0.17442297199774578 4
1757637524362 0.06628765500694254 5
1757637524448 0.09534406207396612 6
1757637524537 0.0006776037456379859 7
1757637524624 0.10036993055531915 8
1757637524711 0.004890524766827074 9
1757637524797 0.027193559680616857 10
1757637524882 0.02313635074272814 11
1757637524969 0.01361111890760675 12
1757637525056 0.39769891562334847 13
1757637525144 0.04591666265458136 14
1757637525229 0.3027712184074037 15
1757637525316 0.009938753540270727 16
1757637525403 0.04313430808113262 17
1757637525495 4.768908852213157e-05 18
1757637525584 0.031379224117489064 19
1757637525670 0.040590993514342005 20
1757637525767 0.5298893528665475 21
1757637525855 0.012139999404259387 22
1757637525945 0.0012997202374839475 23
1757637526031 0.0017583647203340926 24
1757637526119 0.2816248568669382 25
1757637526207 0.592550496821886 26
1757637526294 0.029121975208104906 27
1757637526381 0.03418579213268355 28
1757637526468 0.10785788012308008 29
1757637526555 0.4062217567338341 30
1757637526642 0.15520861242853795 31
1757637526729 0.029544092528961313 32
1757637526816 0.028008482965791115 33
1757637526902 0.011540156304363778 34
1757637526990 0.021953386825994632 35
1757637527078 0.011813159773043161 36
1757637527165 0.03136162296968643 37
1757637527271 0.5485108318164361 38
1757637527358 0.11066136645114762 39
1757637527447 0.07430242597221838 40
1757637527539 0.007251724247803694 41
1757637527626 0.15260799569652858 42
1757637527715 0.009462881103460712 43
1757637527802 0.027727487169762362 44
1757637527889 0.0757733289534626 45
1757637527976 0.2527044522301637 46
1757637528062 0.01572424004370697 47
1757637528148 0.0008197934028223259 48
1757637528237 0.267456585137766 49
1757637528326 0.7557888246827107 50
1757637528413 0.0654911784593876 51
1757637528501 0.028830187464708074 52
1757637528589 0.013730139246776669 53
1757637528677 4.7474477522117605e-05 54
1757637528766 0.00041569516960457653 55
1757637528853 0.06979252424266955 56
1757637528940 0.008217304995730704 57
1757637529030 0.015217816711115453 58
1757637529118 0.4178502292442229 59
1757637529207 0.018674369469094915 60
1757637529295 0.013732160175349317 61
1757637529383 0.45640223215853404 62
1757637529470 0.014130949356908768 63
1757637529564 0.0041384162505746416 64
1757637529652 0.27168215011362373 65
1757637529740 0.3417560455031557 66
1757637529829 0.19259435358824942 67
1757637529916 0.0902903201341845 68
1757637530005 0.00011947940714415454 69
1757637530092 0.25763517858446966 70
1757637530181 0.21051973965734155 71
1757637530297 0.007492539486547274 72
1757637530387 0.00034664118657651657 73
1757637530476 0.15737229120592688 74
1757637530563 0.21611063644293008 75
1757637530652 0.031383140934911326 76
1757637530738 0.11971859461712062 77
1757637530827 0.018684833818584917 78
1757637530916 0.19186983806951544 79
1757637531004 1.026839671521617 80
1757637531095 0.47321576644355956 81
1757637531187 0.03493571073003572 82
1757637531276 0.02260435794219558 83
1757637531374 0.09173777408092051 84
1757637531463 0.10815395499377506 85
1757637531556 0.13785534969299015 86
1757637531645 0.022575181740383223 87
1757637531735 0.06600980493044152 88
1757637531823 0.0012476663049952907 89
1757637531912 0.04488593753102165 90
1757637532001 0.010523894971401347 91
1757637532089 0.03023043526870323 92
1757637532182 0.011967447486475423 93
1757637532286 0.11752030173525715 94
1757637532376 0.24583551556991057 95
1757637532466 0.016819202705755643 96
1757637532556 0.10238248455506628 97
1757637532642 4.25670497052605e-05 98
1757637532730 0.213412378022977 99
1757637532820 0.007386688954531424 100
1757637532908 0.053987216187660565 101
1757637532998 0.036852809136211015 102
1757637533088 0.07304651906429567 103
1757637533176 0.0009274226802800002 104
1757637533266 0.009012325880473366 105
1757637533357 0.269447222642501 106
1757637533446 0.0021606176012492592 107
1757637533538 0.026814778757367874 108
1757637533632 0.0021519025272201775 109
1757637533720 0.0799270013895178 110
1757637533809 0.0006357554895938496 111
1757637533900 0.013279501233499733 112
1757637533990 0.32768034378576855 113
1757637534082 0.004850598813463785 114
1757637534190 0.05418604662112076 115
1757637534326 0.08263818804361725 116
1757637534417 0.02009153830275395 117
1757637534508 0.005247123438512434 118
1757637534602 0.054505137658872105 119
1757637534692 0.12612561590082585 120
1757637534782 0.0040328238575805635 121
1757637534874 0.04521220924858711 122
1757637534964 0.17213856654304768 123
1757637535053 0.34194092063760745 124
1757637535145 0.06712783725426141 125
1757637535235 1.8455464868757923e-06 126
1757637535324 0.18128478953005922 127
1757637535414 0.0011935629429614576 128
1757637535502 0.0002822523529462424 129
1757637535597 0.7557828906546894 130
1757637535688 3.4780979565185277e-07 131
1757637535778 0.35044049592310805 132
1757637535869 0.27185371318720425 133
1757637535958 0.06901693938607215 134
1757637536047 0.7106538815574837 135
1757637536138 0.15993569587124923 136
1757637536229 0.062404427985296565 137
1757637536319 0.02888997235896038 138
1757637536408 0.33096926332754284 139
1757637536498 0.042138457782046494 140
1757637536588 0.019264421218942212 141
1757637536677 0.037245787702530175 142
1757637536767 0.0370787916955222 143
1757637536857 0.012897293822865514 144
1757637536947 0.03988457711509961 145
1757637537038 0.0232344261209473 146
1757637537126 0.029629063893274236 147
1757637537226 0.023877663469160357 148
1757637537322 3.219786943091468e-05 149
1757637537412 0.0010895983608226636 150
1757637537502 0.053008545931574995 151
1757637537593 0.11639400135319818 152
1757637537689 0.005356756342555349 153
1757637537781 0.06207357366866511 154
1757637537873 0.003337476558029827 155
1757637537963 0.13499234120776024 156
1757637538053 0.00038312648508748355 157
1757637538143 0.005342327838231564 158
1757637538233 0.12593834060246342 159
1757637538325 0.005944014439710684 160
1757637538417 0.19594035133978163 161
1757637538507 0.26172832437823024 162
1757637538596 0.0005823652431988299 163
1757637538686 0.1075466149690777 164
1757637538776 0.0046536097028441106 165
1757637538868 0.4442294570872551 166
1757637538958 0.026636725393643985 167
1757637539049 0.055623564470872244 168
1757637539139 0.004001409679284657 169
1757637539229 0.00478011890455587 170
1757637539320 0.002123219749863346 171
1757637539411 0.007696870955053806 172
1757637539503 0.08555264397547961 173
1757637539599 0.27693746592481305 174
1757637539693 0.0761956664584495 175
1757637539784 0.003478579360600237 176
1757637539876 0.020791292380072195 177
1757637539967 0.0050005883546511455 178
1757637540062 0.0013601355458245632 179
1757637540154 0.1692241651903959 180
1757637540246 0.028392345062522424 181
1757637540337 0.2187777758097001 182
1757637540428 0.0035723897941871974 183
1757637540522 0.02588688507281067 184
1757637540612 0.029491919782857916 185
1757637540703 0.009033300598111796 186
1757637540794 0.0020838281401438356 187
1757637540884 0.014143501239846678 188
1757637540977 0.019976097205607835 189
1757637541068 0.040939044064645665 190
1757637541158 2.7421900507649646 191
1757637541249 0.1145671959948368 192
1757637541346 0.0014492978028969304 193
1757637541438 0.04716436546405463 194
1757637541530 0.22490396452003625 195
1757637541623 0.023120874572877367 196
1757637541797 0.007269082646883799 197
1757637541891 0.043811561477760434 198
1757637541984 0.010053019806048589 199
1757637542078 0.05606442523963236 200
1757637542170 0.038094834485626894 201
1757637542278 0.49301718602404027 202
1757637542371 0.00013876477478011283 203
1757637542462 0.08397819556472805 204
1757637542553 0.8729780170785604 205
1757637542646 0.027906986271736097 206
1757637542738 0.16420069914798918 207
1757637542828 0.645552904936795 208
1757637542919 0.44120890977679544 209
1757637543009 0.006490381567384628 210
1757637543098 0.001518035735018822 211
1757637543190 0.11706834536689942 212
1757637543283 0.01748430789580395 213
1757637543374 0.004678198330657678 214
1757637543465 0.1529093431534166 215
1757637543556 0.09483910396510295 216
1757637543648 0.03773010788723224 217
1757637543742 0.020926309125189446 218
1757637543839 0.017673776150818797 219
1757637543932 0.16614473415354053 220
1757637544024 0.0918370001956408 221
1757637544116 0.03361941390040263 222
1757637544208 0.1419270333781428 223
1757637544300 0.09302434082087915 224
1757637544391 0.0034695608204692893 225
1757637544486 0.00838690881832691 226
1757637544576 0.11599022442098417 227
1757637544668 0.002383650976636862 228
1757637544761 0.09023497592099691 229
1757637544852 0.017841111138346494 230
1757637544943 0.0002583682354985595 231
1757637545035 1.4932608786469069e-05 232
1757637545132 0.026534597326118046 233
1757637545225 0.047680946195547205 234
1757637545318 0.0032394364955968652 235
1757637545413 0.047709864934661506 236
1757637545505 0.011723837249249764 237
1757637545599 0.28099676299375453 238
1757637545689 0.0077283887838059786 239
1757637545792 0.0021310279789506044 240
1757637545893 0.009718944715870882 241
1757637545989 0.016030648813442686 242
1757637546081 0.006793059618617811 243
1757637546172 0.0002601588110235729 244
1757637546266 0.02176901848802337 245
1757637546360 0.03790300895485132 246
1757637546452 0.07057329177889644 247
1757637546545 0.10962500270412358 248
1757637546637 0.0578865360866666 249
1757637546730 0.0014276652661174365 250
1757637546824 0.013393582556975281 251
1757637546917 0.2669336326697526 252
1757637547008 0.018824436986822624 253
1757637547099 0.02573252411524618 254
1757637547198 0.03092131667208765 255
1757637547301 0.09140782246928641 256
1757637547394 0.013376576768383538 257
1757637547487 0.19996377556978293 258
1757637547578 0.21464179057791474 259
1757637547671 0.021847547481588514 260
1757637547763 0.004951544639919288 261
1757637547862 0.18815614079511464 262
1757637547959 0.0032655628282829445 263
1757637548051 0.25763186934877474 264
1757637548143 4.792320399801831e-05 265
1757637548237 0.40761780569231837 266
1757637548331 0.0005693435927458924 267
1757637548424 0.012066080366695172 268
1757637548517 0.39189768148453874 269
1757637548610 0.2865124862565411 270
1757637548702 0.021891319916253538 271
1757637548793 0.0009375919878854771 272
1757637548885 0.019367689409831176 273
1757637548978 0.3416441245047369 274
1757637549071 0.08947315208609208 275
1757637549163 0.011847733163405793 276
1757637549256 0.03544333142294731 277
1757637549348 0.0983816770699213 278
1757637549440 0.0008294019173668183 279
1757637549534 0.3730393218338976 280
1757637549628 0.20906947257997022 281
1757637549720 0.010348920088129092 282
1757637549813 0.09051498145745299 283
1757637549909 0.001382422981311883 284
1757637550005 0.2509433162423998 285
1757637550098 0.05221479116172988 286
1757637550190 0.032852943921077335 287
1757637550283 0.011875541120976326 288
1757637550376 0.0004401784675191219 289
1757637550468 0.42396166109531747 290
1757637550563 0.050597219567311405 291
1757637550655 0.2484106723005327 292
1757637550747 0.0009496826593833934 293
1757637550841 0.02748937350683674 294
1757637550933 0.0085180022171329 295
1757637551027 0.15777174917556439 296
1757637551122 0.4173096396817547 297
1757637551216 0.015746214419874643 298
1757637551309 0.0069351497212513 299
1757637551411 0.006698345461889575 300
1757637551505 0.005905548019367691 301
1757637551600 0.003158333455318902 302
1757637551694 0.007510296201173684 303
1757637551788 1.1454680229479182 304
1757637551884 0.0006813575473351612 305
1757637551982 0.003969613174561579 306
1757637552074 0.1546258810389372 307
1757637552170 0.014928355859136435 308
1757637552282 3.681503070357955e-07 309
1757637552379 0.005035061622097982 310
1757637552474 0.16727732261131842 311
1757637552567 0.454575811877966 312
1757637552662 0.003569708754566005 313
1757637552757 0.22593228268282659 314
1757637552852 0.34619450575165117 315
1757637552945 0.25624916115574686 316
1757637553038 0.0037304471893873517 317
1757637553130 0.04488143342371335 318
1757637553224 0.049924445274989106 319
1757637553319 0.13554881979240532 320
1757637553415 0.04131204165665776 321
1757637553510 0.004778635793506667 322
1757637553603 0.10517273487622193 323
1757637553698 0.020947112716520153 324
1757637553793 0.10792095202475384 325
1757637553888 0.07444566474687944 326
1757637553987 0.11033119893506306 327
1757637554081 0.5990261617938849 328
1757637554176 0.228319089372631 329
1757637554270 0.0820147328864314 330
1757637554364 0.01854552735847641 331
1757637554457 0.062044524358859286 332
1757637554552 0.01358755009125991 333
1757637554645 0.07637652226607158 334
1757637554740 0.015132342672858555 335
1757637554834 0.035516196354318325 336
1757637554928 0.03085776752773397 337
1757637555022 0.6727249571202479 338
1757637555116 0.22960679143238705 339
1757637555210 0.040809631337542306 340
1757637555304 0.14224594884860106 341
1757637555398 0.041582919173094 342
1757637555511 0.10722870145634802 343
1757637555611 0.011562598975513861 344
1757637555708 0.0016656549011100216 345
1757637555804 0.02714690243641071 346
1757637555899 0.0019101837465234255 347
1757637555998 0.016026842754683475 348
1757637556095 0.03897160231224275 349
1757637556190 0.08120781121336976 350
1757637556283 0.06338714942986585 351
1757637556381 0.007805127176384476 352
1757637556477 0.0927302241655725 353
1757637556571 0.03935224503420943 354
1757637556665 0.02596868956587464 355
1757637556760 0.0019574452961025877 356
1757637556855 0.23246234569549315 357
1757637556950 0.04477139176133325 358
1757637557045 0.0315839673304507 359
1757637557141 0.010095049590102361 360
1757637557247 0.41057634164023726 361
1757637557344 0.3427955863593752 362
1757637557440 0.000304908424304821 363
1757637557535 0.015280411537608526 364
1757637557630 0.04712585313992356 365
1757637557725 1.700425557652556e-06 366
1757637557819 0.0026787407195836463 367
1757637557913 0.038728202720435326 368
1757637558014 0.09660802578505871 369
1757637558110 0.10850111091078696 370
1757637558205 0.059784232413429464 371
1757637558300 0.001462897029673933 372
1757637558395 0.17250535932781672 373
1757637558492 0.032112429593839135 374
1757637558587 0.041399513689297014 375
1757637558683 0.0007489777875832759 376
1757637558777 0.07013127382655276 377
1757637558872 0.3220406714859175 378
1757637558967 0.08898775011689912 379
1757637559062 0.001757230227547688 380
1757637559159 0.002774829515204782 381
1757637559254 0.030472778226995872 382
1757637559349 0.03259290975864536 383
1757637559446 0.41046219591401834 384
1757637559541 0.8666562910448325 385
1757637559636 0.023055908208270352 386
1757637559781 0.04456262161028721 387
1757637559881 0.07281924217431747 388
1757637559978 0.002009171359665051 389
1757637560079 0.004110906296016388 390
1757637560174 0.04552285156503921 391
1757637560269 0.209660943137678 392
1757637560364 0.08988880076947142 393
1757637560459 0.02014761010887836 394
1757637560554 0.09121656406702058 395
1757637560650 0.01723536047474766 396
1757637560745 0.010996411877552048 397
1757637560840 0.055992517848836215 398
1757637560935 0.01294293067591761 399
1757637561030 0.09349880345875936 400
1757637561127 0.5582519009235986 401
1757637561224 0.02480879794101908 402
1757637561319 0.0323230483445635 403
1757637561425 0.42507062912615745 404
1757637561522 0.0012749112259930937 405
1757637561617 1.4881475584610075 406
1757637561713 0.29179589902331143 407
1757637561811 0.3845045041429752 408
1757637561905 0.002468549420083282 409
1757637562002 0.04117781331911848 410
1757637562102 0.03893216846198613 411
1757637562206 0.020160582596387606 412
1757637562313 0.11867314183922638 413
1757637562410 0.03408618343069695 414
1757637562505 0.0062579455954797445 415
1757637562601 0.16728504380285758 416
1757637562697 0.010005522882061956 417
1757637562793 4.832235058444194e-09 418
1757637562889 0.08047423451145455 419
1757637562984 0.11774236306264974 420
1757637563079 0.15650344880137554 421
1757637563173 0.35016466027403415 422
1757637563271 0.00891273794371621 423
1757637563371 0.024985076051493194 424
1757637563465 0.0013348662995540542 425
1757637563561 0.15004027028221684 426
1757637563656 0.11930884187813996 427
1757637563752 0.33534685947024745 428
1757637563849 0.16763928556690508 429
1757637563947 0.19912176543161142 430
1757637564043 0.03248918781127864 431
1757637564144 0.05206735442235305 432
1757637564240 0.07935670677408614 433
1757637564338 0.0001888605496212883 434
1757637564434 0.08839746031400471 435
1757637564529 0.014561456518558169 436
1757637564624 0.13713494025568776 437
1757637564720 0.29112613626112765 438
1757637564816 0.10787000905898776 439
1757637564913 0.36680820536399766 440
1757637565009 0.19389822612079843 441
1757637565105 0.0004468551141556704 442
1757637565202 2.823576724714579e-05 443
1757637565298 0.08055689988794519 444
1757637565396 0.07733179591112203 445
1757637565494 0.19898033442536767 446
1757637565590 0.004309927595790699 447
1757637565685 0.004086327094629099 448
1757637565782 0.0445330343529907 449
1757637565878 0.13554022447629646 450
1757637565974 0.03020324192551375 451
1757637566070 0.04434582750435052 452
1757637566171 0.0002082081551507219 453
1757637566267 0.27835522037979704 454
1757637566364 0.010934370287143062 455
1757637566464 0.04058292456586103 456
1757637566563 0.1408372621259196 457
1757637566664 0.04242645120213962 458
1757637566760 0.0023680653156341494 459
1757637566856 0.007793066740996816 460
1757637567016 0.0022446828963262402 461
1757637567125 0.0015446137235402932 462
1757637567233 7.8837435237935e-05 463
1757637567334 0.6840046352062726 464
1757637567430 0.21727676902878967 465
1757637567526 0.001997299059493573 466
1757637567697 0.08072419188557019 467
1757637567987 0.23418518906383412 468
1757637568092 0.0952224172468869 469
1757637568209 0.0041180809250409385 470
1757637568312 0.020026231818057107 471
1757637568410 0.005584313253137885 472
1757637568511 0.001235657067924735 473
1757637568610 0.29710330695273296 474
1757637568709 0.013089155504803324 475
1757637568808 0.04913727538467238 476
1757637568907 0.16524301210174294 477
1757637569008 0.14468520506127056 478
1757637569106 0.1353653156802879 479
1757637569205 0.2904764460178147 480
1757637569303 0.06470636989636777 481
1757637569402 0.040077287035920395 482
1757637569507 0.02293199924112743 483
1757637569605 0.06382939530006561 484
1757637569704 0.0922079128442685 485
1757637569802 0.2689961174995038 486
1757637569901 0.024304024256628032 487
1757637570000 0.052847618021672114 488
1757637570099 0.016839949298933087 489
1757637570203 0.31530733759598173 490
1757637570304 0.0819458157523082 491
1757637570405 0.08153290698477318 492
1757637570504 0.004674373934703039 493
1757637570601 0.7410377106826047 494
1757637570699 0.0003182485374124564 495
1757637570797 0.06543832587921829 496
1757637570896 0.04142524774729439 497
1757637570995 0.04742655499608641 498
1757637571094 0.046221634192730794 499
