1757635069878 167.13847991729554 0
1757635069926 163.79455972206875 1
1757635069979 157.5683176711219 2
1757635070064 148.97476802368993 3
1757635070134 138.54918159998167 4
1757635070181 126.81973237148377 5
1757635070228 114.28590320012904 6
1757635070271 101.4037415424316 7
1757635070320 88.57068095558795 8
1757635070493 76.12204983309782 9
1757635070549 64.32875189252422 10
1757635070595 53.39700166399164 11
1757635070640 43.47223804904498 12
1757635070694 34.64391870422051 13
1757635070742 26.951673420625273 14
1757635070804 20.393031694724172 15
1757635070852 14.930865574442324 16
1757635070900 10.500722919466648 17
1757635070947 7.017836450594573 18
1757635071011 4.383599046439202 19
1757635071058 2.491291080974294 20
1757635071106 1.231188736639789 21
1757635071157 0.49479411596205136 22
1757635071222 0.17832462632368756 23
1757635071270 0.18502356606718026 24
1757635071321 0.4272784433696213 25
1757635071371 0.8279295555940541 26
1757635071420 1.3204955521026895 27
1757635071466 1.8497262746013625 28
1757635071530 2.3713429691542247 29
1757635071593 2.850896011668799 30
1757635071641 3.2637161781040005 31
1757635071692 3.5937036339166903 32
1757635071740 3.832337163981266 33
1757635071791 3.9771339864831035 34
1757635071847 4.031024187204373 35
1757635071896 4.000914078698018 36
1757635071943 3.896551219517706 37
1757635071998 3.730010444888185 38
1757635072053 3.513491185956678 39
1757635072100 3.259502955867329 40
1757635072147 2.979858783811777 41
1757635072193 2.6856009100765976 42
1757635072241 2.3866112638584402 43
1757635072290 2.091503970298889 44
1757635072338 1.8075003245451655 45
1757635072386 1.540382679861848 46
1757635072435 1.294361334308348 47
1757635072488 1.072469535670537 48
1757635072543 0.8765865037619092 49
1757635072593 0.7072822186361318 50
1757635072642 0.5642841942094586 51
1757635072689 0.44665610781421644 52
1757635072737 0.3527353694330237 53
1757635072785 0.2798820727513564 54
1757635072839 0.22564861527196603 55
1757635072890 0.18749565200146032 56
1757635072939 0.16314098787464143 57
1757635072986 0.149711184341871 58
1757635073038 0.1447475735085369 59
1757635073091 0.14627316996993514 60
1757635073139 0.15248014927428963 61
1757635073188 0.16207621503158195 62
1757635073236 0.173555256708263 63
1757635073283 0.18568189744665767 64
1757635073332 0.1974692425280914 65
1757635073380 0.2082038284018315 66
1757635073428 0.2173018963903238 67
1757635073475 0.22416437260747576 68
1757635073526 0.22895515798955557 69
1757635073579 0.23150517581059962 70
1757635073627 0.2320057581401872 71
1757635073673 0.23063000971414763 72
1757635073722 0.22767437040656024 73
1757635073769 0.2233942102516128 74
1757635073817 0.21822025684721552 75
1757635073867 0.2120401254127178 76
1757635073919 0.2051330275822031 77
1757635073966 0.19780273204004076 78
1757635074022 0.19027322502210245 79
1757635074072 0.18290063366761414 80
1757635074126 0.17606812024851104 81
1757635074179 0.16968930991894665 82
1757635074232 0.16385923611544537 83
1757635074282 0.1586885462202601 84
1757635074331 0.15437929571827713 85
1757635074379 0.15091133127376544 86
1757635074426 0.14791246221772875 87
1757635074474 0.14534696657140328 88
1757635074522 0.14338523121353017 89
1757635074568 0.1419646255249231 90
1757635074621 0.14071569957893698 91
1757635074669 0.13959650671956483 92
1757635074724 0.13900110767791418 93
1757635074773 0.1386606397579368 94
1757635074822 0.13853594986014267 95
1757635074871 0.13863774284503433 96
1757635074947 0.1388017422520647 97
1757635074994 0.13907554644297226 98
1757635075043 0.1394194583069785 99
1757635075093 0.1399643434458487 100
1757635075147 0.14042663275596604 101
1757635075197 0.140792601501179 102
1757635075256 0.14108828280163163 103
1757635075306 0.14111375750004593 104
1757635075355 0.1409917771725437 105
1757635075406 0.14081815433966022 106
1757635075454 0.14071913788475915 107
1757635075520 0.14075427517054837 108
1757635075569 0.14093164252150223 109
1757635075622 0.14126075479769956 110
1757635075675 0.14148651260694042 111
1757635075726 0.14134385066003896 112
1757635075789 0.14082193523145883 113
1757635075840 0.14026514665046222 114
1757635075892 0.13984779250847093 115
1757635075944 0.1396774037363811 116
1757635075995 0.1397202014819875 117
1757635076069 0.139817477154379 118
1757635076121 0.14006979661832505 119
1757635076176 0.14022990063549426 120
1757635076226 0.14016922765559378 121
1757635076290 0.13991084160085634 122
1757635076341 0.13974245681752206 123
1757635076406 0.13969147871205553 124
1757635076454 0.1393335960096468 125
1757635076506 0.13906586841443613 126
1757635076572 0.13900872660819058 127
1757635076625 0.13890993148811062 128
1757635076678 0.13878792136049542 129
1757635076728 0.13888209632302942 130
1757635076778 0.13916272958895776 131
1757635076829 0.139466389536302 132
1757635076878 0.13940743310207393 133
1757635076929 0.13915770200731045 134
1757635076982 0.1390071647416694 135
1757635077033 0.13898866085258713 136
1757635077083 0.13895358917120065 137
1757635077134 0.13873916572991046 138
1757635077188 0.13858074592184996 139
1757635077238 0.13859869925176097 140
1757635077288 0.13879763425002775 141
1757635077339 0.13916241889547104 142
1757635077388 0.13960312802856248 143
1757635077440 0.14011339227284217 144
1757635077490 0.1400270326720243 145
1757635077541 0.13945760905760474 146
1757635077593 0.13896500653857247 147
1757635077646 0.13868838186808594 148
1757635077703 0.13861656496109914 149
1757635077753 0.1387368377994755 150
1757635077805 0.13895572091701938 151
1757635077857 0.13927009828019546 152
1757635077906 0.13963456003199218 153
1757635077957 0.13963757268385601 154
1757635078011 0.13944352947613253 155
1757635078062 0.13932073830716854 156
1757635078118 0.139258286542899 157
1757635078168 0.13938145670437999 158
1757635078225 0.13928672368915535 159
1757635078275 0.1392640234622785 160
1757635078326 0.139444614144515 161
1757635078376 0.1395614521319283 162
1757635078427 0.13950141407134417 163
1757635078477 0.13947344421152152 164
1757635078528 0.13922141112450384 165
1757635078578 0.139105431444115 166
1757635078631 0.1391887583177043 167
1757635078683 0.13944584300871574 168
1757635078740 0.13959338416828493 169
1757635078789 0.13951816115930954 170
1757635078839 0.13925219136397757 171
1757635078888 0.13897160892628713 172
1757635078943 0.13891464752623361 173
1757635078995 0.13908612014392677 174
1757635079048 0.13943931885040156 175
1757635079101 0.13941410415221034 176
1757635079151 0.1393060930668676 177
1757635079205 0.1393170750214005 178
1757635079260 0.1395214888037703 179
1757635079310 0.13964787704264905 180
1757635079361 0.13968245438863652 181
1757635079416 0.1392490840932593 182
1757635079467 0.13872818365312833 183
1757635079518 0.13830805906738777 184
1757635079569 0.1380522096051649 185
1757635079628 0.13805032876421935 186
1757635079681 0.13822378673886554 187
1757635079738 0.13827635075798622 188
1757635079789 0.1385145967247039 189
1757635079841 0.13884617245184433 190
1757635079895 0.13922257819530406 191
1757635079945 0.13976423867883714 192
1757635079997 0.14017578208416498 193
1757635080080 0.13992993315250254 194
1757635080141 0.13931044990905536 195
1757635080210 0.13898053956402695 196
1757635080322 0.13874303246703318 197
1757635080402 0.13874686927474653 198
1757635080459 0.13895367149174329 199
1757635080524 0.13917686393794798 200
1757635080579 0.13925714435095274 201
1757635080633 0.13924207432971436 202
1757635080687 0.13944483919456366 203
1757635080740 0.13956743325877907 204
1757635080798 0.13938421328864292 205
1757635080848 0.1392167017706633 206
1757635080903 0.13930258902111584 207
1757635080955 0.139438397753883 208
1757635081007 0.13942694225499935 209
1757635081059 0.13940885664235733 210
1757635081116 0.13941006436910786 211
1757635081167 0.13936584803739188 212
1757635081219 0.13934372131906883 213
1757635081273 0.1393842967568385 214
1757635081329 0.1392082971393851 215
1757635081380 0.1388943934403888 216
