1757640204718 155.1294823878466 0
1757640204780 153.31316858813096 1
1757640204842 142.78635039958166 2
1757640204904 142.18104369183484 3
1757640204971 135.08335416418157 4
1757640205036 131.15173406695587 5
1757640205106 126.43002147917463 6
1757640205173 123.89127810176406 7
1757640205230 116.09247850914929 8
1757640205286 117.71276905634814 9
1757640205343 108.78628443959111 10
1757640205401 107.89839975960795 11
1757640205467 103.9191293549693 12
1757640205529 104.8240673857494 13
1757640205589 96.25052373304237 14
1757640205649 93.6995087727036 15
1757640205725 90.8688310256776 16
1757640205796 84.91799697810578 17
1757640206372 81.73325701481859 18
1757640206527 80.27065620224671 19
1757640206597 77.80320249330333 20
1757640206658 75.89776442850005 21
1757640206719 71.43863398354394 22
1757640206777 71.64848538602439 23
1757640206835 66.16185512742818 24
1757640206893 63.73798212414316 25
1757640206951 65.166175597445 26
1757640207006 61.43709450003082 27
1757640207060 59.26756805789824 28
1757640207113 55.992357053754816 29
1757640207167 56.531015881294806 30
1757640207231 52.892322134845614 31
1757640207299 52.14815737081306 32
1757640207356 48.895787804564684 33
1757640207412 48.261622077908115 34
1757640207464 48.585063338316075 35
1757640207516 43.85046801350678 36
1757640207569 43.397832797884355 37
1757640207620 43.56537149305704 38
1757640207672 41.80175806620672 39
1757640207724 39.943529364424116 40
1757640207791 38.317555836653604 41
1757640207850 37.88683705570563 42
1757640207903 34.7694858381728 43
1757640207955 33.840244867481424 44
1757640208007 32.53300116303646 45
1757640208060 31.37156245613491 46
1757640208113 28.793382652421915 47
1757640208165 30.000587264019643 48
1757640208217 29.961621789958045 49
1757640208270 28.188645318644063 50
1757640208322 26.546159172617916 51
1757640208374 25.585819277103685 52
1757640208425 24.01144779360848 53
1757640208477 25.36458981526784 54
1757640208535 22.43907656111308 55
1757640208588 22.693356597256077 56
1757640208641 21.888083477598272 57
1757640208693 19.98773741001149 58
1757640208745 20.419125723301228 59
1757640208797 18.943148036147438 60
1757640208850 18.482792490320374 61
1757640208902 18.681573731156607 62
1757640208956 17.919614606892114 63
1757640209007 17.407066138572432 64
1757640209058 16.617833228438442 65
1757640209109 15.647232050580007 66
1757640209167 15.358928533556691 67
1757640209220 14.714295337543012 68
1757640209270 14.995928371107206 69
1757640209323 14.776386087720258 70
1757640209379 13.885501457364175 71
1757640209429 12.418925594743273 72
1757640209481 12.697993114241692 73
1757640209533 12.24602375211998 74
1757640209594 12.12889253550141 75
1757640209653 12.1898666477708 76
1757640209704 11.276277814810605 77
1757640209756 10.507453736620054 78
1757640209807 10.705293223464423 79
1757640209858 10.20309268348472 80
1757640209910 9.40566853722769 81
1757640209959 9.304726879390433 82
1757640210012 9.002463373274887 83
1757640210064 8.429006061994983 84
1757640210116 8.689685877168106 85
1757640210166 7.940128186348789 86
1757640210217 8.01595271892628 87
1757640210268 7.374444007264536 88
1757640210319 7.772036005723046 89
1757640210371 7.076418308085202 90
1757640210424 7.0623353258684345 91
1757640210474 6.689911435723212 92
1757640210524 6.537978447913562 93
1757640210584 6.3196873590732165 94
1757640210638 6.466760182278341 95
1757640210691 6.019297976135461 96
1757640210743 5.5297572123171745 97
1757640210795 5.464860137595902 98
1757640210848 5.586647898756531 99
1757640210899 5.279318231232446 100
1757640210951 4.699298687428018 101
1757640211002 4.543194725973394 102
1757640211052 4.963123489504684 103
1757640211103 3.649920364764162 104
1757640211156 4.378190042706059 105
1757640211207 4.129937053317129 106
1757640211260 3.7524518180195616 107
1757640211312 3.944870768889544 108
1757640211363 3.8148416524063684 109
1757640211415 3.637949089259171 110
1757640211467 3.553291671906625 111
1757640211518 3.192730953132346 112
1757640211571 3.107603527782404 113
1757640211626 3.082326199842182 114
1757640211696 3.188538218814992 115
1757640211749 2.888951414445852 116
1757640211803 2.778171104422193 117
1757640211860 3.2575986330634703 118
1757640211914 2.8334991840697756 119
1757640211968 2.597572292340618 120
1757640212022 2.1865972354598977 121
1757640212073 2.1578845636910726 122
1757640212124 2.2988091548022935 123
1757640212180 2.4289843184471245 124
1757640212232 2.1429007802051 125
1757640212299 2.427145577941644 126
1757640212354 2.284964349128652 127
1757640212409 1.840141519816414 128
1757640212463 2.0024135274216905 129
1757640212515 2.2245654336489715 130
1757640212567 1.8033627573563897 131
1757640212627 1.790268425293536 132
1757640212685 1.6017760895853994 133
1757640212742 1.5840670739756844 134
1757640212810 1.7672251784114135 135
1757640212867 1.4867514543713554 136
1757640212923 1.5996136812386943 137
1757640212977 1.373314742275356 138
1757640213032 1.3777917696346111 139
1757640213086 1.6021115393263126 140
1757640213140 1.3228264528985698 141
1757640213192 1.2166183710377483 142
1757640213246 1.4303047941721845 143
1757640213299 1.0537133706365704 144
1757640213352 1.2874809426060854 145
1757640213405 0.9751835721639147 146
1757640213458 1.1357476884889266 147
1757640213510 1.0108175586570176 148
1757640213563 1.1254702431322474 149
1757640213615 1.0780738143485247 150
1757640213668 1.386525831350951 151
1757640213721 1.065958472472294 152
1757640213775 0.6942269820772048 153
1757640213829 0.8161310369841502 154
1757640213882 0.8375288467589813 155
1757640213939 0.8662391452202709 156
1757640213994 0.7140113458076157 157
1757640214049 0.8936487157796501 158
1757640214103 0.6742407145960344 159
1757640214156 0.7853786924560601 160
1757640214210 0.8569852374390656 161
1757640214266 0.6406375725139926 162
1757640214322 0.6913307836992972 163
1757640214377 0.7388053535744631 164
1757640214431 0.5696154968033542 165
1757640214484 0.5683556631318976 166
1757640214537 0.6111879377397855 167
1757640214590 0.6842664849338019 168
1757640214650 0.4867082977691811 169
1757640214704 0.613993219245472 170
1757640214758 0.5096291090226173 171
1757640214815 0.46153566881505403 172
1757640214877 0.4861251075382905 173
1757640214938 0.5559946267912066 174
1757640215004 0.5601731277608442 175
1757640215059 0.46514549107528 176
1757640215115 0.44545847415082607 177
1757640215171 0.4850498627566516 178
1757640215232 0.42510117788884977 179
1757640215286 0.5257315354868435 180
1757640215340 0.4197769781164522 181
1757640215395 0.30022670185434247 182
1757640215449 0.2225169046315789 183
1757640215503 0.4412204015679064 184
1757640215556 0.34294484777331413 185
1757640215611 0.38793127306447456 186
1757640215665 0.33755626324950966 187
1757640215718 0.3416518536190866 188
1757640215772 0.2994369898012092 189
1757640215825 0.30675437879935236 190
1757640215880 0.3148891274865465 191
1757640215934 0.29683762693700644 192
1757640215990 0.31947884359372336 193
1757640216043 0.21898309849905515 194
1757640216096 0.26837127318688536 195
1757640216149 0.32184129358257735 196
1757640216204 0.27089191395696205 197
1757640216257 0.2995637158831599 198
1757640216310 0.24048415446691043 199
1757640216365 0.3421386850109698 200
1757640216420 0.17752394422902412 201
1757640216474 0.2917723853172219 202
1757640216528 0.3133518855339079 203
1757640216582 0.35037969144798004 204
1757640216635 0.2062542620915463 205
1757640216703 0.19133765391942803 206
1757640216759 0.4119858780443575 207
1757640216813 0.22680727494472291 208
1757640216869 0.25831473440899194 209
1757640216924 0.19704881907908217 210
1757640216979 0.3107755273304914 211
1757640217035 0.15514549136323416 212
1757640217090 0.21126383095900833 213
1757640217148 0.16691032414229315 214
1757640217214 0.26773081639446356 215
1757640217283 0.1867357574085902 216
1757640217345 0.2106225945913678 217
1757640217404 0.16006865818876898 218
1757640217476 0.2638794737220762 219
1757640217789 0.22045027540868337 220
1757640217901 0.2872618742031187 221
1757640217979 0.2028245423907795 222
1757640218049 0.13323312767752057 223
1757640218116 0.13838699656704453 224
1757640218191 0.131534542465799 225
1757640218253 0.15498656733555322 226
1757640218315 0.18995068073935542 227
1757640218381 0.26207528577598455 228
1757640218452 0.22591170140722203 229
1757640218519 0.1703288148630645 230
1757640218599 0.13848423289804287 231
1757640218695 0.1909271783471318 232
1757640218797 0.17619839332086862 233
1757640218870 0.18131360386803871 234
1757640218949 0.19281268074441568 235
1757640219019 0.12921822567213 236
1757640219088 0.08095941064741123 237
1757640219153 0.12812815822416335 238
1757640219215 0.18608184598220967 239
1757640219279 0.18547487887490635 240
1757640219341 0.1291069669416412 241
1757640219406 0.09739960263474622 242
1757640219465 0.22875870684000343 243
1757640219526 0.12807545670400777 244
1757640219586 0.14487934804193153 245
1757640219645 0.19803997526924036 246
1757640219705 0.20802986884321056 247
1757640219766 0.17054700659382346 248
1757640219826 0.17927001219137711 249
1757640219886 0.13283048564322822 250
1757640219946 0.17256164511722716 251
1757640220006 0.1914605765658773 252
1757640220067 0.12156470760310809 253
1757640220131 0.0991189315799141 254
1757640220193 0.14795513538788976 255
1757640220254 0.12921720817015403 256
1757640220316 0.16931902851876773 257
1757640220376 0.136158351909034 258
1757640220435 0.15340591006475063 259
1757640220495 0.1455395708361029 260
1757640220555 0.13528948176289252 261
1757640220615 0.11473648093450156 262
1757640220674 0.1894575994826913 263
1757640220732 0.09462685436315203 264
1757640220802 0.2432097803753312 265
1757640220864 0.1123773194898319 266
1757640220924 0.09431064935418261 267
1757640220985 0.1259753202906227 268
1757640221047 0.16796924102945193 269
1757640221106 0.13359761516762775 270
1757640221166 0.15144321068232008 271
1757640221226 0.18705344448612843 272
1757640221285 0.09918437185113499 273
1757640221345 0.10712585327655696 274
1757640221406 0.1915823981708545 275
1757640221465 0.10887086128480475 276
1757640221523 0.1211586674096637 277
1757640221583 0.09005537776080261 278
1757640221644 0.1502555944596412 279
1757640221703 0.10203946996750247 280
1757640221765 0.16656820533647942 281
1757640221826 0.17413505464045692 282
1757640221886 0.13416689303105436 283
1757640221946 0.10996404516846008 284
1757640222008 0.10264327107051904 285
1757640222067 0.14989040013247598 286
1757640222128 0.0909232286077958 287
1757640222190 0.12598117037130882 288
1757640222255 0.17092739876710258 289
1757640222356 0.12226218074698449 290
1757640222417 0.16108084285065796 291
1757640222477 0.11850829310455264 292
1757640222540 0.11703272333110998 293
1757640222603 0.15636008371367346 294
1757640222664 0.13090159930244916 295
1757640222726 0.15170871412901682 296
1757640222807 0.1821455893427677 297
1757640222885 0.16091519990631237 298
1757640222950 0.08949900542233692 299
1757640223015 0.10962330410461177 300
1757640223079 0.17405593796281382 301
1757640223139 0.13977479227270811 302
1757640223200 0.15792935115907764 303
1757640223272 0.13824020890085287 304
1757640223340 0.19419268062034117 305
1757640223402 0.1320558875479272 306
1757640223465 0.17189249981462545 307
1757640223529 0.18442280119514046 308
1757640223591 0.10366343261153542 309
1757640223653 0.16580729991420612 310
1757640223718 0.12809282190693527 311
1757640223781 0.09532719798912401 312
1757640223844 0.11637305453853611 313
1757640223906 0.09931109531269824 314
1757640223968 0.09797519848146866 315
1757640224028 0.21901946031961494 316
1757640224091 0.11923727909014574 317
1757640224152 0.11731892354786456 318
1757640224212 0.11380510675481034 319
1757640224274 0.10132851677807064 320
1757640224338 0.10772309267580209 321
1757640224399 0.1429381719912167 322
1757640224461 0.06777470035336823 323
1757640224523 0.12459215154469566 324
1757640224586 0.12125922244426868 325
1757640224650 0.1677678663686148 326
1757640224711 0.13179670956370282 327
1757640224772 0.09965968640550019 328
1757640224836 0.11321064665583849 329
1757640224904 0.08667873784048337 330
1757640224967 0.1311146532515185 331
1757640225028 0.1206575620035327 332
1757640225091 0.09107642051626406 333
1757640225152 0.1177387369697903 334
1757640225214 0.08825674075921207 335
1757640225274 0.13044773622671824 336
1757640225335 0.08210436037737785 337
1757640225397 0.12377320094361345 338
1757640225459 0.136859097245574 339
1757640225526 0.10471942600090367 340
1757640225590 0.13312266503971448 341
1757640225652 0.13500712505518822 342
1757640225747 0.17547482514068605 343
1757640225812 0.12109492007049778 344
1757640225878 0.20298845919137512 345
1757640225940 0.10242933659656792 346
1757640226006 0.09087855885182984 347
1757640226071 0.1444930960838135 348
1757640226133 0.08962777958894781 349
1757640226196 0.11197430812873724 350
1757640226257 0.11173014364150904 351
1757640226320 0.16593169575881153 352
1757640226385 0.10076117783305295 353
1757640226447 0.117985057145412 354
1757640226507 0.11121910696584954 355
1757640226568 0.09020652623508435 356
1757640226638 0.14582857098768665 357
1757640226701 0.09718978043495924 358
1757640226763 0.07946354595416481 359
1757640226824 0.09064457179718649 360
1757640226887 0.0810111450815449 361
1757640226958 0.16836088019448364 362
1757640227020 0.06011954943075456 363
1757640227083 0.16347235841167299 364
1757640227146 0.0909313149525342 365
1757640227209 0.06269707259674387 366
1757640227271 0.09292791058288664 367
1757640227334 0.12402367270996059 368
1757640227413 0.11682412466297443 369
1757640227484 0.09973694267387571 370
1757640227549 0.11527957031128486 371
1757640227612 0.10325244650572268 372
1757640227675 0.10449298656915992 373
1757640227739 0.11293826969556298 374
1757640227824 0.12365184772780774 375
1757640227892 0.19403653676360538 376
1757640227957 0.12207557611621475 377
1757640228023 0.1464471443423863 378
1757640228093 0.15764981688289398 379
1757640228161 0.13886665537213513 380
1757640228224 0.17240420349862245 381
1757640228288 0.14790688695934964 382
1757640228352 0.16655809763387389 383
1757640228415 0.10931344700058589 384
1757640228478 0.19341913789319715 385
1757640228540 0.08544720647574107 386
1757640228604 0.08525591563158982 387
1757640228668 0.09418099370477669 388
1757640228730 0.1015212078586914 389
1757640228795 0.1451632515125351 390
1757640228861 0.10212725038131854 391
1757640228928 0.0828581302636207 392
1757640228997 0.1499611824773693 393
1757640229061 0.17370548887308584 394
1757640229125 0.16797833290964037 395
1757640229189 0.08990436797507331 396
1757640229252 0.10217181586464084 397
1757640229315 0.10824420031485912 398
1757640229388 0.08801907450765895 399
1757640229452 0.09362756065095831 400
1757640229518 0.22322281754548318 401
1757640229589 0.08682880566299603 402
1757640229658 0.11353901355697098 403
1757640229723 0.0770941683581574 404
1757640229789 0.11473089058242258 405
1757640229854 0.1562010087784091 406
1757640229917 0.06818052737842498 407
1757640229980 0.08393306413638107 408
1757640230045 0.11460103746174503 409
1757640230109 0.08914704426988025 410
1757640230175 0.16604185694620216 411
1757640230361 0.16005848890589847 412
1757640230472 0.17995768377213078 413
1757640230537 0.11389798490322951 414
1757640230601 0.1060092122759285 415
1757640230666 0.1209502740339841 416
1757640230729 0.1582792298976331 417
1757640230794 0.09990882869218419 418
1757640230860 0.0860534029588577 419
1757640230923 0.08779500409155552 420
1757640230995 0.1347702824434861 421
1757640231060 0.1252191474137573 422
1757640231123 0.09519767141557327 423
1757640231188 0.1388188823688266 424
1757640231253 0.12661742130763115 425
1757640231317 0.16120639337803397 426
1757640231382 0.1374428488752893 427
1757640231448 0.07819236219909037 428
1757640231512 0.10140485844127009 429
1757640231576 0.1184174993355925 430
