1757640896834 169.35337134490703 0
1757640896902 169.319153427092 1
1757640896982 169.28494254737083 2
1757640897056 169.25073870423782 3
1757640897126 169.21654189618752 4
1757640897205 169.18235212171484 5
1757640897278 169.14816937931514 6
1757640897366 169.11399366748404 7
1757640897428 169.07982498471753 8
1757640897489 169.0456633295119 9
1757640897550 169.01150870036403 10
1757640897614 168.9773610957708 11
1757640897681 168.9432205142297 12
1757640897748 168.90908695423843 13
1757640897813 168.8749604142951 14
1757640897902 168.84084089289817 15
1757640897980 168.80672838854645 16
1757640898065 168.77262289973913 17
1757640898144 168.73852442497565 18
1757640898860 168.70443296275587 19
1757640899079 168.67034851158004 20
1757640899147 168.6362710699487 21
1757640899215 168.60220063636268 22
1757640899279 168.56813720932334 23
1757640899340 168.53408078733224 24
1757640899403 168.5000313688913 25
1757640899467 168.46598895250287 26
1757640899524 168.4319535366696 27
1757640899725 168.3979251198944 28
1757640899815 168.36390370068074 29
1757640899881 168.32988927753226 30
1757640899944 168.29588184895297 31
1757640900004 168.2618814134474 32
1757640900067 168.22788796952014 33
1757640900126 168.19390151567634 34
1757640900184 168.15992205042147 35
1757640900242 168.1259495722613 36
1757640900306 168.09198407970197 37
1757640900386 168.05802557124994 38
1757640900447 168.02407404541208 39
1757640900504 167.99012950069556 40
1757640900579 167.9561919356079 41
1757640900637 167.92226134865703 42
1757640900693 167.8883377383511 43
1757640900747 167.85442110319875 44
1757640900801 167.82051144170882 45
1757640900855 167.7866087523907 46
1757640900910 167.75271303375385 47
1757640900963 167.71882428430837 48
1757640901014 167.68494250256455 49
1757640901082 167.651067687033 50
1757640901151 167.61719983622473 51
1757640901204 167.5833389486511 52
1757640901256 167.54948502282383 53
1757640901308 167.5156380572549 54
1757640901359 167.48179805045683 55
1757640901410 167.44796500094225 56
1757640901462 167.4141389072243 57
1757640901514 167.38031976781633 58
1757640901565 167.34650758123223 59
1757640901618 167.31270234598603 60
1757640901670 167.27890406059225 61
1757640901729 167.24511272356568 62
1757640901782 167.2113283334215 63
1757640901835 167.17755088867526 64
1757640901889 167.14378038784272 65
1757640901940 167.11001682944013 66
1757640901994 167.07626021198402 67
1757640902046 167.0425105339913 68
1757640902098 167.0087677939792 69
1757640902149 166.97503199046523 70
1757640902202 166.94130312196745 71
1757640902254 166.90758118700404 72
1757640902307 166.87386618409357 73
1757640902361 166.84015811175513 74
1757640902414 166.80645696850792 75
1757640902481 166.77276275287164 76
1757640902554 166.73907546336625 77
1757640902610 166.70539509851213 78
1757640902662 166.6717216568299 79
1757640902714 166.63805513684065 80
1757640902768 166.60439553706573 81
1757640902821 166.5707428560268 82
1757640902905 166.53709709224603 83
1757640902966 166.5034582442457 84
1757640903024 166.46982631054865 85
1757640903079 166.43620128967794 86
1757640903131 166.402583180157 87
1757640903192 166.3689719805096 88
1757640903245 166.33536768925987 89
1757640903298 166.30177030493223 90
1757640903355 166.26817982605158 91
1757640903408 166.234596251143 92
1757640903461 166.20101957873197 93
1757640903517 166.16744980734444 94
1757640903571 166.13388693550644 95
1757640903624 166.10033096174453 96
1757640903676 166.06678188458568 97
1757640903728 166.03323970255693 98
1757640903780 165.999704414186 99
1757640903834 165.96617601800062 100
1757640903887 165.93265451252915 101
1757640903940 165.8991398963001 102
1757640904000 165.86563216784242 103
1757640904052 165.8321313256854 104
1757640904109 165.79863736835853 105
1757640904162 165.76515029439184 106
1757640904214 165.73167010231558 107
1757640904267 165.69819679066043 108
1757640904319 165.66473035795732 109
1757640904374 165.63127080273753 110
1757640904427 165.5978181235328 111
1757640904480 165.56437231887503 112
1757640904534 165.53093338729656 113
1757640904587 165.49750132733016 114
1757640904641 165.46407613750875 115
1757640904695 165.43065781636574 116
1757640904749 165.39724636243477 117
1757640904802 165.36384177424998 118
1757640904856 165.33044405034562 119
1757640904908 165.2970531892565 120
1757640904961 165.26366918951766 121
1757640905013 165.23029204966446 122
1757640905067 165.19692176823267 123
1757640905120 165.1635583437584 124
1757640905173 165.13020177477804 125
1757640905233 165.09685205982834 126
1757640905287 165.06350919744642 127
1757640905341 165.0301731861697 128
1757640905394 164.99684402453602 129
1757640905447 164.96352171108342 130
1757640905500 164.9302062443504 131
1757640905552 164.89689762287574 132
1757640905605 164.86359584519857 133
1757640905656 164.83030090985838 134
1757640905710 164.79701281539505 135
1757640905776 164.76373156034862 136
1757640905831 164.73045714325963 137
1757640905889 164.6971895626689 138
1757640905943 164.6639288171177 139
1757640905997 164.63067490514737 140
1757640906050 164.59742782529992 141
1757640906104 164.5641875761174 142
1757640906158 164.53095415614246 143
1757640906211 164.49772756391783 144
1757640906266 164.46450779798684 145
1757640906320 164.43129485689295 146
1757640906374 164.3980887391801 147
1757640906427 164.36488944339243 148
1757640906481 164.3316969680745 149
1757640906533 164.2985113117713 150
1757640906586 164.26533247302794 151
1757640906640 164.23216045039007 152
1757640906692 164.1989952424035 153
1757640906745 164.1658368476146 154
1757640906798 164.13268526456986 155
1757640906851 164.0995404918162 156
1757640906906 164.0664025279009 157
1757640906960 164.03327137137154 158
1757640907050 164.00014702077598 159
1757640907107 163.9670294746626 160
1757640907163 163.93391873157995 161
1757640907219 163.90081479007696 162
1757640907277 163.86771764870286 163
1757640907331 163.83462730600735 164
1757640907388 163.80154376054034 165
1757640907443 163.76846701085208 166
1757640907498 163.7353970554932 167
1757640907552 163.7023338930147 168
1757640907607 163.66927752196779 169
1757640907661 163.6362279409042 170
1757640907715 163.60318514837576 171
1757640907770 163.5701491429349 172
1757640907826 163.53711992313416 173
1757640907895 163.5040974875266 174
1757640907953 163.47108183466543 175
1757640908009 163.43807296310428 176
1757640908064 163.4050708713972 177
1757640908120 163.37207555809852 178
1757640908175 163.33908702176277 179
1757640908229 163.30610526094506 180
1757640908283 163.27313027420058 181
1757640908339 163.24016206008505 182
1757640908394 163.20720061715448 183
1757640908449 163.17424594396513 184
1757640908504 163.14129803907366 185
1757640908559 163.10835690103713 186
1757640908614 163.0754225284128 187
1757640908669 163.0424949197583 188
1757640908723 163.00957407363168 189
1757640908778 162.9766599885912 190
1757640908832 162.9437526631956 191
1757640908886 162.91085209600382 192
1757640908943 162.8779582855752 193
1757640908997 162.8450712304694 194
1757640909049 162.81219092924638 195
1757640909104 162.77931738046652 196
1757640909159 162.74645058269047 197
1757640909213 162.71359053447918 198
1757640909274 162.68073723439403 199
1757640909331 162.64789068099665 200
1757640909386 162.61505087284908 201
1757640909441 162.58221780851358 202
1757640909496 162.54939148655285 203
1757640909551 162.51657190552984 204
1757640909604 162.48375906400796 205
1757640909661 162.45095296055075 206
1757640909716 162.4181535937223 207
1757640909771 162.3853609620869 208
1757640909825 162.3525750642092 209
1757640909880 162.3197958986542 210
1757640909934 162.28702346398717 211
1757640909989 162.2542577587738 212
1757640910045 162.2214987815801 213
1757640910098 162.18874653097234 214
1757640910154 162.15600100551714 215
1757640910209 162.12326220378156 216
1757640910264 162.09053012433287 217
1757640910318 162.05780476573875 218
1757640910373 162.0250861265671 219
1757640910428 161.99237420538626 220
1757640910482 161.95966900076485 221
1757640910536 161.92697051127183 222
1757640910591 161.89427873547658 223
1757640910646 161.86159367194864 224
1757640910700 161.828915319258 225
1757640910756 161.79624367597498 226
1757640910811 161.7635787406701 227
1757640910866 161.73092051191446 228
1757640910921 161.69826898827924 229
1757640910976 161.66562416833605 230
1757640911032 161.63298605065694 231
1757640911087 161.60035463381405 232
1757640911142 161.56772991638002 233
1757640911196 161.53511189692784 234
1757640911250 161.5025005740307 235
1757640911311 161.46989594626228 236
1757640911369 161.4372980121964 237
1757640911426 161.40470677040742 238
1757640911481 161.37212221946984 239
1757640911539 161.33954435795863 240
1757640911593 161.306973184449 241
1757640911649 161.27440869751652 242
1757640911706 161.2418508957371 243
1757640911767 161.209299777687 244
1757640911824 161.17675534194268 245
1757640911878 161.14421758708113 246
1757640911935 161.11168651167955 247
1757640911993 161.07916211431547 248
1757640912048 161.04664439356677 249
1757640912104 161.01413334801163 250
1757640912159 160.9816289762286 251
1757640912217 160.94913127679652 252
1757640912273 160.91664024829464 253
1757640912329 160.8841558893024 254
1757640912384 160.85167819839967 255
1757640912443 160.81920717416668 256
1757640912523 160.78674281518386 257
1757640912581 160.75428512003208 258
1757640912639 160.72183408729245 259
1757640912695 160.68938971554655 260
1757640912752 160.65695200337606 261
1757640912808 160.62452094936324 262
1757640912875 160.59209655209048 263
1757640912939 160.5596788101406 264
1757640912996 160.52726772209672 265
1757640913054 160.49486328654237 266
1757640913111 160.46246550206118 267
1757640913168 160.43007436723738 268
1757640913228 160.3976898806553 269
1757640913285 160.36531204089974 270
1757640913346 160.33294084655586 271
1757640913405 160.30057629620896 272
1757640913463 160.26821838844484 273
1757640913520 160.2358671218495 274
1757640913577 160.20352249500945 275
1757640913635 160.17118450651128 276
1757640913693 160.13885315494213 277
1757640913750 160.10652843888928 278
1757640913807 160.07421035694054 279
1757640913863 160.04189890768382 280
1757640913921 160.0095940897075 281
1757640913980 159.9772959016003 282
1757640914036 159.94500434195118 283
1757640914090 159.9127194093495 284
1757640914147 159.88044110238488 285
1757640914205 159.8481694196473 286
1757640914261 159.81590435972703 287
1757640914317 159.78364592121474 288
1757640914375 159.75139410270143 289
1757640914430 159.71914890277824 290
1757640914487 159.68691032003693 291
1757640914544 159.65467835306927 292
1757640914599 159.62245300046766 293
1757640914655 159.59023426082456 294
1757640914712 159.55802213273296 295
1757640914768 159.52581661478604 296
1757640914830 159.49361770557735 297
1757640914887 159.4614254037008 298
1757640914943 159.42923970775053 299
1757640915000 159.39706061632108 300
1757640915059 159.36488812800735 301
1757640915116 159.33272224140447 302
1757640915172 159.30056295510792 303
1757640915228 159.2684102677136 304
1757640915286 159.23626417781756 305
1757640915343 159.2041246840163 306
1757640915406 159.17199178490665 307
1757640915465 159.13986547908564 308
1757640915522 159.1077457651508 309
1757640915580 159.07563264169985 310
1757640915637 159.04352610733088 311
1757640915693 159.0114261606423 312
1757640915749 158.9793328002328 313
1757640915806 158.94724602470149 314
1757640915864 158.91516583264774 315
1757640915923 158.88309222267122 316
1757640915979 158.85102519337198 317
1757640916037 158.81896474335034 318
1757640916093 158.78691087120703 319
1757640916150 158.75486357554297 320
1757640916207 158.7228228549595 321
1757640916263 158.69078870805822 322
1757640916319 158.65876113344115 323
1757640916376 158.62674012971056 324
1757640916433 158.594725695469 325
1757640916491 158.56271782931944 326
1757640916548 158.53071652986512 327
1757640916605 158.4987217957096 328
1757640916662 158.46673362545675 329
1757640916719 158.43475201771082 330
1757640916777 158.40277697107635 331
1757640916832 158.37080848415815 332
1757640916889 158.33884655556142 333
1757640916947 158.3068911838916 334
1757640917005 158.27494236775456 335
1757640917062 158.24300010575652 336
1757640917119 158.2110643965038 337
1757640917177 158.17913523860327 338
1757640917234 158.14721263066198 339
1757640917292 158.11529657128736 340
1757640917350 158.0833870590872 341
1757640917410 158.05148409266948 342
1757640917472 158.0195876706427 343
1757640917531 157.98769779161546 344
1757640917590 157.95581445419685 345
1757640917651 157.92393765699617 346
1757640917709 157.8920673986231 347
1757640917767 157.86020367768765 348
1757640917824 157.82834649280016 349
1757640917897 157.79649584257112 350
1757640917957 157.7646517256116 351
1757640918019 157.73281414053284 352
1757640918078 157.70098308594635 353
1757640918137 157.66915856046418 354
1757640918196 157.63734056269845 355
1757640918255 157.60552909126167 356
1757640918314 157.5737241447668 357
1757640918373 157.541925721827 358
1757640918433 157.5101338210557 359
1757640918491 157.47834844106677 360
1757640918549 157.4465695804744 361
1757640918608 157.41479723789297 362
1757640918665 157.38303141193728 363
1757640918723 157.3512721012224 364
1757640918782 157.31951930436384 365
1757640918839 157.28777301997727 366
1757640918897 157.25603324667867 367
1757640918957 157.2242999830845 368
1757640919015 157.19257322781144 369
1757640919072 157.1608529794765 370
1757640919131 157.12913923669697 371
1757640919190 157.09743199809049 372
1757640919248 157.06573126227505 373
1757640919306 157.03403702786892 374
1757640919365 157.0023492934907 375
1757640919423 156.97066805775933 376
1757640919487 156.93899331929396 377
1757640919546 156.90732507671422 378
1757640919605 156.8756633286399 379
1757640919663 156.84400807369127 380
1757640919723 156.81235931048874 381
1757640919781 156.7807170376532 382
1757640919839 156.74908125380577 383
1757640919898 156.7174519575679 384
1757640919957 156.68582914756135 385
1757640920015 156.65421282240817 386
1757640920073 156.62260298073085 387
1757640920131 156.590999621152 388
1757640920188 156.5594027422948 389
1757640920256 156.52781234278245 390
1757640920318 156.49622842123873 391
1757640920378 156.46465097628754 392
1757640920438 156.43308000655327 393
1757640920496 156.40151551066043 394
1757640920556 156.36995748723407 395
1757640920613 156.33840593489938 396
1757640920672 156.3068608522819 397
1757640920729 156.27532223800756 398
1757640920790 156.2437900907025 399
1757640920849 156.21226440899332 400
1757640920907 156.18074519150676 401
1757640920966 156.14923243687002 402
1757640921108 156.11772614371054 403
1757640921167 156.08622631065612 404
1757640921225 156.05473293633477 405
1757640921283 156.023246019375 406
1757640921341 155.99176555840543 407
1757640921401 155.9602915520552 408
1757640921461 155.9288239989536 409
1757640921529 155.89736289773026 410
1757640921587 155.86590824701526 411
1757640921646 155.8344600454388 412
1757640921705 155.80301829163153 413
1757640921769 155.77158298422432 414
1757640921827 155.74015412184852 415
1757640921885 155.70873170313558 416
1757640921946 155.67731572671738 417
1757640922007 155.64590619122615 418
1757640922066 155.61450309529434 419
1757640922125 155.5831064375548 420
1757640922191 155.55171621664059 421
1757640922249 155.52033243118518 422
1757640922310 155.48895507982235 423
1757640922368 155.4575841611861 424
1757640922427 155.42621967391082 425
1757640922500 155.39486161663126 426
1757640922561 155.36350998798238 427
1757640922622 155.33216478659952 428
1757640922683 155.30082601111823 429
1757640922743 155.26949366017453 430
1757640922803 155.2381677324047 431
1757640922873 155.2068482264452 432
1757640922943 155.17553514093305 433
1757640923004 155.14422847450538 434
1757640923067 155.11292822579964 435
1757640923128 155.08163439345373 436
1757640923190 155.05034697610571 437
1757640923250 155.01906597239415 438
1757640923311 154.98779138095767 439
1757640923372 154.9565232004354 440
1757640923434 154.92526142946673 441
1757640923496 154.89400606669136 442
1757640923562 154.86275711074927 443
1757640923624 154.8315145602808 444
1757640923686 154.80027841392655 445
1757640923747 154.76904867032746 446
1757640923808 154.73782532812484 447
1757640923869 154.7066083859602 448
1757640924040 154.67539784247543 449
1757640924106 154.64419369631275 450
1757640924172 154.61299594611464 451
1757640924237 154.58180459052386 452
1757640924299 154.55061962818363 453
1757640924361 154.51944105773728 454
1757640924446 154.48826887782863 455
1757640924509 154.45710308710173 456
1757640924570 154.4259436842009 457
1757640924632 154.39479066777085 458
1757640924693 154.36364403645652 459
1757640924753 154.3325037889033 460
1757640924816 154.30136992375674 461
1757640924878 154.27024243966272 462
1757640924940 154.23912133526755 463
1757640925002 154.20800660921773 464
1757640925064 154.17689826016013 465
1757640925125 154.1457962867419 466
1757640925253 154.1147006876105 467
1757640925334 154.0836114614137 468
1757640925400 154.05252860679963 469
1757640925465 154.02145212241666 470
1757640925529 153.99038200691348 471
1757640925600 153.95931825893916 472
1757640925662 153.928260877143 473
1757640925722 153.89720986017463 474
1757640925784 153.8661652066841 475
1757640925845 153.83512691532147 476
1757640925907 153.80409498473745 477
1757640925970 153.77306941358287 478
1757640926031 153.74205020050894 479
1757640926093 153.7110373441671 480
1757640926154 153.68003084320924 481
1757640926215 153.6490306962874 482
1757640926277 153.618036902054 483
1757640926339 153.58704945916182 484
1757640926401 153.55606836626384 485
1757640926462 153.52509362201346 486
1757640926524 153.4941252250643 487
1757640926584 153.46316317407033 488
1757640926645 153.43220746768583 489
1757640926706 153.40125810456533 490
1757640926767 153.37031508336378 491
1757640926828 153.33937840273634 492
1757640926889 153.3084480613385 493
1757640926948 153.27752405782616 494
1757640927009 153.24660639085533 495
1757640927072 153.2156950590825 496
1757640927132 153.18479006116434 497
1757640927192 153.15389139575794 498
1757640927253 153.12299906152066 499
