1757647297567 157.11218980336696 0
1757647297624 154.4929972936101 1
1757647297682 147.37700178751442 2
1757647297906 149.19213808032504 3
1757647297997 148.61443708694688 4
1757647298062 148.47296243257534 5
1757647298127 141.05342501296494 6
1757647298191 143.4105133564578 7
1757647298257 140.3600608921924 8
1757647298319 137.091089840881 9
1757647298379 133.73662859085087 10
1757647298437 130.4654331345208 11
1757647298495 131.4737874398153 12
1757647298554 125.31721998085236 13
1757647298612 128.51243171785202 14
1757647298669 125.29626577523888 15
1757647298727 120.30907934987229 16
1757647298785 120.17496297258636 17
1757647298846 115.60717475120867 18
1757647298905 119.48501463589152 19
1757647298962 114.40296631501305 20
1757647299020 113.72138386059262 21
1757647299077 112.28257553801897 22
1757647299133 101.76778843874699 23
1757647299189 100.56321052714313 24
1757647299255 100.70971195758639 25
1757647299321 105.70943600549107 26
1757647299379 99.17989707721392 27
1757647299439 100.92198721355624 28
1757647299503 94.39637760957028 29
1757647299563 95.01042872816974 30
1757647299621 93.22602186088301 31
1757647299679 89.25596188015537 32
1757647299738 87.9549216572559 33
1757647299793 86.22468754978532 34
1757647299849 90.82349532628926 35
1757647299903 84.69211127734607 36
1757647299960 80.93659840415454 37
1757647300016 82.10540489801211 38
1757647300071 80.06749659994784 39
1757647300128 83.29413585241667 40
1757647300184 76.61957034402067 41
1757647300242 75.93460024897863 42
1757647300298 75.54815909826806 43
1757647300356 77.04816060058866 44
1757647300412 73.52408731699451 45
1757647300468 73.21087056037986 46
1757647300523 70.03941263064722 47
1757647300580 71.29116175254316 48
1757647300637 68.52139762331635 49
1757647300693 66.03147545940075 50
1757647300749 64.19745204815064 51
1757647300806 67.21384727301442 52
1757647300861 61.868470360336296 53
1757647300918 63.01847540707113 54
1757647300975 63.2329578548701 55
1757647301030 64.84865523852098 56
1757647301086 55.6264542622996 57
1757647301143 58.245805619827266 58
1757647301200 54.0768974397648 59
1757647301256 56.45415730816159 60
1757647301311 52.98927287044315 61
1757647301367 54.568919329478 62
1757647301423 55.69945473806019 63
1757647301479 53.342772349972776 64
1757647301543 54.40866447924895 65
1757647301600 52.12570736564586 66
1757647301656 47.676332310779024 67
1757647301715 51.701601339621476 68
1757647301772 46.14219423998002 69
1757647301829 47.44610494312651 70
1757647301886 46.81180483986116 71
1757647301943 42.764299850007475 72
1757647302000 45.20150713209769 73
1757647302058 45.02532640463106 74
1757647302115 43.75903920368864 75
1757647302171 42.43493752916235 76
1757647302229 40.21497997620302 77
1757647302286 41.503828380324116 78
1757647302343 39.84226644270591 79
1757647302400 38.04580190328484 80
1757647302458 38.28981931053294 81
1757647302515 39.72145206588775 82
1757647302571 39.11625849900273 83
1757647302627 37.02542793391643 84
1757647302685 35.502064823766254 85
1757647302741 37.681639924732124 86
1757647302797 35.7828163912906 87
1757647302855 34.141959131777654 88
1757647302912 34.02970782502851 89
1757647302969 32.983766939490096 90
1757647303028 34.50698201727629 91
1757647303085 32.12080253436523 92
1757647303142 32.23481204064445 93
1757647303199 30.44507975674103 94
1757647303257 31.158141024520877 95
1757647303313 28.59529669563176 96
1757647303370 30.273484394111293 97
1757647303428 30.480583491534183 98
1757647303485 30.111586845818188 99
1757647303545 26.813890419694264 100
1757647303607 29.055916899854545 101
1757647303667 29.099082131821806 102
1757647303724 26.0357505777506 103
1757647303782 25.7369416902449 104
1757647303838 26.44548864894273 105
1757647303895 27.268289652878625 106
1757647303952 25.647906358782357 107
1757647304011 24.361862539039457 108
1757647304068 24.19719194571923 109
1757647304125 24.616135530218152 110
1757647304182 23.714716840033965 111
1757647304249 22.079184100593277 112
1757647304318 21.746831714773624 113
1757647304378 20.854967313550468 114
1757647304450 22.831355171529207 115
1757647304509 21.84279441928421 116
1757647304570 20.016073719916275 117
1757647304630 19.9699402267767 118
1757647304690 20.018939984659355 119
1757647304750 21.488451315724955 120
1757647304810 19.155694811239858 121
1757647304870 19.64704922157271 122
1757647304927 18.814105523878773 123
1757647304985 18.866136388600456 124
1757647305042 19.464549426724172 125
1757647305100 17.496847366834587 126
1757647305159 16.948104388361017 127
1757647305217 18.676888019360874 128
1757647305275 17.465144383548925 129
1757647305335 16.50472198388301 130
1757647305392 16.554604108470574 131
1757647305451 16.425498309301318 132
1757647305510 16.454603379365746 133
1757647305570 16.49241819491938 134
1757647305633 16.751671120220244 135
1757647305693 14.817232378259122 136
1757647305775 15.244720701060562 137
1757647305839 15.564687311207548 138
1757647305900 15.184513119669823 139
1757647305959 15.046215413166118 140
1757647306020 15.389878025978103 141
1757647306080 13.738405197175515 142
1757647306143 14.10082922456776 143
1757647306204 14.126570919945063 144
1757647306264 12.986669424020606 145
1757647306324 11.956876650535543 146
1757647306382 12.791292814136497 147
1757647306442 12.632750916676674 148
1757647306501 10.651856838578365 149
1757647306559 11.824302626921165 150
1757647306618 12.904905617356452 151
1757647306676 12.270560197958725 152
1757647306734 11.095478986126423 153
1757647306794 10.771201103236258 154
1757647306851 11.374261900643171 155
1757647306908 10.780506843495962 156
1757647306971 10.766921233840128 157
1757647307030 10.010813253148841 158
1757647307089 10.800330851157991 159
1757647307147 10.809027412727119 160
1757647307208 10.796805160893216 161
1757647307265 9.068988644392398 162
1757647307324 10.223269964362052 163
1757647307384 9.216708420422753 164
1757647307441 8.926257650502839 165
1757647307499 8.751915969995865 166
1757647307559 9.135247716784555 167
1757647307622 9.155156228319731 168
1757647307684 8.702189037710879 169
1757647307760 8.595385758047698 170
1757647307838 8.493189833962965 171
1757647307901 7.8907719809025005 172
1757647308020 7.854404800481853 173
1757647308083 8.532120512733002 174
1757647308147 7.8897815570968755 175
1757647308209 7.592870326233535 176
1757647308271 7.3908736512464035 177
1757647308332 6.994210281156252 178
1757647308393 6.897228859388882 179
1757647308454 6.762851562890334 180
1757647308516 7.706778238289405 181
1757647308579 6.165181541395494 182
1757647308640 7.240137169756338 183
1757647308700 7.453854904435815 184
1757647308761 6.77583949125829 185
1757647308821 6.701950692458395 186
1757647308880 6.067319663944871 187
1757647308939 6.086546777811498 188
1757647308998 6.21817146760608 189
1757647309057 6.24718525422642 190
1757647309118 5.959436815085686 191
1757647309176 5.731842353852493 192
1757647309243 5.863240863378742 193
1757647309316 6.152747893976682 194
1757647309379 5.1254840780310635 195
1757647309441 5.915738513210373 196
1757647309503 5.517191550303261 197
1757647309565 6.0699847305454515 198
1757647309628 4.967228463661636 199
1757647309694 4.920179062575069 200
1757647309756 5.340337169425991 201
1757647309818 5.357803160628866 202
1757647309879 4.945823130981998 203
1757647309939 4.266843157795497 204
1757647309999 4.798977242326161 205
1757647310059 4.957267084988311 206
1757647310118 5.1830604184752636 207
1757647310177 4.647427468503084 208
1757647310238 4.547185555759669 209
1757647310297 4.266906352228226 210
1757647310358 4.627768098737001 211
1757647310419 4.049124755735436 212
1757647310480 4.605159451156075 213
1757647310539 4.000818225004514 214
1757647310599 3.952529971657906 215
1757647310660 4.12995359199005 216
1757647310723 3.7211881742052415 217
1757647310830 3.935777813474855 218
1757647310896 3.9762417547203848 219
1757647310959 4.186520752562163 220
1757647311027 3.410626936074443 221
1757647311094 3.2869602700513054 222
1757647311160 3.851855883376818 223
1757647311222 3.69113802140551 224
1757647311283 3.09754087341491 225
1757647311345 4.034636753328672 226
1757647311408 3.6889264232677386 227
1757647311470 3.288879851366904 228
1757647311532 3.237800224563783 229
1757647311595 3.428879208398346 230
1757647311657 2.968062307465343 231
1757647311725 2.85030778342293 232
1757647311787 2.647876193239023 233
1757647311850 3.0191711659193157 234
1757647311911 2.8568042861714766 235
1757647311971 3.043854176599671 236
1757647312030 2.647754087352692 237
1757647312090 2.4930585983752915 238
1757647312151 3.2000586597477976 239
1757647312211 2.3623127811942655 240
1757647312272 2.39911668156391 241
1757647312333 3.007579208034088 242
1757647312393 2.5203205507022375 243
1757647312454 2.682181127329279 244
1757647312515 2.334831278927951 245
1757647312575 2.5434889731149313 246
1757647312634 2.092264862218078 247
1757647312697 2.234422844874182 248
1757647312758 2.6575514485949454 249
1757647312818 2.468588032280778 250
1757647312879 2.4865998746921245 251
1757647312941 2.2871416698003024 252
1757647313001 2.1492036595193857 253
1757647313063 2.250098533469853 254
1757647313123 2.2521283703598987 255
1757647313182 2.0598944340160754 256
1757647313244 1.729892524305121 257
1757647313305 2.000316283790364 258
1757647313366 2.142155603526749 259
1757647313429 2.4062205759647677 260
1757647313491 1.775339902182546 261
1757647313552 1.7666484912530644 262
1757647313613 1.9005214708329334 263
1757647313674 1.79960515509821 264
1757647313740 1.8290206310720951 265
1757647313804 1.8832372617309399 266
1757647313869 2.0444185660388308 267
1757647313931 1.8709726249087086 268
1757647313992 1.6645261013499726 269
1757647314054 1.7039737134802329 270
1757647314114 1.7390153727365798 271
1757647314175 1.4634187662075095 272
1757647314241 1.5357168653407596 273
1757647314314 1.5447112046477853 274
1757647314378 1.435597549910956 275
1757647314452 1.5444289750241362 276
1757647314517 1.3074891389178287 277
1757647314580 1.650412477119372 278
1757647314644 1.4399251991148314 279
1757647314707 1.260007787407267 280
1757647314771 1.506747060317442 281
1757647314834 1.6173793878445797 282
1757647314895 1.4106359923419443 283
1757647314957 1.439396177806976 284
1757647315018 1.230326668738166 285
1757647315081 1.3733233322425973 286
1757647315141 1.3220980168887115 287
1757647315203 1.3135238769176367 288
1757647315264 1.1726439988166353 289
1757647315328 1.1362850011736543 290
1757647315389 1.0220946059325764 291
1757647315451 1.2990512175096454 292
1757647315513 1.1669372347547726 293
1757647315575 1.3461476040310023 294
1757647315637 1.162406284597909 295
1757647315698 1.3807602352830155 296
1757647315766 1.1634692317810702 297
1757647315831 1.0658423276732703 298
1757647315893 1.156860601272659 299
1757647315955 1.2568304653760167 300
1757647316016 0.9839555013767393 301
1757647316079 1.220986357314564 302
1757647316141 0.8491162519003035 303
1757647316202 1.220527891247538 304
1757647316264 0.8590936181380826 305
1757647316326 0.8818241819609367 306
1757647316387 0.9747624105260052 307
1757647316450 0.9686353734343375 308
1757647316512 0.9033328429230061 309
1757647316573 0.9191472753873271 310
1757647316637 0.8667070404621978 311
1757647316699 0.9005303361563137 312
1757647316761 0.7878490727065582 313
1757647316823 0.8190295355100012 314
1757647316885 1.0097989648655197 315
1757647316949 0.8615475794194637 316
1757647317012 0.9148079394470819 317
1757647317073 0.9355344117399851 318
1757647317134 0.7890498979803122 319
1757647317197 0.9864101726323137 320
1757647317260 0.7391673889462647 321
1757647317322 0.5780030554434858 322
1757647317384 0.7909228603111985 323
1757647317446 0.7946848328899742 324
1757647317508 0.8213040038241176 325
1757647317571 0.904543047490017 326
1757647317632 0.7806964818505929 327
1757647317694 0.5999842821299909 328
1757647317759 0.6083978969787971 329
1757647317829 0.8121228044614673 330
1757647317892 0.6613066052510623 331
1757647317955 0.5095367724476203 332
1757647318017 0.5764068288020379 333
1757647318078 1.0131811763582845 334
1757647318142 0.5674204117378142 335
1757647318203 0.7206528487956676 336
1757647318272 0.6894911574954365 337
1757647318336 0.5904919847564138 338
1757647318399 0.6034294608991783 339
1757647318462 0.7035827386237485 340
1757647318529 0.7274813910972732 341
1757647318591 0.5326751266761013 342
1757647318655 0.6493007203284242 343
1757647318716 0.6509789335302811 344
1757647318779 0.5853291541456497 345
1757647318844 0.5830518686494757 346
1757647318908 0.7528955779837089 347
1757647318972 0.4359778991524529 348
1757647319035 0.5697920454074137 349
1757647319097 0.5254070833478429 350
1757647319160 0.4779473193625395 351
1757647319223 0.5394122910784311 352
1757647319302 0.4104194115262772 353
1757647319370 0.7242264093941878 354
1757647319436 0.4599012152485656 355
1757647319502 0.6468029267133547 356
1757647319576 0.547700158076571 357
1757647319641 0.40055432081658726 358
1757647319707 0.5028001307922726 359
1757647319772 0.5357680937873298 360
1757647319843 0.36812202907381547 361
1757647319921 0.44756705648002276 362
1757647319988 0.47169770600139255 363
1757647320054 0.3811135835538718 364
1757647320120 0.46918233325431535 365
1757647320183 0.5595730254090493 366
1757647320247 0.5034699696750093 367
1757647320310 0.3716349080799077 368
1757647320376 0.4422126691692585 369
1757647320437 0.33641547679845407 370
1757647320499 0.38306053289746106 371
1757647320563 0.3183436954467267 372
1757647320626 0.4274185384510774 373
1757647320689 0.39753460307301797 374
1757647320752 0.407044358000473 375
1757647320815 0.3291847492883141 376
1757647320878 0.3546858493318245 377
1757647320943 0.2729078608177825 378
1757647321006 0.4644517585803121 379
1757647321068 0.41436058322005165 380
1757647321133 0.2870000947725124 381
1757647321197 0.4711435684001545 382
1757647321261 0.29839053340618066 383
1757647321325 0.3243321725142591 384
1757647321389 0.24279033452662724 385
1757647321451 0.2919814995209582 386
1757647321515 0.3597986236559577 387
1757647321577 0.27361829116685005 388
1757647321640 0.46131812806372896 389
1757647321705 0.32234646569130054 390
1757647321769 0.30083411872747073 391
1757647321834 0.2850107621427645 392
1757647321904 0.2791175911978387 393
1757647321970 0.3275791615429194 394
1757647322034 0.3280077753566165 395
1757647322096 0.26219767066010813 396
1757647322160 0.2814362070492859 397
1757647322223 0.26721864345055835 398
1757647322288 0.20523769061540975 399
1757647322351 0.37382192124924624 400
1757647322416 0.2360387389237132 401
1757647322479 0.2914882048247286 402
1757647322543 0.34886374828761524 403
1757647322607 0.34477768989916424 404
1757647322671 0.3579916690579785 405
1757647322734 0.17661217454728537 406
1757647322799 0.3022268578417929 407
1757647322863 0.3013696750501873 408
1757647322928 0.2989056443107745 409
1757647322991 0.3514686568121781 410
1757647323055 0.26743602727113863 411
1757647323118 0.2553285652015759 412
1757647323183 0.33219805586790097 413
1757647323246 0.26992572103429746 414
1757647323311 0.3150303875413521 415
1757647323375 0.20868622620277755 416
1757647323440 0.17616146509545114 417
1757647323504 0.1730935101562452 418
1757647323568 0.21291124320450625 419
1757647323632 0.20927503736315767 420
1757647323696 0.24856342224239697 421
1757647323760 0.2615119349009396 422
1757647323824 0.1820282293303975 423
1757647323895 0.19825156532931726 424
1757647323963 0.2530479098605586 425
1757647324030 0.18421204130258562 426
1757647324094 0.3898014457737244 427
1757647324158 0.15431704269430854 428
1757647324225 0.27614056757475636 429
1757647324305 0.1670366737809885 430
1757647324372 0.24105510059808108 431
1757647324515 0.20509130004410075 432
1757647324611 0.22951939956661985 433
1757647324684 0.1963254173296582 434
1757647324756 0.2185939314299883 435
1757647324830 0.540941965293675 436
1757647324898 0.198706070156739 437
1757647324965 0.18973252521154535 438
1757647325031 0.22836719680886206 439
1757647325099 0.22082215519139148 440
1757647325166 0.17656168643306897 441
1757647325235 0.214249102946947 442
1757647325302 0.2432933263361349 443
1757647325369 0.22755918287812638 444
1757647325436 0.20040014504153897 445
1757647325501 0.27172620521623786 446
1757647325564 0.24559668161554687 447
1757647325630 0.25592616317479006 448
1757647325695 0.2371043760030727 449
1757647325761 0.20931090659324095 450
1757647325840 0.22304173819205153 451
1757647325914 0.26993565467783437 452
1757647325989 0.24983455041341043 453
1757647326058 0.1493758367689816 454
1757647326125 0.2739635585964718 455
1757647326193 0.4707640563651265 456
1757647326259 0.1499879903189763 457
1757647326324 0.13257948823852014 458
1757647326390 0.19495355695796934 459
1757647326456 0.26071533092181537 460
1757647326521 0.19072701274382345 461
1757647326587 0.17559451000938595 462
1757647326653 0.1896907342039243 463
1757647326718 0.18814582308911645 464
1757647326784 0.13601238491049314 465
1757647326849 0.19481099151957681 466
1757647326915 0.21315268127887402 467
1757647326982 0.1958577862574703 468
1757647327048 0.33794429582608665 469
1757647327113 0.18365814091019825 470
1757647327178 0.14368923056714392 471
1757647327243 0.18748584466616555 472
1757647327309 0.17837926426679157 473
1757647327375 0.17764746982957022 474
1757647327440 0.2013328934560299 475
1757647327505 0.3535237801382031 476
1757647327572 0.20888104454780887 477
1757647327639 0.15263894157724195 478
1757647327705 0.18449416514148875 479
1757647327770 0.12173530243443789 480
1757647327835 0.14076574181164944 481
1757647327901 0.2409737500080458 482
1757647327972 0.08660983519240129 483
1757647328040 0.16104747766608757 484
1757647328108 0.1818416859100703 485
1757647328173 0.17959178763214403 486
1757647328239 0.14857596617393562 487
1757647328304 0.17077685095500114 488
1757647328371 0.27430156816428525 489
1757647328437 0.1383413641752747 490
1757647328503 0.17821191258440863 491
1757647328569 0.15188439204016455 492
1757647328634 0.168057713809126 493
1757647328699 0.15472503734020268 494
1757647328765 0.22698843109454056 495
1757647328835 0.23390466690553186 496
1757647328900 0.1816988773076886 497
1757647328967 0.13031476475888948 498
1757647329034 0.13464817647040755 499
