1757641634290 169.17813275916612 0
1757641634344 168.83989285097897 1
1757641634395 168.33350690566502 2
1757641634446 167.74430484780416 3
1757641634498 167.1150186403215 4
1757641634548 166.46702704849596 5
1757641634599 165.81101863706996 6
1757641634650 165.15233346804072 7
1757641634705 164.49363651187235 8
1757641634757 163.8362549973464 9
1757641634807 163.18084724870704 10
1757641634858 162.5277371451757 11
1757641634909 161.87708136106522 12
1757641634961 161.22895298844443 13
1757641635012 160.58338334909732 14
1757641635064 159.94038290061428 15
1757641635116 159.29995168941144 16
1757641635173 158.6620845771747 17
1757641635226 158.02677385400497 18
1757641635277 157.3940105449092 19
1757641635328 156.7637850629641 20
1757641635379 156.136087535815 21
1757641635432 155.51090796884253 22
1757641635485 154.88823632666393 23
1757641635539 154.26806257380096 24
1757641635590 153.65037669493222 25
1757641635640 153.0351687049376 26
1757641635694 152.42242865383946 27
1757641635746 151.81214662919163 28
1757641635798 151.20431275719403 29
1757641635849 150.59891720316926 30
1757641635899 149.99595017172084 31
1757641635951 149.39540190673296 32
1757641636003 148.79726269129083 33
1757641636054 148.20152284756173 34
1757641636105 147.60817273665725 35
1757641636216 147.01720275848544 36
1757641636272 146.42860335159946 37
1757641636333 145.8423649930437 38
1757641636392 145.25847819819953 39
1757641636449 144.67693352063122 40
1757641636503 144.09772155193195 41
1757641636557 143.5208329215703 42
1757641636610 142.94625829673754 43
1757641636664 142.3739883821951 44
1757641636717 141.80401392012305 45
1757641636768 141.2363256899688 46
1757641636820 140.67091450829673 47
1757641636871 140.10777122863828 48
1757641636924 139.54688674134263 49
1757641636976 138.98825197342802 50
1757641637028 138.43185788843377 51
1757641637079 137.87769548627256 52
1757641637131 137.3257558030838 53
1757641637184 136.77602991108745 54
1757641637235 136.22850891843783 55
1757641637287 135.68318396907895 56
1757641637340 135.1400462426 57
1757641637390 134.59908695409112 58
1757641637441 134.06029735400045 59
1757641637493 133.523668727991 60
1757641637546 132.9891923967988 61
1757641637597 132.45685971609103 62
1757641637649 131.9266620763252 63
1757641637700 131.39859090260853 64
1757641637751 130.87263765455822 65
1757641637802 130.348793826162 66
1757641637854 129.82705094563937 67
1757641637907 129.30740057530366 68
1757641637958 128.78983431142402 69
1757641638020 128.27434378408861 70
1757641638081 127.76092065706807 71
1757641638135 127.24955662767938 72
1757641638188 126.74024342665071 73
1757641638241 126.23297281798632 74
1757641638292 125.72773659883238 75
1757641638344 125.22452659934316 76
1757641638403 124.72333468254784 77
1757641638458 124.22415274421776 78
1757641638510 123.72697271273434 79
1757641638562 123.23178654895736 80
1757641638615 122.73858624609402 81
1757641638667 122.24736382956829 82
1757641638720 121.75811135689094 83
1757641638773 121.27082091753002 84
1757641638826 120.78548463278192 85
1757641638879 120.30209465564289 86
1757641638930 119.82064317068114 87
1757641638983 119.34112239390947 88
1757641639035 118.86352457265826 89
1757641639089 118.3878419854493 90
1757641639142 117.91406694186969 91
1757641639195 117.4421917824467 92
1757641639247 116.97220887852275 93
1757641639301 116.50411063213124 94
1757641639354 116.03788947587257 95
1757641639406 115.57353787279091 96
1757641639459 115.1110483162513 97
1757641639512 114.65041332981734 98
1757641639564 114.19162546712936 99
1757641639616 113.7346773117831 100
1757641639670 113.27956147720883 101
1757641639723 112.8262706065509 102
1757641639775 112.37479737254806 103
1757641639826 111.92513447741386 104
1757641639879 111.47727465271795 105
1757641639934 111.03121065926743 106
1757641639987 110.58693528698913 107
1757641640040 110.14444135481193 108
1757641640093 109.70372171054997 109
1757641640145 109.26476923078602 110
1757641640198 108.82757682075538 111
1757641640251 108.39213741423049 112
1757641640305 107.95844397340564 113
1757641640358 107.5264894887824 114
1757641640416 107.0962669790555 115
1757641640472 106.667769490999 116
1757641640526 106.24099009935316 117
1757641640580 105.81592190671154 118
1757641640633 105.3925580434087 119
1757641640687 104.97089166740838 120
1757641640740 104.55091596419197 121
1757641640793 104.13262414664763 122
1757641640846 103.71600945495963 123
1757641640900 103.3010651564984 124
1757641640953 102.88778454571089 125
1757641641005 102.47616094401124 126
1757641641059 102.06618769967217 127
1757641641113 101.65785818771663 128
1757641641167 101.25116580980996 129
1757641641221 100.8461039941523 130
1757641641275 100.44266619537188 131
1757641641328 100.04084589441815 132
1757641641381 99.64063659845587 133
1757641641435 99.24203184075931 134
1757641641489 98.84502518060694 135
1757641641542 98.44961020317666 136
1757641641594 98.05578051944137 137
1757641641647 97.66352976606485 138
1757641641701 97.27285160529838 139
1757641641754 96.8837397248774 140
1757641641807 96.49618783791882 141
1757641641860 96.11018968281873 142
1757641641913 95.72573902315047 143
1757641641967 95.34282964756305 144
1757641642020 94.96145536968025 145
1757641642074 94.58161002799967 146
1757641642127 94.20328748579266 147
1757641642180 93.82648163100443 148
1757641642233 93.45118637615448 149
1757641642288 93.07739565823763 150
1757641642346 92.70510343862537 151
1757641642400 92.33430370296747 152
1757641642458 91.9649904610943 153
1757641642513 91.59715774691922 154
1757641642568 91.23079961834158 155
1757641642621 90.86591015714997 156
1757641642678 90.50248346892602 157
1757641642741 90.14051368294847 158
1757641642795 89.77999495209758 159
1757641642849 89.42092145276011 160
1757641642904 89.06328738473452 161
1757641642959 88.70708697113665 162
1757641643025 88.35231445830576 163
1757641643085 87.99896411571078 164
1757641643141 87.64703023585732 165
1757641643195 87.2965071341947 166
1757641643250 86.9473891490235 167
1757641643304 86.59967064140346 168
1757641643358 86.25334599506182 169
1757641643412 85.90840961630192 170
1757641643466 85.56485593391221 171
1757641643522 85.22267939907574 172
1757641643577 84.88187448527977 173
1757641643632 84.542435688226 174
1757641643687 84.20435752574107 175
1757641643741 83.86763453768728 176
1757641643796 83.53226128587397 177
1757641643850 83.19823235396895 178
1757641643905 82.86554234741045 179
1757641643959 82.53418589331956 180
1757641644014 82.20415764041255 181
1757641644071 81.87545225891418 182
1757641644127 81.54806444047085 183
1757641644185 81.2219888980644 184
1757641644239 80.89722036592605 185
1757641644295 80.57375359945084 186
1757641644349 80.2515833751124 187
1757641644404 79.93070449037796 188
1757641644460 79.61111176362384 189
1757641644551 79.29280003405114 190
1757641644609 78.97576416160193 191
1757641644668 78.65999902687561 192
1757641644725 78.34549953104577 193
1757641644781 78.03226059577726 194
1757641644837 77.72027716314366 195
1757641644894 77.4095441955451 196
1757641644948 77.10005667562623 197
1757641645003 76.79180960619493 198
1757641645058 76.4847980101409 199
1757641645114 76.17901693035475 200
1757641645169 75.87446142964761 201
1757641645226 75.5711265906707 202
1757641645284 75.26900751583555 203
1757641645339 74.96809932723436 204
1757641645395 74.66839716656072 205
1757641645451 74.36989619503066 206
1757641645507 74.07259159330404 207
1757641645563 73.77647856140626 208
1757641645617 73.48155231865022 209
1757641645673 73.18780810355862 210
1757641645728 72.8952411737867 211
1757641645784 72.60384680604507 212
1757641645839 72.31362029602302 213
1757641645895 72.0245569583121 214
1757641645952 71.73665212632999 215
1757641646008 71.44990115224459 216
1757641646065 71.16429940689872 217
1757641646120 70.87984227973472 218
1757641646176 70.59652517871963 219
1757641646232 70.31434353027058 220
1757641646288 70.03329277918054 221
1757641646343 69.7533683885442 222
1757641646398 69.47456583968444 223
1757641646492 69.19688063207882 224
1757641646578 68.92030828328647 225
1757641646637 68.64484432887538 226
1757641646696 68.37048432234971 227
1757641646753 68.09722383507787 228
1757641646810 67.82505845622025 229
1757641646865 67.55398379265777 230
1757641646922 67.28399546892055 231
1757641646977 67.01508912711675 232
1757641647034 66.74726042686187 233
1757641647090 66.48050504520823 234
1757641647146 66.21481867657477 235
1757641647203 65.95019703267717 236
1757641647260 65.68663584245813 237
1757641647315 65.42413085201815 238
1757641647372 65.1626778245463 239
1757641647428 64.90227254025149 240
1757641647484 64.64291079629402 241
1757641647543 64.38458840671721 242
1757641647600 64.12730120237957 243
1757641647657 63.87104503088699 244
1757641647714 63.61581575652536 245
1757641647770 63.36160926019348 246
1757641647827 63.108421439336134 247
1757641647884 62.85624820787745 248
1757641647939 62.605085496154665 249
1757641648002 62.354929250851974 250
1757641648069 62.10577543493474 251
1757641648126 61.857620027583984 252
1757641648182 61.610459024131124 253
1757641648239 61.36428843599293 254
1757641648296 61.11910429060682 255
1757641648353 60.874902631366325 256
1757641648410 60.63167951755692 257
1757641648471 60.38943102429203 258
1757641648527 60.14815324244932 259
1757641648589 59.90784227860729 260
1757641648648 59.66849425498203 261
1757641648704 59.43010530936431 262
1757641648761 59.192671595056915 263
1757641648817 58.95618928081216 264
1757641648874 58.72065455076977 265
1757641648931 58.48606360439495 266
1757641648989 58.252412656416645 267
1757641649045 58.01969793676619 268
1757641649104 57.78791569051609 269
1757641649160 57.557062177819084 270
1757641649217 57.327133673847484 271
1757641649273 57.098126468732744 272
1757641649330 56.87003686750517 273
1757641649387 56.64286119003411 274
1757641649443 56.41659577096813 275
1757641649500 56.19123695967554 276
1757641649558 55.96678112018528 277
1757641649615 55.74322463112779 278
1757641649677 55.52056388567631 279
1757641649735 55.29879529148841 280
1757641649791 55.07791527064764 281
1757641649848 54.8579202596055 282
1757641649905 54.63880670912365 283
1757641649961 54.420571084216306 284
1757641650018 54.20320986409294 285
1757641650076 53.98671954210108 286
1757641650134 53.771096625669536 287
1757641650191 53.556337636251634 288
1757641650249 53.342439109268895 289
1757641650306 53.12939759405475 290
1757641650363 52.917209653798636 291
1757641650418 52.70587186549016 292
1757641650475 52.49538081986371 293
1757641650531 52.28573312134304 294
1757641650588 52.07692538798626 295
1757641650651 51.86895425143096 296
1757641650709 51.66181635683958 297
1757641650767 51.45550836284503 298
1757641650826 51.25002694149646 299
1757641650883 51.045368778205315 300
1757641650940 50.84153057169155 301
1757641650997 50.63850903393014 302
1757641651054 50.43630089009775 303
1757641651110 50.234902878519556 304
1757641651166 50.03431175061648 305
1757641651223 49.834524270852384 306
1757641651281 49.63553721668168 307
1757641651338 49.4373473784971 308
1757641651395 49.23995155957757 309
1757641651451 49.04334657603642 310
1757641651508 48.84752925676978 311
1757641651565 48.65249644340511 312
1757641651622 48.45824499025008 313
1757641651679 48.26477176424146 314
1757641651736 48.07207364489437 315
1757641651792 47.88014752425176 316
1757641651850 47.688990306833894 317
1757641651907 47.49859890958824 318
1757641651964 47.30897026183951 319
1757641652020 47.12010130523981 320
1757641652077 46.93198899371911 321
1757641652135 46.74463029343586 322
1757641652192 46.55802218272779 323
1757641652250 46.37216165206295 324
1757641652307 46.187045703990904 325
1757641652364 46.002671353094165 326
1757641652422 45.81903562593977 327
1757641652481 45.63613556103114 328
1757641652540 45.453968208760024 329
1757641652598 45.27253063135869 330
1757641652661 45.09181990285236 331
1757641652729 44.91183310901174 332
1757641652787 44.7325673473058 333
1757641652846 44.554019726854726 334
1757641652904 44.3761873683831 335
1757641652962 44.199067404173164 336
1757641653034 44.02265697801845 337
1757641653098 43.84695324517739 338
1757641653157 43.67195337232728 339
1757641653215 43.49765453751831 340
1757641653274 43.32405393012792 341
1757641653333 43.15114875081513 342
1757641653393 42.97893621147531 343
1757641653451 42.807413535194875 344
1757641653509 42.636577956206416 345
1757641653567 42.46642671984377 346
1757641653626 42.29695708249745 347
1757641653685 42.12816631157016 348
1757641653745 41.96005168543253 349
1757641653804 41.79261049337903 350
1757641653869 41.62584003558404 351
1757641653927 41.45973762305807 352
1757641653986 41.29430057760427 353
1757641654045 41.12952623177496 354
1757641654105 40.96541192882849 355
1757641654163 40.801955022686116 356
1757641654223 40.63915287788921 357
1757641654286 40.4770028695565 358
1757641654345 40.315502383341595 359
1757641654404 40.15464881539058 360
1757641654462 39.994439572299925 361
1757641654520 39.83487207107434 362
1757641654578 39.67594373908507 363
1757641654638 39.51765201402813 364
1757641654702 39.359994343882825 365
1757641654763 39.20296818687043 366
1757641654823 39.04657101141299 367
1757641654883 38.89080029609234 368
1757641654942 38.735653529609216 369
1757641655001 38.58112821074267 370
1757641655060 38.42722184830944 371
1757641655119 38.27393196112372 372
1757641655177 38.121256077956886 373
1757641655239 37.96919173749752 374
1757641655304 37.81773648831149 375
1757641655363 37.66688788880233 376
1757641655422 37.51664350717163 377
1757641655482 37.36700092137969 378
1757641655542 37.21795771910626 379
1757641655602 37.069511497711545 380
1757641655661 36.92165986419718 381
1757641655720 36.7744004351676 382
1757641655780 36.627730836791365 383
1757641655840 36.48164870476274 384
1757641655899 36.336151684263434 385
1757641655958 36.191237429924406 386
1757641656018 36.04690360578795 387
1757641656078 35.90314788526988 388
1757641656138 35.75996795112177 389
1757641656197 35.617361495393524 390
1757641656257 35.47532621939596 391
1757641656316 35.3338598336636 392
1757641656376 35.1929600579176 393
1757641656435 35.052624621028855 394
1757641656494 34.91285126098118 395
1757641656553 34.773637724834714 396
1757641656613 34.634981768689464 397
1757641656673 34.49688115764894 398
1757641656740 34.35933366578401 399
1757641656800 34.22233707609679 400
1757641656859 34.085889180484884 401
1757641656919 33.94998777970549 402
1757641656978 33.81463068333991 403
1757641657038 33.679815709758 404
1757641657098 33.545540686082965 405
1757641657157 33.41180344815607 406
1757641657218 33.278601840501686 407
1757641657278 33.14593371629235 408
1757641657338 33.01379693731402 409
1757641657399 32.88218937393153 410
1757641657459 32.75110890505402 411
1757641657518 32.62055341810068 412
1757641657578 32.49052080896648 413
1757641657638 32.36100898198824 414
1757641657697 32.232015849910546 415
1757641657756 32.10353933385208 416
1757641657816 31.975577363271974 417
1757641657875 31.84812787593621 418
1757641657935 31.72118881788435 419
1757641657999 31.594758143396223 420
1757641658069 31.468833814958852 421
1757641658130 31.343413803233428 422
1757641658191 31.218496087022558 423
1757641658250 31.094078653237467 424
1757641658310 30.970159496865474 425
1757641658371 30.846736620937516 426
1757641658432 30.723808036495857 427
1757641658493 30.601371762561854 428
1757641658553 30.479425826103963 429
1757641658613 30.35796826200578 430
1757641658674 30.236997113034214 431
1757641658734 30.116510429807896 432
1757641658800 29.996506270765543 433
1757641658859 29.876982702134598 434
1757641658919 29.757937797899924 435
1757641658980 29.639369639772653 436
1757641659041 29.521276317159113 437
1757641659103 29.403655927129954 438
1757641659164 29.286506574389342 439
1757641659224 29.16982637124429 440
1757641659284 29.05361343757412 441
1757641659345 28.93786590080005 442
1757641659489 28.822581895854878 443
1757641659553 28.707759565152834 444
1757641659618 28.593397058559507 445
1757641659683 28.47949253336194 446
1757641659748 28.36604415423878 447
1757641659812 28.253050093230602 448
1757641659879 28.140508529710367 449
1757641659948 28.028417650353916 450
1757641660016 27.91677564911068 451
1757641660082 27.80558072717443 452
1757641660147 27.694831092954214 453
1757641660211 27.584524962045347 454
1757641660272 27.474660557200558 455
1757641660332 27.365236108301247 456
1757641660392 27.25624985232882 457
1757641660454 27.14770003333622 458
1757641660515 27.03958490241948 459
1757641660577 26.93190271768948 460
1757641660637 26.82465174424371 461
1757641660698 26.717830254138274 462
1757641660758 26.611436526359896 463
1757641660827 26.50546884679812 464
1757641660890 26.399925508217542 465
1757641660951 26.294804810230225 466
1757641661013 26.19010505926821 467
1757641661075 26.085824568556106 468
1757641661137 25.9819616580838 469
1757641661198 25.878514654579313 470
1757641661259 25.77548189148172 471
1757641661320 25.67286170891421 472
1757641661381 25.570652453657218 473
1757641661442 25.46885247912173 474
1757641661503 25.367460145322624 475
1757641661565 25.266473818852152 476
1757641661626 25.165891872853535 477
1757641661688 25.06571268699465 478
1757641661753 24.965934647441816 479
1757641661816 24.86655614683372 480
1757641661879 24.767575584255415 481
1757641661940 24.66899136521242 482
1757641662001 24.570801901604977 483
1757641662064 24.473005611702312 484
1757641662124 24.375600920117122 485
1757641662186 24.278586257780027 486
1757641662248 24.18196006191428 487
1757641662310 24.08572077601045 488
1757641662372 23.98986684980129 489
1757641662434 23.894396739236594 490
1757641662496 23.799308906458325 491
1757641662560 23.70460181977573 492
1757641662622 23.6102739536405 493
1757641662688 23.516323788622206 494
1757641662756 23.42274981138368 495
1757641662826 23.329550514656567 496
1757641662893 23.236724397216943 497
1757641662958 23.144269963861046 498
1757641663037 23.052185725381104 499
