1757630205918 121.6831536709139 0
1757630205981 85.96507062772089 1
1757630206038 59.84292176658422 2
1757630206101 41.86719068617832 3
1757630206155 30.89345201760191 4
1757630206212 22.77874221936171 5
1757630206264 16.273566167500352 6
1757630206315 10.17891089018792 7
1757630206370 7.87486504649642 8
1757630206436 5.678392035004707 9
1757630206492 4.021400042612547 10
1757630206547 2.930830370165855 11
1757630206602 2.086865894988916 12
1757630206657 1.218517857276957 13
1757630206708 1.0806532932013297 14
1757630206760 0.8595866125830649 15
1757630206807 0.5835844023656193 16
1757630206854 0.49964036962068586 17
1757630206901 0.5270158393408042 18
1757630206949 0.19671355759387626 19
1757630206996 0.2275431757936563 20
1757630207044 0.19860416157739985 21
1757630207093 0.2268063618067688 22
1757630207153 0.2011732951755075 23
1757630207200 0.1852298302277939 24
1757630207248 0.18112274465987002 25
1757630207297 0.10307607839354785 26
1757630207346 0.13922409132594943 27
1757630207394 0.09640559390697279 28
1757630207455 0.08151589731132108 29
1757630207526 0.16195336607084884 30
1757630207586 0.06472794283970267 31
1757630207639 0.1260923402101791 32
1757630207693 0.13067354826066366 33
1757630207743 0.10938895204005408 34
1757630207802 0.2475883053876134 35
1757630207862 0.1057214846942099 36
1757630207918 0.09933939166958705 37
1757630207970 0.10463164095844954 38
1757630208025 0.08427390070565499 39
1757630208088 0.07117771268666209 40
1757630208318 0.11713144921456756 41
1757630208388 0.12243392860397061 42
1757630208445 0.17308236972486082 43
1757630208518 0.07654037522945385 44
1757630208579 0.06999060266983348 45
1757630208630 0.18032142897756387 46
1757630208681 0.10778301524802066 47
1757630208734 0.13935016067856565 48
1757630208787 0.11138475510457864 49
1757630208840 0.18380504161004355 50
1757630208890 0.19457943630947713 51
1757630208940 0.07006119690791605 52
1757630208999 0.06655406339703265 53
1757630209047 0.10282527849621574 54
1757630209100 0.14930824021460531 55
1757630209161 0.07348673805248035 56
1757630209223 0.1826176084755596 57
1757630209285 0.16102037757009283 58
1757630209339 0.11346836652089781 59
1757630209388 0.08922343703512987 60
1757630209436 0.08224107560500613 61
1757630209484 0.18797475398397245 62
1757630209537 0.09074915707592814 63
1757630209586 0.10165389222977722 64
1757630209634 0.17424060241401418 65
1757630209683 0.07624628125962275 66
1757630209733 0.0929364248830024 67
1757630209782 0.10313737777910825 68
1757630209888 0.1790712855026489 69
1757630209939 0.11124319595769053 70
1757630210016 0.09905521374035135 71
1757630210067 0.0897988249562129 72
1757630210119 0.09448191976807066 73
1757630210168 0.09401885750957285 74
1757630210220 0.052243888875639556 75
1757630210273 0.14276871517854584 76
1757630210324 0.09536894633893687 77
1757630210381 0.12892791294813297 78
1757630210431 0.1344882458070522 79
1757630210495 0.15454147952057698 80
1757630210559 0.07246872181088722 81
