1757646144968 167.57283233891428 0
1757646145022 161.50030417228356 1
1757646145075 165.60295671521035 2
1757646145162 157.84239752254842 3
1757646145215 155.80111083043116 4
1757646145265 148.89169690673896 5
1757646145317 147.68555525097426 6
1757646145369 144.820071232638 7
1757646145425 147.73493596588187 8
1757646145477 143.69389179711106 9
1757646145551 138.41001111912036 10
1757646145630 143.8979354354835 11
1757646145681 136.6976454069922 12
1757646145733 135.2188519193223 13
1757646145788 134.08690671954125 14
1757646145847 127.15675762125723 15
1757646145899 123.30852969245275 16
1757646145951 128.63947857555564 17
1757646146007 115.52493891721271 18
1757646146059 126.07973964910288 19
1757646146111 119.59441868177454 20
1757646146163 112.12962857640024 21
1757646146214 115.71881822203265 22
1757646146267 110.25984947533604 23
1757646146333 110.46201825005726 24
1757646146387 107.56664895809575 25
1757646146440 105.80363108065659 26
1757646146493 100.50113623192085 27
1757646146546 101.17014137856555 28
1757646146599 98.16345554906003 29
1757646146657 99.97909058139088 30
1757646146711 91.03779943538436 31
1757646146763 98.93838929548437 32
1757646146816 91.63862611280234 33
1757646146869 93.25650937855718 34
1757646146923 95.9027598023973 35
1757646146975 87.01090197284603 36
1757646147029 90.95362356530309 37
1757646147083 83.82304527778724 38
1757646147136 84.14454617064935 39
1757646147190 80.43348004657655 40
1757646147299 81.9463816771368 41
1757646147356 80.3816794568929 42
1757646147412 79.5069348842394 43
1757646147467 78.92953664052533 44
1757646147523 74.61675982603757 45
1757646147578 75.90582451827886 46
1757646147630 75.73041011228776 47
1757646147683 73.63597566481961 48
1757646147735 71.76612533972457 49
1757646147789 72.54521595480645 50
1757646147842 68.10518690819346 51
1757646147902 68.56661982231812 52
1757646147956 68.0408950315787 53
1757646148010 63.97201443478415 54
1757646148063 67.68665117525934 55
1757646148115 61.67509596136218 56
1757646148168 65.6055746794008 57
1757646148222 60.34884027669894 58
1757646148275 59.02935113607592 59
1757646148328 59.31306302994446 60
1757646148386 59.065846472421654 61
1757646148441 57.16704949553778 62
1757646148494 53.958472617609324 63
1757646148549 55.181828012847774 64
1757646148603 56.63296438667776 65
1757646148658 56.5277027955161 66
1757646148710 53.61810914077367 67
1757646148765 49.63125853330991 68
1757646148820 51.35000121254846 69
1757646148873 47.71725362314668 70
1757646148926 53.00242385105299 71
1757646148981 49.679314291623704 72
1757646149042 48.76267694516051 73
1757646149110 47.76425772368321 74
1757646149340 45.63444920269694 75
1757646149410 41.92148535076214 76
1757646149464 44.485892909463125 77
1757646149519 42.634838332868064 78
1757646149573 42.498473768668426 79
1757646149626 43.016901818937896 80
1757646149678 41.65197740662605 81
1757646149732 39.633001434082374 82
1757646149783 40.61038438583709 83
1757646149835 39.25221068658114 84
1757646149906 36.70977556743814 85
1757646149962 37.549605652186564 86
1757646150015 39.6517524014645 87
1757646150067 38.07433134293129 88
1757646150121 37.38769189338677 89
1757646150173 36.01588605179366 90
1757646150225 34.882597439844815 91
1757646150276 32.17476404767188 92
1757646150328 31.53139866712072 93
1757646150381 35.18184502753449 94
1757646150432 33.26265655465466 95
1757646150483 33.64576953276026 96
1757646150536 30.585015230845347 97
1757646150589 33.21648641566047 98
1757646150642 30.536736677993872 99
1757646150694 29.25403070194995 100
1757646150747 29.767101621974145 101
1757646150799 30.27743314654997 102
1757646150855 28.86755923940794 103
1757646150907 30.539815850523183 104
1757646150959 27.803196007223644 105
1757646151010 28.595348183783297 106
1757646151063 25.232213168490844 107
1757646151115 27.444864315074224 108
1757646151167 26.38581478099004 109
1757646151219 24.193271482157662 110
1757646151272 23.56934515275939 111
1757646151325 24.68772044789102 112
1757646151378 22.495130992504883 113
1757646151430 22.279697070247458 114
1757646151483 24.461535390960282 115
1757646151535 22.36704845534784 116
1757646151588 23.121916785779216 117
1757646151641 23.850858511068672 118
1757646151693 21.208122146083735 119
1757646151746 20.427166544610298 120
1757646151798 20.507840986974124 121
1757646151851 20.383323155693237 122
1757646151929 19.858882039409494 123
1757646151987 20.859671979192978 124
1757646152041 20.029790572802177 125
1757646152094 20.191970741715576 126
1757646152147 19.423332215419393 127
1757646152201 18.10059006084514 128
1757646152261 18.719560211342884 129
1757646152316 16.038592118874845 130
1757646152397 17.254067820302744 131
1757646152463 17.0642459628457 132
1757646152530 16.829999906775896 133
1757646152611 17.84977356006649 134
1757646152668 16.455610502431416 135
1757646152725 15.359924500600538 136
1757646152801 15.735849442352636 137
1757646152928 15.322321278317172 138
1757646152990 15.370543626775046 139
1757646153052 15.093926265622189 140
1757646153117 15.10543676612941 141
1757646153182 14.720877402857525 142
1757646153249 14.729094807195619 143
1757646153332 14.680775154089702 144
1757646153396 13.859873410148237 145
1757646153460 13.526404765166614 146
1757646153532 13.433464805015754 147
1757646153620 12.985235522248676 148
1757646153682 12.595280666869584 149
1757646153745 11.72683951818639 150
1757646153803 12.043937129869411 151
1757646153861 11.935513841912488 152
1757646153922 12.291419951855302 153
1757646153985 11.343093348663457 154
1757646154050 11.530981282092828 155
1757646154154 12.000426879416985 156
1757646154277 11.02986227132812 157
1757646154333 11.129824856849167 158
1757646154416 11.124202630907597 159
1757646154474 10.760964655064734 160
1757646154547 10.304045417131004 161
1757646154608 11.22303981292221 162
1757646154668 10.52227111669805 163
1757646154727 9.018839432808194 164
1757646154785 10.40960643655877 165
1757646154841 9.70747072067613 166
1757646154897 9.476173190064575 167
1757646154952 10.578851913665694 168
1757646155008 8.851794759511884 169
1757646155085 9.70023877689855 170
1757646155142 8.296957502063371 171
1757646155210 8.8364243313566 172
1757646155348 8.878944317957988 173
1757646155430 8.565129405085681 174
1757646155490 8.625583237997132 175
1757646155551 8.733260521306248 176
1757646155616 7.262450380381516 177
1757646155672 7.900718865821926 178
1757646155728 7.997681974974634 179
1757646155803 7.060442608123351 180
1757646155859 7.457067344641181 181
1757646155916 7.242943998739763 182
1757646155972 7.132495144277617 183
1757646156033 6.381029711942667 184
1757646156089 7.313851631536181 185
1757646156169 7.175091313293404 186
1757646156226 6.7163997561074344 187
1757646156283 7.355531352118063 188
1757646156339 6.645986199771663 189
1757646156401 6.469069310586366 190
1757646156465 5.964996685810206 191
1757646156524 6.64064476753669 192
1757646156585 6.609614842649926 193
1757646156660 5.835878225390766 194
1757646156731 6.1313058530218045 195
1757646156797 6.325844750513701 196
1757646156859 5.064547890528671 197
1757646156920 6.13085014012361 198
1757646156983 4.878488938087899 199
1757646157042 4.977754262486759 200
1757646157100 5.062270470209024 201
1757646157158 5.417783394528151 202
1757646157219 5.09886376688239 203
1757646157278 5.035448865037037 204
1757646157355 5.078483216474649 205
1757646157412 4.896623115745164 206
1757646157468 4.989600642556432 207
1757646157525 4.71260939515091 208
1757646157587 4.774513564315635 209
1757646157647 4.3556273275328765 210
1757646157708 4.726551014090402 211
1757646157766 4.726286121618569 212
1757646157823 3.7869396019788497 213
1757646157880 4.32678690140363 214
1757646157936 4.321836454655617 215
1757646157994 4.2515013206088375 216
1757646158054 4.114281138902775 217
1757646158114 4.249385061841431 218
1757646158171 3.9206297183600434 219
1757646158228 4.026377038812974 220
1757646158284 3.6688352977121133 221
1757646158341 4.1767489145514825 222
1757646158399 3.397394641997807 223
1757646158456 3.4911507107418953 224
1757646158512 3.428120702973461 225
1757646158569 3.532937055365533 226
1757646158626 2.9351011418522357 227
1757646158683 3.335267285310635 228
1757646158740 3.9207132094592905 229
1757646158797 3.55300224540969 230
1757646158854 3.027973582523179 231
1757646158911 3.030896307533076 232
1757646158969 3.216263665608738 233
1757646159025 2.9281453795327934 234
1757646159097 3.1487425487495893 235
1757646159159 3.494020213199423 236
1757646159218 2.5358876059743625 237
1757646159277 3.2544534880761744 238
1757646159335 3.0303538906915475 239
1757646159392 2.801628727128468 240
1757646159450 3.170548198327017 241
1757646159507 2.621261060943856 242
1757646159563 2.345668856882513 243
1757646159621 2.38423138723179 244
1757646159678 2.381456192231638 245
1757646159736 2.633071144529919 246
1757646159794 2.398678652933043 247
1757646159852 2.3865384613490206 248
1757646159909 2.323138633845252 249
1757646159966 3.0320860112703847 250
1757646160022 2.4003065147547047 251
1757646160084 2.8135001311370087 252
1757646160145 2.347630308085793 253
1757646160204 1.8687500361524474 254
1757646160263 2.2751031427413895 255
1757646160320 1.9992943808974466 256
1757646160378 2.5728170342334873 257
1757646160435 2.422959520707285 258
1757646160493 2.1345350805141585 259
1757646160550 1.9499126677420642 260
1757646160609 2.0137190168817147 261
1757646160666 2.075170784336096 262
1757646160724 1.9728320042478547 263
1757646160781 2.0335121808109107 264
1757646160839 1.86850726056188 265
1757646160897 1.8438350329541897 266
1757646160955 1.9553188379656605 267
1757646161014 1.6797678324246907 268
1757646161072 1.9392625492119795 269
1757646161130 1.7809566059036106 270
1757646161188 1.570505211749445 271
1757646161246 1.7903723980230606 272
1757646161304 1.8616518180844719 273
1757646161362 2.2520205835990263 274
1757646161421 1.2352034551463438 275
1757646161479 1.7796071441134174 276
1757646161538 1.2549429827659622 277
1757646161597 1.6968039238708612 278
1757646161656 1.585988388673888 279
1757646161715 1.5913176331460714 280
1757646161773 1.2834878516634334 281
1757646161833 1.2920505510031242 282
1757646161893 1.600036564220353 283
1757646161950 1.3610252564009235 284
1757646162010 1.651029370420178 285
1757646162068 1.2588336586611992 286
1757646162132 1.8118883796327199 287
1757646162192 1.2642269829111406 288
1757646162260 1.1198505471984193 289
1757646162514 1.2272628375341446 290
1757646162645 1.44865395917044 291
1757646162708 1.2655831214039996 292
1757646162771 1.2086515609681043 293
1757646162835 1.3959428790257524 294
1757646162898 1.2319046048132303 295
1757646162963 1.1269041031953315 296
1757646163025 1.2012580742427663 297
1757646163085 0.9829624421039467 298
1757646163148 1.2970129771783665 299
1757646163209 1.2041563528135304 300
1757646163269 0.9758047414219558 301
1757646163330 1.0420104801597097 302
1757646163390 1.1017593329532789 303
1757646163451 0.9876658462126925 304
1757646163511 0.9584117603059925 305
1757646163571 1.0602406777323246 306
1757646163632 0.9443351508310397 307
1757646163694 0.9513209833202272 308
1757646163754 0.7476293808473105 309
1757646163815 1.0571022634519576 310
1757646163876 0.8588193155930063 311
1757646163937 0.8489536206827697 312
1757646163998 0.7672085281762883 313
1757646164066 0.8348801115303113 314
1757646164155 0.8962535742064999 315
1757646164223 0.8881913035487636 316
1757646164287 1.23170571212398 317
1757646164349 0.947369854408536 318
1757646164410 0.8622083934344942 319
1757646164472 0.7677421304216144 320
1757646164533 0.8499864555026062 321
1757646164594 0.7306729488304075 322
1757646164655 0.7195096013412919 323
1757646164716 0.722892910031727 324
1757646164777 0.7533198379996501 325
1757646164837 0.7337601509001738 326
1757646164899 0.850836805726435 327
1757646164961 0.796704851565574 328
1757646165021 0.7244307487892502 329
1757646165083 0.6737557988827353 330
1757646165146 0.8772260747383913 331
1757646165210 0.866117363056526 332
1757646165271 0.9391056276778199 333
1757646165332 0.5746240777748903 334
1757646165393 0.7208383547261834 335
1757646165454 0.6354437497411559 336
1757646165514 0.6870070041211157 337
1757646165575 0.6676389251969616 338
1757646165635 0.7917257093087844 339
1757646165696 0.7289766194809697 340
1757646165786 0.7074645110760432 341
1757646165853 0.5672210847005663 342
1757646165916 0.4809377752076612 343
1757646165980 0.5501526373037668 344
1757646166042 0.6284685943254069 345
1757646166103 0.5343311103769833 346
1757646166165 0.7024844073152461 347
1757646166232 0.5426192932327581 348
1757646166294 0.4739030654636043 349
1757646166355 0.6065050070003344 350
1757646166417 0.6138617297758385 351
1757646166480 0.5550516032572143 352
1757646166542 0.5823883095544014 353
1757646166604 0.7676855973434802 354
1757646166668 0.4677860582805309 355
1757646166730 0.4000442285567021 356
1757646166797 0.514160565805235 357
1757646166859 0.5817845770599411 358
1757646166921 0.5233137108994034 359
1757646166983 0.35129122640311705 360
1757646167049 0.45517238764415496 361
1757646167111 0.5258996104033038 362
1757646167173 0.5963743343957043 363
1757646167240 0.5481787263379436 364
1757646167305 0.347242842756385 365
1757646167367 0.3486457898655966 366
1757646167428 0.458620368132571 367
1757646167491 0.5795357327855185 368
1757646167553 0.4823615795089599 369
1757646167615 0.43149460944854556 370
1757646167677 0.35697262210798486 371
1757646167739 0.36788948667077703 372
1757646167803 0.542627983904191 373
1757646167865 0.29951092353108405 374
1757646167927 0.5711728137171924 375
1757646167990 0.40806368077305255 376
1757646168052 0.35510099522091065 377
1757646168115 0.36925750825881504 378
1757646168178 0.4253528468828582 379
1757646168246 0.31932647288668164 380
1757646168311 0.3643817675559595 381
1757646168377 0.40618346394206245 382
1757646168440 0.45480435608298464 383
1757646168503 0.3879715914331496 384
1757646168566 0.2565962626549546 385
1757646168628 0.3880561620731063 386
1757646168691 0.44063765815505607 387
1757646168754 0.5062837385731951 388
1757646168817 0.44601235844336984 389
1757646168880 0.4114150790128745 390
1757646168942 0.4654588167871753 391
1757646169005 0.4045984676662274 392
1757646169080 0.22826178922552198 393
1757646169154 0.3320130584060713 394
1757646169219 0.37746747031014233 395
1757646169285 0.22853976229076203 396
1757646169350 0.2544646526709858 397
1757646169415 0.5569815788412725 398
1757646169481 0.3358643216812468 399
1757646169544 0.2845058505294502 400
1757646169609 0.3658146567942628 401
1757646169672 0.321025548852112 402
1757646169735 0.3045406336906878 403
1757646169799 0.2576524889675838 404
1757646169862 0.3252408337785829 405
1757646169926 0.1820386240476683 406
1757646169989 0.29194329573640826 407
1757646170056 0.2972865590583372 408
1757646170121 0.20393535084487385 409
1757646170186 0.2758164191601317 410
1757646170252 0.3186848624816973 411
1757646170331 0.39645123009129407 412
1757646170397 0.278397973094214 413
1757646170460 0.2828511754074427 414
1757646170525 0.2277105856835186 415
1757646170589 0.3568230820232351 416
1757646170653 0.37983378940705625 417
1757646170758 0.2409582339624779 418
1757646170832 0.19296681117435596 419
1757646170899 0.3262096187015539 420
1757646170966 0.29715072764991074 421
1757646171034 0.33751959793630776 422
1757646171100 0.20426966575725536 423
1757646171166 0.33611631087304283 424
1757646171232 0.34656914690372453 425
1757646171298 0.2713964564607982 426
1757646171364 0.15825406680001033 427
1757646171430 0.21360737590042475 428
1757646171496 0.20194800576402838 429
1757646171561 0.2621500197517363 430
1757646171626 0.16879994890203703 431
1757646171691 0.2720222716636715 432
1757646171755 0.20393077283619687 433
1757646171821 0.12428304914622235 434
1757646171886 0.24469703985389094 435
1757646171950 0.2562154377240599 436
1757646172016 0.23642651695578074 437
1757646172079 0.21562308347090295 438
1757646172144 0.23112679901499458 439
1757646172210 0.13792060507370343 440
1757646172275 0.25409463758389245 441
1757646172347 0.3037338097477637 442
1757646172415 0.17186088995405524 443
1757646172481 0.23766527047390593 444
1757646172547 0.23361111731690096 445
1757646172613 0.18024340274169962 446
1757646172677 0.28807419785336613 447
1757646172741 0.1823260328543531 448
1757646172809 0.22236485554883828 449
1757646172875 0.3319798251851423 450
1757646172940 0.3056020328601641 451
1757646173004 0.2337287099656918 452
1757646173071 0.23172324667887367 453
1757646173137 0.21507404289331136 454
1757646173202 0.21937201715626084 455
1757646173268 0.19676661876873666 456
1757646173333 0.09708144600120551 457
1757646173399 0.2620406877470505 458
1757646173465 0.2991144895063649 459
1757646173532 0.20983898141705695 460
1757646173598 0.17875600952090942 461
1757646173663 0.16303579217501363 462
1757646173729 0.18821021189934223 463
1757646173795 0.20004798358760909 464
1757646173860 0.25681511249690564 465
1757646173926 0.21619328238802993 466
1757646173991 0.22720565170127485 467
1757646174065 0.1911240201994207 468
1757646174165 0.2357701751863802 469
1757646174238 0.14310368081347052 470
1757646174306 0.16980871408125375 471
1757646174384 0.21973128756082885 472
1757646174451 0.2556752809686448 473
1757646174518 0.2767831659759356 474
1757646174587 0.1804338981304437 475
1757646174653 0.28415036449118575 476
1757646174720 0.17191072709299077 477
1757646174788 0.18834826076698305 478
1757646174857 0.15437171926647045 479
1757646174925 0.1381648609329591 480
1757646174992 0.1499387392947301 481
1757646175061 0.14809469778328965 482
1757646175129 0.14716221489280293 483
1757646175198 0.20902136123213286 484
1757646175265 0.10423345589857765 485
1757646175332 0.1873996228894965 486
1757646175400 0.1859027830511686 487
1757646175469 0.19888155921977163 488
1757646175537 0.16054319570215955 489
1757646175605 0.19533494401882856 490
1757646175762 0.2027789780598809 491
1757646175835 0.19108927879141321 492
1757646175907 0.17429963987137362 493
1757646175979 0.10279461906001709 494
1757646176049 0.181836886937948 495
1757646176118 0.16865304133215006 496
1757646176187 0.19385986315454432 497
1757646176255 0.22025963516782882 498
1757646176322 0.0768019611787086 499
