1757646114348 161.23322035235952 0
1757646114401 163.9182880210481 1
1757646114452 162.94532967873718 2
1757646114506 154.68915312850314 3
1757646114558 159.10058568205565 4
1757646114645 151.79628844963997 5
1757646114699 153.7870342172524 6
1757646114753 143.50423284118662 7
1757646114805 150.77534234469294 8
1757646114858 140.3062394374927 9
1757646114921 137.42733762284263 10
1757646114973 135.5166119360758 11
1757646115025 135.15423869910305 12
1757646115078 130.76589844867192 13
1757646115140 130.80341597994317 14
1757646115209 132.24136553274127 15
1757646115274 127.35527112296901 16
1757646115329 126.10868350029898 17
1757646115384 122.7675498523454 18
1757646115438 119.899996922652 19
1757646115490 118.18532270962041 20
1757646115543 115.85101992546873 21
1757646115603 115.31710049423837 22
1757646115655 112.51857773396723 23
1757646115707 109.5592480705935 24
1757646115760 106.45105514491735 25
1757646115815 104.52192122397305 26
1757646115869 102.68519647075485 27
1757646115926 103.54661755850941 28
1757646115980 101.92333629246845 29
1757646116033 97.54064185624233 30
1757646116087 93.84940447663816 31
1757646116140 97.47063789158938 32
1757646116197 94.2932310479423 33
1757646116249 89.73330373470034 34
1757646116302 90.6411424712445 35
1757646116355 88.35710909011196 36
1757646116408 83.03235647733057 37
1757646116462 83.50214765449115 38
1757646116514 84.43274506379426 39
1757646116568 84.98776796470467 40
1757646116621 83.27175761234595 41
1757646116675 80.8154142693783 42
1757646116728 79.07929623065614 43
1757646116782 77.21684288190733 44
1757646116834 76.76310605599733 45
1757646116887 77.9168392360025 46
1757646116941 73.68791696349666 47
1757646116992 72.9696425020997 48
1757646117045 70.0094658316289 49
1757646117099 69.29720044780518 50
1757646117152 69.58548941037635 51
1757646117205 67.79617309451731 52
1757646117259 67.36455179518246 53
1757646117320 63.27293122956774 54
1757646117375 64.02133211251848 55
1757646117429 64.02975116112164 56
1757646117484 62.07780647272897 57
1757646117538 61.99359100851481 58
1757646117589 60.77544835064763 59
1757646117645 58.963326569445556 60
1757646117698 57.16015382387249 61
1757646117751 58.79658646738212 62
1757646117804 56.65750004196664 63
1757646117858 53.54316198900221 64
1757646117911 54.127781904767815 65
1757646117964 55.00603943360178 66
1757646118019 53.05196132491758 67
1757646118073 52.09806647958454 68
1757646118126 50.273645962568786 69
1757646118181 52.84075397746453 70
1757646118238 50.42993270720147 71
1757646118290 47.797803373202996 72
1757646118342 47.138675868401144 73
1757646118397 47.43888687518758 74
1757646118451 44.786994833831166 75
1757646118504 45.5152824364869 76
1757646118557 43.12130753123581 77
1757646118613 43.562997976208436 78
1757646118667 41.712775394529245 79
1757646118722 43.02083058872505 80
1757646118776 39.99502102315053 81
1757646118830 41.403012953741005 82
1757646118884 39.091549215716825 83
1757646118937 40.660650120773205 84
1757646118992 39.41136656002518 85
1757646119054 37.03318627126591 86
1757646119119 35.89145350744725 87
1757646119175 37.37705312871403 88
1757646119229 34.4902470546326 89
1757646119284 35.93388989543084 90
1757646119346 33.61728023338222 91
1757646119403 34.91712421975844 92
1757646119457 32.778043690039155 93
1757646119511 32.42867377689178 94
1757646119565 31.788416981831304 95
1757646119619 32.26419052268896 96
1757646119674 31.881632140660795 97
1757646119728 31.92253757370648 98
1757646119783 30.07575348317216 99
1757646119836 30.66423089834783 100
1757646119892 29.541855882466162 101
1757646119948 29.118057718723165 102
1757646120003 27.746736175763566 103
1757646120061 28.10527732476528 104
1757646120117 26.626716956165914 105
1757646120172 27.669099251422686 106
1757646120226 27.34044010301101 107
1757646120280 24.333571087066286 108
1757646120334 25.118533197078023 109
1757646120388 24.57380312217181 110
1757646120443 23.507932819565664 111
1757646120496 23.374934320886638 112
1757646120550 23.40489257511489 113
1757646120605 24.174973274710055 114
1757646120659 23.63783017951546 115
1757646120715 22.96558152957813 116
1757646120770 22.216962113750697 117
1757646120825 21.634555919483226 118
1757646120880 21.254386067957775 119
1757646120935 21.318959173515246 120
1757646120989 20.52168147040208 121
1757646121043 20.84481488376551 122
1757646121096 19.19477783128655 123
1757646121151 19.77919066322823 124
1757646121210 19.5967266738637 125
1757646121267 18.308872406009957 126
1757646121323 18.76572606170005 127
1757646121385 17.95638498567649 128
1757646121440 19.16185483794373 129
1757646121496 18.010790217457306 130
1757646121551 17.669659376294526 131
1757646121606 17.508936322193854 132
1757646121660 17.16371395529022 133
1757646121716 16.912340284374363 134
1757646121771 16.29045278016525 135
1757646121826 15.964270163340544 136
1757646121883 15.824957312034249 137
1757646121939 17.48260332487344 138
1757646121995 15.09853650880284 139
1757646122051 15.279714752226626 140
1757646122108 15.60207890500009 141
1757646122163 15.139352122921409 142
1757646122219 14.61840239598814 143
1757646122275 14.104505246021082 144
1757646122525 14.080515628173353 145
1757646122583 13.099697637875051 146
1757646122640 13.400842343602905 147
1757646122698 13.725996318395454 148
1757646122758 13.056183482844647 149
1757646122815 12.500604974162293 150
1757646122871 11.24596512038956 151
1757646122927 13.04747562650386 152
1757646122982 12.346606585931037 153
1757646123037 11.961128755481845 154
1757646123092 11.769034957366557 155
1757646123148 11.7137224133027 156
1757646123204 11.715423689970935 157
1757646123260 10.92974428247357 158
1757646123316 10.731437612315231 159
1757646123376 10.506835698777106 160
1757646123439 10.459445339045791 161
1757646123502 10.026635127814167 162
1757646123559 10.349325980642128 163
1757646123614 10.194314674985602 164
1757646123669 9.721968298488983 165
1757646123725 9.492713552822499 166
1757646123781 9.185508191958029 167
1757646123838 9.515980617177936 168
1757646123894 9.27456976054514 169
1757646123949 8.993887152155436 170
1757646124007 8.817800020897383 171
1757646124075 9.671624657991728 172
1757646124158 9.048750264845351 173
1757646124217 8.041175175423081 174
1757646124273 7.818329157568673 175
1757646124329 7.587768942937275 176
1757646124385 7.990015456018803 177
1757646124442 7.3125089905910485 178
1757646124501 6.821952489144644 179
1757646124589 6.534394277872374 180
1757646124668 7.87992259684414 181
1757646124851 7.5280795440733685 182
1757646124912 7.059532552011382 183
1757646124972 7.376499184598333 184
1757646125033 7.106949839727848 185
1757646125089 6.44626350546412 186
1757646125148 7.260414668497104 187
1757646125205 6.470778063270776 188
1757646125263 5.916263045125524 189
1757646125320 6.5317013193878015 190
1757646125376 6.450584363956379 191
1757646125443 6.364387247970683 192
1757646125500 6.112551812726276 193
1757646125562 5.604337978351168 194
1757646125618 5.8184282366297815 195
1757646125674 5.5874946734165585 196
1757646125731 5.624563419153994 197
1757646125787 5.637770151234055 198
1757646125874 5.579874191993481 199
1757646125937 6.262949838929787 200
1757646125999 5.141777627361449 201
1757646126062 4.702402421006089 202
1757646126122 4.943524841224427 203
1757646126181 5.068139664275971 204
1757646126239 5.243542617893123 205
1757646126296 5.2352753996018615 206
1757646126355 5.239690545574802 207
1757646126411 4.564143891883549 208
1757646126467 4.192902567131248 209
1757646126524 4.515409069867631 210
1757646126582 4.523517489305751 211
1757646126639 4.627841845297734 212
1757646126698 4.061287563302303 213
1757646126756 4.098279064059048 214
1757646126814 4.578204554581338 215
1757646126872 4.097076615483648 216
1757646126930 4.987366305432629 217
1757646126987 3.7740769725133156 218
1757646127046 3.919554002403133 219
1757646127103 4.058371810604475 220
1757646127162 3.9601332345988802 221
1757646127219 3.2971049236578556 222
1757646127277 3.7970176743892883 223
1757646127334 3.544816587858539 224
1757646127398 3.6017234324239866 225
1757646127461 3.165093027291907 226
1757646127523 3.6000628814222995 227
1757646127581 3.3177439318514654 228
1757646127640 2.871321350541801 229
1757646127697 3.2114545343189844 230
1757646127754 2.868960494702397 231
1757646127812 2.6222316288812006 232
1757646127869 3.127217863920029 233
1757646127926 3.141669084675098 234
1757646127984 3.589701107022976 235
1757646128042 2.9549431064401843 236
1757646128100 2.8557439187635527 237
1757646128158 2.9472228895089017 238
1757646128217 2.9371310307124547 239
1757646128276 3.283140285979974 240
1757646128337 2.7836779864937373 241
1757646128397 3.4092888558919956 242
1757646128454 2.959143538603679 243
1757646128512 3.0292656625713192 244
1757646128570 2.8825905180421203 245
1757646128627 2.482866107452684 246
1757646128685 2.22438357724193 247
1757646128743 2.4625006189410334 248
1757646128802 2.245207509077705 249
1757646128860 2.3576827295667964 250
1757646128919 2.503948336970839 251
1757646128977 2.016475752044756 252
1757646129040 2.3087327310737367 253
1757646129114 2.1654575916677277 254
1757646129173 2.1646035749638486 255
1757646129231 2.2020042580615944 256
1757646129290 1.9614703573630436 257
1757646129348 2.1755015912346485 258
1757646129407 2.0925855896964127 259
1757646129466 2.135588213093178 260
1757646129533 1.688031832934542 261
1757646129592 2.095510977448625 262
1757646129651 1.8734383769932124 263
1757646129708 1.7116607065384366 264
1757646129766 2.0763011577173436 265
1757646129836 1.8107852210953626 266
1757646129895 1.7121533590863054 267
1757646129952 1.7285832380840147 268
1757646130012 1.7147897321262906 269
1757646130071 1.9749347906838297 270
1757646130132 1.6423612986538365 271
1757646130191 1.6838726514429283 272
1757646130250 1.5830968350209313 273
1757646130308 1.5976450233688715 274
1757646130366 1.7794528854665304 275
1757646130425 1.7437501717107957 276
1757646130484 1.5928885479308865 277
1757646130541 1.5024015832105277 278
1757646130599 1.3508192015244924 279
1757646130659 1.3134322104973846 280
1757646130718 1.7800416176683138 281
1757646130778 1.396915042871667 282
1757646130836 1.6524898022722156 283
1757646130895 1.4293261248256568 284
1757646130953 1.3359566325879906 285
1757646131011 1.5443223924792946 286
1757646131070 1.5223315709265166 287
1757646131128 1.5162523673125265 288
1757646131188 1.1485818342610141 289
1757646131247 1.430314524582072 290
1757646131307 1.0356256690197532 291
1757646131366 1.1843112538320142 292
1757646131426 1.240779314750009 293
1757646131485 1.1833251373849576 294
1757646131551 1.3715091249223623 295
1757646131613 0.975622250739032 296
1757646131671 1.2300031422450668 297
1757646131729 1.29502911070991 298
1757646131789 1.0339868118390296 299
1757646131848 1.0444204372515993 300
1757646131908 1.202198766922792 301
1757646131970 1.1159553141479475 302
1757646132030 1.1094232488522529 303
1757646132093 1.1486108467896805 304
1757646132153 0.9498598311830452 305
1757646132212 0.9666342483614945 306
1757646132271 0.9042192089868137 307
1757646132329 1.0874607239413725 308
1757646132392 1.0973869755426453 309
1757646132452 1.108975801785542 310
1757646132511 0.9741115048030179 311
1757646132573 1.0133655458218507 312
1757646132632 0.9057566493944409 313
1757646132694 0.8830857466838202 314
1757646132754 0.9398121110432227 315
1757646132814 0.8462761350424386 316
1757646132872 0.7930980579878222 317
1757646132932 0.7497553242913233 318
1757646132991 0.8575173423321922 319
1757646133053 0.9558067435578893 320
1757646133112 0.7682049208377222 321
1757646133171 0.8517697068084216 322
1757646133232 0.835274434785895 323
1757646133293 0.865828336965524 324
1757646133353 0.5854711918844372 325
1757646133413 0.8012529554241774 326
1757646133472 0.9251489771532511 327
1757646133531 0.6988888449720042 328
1757646133596 0.576878511278204 329
1757646133656 0.6813743368335674 330
1757646133716 0.8804840294706482 331
1757646133775 0.8368609121081012 332
1757646133835 0.5931325760906304 333
1757646133895 0.5702966074633544 334
1757646133955 0.5973959848445611 335
1757646134015 0.67323336532716 336
1757646134088 0.7337384204354249 337
1757646134174 0.6005442536142981 338
1757646134234 0.6551756783676702 339
1757646134294 0.4396083324048663 340
1757646134353 0.4456100041132178 341
1757646134413 0.48650800788067505 342
1757646134473 0.3220473738728043 343
1757646134535 0.6160927797128081 344
1757646134596 0.4902310839701235 345
1757646134656 0.5065625385047501 346
1757646134717 0.5925585516073669 347
1757646134777 0.6056472487791289 348
1757646134837 0.5329446784411902 349
1757646134897 0.5252403245257824 350
1757646134958 0.6534779026503809 351
1757646135018 0.5386570406656295 352
1757646135077 0.58323446883566 353
1757646135140 0.4627730077027785 354
1757646135203 0.5195182164858199 355
1757646135266 0.6048313370853461 356
1757646135327 0.5820444824754978 357
1757646135387 0.41589484640423435 358
1757646135448 0.4920506006764705 359
1757646135511 0.501322904507571 360
1757646135576 0.38186782963020105 361
1757646135642 0.4990654611098473 362
1757646135703 0.5332054100722999 363
1757646135764 0.421572028654842 364
1757646135825 0.5226510456721277 365
1757646135888 0.3995546752034158 366
1757646135948 0.5208576792070405 367
1757646136012 0.37528570422099505 368
1757646136075 0.41076814550001967 369
1757646136134 0.35312568830437274 370
1757646136196 0.4893612033091099 371
1757646136257 0.3915726253192876 372
1757646136319 0.42297228442453894 373
1757646136379 0.5160278675546979 374
1757646136440 0.28492389021910985 375
1757646136501 0.376374378001458 376
1757646136564 0.3866204154495018 377
1757646136626 0.31238794749353443 378
1757646136688 0.45091225087942244 379
1757646136749 0.3905297821631109 380
1757646136810 0.5920945759071684 381
1757646136870 0.2916464784466697 382
1757646136931 0.4320019156467781 383
1757646136993 0.332380846992898 384
1757646137055 0.4635485402204809 385
1757646137117 0.4158914754231399 386
1757646137178 0.24794317817118808 387
1757646137240 0.270231350625532 388
1757646137303 0.2662504743474211 389
1757646137366 0.26043919134605 390
1757646137427 0.27057238201760253 391
1757646137489 0.5169554717096436 392
1757646137550 0.33253587457469047 393
1757646137610 0.3544667050791704 394
1757646137677 0.3295960453386884 395
1757646137739 0.24895972547666265 396
1757646137799 0.3514958502784328 397
1757646137861 0.4043253025821885 398
1757646137923 0.3055279264260237 399
1757646137985 0.2754256964782357 400
1757646138047 0.4358615183082685 401
1757646138109 0.24524932144238532 402
1757646138169 0.28165262005455655 403
1757646138230 0.28470842572077326 404
1757646138292 0.3706823860369448 405
1757646138353 0.24799448387879558 406
1757646138415 0.3750214012340044 407
1757646138477 0.27421001846565024 408
1757646138539 0.327346300099298 409
1757646138601 0.33429852209096383 410
1757646138662 0.42040668605008125 411
1757646138723 0.25093061624968105 412
1757646138784 0.2521616470615948 413
1757646138845 0.2386966829278467 414
1757646138906 0.20236882063315417 415
1757646138967 0.23146367537897444 416
1757646139029 0.2258157652729585 417
1757646139108 0.21766748612371528 418
1757646139171 0.200317586798785 419
1757646139234 0.2900636304607468 420
1757646139296 0.24749010851311554 421
1757646139357 0.292437357005968 422
1757646139419 0.3600972931414358 423
1757646139480 0.2369490035849961 424
1757646139542 0.30109114540742987 425
1757646139603 0.2387194456518619 426
1757646139665 0.1548913595200392 427
1757646139733 0.3160534809198445 428
1757646139797 0.2636022551232815 429
1757646139860 0.18023032908518888 430
1757646139922 0.2593188074786175 431
1757646139985 0.2327919018692142 432
1757646140048 0.2002228012705593 433
1757646140110 0.2113731920809094 434
1757646140174 0.24461483926948216 435
1757646140239 0.21296761860774044 436
1757646140302 0.2208505780743211 437
1757646140364 0.16240846791151478 438
1757646140427 0.14396521299113196 439
1757646140490 0.28513117718026587 440
1757646140553 0.2829044068734137 441
1757646140615 0.12254740434237317 442
1757646140679 0.20982883329531019 443
1757646140741 0.21447726090225266 444
1757646140806 0.17641354348122543 445
1757646140874 0.2096933805970596 446
1757646140941 0.22261406991628474 447
1757646141009 0.22809488423146898 448
1757646141106 0.20308268660006334 449
1757646141227 0.3122888481533341 450
1757646141315 0.18340907227134798 451
1757646141395 0.1630939587893078 452
1757646141459 0.20023300353535867 453
1757646141526 0.19913677799520035 454
1757646141842 0.20003141513722178 455
1757646142020 0.1355168948562831 456
1757646142090 0.12841159995080373 457
1757646142158 0.16112796853645653 458
1757646142223 0.17018429120525594 459
1757646142288 0.14257371780768582 460
1757646142354 0.2154366963234555 461
1757646142418 0.17002641069384228 462
1757646142478 0.1946325393391477 463
1757646142538 0.12204903006656606 464
1757646142598 0.25895726093064647 465
1757646142658 0.22500290382235452 466
1757646142717 0.22437038197007708 467
1757646142777 0.13829333816867637 468
1757646142837 0.13651100557376344 469
1757646142898 0.09698007914645383 470
1757646142959 0.17667019504289422 471
1757646143020 0.16741084917710436 472
1757646143080 0.18979847790006363 473
1757646143139 0.12515211911401736 474
1757646143199 0.08617581267744308 475
1757646143258 0.23552624020896654 476
1757646143321 0.28742501620525257 477
1757646143385 0.17403207516949912 478
1757646143448 0.20355832428600687 479
1757646143513 0.15583274165778083 480
1757646143577 0.21040140583252562 481
1757646143665 0.22225569920923696 482
1757646143730 0.1820026720781019 483
1757646143800 0.18670127203232692 484
1757646143863 0.1360842627241151 485
1757646143946 0.23411439307708698 486
1757646144008 0.13063721965164507 487
1757646144084 0.16807274308200099 488
1757646144174 0.12172278018590271 489
1757646144237 0.2877206105177679 490
1757646144302 0.1539239008375777 491
1757646144366 0.19496149547666605 492
1757646144453 0.1453736564376399 493
1757646144516 0.16894818363044908 494
1757646144580 0.15594089863485486 495
1757646144643 0.23272219451177206 496
1757646144707 0.13258490983402255 497
1757646144791 0.1571134825325218 498
1757646144857 0.18732865141851848 499
