1757647779494 168.87672819721146 0
1757647779556 168.5395344823059 1
1757647779615 168.203342719227 2
1757647779771 167.8677927965738 3
1757647779832 167.53294309784883 4
1757647779893 167.19875953382228 5
1757647779951 166.86521957946084 6
1757647780008 166.53237005279476 7
1757647780070 166.20018849341054 8
1757647780127 165.8686556096815 9
1757647780185 165.53778509607994 10
1757647780243 165.207575586635 11
1757647780307 164.87804079524815 12
1757647780364 164.54914658108854 13
1757647780424 164.22091512008117 14
1757647780481 163.89335160993264 15
1757647780538 163.56642472907998 16
1757647780597 163.24015658283915 17
1757647780654 162.91454959864433 18
1757647780713 162.58958125996458 19
1757647780778 162.26526172750454 20
1757647780842 161.94160543501764 21
1757647780899 161.61857802855803 22
1757647780956 161.29620132592697 23
1757647781012 160.97447817351787 24
1757647781068 160.65338596523148 25
1757647781124 160.33293458541195 26
1757647781178 160.0131388748534 27
1757647781232 159.69397917333617 28
1757647781291 159.37543264872983 29
1757647781347 159.0575499235465 30
1757647781402 158.74029934283806 31
1757647781457 158.42365810566093 32
1757647781513 158.1076739233786 33
1757647781572 157.7923240576327 34
1757647781627 157.47757371768594 35
1757647781683 157.1634826639709 36
1757647781739 156.850016175543 37
1757647781796 156.53715136919092 38
1757647781853 156.22493616399188 39
1757647781910 155.91334773898188 40
1757647781967 155.60235122695616 41
1757647782023 155.29200658950384 42
1757647782080 154.98228202433293 43
1757647782136 154.6731455508617 44
1757647782192 154.3646573285393 45
1757647782248 154.05678243078964 46
1757647782309 153.7495125265682 47
1757647782370 153.442851935115 48
1757647782427 153.1368084969192 49
1757647782484 152.83138656311232 50
1757647782540 152.5265632754734 51
1757647782686 152.22234732595223 52
1757647782742 151.9187553342486 53
1757647782797 151.61575232604116 54
1757647782853 151.31335894846498 55
1757647782909 151.01158295468758 56
1757647782964 150.71039230213685 57
1757647783021 150.40980758723563 58
1757647783078 150.10983365545133 59
1757647783134 149.81044760670017 60
1757647783191 149.5116576683566 61
1757647783247 149.2134811105218 62
1757647783303 148.9158827565715 63
1757647783359 148.61888295466255 64
1757647783415 148.3224869149783 65
1757647783472 148.0266716634011 66
1757647783527 147.73144518162303 67
1757647783583 147.43682510112785 68
1757647783638 147.14279365712915 69
1757647783695 146.849332119278 70
1757647783751 146.55646067004315 71
1757647783807 146.2641848879421 72
1757647783864 145.97248173879703 73
1757647783919 145.68135885442672 74
1757647783975 145.390834417358 75
1757647784032 145.1008729314509 76
1757647784088 144.8114943421836 77
1757647784149 144.52270457644477 78
1757647784206 144.2344805309431 79
1757647784264 143.94682960113718 80
1757647784338 143.65977031655393 81
1757647784405 143.37327022905043 82
1757647784464 143.08733966763378 83
1757647784523 142.80199742909502 84
1757647784595 142.51720782187488 85
1757647784655 142.2329905213473 86
1757647784714 141.9493518964248 87
1757647784773 141.66626881682024 88
1757647784832 141.3837482440373 89
1757647784892 141.10180931209396 90
1757647784951 140.82041626071498 91
1757647785009 140.53958854125764 92
1757647785066 140.25933285303003 93
1757647785123 139.9796260015568 94
1757647785180 139.70047787433174 95
1757647785238 139.42189845247617 96
1757647785297 139.14387877526033 97
1757647785354 138.86638276057982 98
1757647785414 138.58947279489746 99
1757647785473 138.31311285737362 100
1757647785532 138.03727960921242 101
1757647785589 137.76202274688484 102
1757647785647 137.4873189885566 103
1757647785706 137.213132187864 104
1757647785793 136.93952489774807 105
1757647785853 136.66646103229436 106
1757647785912 136.39393175684205 107
1757647785971 136.12194646443731 108
1757647786028 135.85051582277316 109
1757647786085 135.57961657220847 110
1757647786143 135.3092547102375 111
1757647786201 135.0394507893792 112
1757647786258 134.77016855549925 113
1757647786316 134.50142687190626 114
1757647786377 134.23323347626166 115
1757647786438 133.96556505172236 116
1757647786497 133.69842738523695 117
1757647786555 133.43184133778936 118
1757647786613 133.1657705923492 119
1757647786671 132.90023381044784 120
1757647786730 132.63524227946507 121
1757647786786 132.37076284494432 122
1757647786850 132.10681414463338 123
1757647786908 131.84340429481685 124
1757647786966 131.58050996935006 125
1757647787025 131.3181515386064 126
1757647787084 131.05630549454833 127
1757647787143 130.79498023298999 128
1757647787203 130.53419428358234 129
1757647787264 130.27391093915222 130
1757647787321 130.01416585507155 131
1757647787380 129.75492572531536 132
1757647787440 129.49619896208188 133
1757647787499 129.23800745401888 134
1757647787557 128.98031447061982 135
1757647787614 128.72313834910537 136
1757647787674 128.466487776308 137
1757647787730 128.21033933771977 138
1757647787788 127.95469792576549 139
1757647787847 127.69958571555402 140
1757647787905 127.44496591879853 141
1757647787963 127.19087201121185 142
1757647788021 126.93726700217687 143
1757647788080 126.68417336049764 144
1757647788139 126.43159920937934 145
1757647788197 126.17951081568071 146
1757647788260 125.92793088317994 147
1757647788317 125.67686399590956 148
1757647788375 125.4262865684553 149
1757647788441 125.17620789351236 150
1757647788504 124.9266460076784 151
1757647788564 124.67756375016182 152
1757647788623 124.42898409796125 153
1757647788682 124.18091144715578 154
1757647788740 123.93333776125459 155
1757647788799 123.68622923179221 156
1757647788857 123.43964024170276 157
1757647788915 123.19354729280064 158
1757647788973 122.94791306554967 159
1757647789033 122.70280232344025 160
1757647789092 122.45817780127368 161
1757647789150 122.2140159065238 162
1757647789209 121.9703677181961 163
1757647789269 121.72720969519187 164
1757647789339 121.48452024852284 165
1757647789406 121.24231694955643 166
1757647789467 121.00060978733887 167
1757647789528 120.75937520498421 168
1757647789589 120.51862035348898 169
1757647789650 120.27835875882494 170
1757647789721 120.03856691663731 171
1757647789862 119.79924835654529 172
1757647789929 119.56042719635441 173
1757647789992 119.32206596152129 174
1757647790056 119.08419804156736 175
1757647790118 118.84678577418553 176
1757647790179 118.6098535466549 177
1757647790240 118.37340477562633 178
1757647790301 118.13741575864043 179
1757647790363 117.90190052502118 180
1757647790426 117.66686585416001 181
1757647790492 117.43228809853005 182
1757647790553 117.1981778358609 183
1757647790614 116.96455237547232 184
1757647790676 116.7313900719333 185
1757647790736 116.49866726428559 186
1757647790821 116.26643552117864 187
1757647790891 116.03467123077313 188
1757647790953 115.80333653131554 189
1757647791015 115.5724972279873 190
1757647791077 115.3421190684264 191
1757647791139 115.11216765371188 192
1757647791201 114.88270894612667 193
1757647791263 114.65370502289005 194
1757647791322 114.42516214996252 195
1757647791381 114.19704225267077 196
1757647791441 113.96941150299148 197
1757647791501 113.74223187679709 198
1757647791560 113.51547966328145 199
1757647791619 113.2892067070429 200
1757647791679 113.06338934516556 201
1757647791738 112.83799305876443 202
1757647791798 112.61307331005847 203
1757647791857 112.38860649302093 204
1757647791917 112.1645709144907 205
1757647791976 111.9409834269656 206
1757647792037 111.71785542154139 207
1757647792096 111.49516327965446 208
1757647792156 111.27290919844148 209
1757647792216 111.05111925694173 210
1757647792276 110.82975523858133 211
1757647792334 110.60885052263056 212
1757647792394 110.38837037405219 213
1757647792455 110.1683301253314 214
1757647792522 109.94874655750529 215
1757647792582 109.72958117284281 216
1757647792643 109.51086049726236 217
1757647792704 109.29258646577465 218
1757647792764 109.07475214512374 219
1757647792824 108.857318999975 220
1757647792883 108.64035404153095 221
1757647792942 108.42381878281095 222
1757647793003 108.20768948056855 223
1757647793063 107.99202209561028 224
1757647793121 107.77678177515315 225
1757647793182 107.56194483576921 226
1757647793243 107.3475635095542 227
1757647793303 107.13361415827978 228
1757647793365 106.92007505110001 229
1757647793426 106.70696261632848 230
1757647793486 106.49428903638145 231
1757647793546 106.28203066232957 232
1757647793607 106.07018884945877 233
1757647793666 105.8587908821997 234
1757647793729 105.64780185544929 235
1757647793790 105.43724382266159 236
1757647793851 105.22709306017519 237
1757647793911 105.01736198027135 238
1757647793973 104.80806695363086 239
1757647794033 104.59916904316678 240
1757647794093 104.39069595420432 241
1757647794153 104.18264879477427 242
1757647794214 103.97502101219146 243
1757647794274 103.76777363382568 244
1757647794349 103.56097445847494 245
1757647794416 103.35458837905942 246
1757647794480 103.14858015391576 247
1757647794561 102.9430177237631 248
1757647794624 102.73786205694873 249
1757647794688 102.53310676247904 250
1757647794750 102.32875253344974 251
1757647794813 102.12482759796502 252
1757647794875 101.92129288885424 253
1757647794939 101.71816446125173 254
1757647795003 101.51545907292405 255
1757647795066 101.31314144733021 256
1757647795127 101.11124507432407 257
1757647795188 100.90973062714612 258
1757647795251 100.7086267359847 259
1757647795311 100.50793385749512 260
1757647795374 100.30764576046415 261
1757647795435 100.1077230846809 262
1757647795495 99.90823428819326 263
1757647795557 99.70914005573746 264
1757647795619 99.51041665720524 265
1757647795680 99.312120864455 266
1757647795741 99.11421720991714 267
1757647795803 98.91669961986038 268
1757647795864 98.71956815501504 269
1757647795925 98.52285194175887 270
1757647795988 98.32651152830272 271
1757647796048 98.13056275115746 272
1757647796108 97.93501898739927 273
1757647796170 97.739856604255 274
1757647796232 97.54509323238312 275
1757647796293 97.35070511813203 276
1757647796354 97.15670978791331 277
1757647796415 96.96311108065966 278
1757647796476 96.76988530801549 279
1757647796539 96.57704603638898 280
1757647796606 96.38460906585662 281
1757647796669 96.1925393639383 282
1757647796731 96.00085257663937 283
1757647796793 95.80956239823622 284
1757647796855 95.61864522654938 285
1757647796916 95.42812248345572 286
1757647796977 95.23795833532172 287
1757647797038 95.04818281610194 288
1757647797103 94.85879536035944 289
1757647797170 94.66977231469956 290
1757647797230 94.48112755275211 291
1757647797292 94.29287668944919 292
1757647797355 94.10499777672077 293
1757647797417 93.91746715509365 294
1757647797479 93.73033798475264 295
1757647797540 93.54358664495227 296
1757647797601 93.35717727155262 297
1757647797663 93.17116708829089 298
1757647797725 92.98553254067699 299
1757647797786 92.80025164073984 300
1757647797847 92.61533985618603 301
1757647797910 92.43081130018021 302
1757647797972 92.24664241170035 303
1757647798034 92.06285026340454 304
1757647798099 91.87941118292997 305
1757647798160 91.69634357060237 306
1757647798221 91.51365044336406 307
1757647798284 91.33130819645405 308
1757647798347 91.14933110685024 309
1757647798410 90.96773461880606 310
1757647798482 90.78649668316716 311
1757647798543 90.60559369000755 312
1757647798612 90.42507898149783 313
1757647798676 90.24492898464685 314
1757647798738 90.0651258543827 315
1757647798800 89.8856723008099 316
1757647798863 89.70659959973257 317
1757647798924 89.5278674033747 318
1757647798986 89.34949102332263 319
1757647799051 89.17148495496512 320
1757647799113 88.99382568748322 321
1757647799176 88.81652998315172 322
1757647799239 88.6395742253332 323
1757647799306 88.46297306442183 324
1757647799382 88.28674176393199 325
1757647799448 88.11086247009133 326
1757647799514 87.93529883204712 327
1757647799579 87.76012138191741 328
1757647799645 87.58528955798994 329
1757647799708 87.41077980861182 330
1757647799771 87.23664563489234 331
1757647799834 87.06286352035491 332
1757647799896 86.88941133430164 333
1757647799961 86.7163042193745 334
1757647800026 86.54356130200885 335
1757647800092 86.37114620755185 336
1757647800157 86.19909266628095 337
1757647800222 86.02735986880221 338
1757647800288 85.85598000583694 339
1757647800351 85.68495099471191 340
1757647800417 85.51426789376188 341
1757647800479 85.34388986909246 342
1757647800541 85.17388786609274 343
1757647800606 85.0042254214104 344
1757647800674 84.83486595747155 345
1757647800737 84.66588053591327 346
1757647800803 84.4972282697267 347
1757647800865 84.32890435631927 348
1757647800929 84.1609063946124 349
1757647800991 83.99326696311881 350
1757647801055 83.82594515057708 351
1757647801117 83.6589747183407 352
1757647801180 83.49230620020984 353
1757647801243 83.32599764425672 354
1757647801306 83.16002565622615 355
1757647801369 82.99436794364983 356
1757647801432 82.82903947227234 357
1757647801496 82.66405553372819 358
1757647801560 82.49939272993139 359
1757647801622 82.33504832659105 360
1757647801685 82.1710553256138 361
1757647801749 82.00737709457691 362
1757647801812 81.84403407946812 363
1757647801874 81.68100285902706 364
1757647801937 81.51829884504791 365
1757647802001 81.3559370002332 366
1757647802064 81.19389496998514 367
1757647802128 81.03214933038358 368
1757647802191 80.87075388765727 369
1757647802254 80.70968524940159 370
1757647802317 80.54892556028436 371
1757647802380 80.38847618228752 372
1757647802443 80.2283706797321 373
1757647802506 80.06856769229452 374
1757647802570 79.9091011087352 375
1757647802634 79.74992945441298 376
1757647802705 79.59108644286695 377
1757647802769 79.43256888572589 378
1757647802833 79.27435336940026 379
1757647802896 79.11646011277128 380
1757647802960 78.95889036222326 381
1757647803027 78.80163986596054 382
1757647803091 78.64466704157914 383
1757647803156 78.48804401560683 384
1757647803220 78.33172924320328 385
1757647803284 78.17571850863492 386
1757647803348 78.02000833873713 387
1757647803411 77.86463278761998 388
1757647803473 77.70955486368884 389
1757647803537 77.55479474465686 390
1757647803599 77.40032910201599 391
1757647803662 77.24617379549467 392
1757647803728 77.09234364615577 393
1757647803792 76.93881611576798 394
1757647803856 76.7855678744366 395
1757647803920 76.63265293920097 396
1757647803984 76.4800353538826 397
1757647804048 76.32773522778497 398
1757647804111 76.17571531422148 399
1757647804175 76.02401023997115 400
1757647804239 75.87261612586965 401
1757647804308 75.72150970747843 402
1757647804388 75.570707025656 403
1757647804455 75.42022279124453 404
1757647804522 75.27003444306497 405
1757647804598 75.12011871542616 406
1757647804666 74.97053429560854 407
1757647804738 74.82124392441145 408
1757647804804 74.67224378224427 409
1757647804872 74.52352972457409 410
1757647804940 74.37513669141327 411
1757647805004 74.22702270688913 412
1757647805069 74.07922183078473 413
1757647805133 73.93169669172683 414
1757647805197 73.78446820827487 415
1757647805262 73.63755109405692 416
1757647805326 73.49092264622111 417
1757647805391 73.3445596894078 418
1757647805459 73.19851629432706 419
1757647805524 73.05276931228389 420
1757647805589 72.907296057745 421
1757647805653 72.76211113616769 422
1757647805718 72.61723562893935 423
1757647805782 72.47263207761706 424
1757647805848 72.32833468416725 425
1757647805913 72.18430109627377 426
1757647805978 72.0405668738973 427
1757647806057 71.89712747596093 428
1757647806128 71.75397933959755 429
1757647806303 71.61108009919566 430
1757647806376 71.46850313435256 431
1757647806444 71.32621092592986 432
1757647806512 71.18418547751378 433
1757647806580 71.0424414088861 434
1757647806647 70.9009826241164 435
1757647806718 70.75982370400861 436
1757647806788 70.6189418479403 437
1757647806857 70.47831396891628 438
1757647806924 70.33799422466315 439
1757647806992 70.19795955308369 440
1757647807058 70.0581920307166 441
1757647807127 69.91869152710625 442
1757647807192 69.77949415806698 443
1757647807258 69.64055737409166 444
1757647807325 69.50189570718832 445
1757647807394 69.36352573763753 446
1757647807459 69.22542447816058 447
1757647807525 69.08761152506389 448
1757647807589 68.95004907981829 449
1757647807660 68.81277349053623 450
1757647807728 68.67577960803743 451
1757647807793 68.53906424218081 452
1757647807858 68.40258465968493 453
1757647807929 68.26641478577925 454
1757647807995 68.13051192165676 455
1757647808061 67.99487290378366 456
1757647808125 67.85949739674055 457
1757647808192 67.72440705015033 458
1757647808258 67.58957897312007 459
1757647808324 67.4550276470871 460
1757647808390 67.32073011078114 461
1757647808455 67.18670313908378 462
1757647808521 67.0529612599996 463
1757647808587 66.91948648379561 464
1757647808653 66.78624083708141 465
1757647808718 66.65329861672693 466
1757647808790 66.52060442648718 467
1757647808859 66.38819267910998 468
1757647808923 66.25602037960643 469
1757647808988 66.12412450116301 470
1757647809054 65.9924994220691 471
1757647809121 65.86114222442255 472
1757647809187 65.73001493151709 473
1757647809253 65.59917678001686 474
1757647809327 65.46860497600683 475
1757647809404 65.33827643079796 476
1757647809473 65.20820560705468 477
1757647809540 65.07840942423294 478
1757647809609 64.94886508838648 479
1757647809677 64.81959187310208 480
1757647809743 64.69055164127805 481
1757647809810 64.5617817878591 482
1757647809875 64.4332763796905 483
1757647809941 64.30503270647094 484
1757647810007 64.17700752046285 485
1757647810072 64.04927552125426 486
1757647810137 63.92179349444878 487
1757647810204 63.79455875223347 488
1757647810271 63.66757037010233 489
1757647810338 63.54085048741927 490
1757647810406 63.41437641190908 491
1757647810473 63.2881621335205 492
1757647810539 63.162184896195605 493
1757647810605 63.03646177643092 494
1757647810671 62.9110072496498 495
1757647810737 62.78579089904795 496
1757647810809 62.66081157028398 497
1757647810878 62.53610712806669 498
1757647810944 62.41163416418038 499
