1757644694288 26.97897231490661 0
1757644694403 1.9883392092762786 1
1757644694515 2.334300316371278 2
1757644694623 0.2432673881999467 3
1757644694731 0.06243119824708292 4
1757644694840 0.0002633806093614671 5
1757644694946 0.09578237551304179 6
1757644695051 0.09497430435638304 7
1757644695155 0.01791041610831606 8
1757644695259 0.0760998173495788 9
1757644695361 0.09841040888917506 10
1757644695464 0.608574119032785 11
1757644695568 0.004246142500855279 12
1757644695675 0.0818751139587602 13
1757644695783 0.12569693449015365 14
1757644695886 0.0003013436419592223 15
1757644695987 0.09420410054639464 16
1757644696089 0.001351546923154098 17
1757644696192 0.00010292873082198736 18
1757644696296 0.0017308188794405476 19
1757644696401 0.0408732200915848 20
1757644696503 0.5258763158136063 21
1757644696606 0.001342676403889653 22
1757644696710 0.16335866574765834 23
1757644696812 0.00023699944411359475 24
1757644696914 0.010315388307096988 25
1757644697017 0.0046834016309242575 26
1757644697119 0.38868275906903954 27
1757644697221 0.06344058694856197 28
1757644697323 0.14678292878326205 29
1757644697426 0.04280926427870762 30
1757644697529 0.1140143377671283 31
1757644697630 0.0313904668918778 32
1757644697738 0.04743076024268693 33
1757644697841 0.014969173150684363 34
1757644697943 0.008099890085430746 35
1757644698046 0.017181890743490236 36
1757644698150 0.019541470161334756 37
1757644698252 0.11246169759482774 38
1757644698354 0.336955076304799 39
1757644698456 0.048787549108337935 40
1757644698558 0.060052621202180266 41
1757644698662 0.00021515260065591853 42
1757644698779 0.04246174853319751 43
1757644698888 0.36074102290721993 44
1757644699097 0.0345497595957088 45
1757644699211 0.1024384773002772 46
1757644699321 0.04042675854743299 47
1757644699429 0.016209784379925242 48
1757644699532 0.7888514541147611 49
1757644699636 0.16776491756508796 50
1757644699746 0.04694816712631773 51
1757644699853 0.0005074744669581241 52
1757644699960 0.07057804806562928 53
1757644700064 0.06178709440070653 54
1757644700168 0.07278763955946968 55
1757644700270 0.00801109602310067 56
1757644700375 0.08048549597736578 57
1757644700478 0.011091627224508828 58
1757644700581 0.15591635351690036 59
1757644700686 0.004892464889455452 60
1757644700789 0.04544726535951343 61
1757644700893 0.003252378307042219 62
1757644701179 0.33756707074915504 63
1757644701291 0.2643302582877114 64
1757644701400 0.014616035979627144 65
1757644701513 0.00046473710409983737 66
1757644701623 0.0014988389231517134 67
1757644701735 0.00010298705901197961 68
1757644701847 0.06950891874559473 69
1757644701951 0.005365719929214957 70
1757644702058 0.00010870356088018959 71
1757644702161 0.7587428241014298 72
1757644702267 0.0660352717017178 73
1757644702371 0.023436450883199195 74
1757644702475 0.0428624083042132 75
1757644702579 0.045594355869367185 76
1757644702683 0.05436937278344937 77
1757644702788 0.013799364484250887 78
1757644702893 0.035923253210228996 79
1757644702997 0.014482817047383044 80
1757644703101 0.09180270609162994 81
1757644703205 0.012144525474433822 82
1757644703311 0.02603881799477267 83
1757644703416 0.003764372591944405 84
1757644703521 0.03113549447600937 85
1757644703626 0.06521746377744665 86
1757644703751 0.0002815212397735272 87
1757644703875 0.285086683363605 88
1757644703984 0.07349945955792103 89
1757644704088 0.00012533088272846736 90
1757644704197 0.17858469335119626 91
1757644704301 0.01423325021575078 92
1757644704406 0.025964428284753094 93
1757644704559 0.004725520759615314 94
1757644704672 0.07773954966072802 95
1757644704779 0.0003416691189208817 96
1757644704944 0.1312717949989143 97
1757644705057 0.524854497913318 98
1757644705165 0.26832770447403 99
1757644705270 0.02423196034892778 100
1757644705374 0.030168102189763263 101
1757644705479 0.000695820614419462 102
1757644705584 0.0002984998945538503 103
1757644705690 0.15465416668655776 104
1757644705798 0.0016110724934179424 105
1757644705911 0.1915730689141237 106
1757644706015 0.7771242939707848 107
1757644706120 0.4334840822095885 108
1757644706248 0.1126834199196447 109
1757644706354 0.11108172903405125 110
1757644706460 0.18318446749484715 111
1757644706564 0.04380792821073939 112
1757644706669 0.1812589674042284 113
1757644706773 0.4994463725894324 114
1757644706878 0.006365967258418755 115
1757644706983 0.06988619615965816 116
