1757642038325 172.7669914966609 0
1757642038387 169.31465432212656 1
1757642038438 164.23574458501716 2
1757642038491 158.46941321697568 3
1757642038542 152.4880060762103 4
1757642038598 146.52450543245857 5
1757642038650 140.69081684350317 6
1757642038703 135.03809709684492 7
1757642038754 129.58722104749145 8
1757642038806 124.34408812716714 9
1757642038861 119.30728892945578 10
1757642038914 114.47193643748113 11
1757642038969 109.83157576116993 12
1757642039023 105.37913234264595 13
1757642039077 101.10737939609076 14
1757642039138 97.00916516551025 15
1757642039194 93.0775203378452 16
1757642039249 89.3057057849245 17
1757642039304 85.68723071493802 18
1757642039359 82.21585626493048 19
1757642039416 78.8855920406872 20
1757642039485 75.69068934791002 21
1757642039552 72.62563297762513 22
1757642039617 69.6851324686187 23
1757642039676 66.86411329997097 24
1757642039729 64.15770823223549 25
1757642039785 61.561248898883406 26
1757642039842 59.07025769148683 27
1757642039907 56.68043995335282 28
1757642039965 54.38767648223206 29
1757642040022 52.18801633596655 30
1757642040184 50.0776699318313 31
1757642040249 48.05300242903122 32
1757642040312 46.11052738341478 33
1757642040375 44.24690066350524 34
1757642040437 42.45891461719789 35
1757642040501 40.74349247881332 36
1757642040562 39.09768300657684 37
1757642040621 37.51865534098455 38
1757642040682 36.00369407490338 39
1757642040753 34.550194526628594 40
1757642040811 33.15565820748747 41
1757642040871 31.817688475927532 42
1757642040931 30.53398637036423 43
1757642040992 29.30234661338581 44
1757642041053 28.120653780221797 45
1757642041112 26.98687862467803 46
1757642041169 25.899074556024523 47
1757642041227 24.855374260594548 48
1757642041285 23.85398646211323 49
1757642041341 22.893192815023475 50
1757642041399 21.97134492531591 51
1757642041457 21.08686149359803 52
1757642041516 20.238225575357028 53
1757642041573 19.423981953580824 54
1757642041629 18.642734619102583 55
1757642041685 17.89314435422687 56
1757642041745 17.173926415380063 57
1757642041800 16.48384831070459 58
1757642041857 15.821727668685618 59
1757642041925 15.186430194061519 60
1757642041993 14.576867707424606 61
1757642042054 13.991996265067812 62
1757642042115 13.430814355775592 63
1757642042172 12.892361171394276 64
1757642042230 12.375714948147905 65
1757642042288 11.879991375791505 66
1757642042345 11.404342071813703 67
1757642042400 10.9479531180163 68
1757642042457 10.51004365690853 69
1757642042521 10.08986454546002 70
1757642042582 9.686697063857618 71
1757642042639 9.299851677008729 72
1757642042696 8.92866684662687 73
1757642042751 8.572507891824616 74
1757642042834 8.23076589622457 75
1757642042897 7.902856659681172 76
1757642042954 7.588219692784746 77
1757642043010 7.286317252394453 78
1757642043084 6.996633416519393 79
1757642043152 6.718673196935895 80
1757642043211 6.451961687995739 81
1757642043270 6.196043250143597 82
1757642043329 5.950480726722832 83
1757642043385 5.714854692707437 84
1757642043439 5.488762734053818 85
1757642043496 5.2718187564198 86
1757642043552 5.063652322049918 87
1757642043607 4.863908013675118 88
1757642043662 4.6722448243226085 89
1757642043718 4.488335571976783 90
1757642043774 4.311866338075619 91
1757642043831 4.142535928868784 92
1757642043889 3.980055358703507 93
1757642043945 3.8241473543426463 94
1757642044008 3.674545879456142 95
1757642044064 3.530995678462236 96
1757642044121 3.393251838928571 97
1757642044177 3.2610793717757875 98
1757642044233 3.134252808557086 99
1757642044289 3.012555815117155 100
1757642044345 2.8957808209623135 101
1757642044402 2.783728663701128 102
1757642044458 2.676208247940886 103
1757642044516 2.57303621805064 104
1757642044573 2.4740366442255213 105
1757642044629 2.3790407213101554 106
1757642044683 2.2878864798613177 107
1757642044739 2.2004185089510333 108
1757642044796 2.116487690231868 109
1757642044853 2.0359509428056985 110
1757642044909 1.9586709784559169 111
1757642044965 1.8845160668210734 112
1757642045021 1.8133598101051753 113
1757642045078 1.7450809269364274 114
1757642045135 1.6795630450020222 115
1757642045193 1.6166945021017978 116
1757642045250 1.5563681552781694 117
1757642045307 1.4984811976937467 118
1757642045367 1.4429349829414215 119
1757642045423 1.3896348564845995 120
1757642045480 1.338489993937567 121
1757642045537 1.289413245907848 122
1757642045593 1.2423209891336746 123
1757642045650 1.1971329836606954 124
1757642045707 1.1537722358123477 125
1757642045762 1.1121648667184312 126
1757642045834 1.0722399861759673 127
1757642045893 1.0339295716256431 128
1757642045953 0.997168352035999 129
1757642046012 0.961893696495906 130
1757642046072 0.9280455073241216 131
1757642046129 0.8955661175123922 132
1757642046186 0.8644001923261078 133
1757642046243 0.8344946348936537 134
1757642046302 0.8057984956224886 135
1757642046359 0.7782628852865692 136
1757642046416 0.751840891636057 137
1757642046474 0.7264874993863355 138
1757642046531 0.7021595134491357 139
1757642046588 0.6788154852742102 140
1757642046645 0.6564156421752835 141
1757642046701 0.6349218195192031 142
1757642046759 0.6142973956620925 143
1757642046815 0.594507229521063 144
1757642046870 0.5755176006745456 145
1757642046927 0.5572961518886858 146
1757642046983 0.5398118339713739 147
1757642047043 0.5230348528595199 148
1757642047099 0.5069366188489873 149
1757642047157 0.4914896978803097 150
1757642047212 0.47666776479681805 151
1757642047267 0.46244555849520397 152
1757642047324 0.4487988388918154 153
1757642047381 0.4357043456310418 154
1757642047435 0.4231397584651986 155
1757642047490 0.41108365923814744 156
1757642047549 0.39951549540765 157
1757642047604 0.38841554504409853 158
1757642047682 0.37776488324579555 159
1757642047739 0.3675453499133728 160
1757642047797 0.3577395188282873 161
1757642047854 0.3483306679825587 162
1757642047910 0.3393027511090438 163
1757642047967 0.3306403703636307 164
1757642048026 0.3223287501126815 165
1757642048104 0.3143537117809474 166
1757642048172 0.3067016497170269 167
1757642048231 0.29935950803513156 168
1757642048290 0.2923147583936376 169
1757642048348 0.2855553786724824 170
1757642048408 0.27906983251300815 171
1757642048466 0.272847049685335 172
1757642048602 0.26687640724976086 173
1757642048700 0.2611477114800305 174
1757642048764 0.2556511805176508 175
1757642048831 0.2503774277276339 176
1757642048897 0.245317445727301 177
1757642048959 0.2404625910608804 178
1757642049018 0.23580456949378586 179
1757642049077 0.2313354219014709 180
1757642049145 0.22704751072881665 181
1757642049205 0.222933506996956 182
1757642049263 0.21898637783538094 183
1757642049321 0.21519937451808413 184
1757642049379 0.21156602098333527 185
1757642049438 0.2080801028175268 186
1757642049509 0.2047356566843146 187
1757642049576 0.20152696018104072 188
1757642049634 0.19844852210514513 189
1757642049693 0.1954950731139953 190
1757642049752 0.19266155676220742 191
1757642049811 0.189943120901193 192
1757642049872 0.1873351094262878 193
1757642049929 0.18483305435740213 194
1757642049988 0.18243266823969229 195
1757642050046 0.18012983685133255 196
1757642050112 0.1779206122059494 197
1757642050177 0.1758012058378159 198
1757642050239 0.17376798235836347 199
1757642050299 0.17181745327304973 200
1757642050358 0.1699462710480451 201
1757642050417 0.16815122341664762 202
1757642050475 0.16642922791572787 203
1757642050536 0.164777326642906 204
1757642050594 0.16319268122554006 205
1757642050653 0.16167256799295743 206
1757642050711 0.16021437334372074 207
1757642050770 0.15881558930003936 208
1757642050828 0.15747380924176566 209
1757642050887 0.1561867238127116 210
1757642050946 0.1549521169923332 211
1757642051005 0.15376786232608156 212
1757642051064 0.15263191930802666 213
1757642051122 0.151542329909584 214
1757642051180 0.15049721524845416 215
1757642051239 0.14949477239209508 216
1757642051298 0.14853327129030483 217
1757642051358 0.1476110518316869 218
1757642051415 0.14672652101899405 219
1757642051473 0.14587815025855724 220
1757642051532 0.14506447275917506 221
1757642051590 0.14428408103605364 222
1757642051646 0.14353562451554494 223
1757642051705 0.14281780723661636 224
1757642051766 0.14212938564513986 225
1757642051827 0.14146916647725427 226
1757642051885 0.14083600472819924 227
1757642051944 0.1402288017031708 228
1757642052001 0.13964650314688276 229
1757642052060 0.13908809744866055 230
1757642052118 0.138552613920005 231
1757642052184 0.1380391211417135 232
1757642052244 0.13754672537773674 233
1757642052302 0.13707456905308243 234
1757642052362 0.1366218292931783 235
1757642052422 0.13618771652220935 236
1757642052481 0.13577147311805063 237
1757642052541 0.13537237212150846 238
1757642052601 0.13498971599767917 239
1757642052660 0.13462283544731501 240
1757642052717 0.1342710882661841 241
1757642052776 0.13393385825048462 242
1757642052848 0.13361055414644932 243
1757642052908 0.13330060864236304 244
1757642052969 0.13300347740127358 245
1757642053031 0.13271863813275947 246
1757642053103 0.13244558970216996 247
1757642053163 0.1321838512758333 248
1757642053223 0.13193296150077213 249
1757642053284 0.1316924777175395 250
1757642053343 0.13146197520483408 251
1757642053403 0.13124104645461387 252
1757642053463 0.1310293004764763 253
1757642053525 0.1308263621301221 254
1757642053585 0.13063187148477218 255
1757642053645 0.13044548320444482 256
1757642053704 0.13026686595805426 257
1757642053763 0.13009570185332442 258
1757642053824 0.12993168589355833 259
1757642053882 0.1297745254563417 260
1757642053939 0.1296239397932916 261
1757642053998 0.12947965955000426 262
1757642054058 0.12934142630538645 263
1757642054117 0.129208992129584 264
1757642054182 0.1290821191597618 265
1757642054244 0.12896057919301207 266
1757642054303 0.1288441532956989 267
1757642054363 0.1287326314285785 268
1757642054421 0.128625812087054 269
1757642054480 0.12852350195595946 270
1757642054538 0.12842551557828094 271
1757642054612 0.12833167503725623 272
1757642054671 0.1282418096513114 273
1757642054729 0.1281557556813162 274
1757642054788 0.12807335604966175 275
1757642054847 0.1279944600706821 276
1757642054905 0.1279189231919641 277
1757642054969 0.1278466067461027 278
1757642055027 0.12777737771248326 279
1757642055087 0.12771110848868436 280
1757642055145 0.12764767667111376 281
1757642055202 0.12758696484450419 282
1757642055262 0.1275288603799116 283
1757642055322 0.12747325524087286 284
1757642055382 0.1274200457973935 285
1757642055455 0.1273691326474487 286
1757642055536 0.12732042044569683 287
1757642055596 0.12727381773911015 288
1757642055657 0.1272292368092483 289
1757642055718 0.1271865935209023 290
1757642055778 0.12714580717685536 291
1757642055838 0.12710680037851044 292
1757642055901 0.12706949889215047 293
1757642055962 0.1270338315206027 294
1757642056021 0.12699972998008852 295
1757642056080 0.12696712878205058 296
1757642056139 0.12693596511975572 297
1757642056200 0.12690617875948088 298
1757642056264 0.12687771193609743 299
1757642056325 0.12685050925287544 300
1757642056386 0.12682451758533955 301
1757642056444 0.12679968598901012 302
1757642056505 0.1267759656108748 303
1757642056567 0.12675330960444034 304
1757642056625 0.12673167304821745 305
1757642056684 0.12671101286750405 306
1757642056746 0.12669128775932875 307
1757642056805 0.1266724581204332 308
1757642056865 0.12665448597816467 309
1757642056924 0.12663733492416496 310
1757642056984 0.12662097005074202 311
1757642057043 0.12660535788981503 312
1757642057104 0.12659046635433058 313
1757642057166 0.12657626468204838 314
1757642057226 0.12656272338160285 315
1757642057284 0.12654981418074673 316
1757642057345 0.12653750997669008 317
1757642057407 0.12652578478844928 318
1757642057468 0.12651461371112527 319
1757642057528 0.126503972872033 320
1757642057591 0.12649383938860648 321
1757642057649 0.12648419132801011 322
1757642057707 0.12647500766838446 323
1757642057769 0.12646626826166202 324
1757642057829 0.1264579537978906 325
1757642057889 0.12645004577100008 326
1757642057948 0.12644252644595827 327
1757642058009 0.1264353788272571 328
1757642058292 0.1264285866286757 329
1757642058376 0.1264221342442705 330
1757642058442 0.12641600672053996 331
1757642058508 0.12641018972971957 332
1757642058575 0.1264046695441588 333
1757642058646 0.12639943301173814 334
1757642058710 0.12639446753228273 335
1757642058771 0.12638976103493424 336
1757642058833 0.1263853019564397 337
1757642058899 0.12638107922032274 338
1757642058961 0.12637708221689967 339
1757642059022 0.12637330078410794 340
1757642059084 0.1263697251891121 341
1757642059146 0.1263663461106576 342
1757642059208 0.12636315462214223 343
1757642059271 0.1263601421753738 344
1757642059337 0.12635730058498995 345
1757642059399 0.12635462201351003 346
1757642059461 0.12635209895699545 347
1757642059523 0.12634972423129287 348
1757642059584 0.12634749095883854 349
1757642059644 0.1263453925559968 350
1757642059703 0.12634342272091714 351
1757642059763 0.12634157542188354 352
1757642059825 0.12633984488613892 353
1757642059885 0.12633822558916522 354
1757642059945 0.1263367122443998 355
1757642060007 0.12633529979337135 356
1757642060067 0.12633398339623755 357
1757642060127 0.126332758422709 358
1757642060188 0.12633162044334392 359
1757642060248 0.12633056522119626 360
1757642060308 0.12632958870380762 361
1757642060374 0.1263286870155234 362
1757642060438 0.12632785645012506 363
1757642060502 0.12632709346376117 364
1757642060562 0.12632639466817014 365
1757642060624 0.12632575682417782 366
1757642060684 0.12632517683546265 367
1757642060744 0.12632465174257432 368
1757642060808 0.1263241787171994 369
1757642060871 0.12632375505666024 370
1757642060932 0.12632337817864003 371
1757642060994 0.12632304561612365 372
1757642061056 0.1263227550125464 373
1757642061117 0.12632250411714174 374
1757642061177 0.12632229078047977 375
1757642061241 0.12632211295018891 376
1757642061302 0.12632196866685372 377
1757642061364 0.126321856060081 378
1757642061425 0.12632177334472844 379
1757642061486 0.12632171881728665 380
1757642061546 0.12632169085241263 381
1757642061608 0.12632168789960427 382
1757642061669 0.12632170848001234 383
1757642061729 0.12632175118338415 384
1757642061792 0.12632181466513367 385
1757642061855 0.12632189764353163 386
1757642061917 0.126321998897013 387
1757642061980 0.1263221172615943 388
1757642062041 0.12632225162839922 389
1757642062102 0.12632240094128613 390
1757642062166 0.12632256419457313 391
1757642062228 0.1263227404308591 392
1757642062289 0.12632292873893278 393
1757642062351 0.12632312825177167 394
1757642062420 0.1263233381446209 395
1757642062484 0.12632355763315445 396
1757642062547 0.12632378597171198 397
1757642062609 0.12632402245160812 398
1757642062670 0.1263242663995147 399
1757642062730 0.1263245171759078 400
1757642062805 0.12632477417358123 401
1757642062880 0.12632503681622187 402
1757642062944 0.12632530455704455 403
1757642063008 0.12632557687748358 404
1757642063086 0.12632585328593993 405
1757642063154 0.1263261333165809 406
1757642063217 0.12632641652818966 407
1757642063281 0.12632670250306322 408
1757642063344 0.12632699084595733 409
1757642063408 0.12632728118307562 410
