1757637770589 0.07752092284875325 0
1757637770688 0.10666978314373865 1
1757637770791 0.030156480167308437 2
1757637770890 0.012998030180078255 3
1757637770986 0.014511980790861445 4
1757637771081 1.4658722124487776e-06 5
1757637771176 0.18976955409922916 6
1757637771272 0.03147267095479946 7
1757637771366 0.00993776693828025 8
1757637771569 0.11576452470739455 9
1757637771677 0.028835310128675535 10
1757637771778 0.061713575460592945 11
1757637771878 0.06280026985605383 12
1757637771978 0.002644976694633122 13
1757637772078 0.015571154494138753 14
1757637772178 0.0495215893403193 15
1757637772282 0.7940739060843621 16
1757637772389 1.0046218759395835 17
1757637772487 0.06009363427422802 18
1757637772589 0.03328756485975535 19
1757637772689 0.011388632429691403 20
1757637772788 0.2211584321651119 21
1757637772884 0.08380856536859076 22
1757637772981 0.5111157713905585 23
1757637773076 0.09657837877931694 24
1757637773174 0.27990828484666314 25
1757637773269 0.5316719547875517 26
1757637773366 0.0005131308920914479 27
1757637773462 0.4544667514001445 28
1757637773557 0.0009374633728081374 29
1757637773656 0.010332219004582295 30
1757637773758 0.07221308887725522 31
1757637773853 0.028333931647901073 32
1757637773948 0.048372112177016785 33
1757637774044 0.2447701274141214 34
1757637774144 0.25534477101097797 35
1757637774240 0.18754583408804013 36
1757637774337 0.46173203584643174 37
1757637774433 0.13129358445681683 38
1757637774527 0.029789552636126964 39
1757637774624 0.029221874521599016 40
1757637774721 0.032485944420283554 41
1757637774817 0.0006321177368840998 42
1757637774911 0.3289030670817301 43
1757637775009 0.04983000153202427 44
1757637775104 0.03524809750697431 45
1757637775201 0.1996303795324525 46
1757637775298 0.12739864946318646 47
1757637775394 0.1710861596882475 48
1757637775491 0.008178393312351708 49
1757637775588 0.0678696952681838 50
1757637775685 0.006353739360189619 51
1757637775785 0.04512037230934697 52
1757637775881 0.005967778483566706 53
1757637775977 0.3375992171009468 54
1757637776072 0.0014050881605802321 55
1757637776168 0.052410980898585986 56
1757637776321 0.33517570497805693 57
1757637776425 0.056063870876846535 58
1757637776523 0.15740523695994715 59
1757637776619 0.08112216342957883 60
1757637776717 0.009859758894201338 61
1757637776813 0.000854568056501687 62
1757637776909 0.49639355273623686 63
1757637777073 0.002262952436270739 64
1757637777170 0.04972858192932323 65
1757637777273 0.025759046053377907 66
1757637777378 0.012656659726562304 67
1757637777477 0.03364994145620647 68
1757637777573 0.030798547421704063 69
1757637777670 0.02206375961887054 70
1757637777770 0.061154946172828774 71
1757637777867 0.5688529246161844 72
1757637777964 0.016550183491487094 73
1757637778066 0.0006886343786426802 74
1757637778162 0.1468438553388179 75
1757637778261 0.09701904785476934 76
1757637778359 0.010270751790740584 77
1757637778455 0.03387857002617019 78
1757637778554 0.04607018872003842 79
1757637778651 0.07653697290261707 80
1757637778748 0.6882174819074953 81
1757637778848 0.020042412155721723 82
1757637778943 0.22145739279507162 83
1757637779041 0.7065419685992285 84
1757637779138 0.04134029012330108 85
1757637779235 0.02829308543978376 86
1757637779332 0.13925699143186115 87
1757637779429 0.06191486213781272 88
1757637779526 0.3028925348038274 89
1757637779624 0.06624744815853674 90
1757637779721 0.008310166026442375 91
1757637779824 2.1971458218996052e-05 92
1757637779922 0.5543738670323614 93
1757637780019 1.3340626325617503e-05 94
1757637780116 0.008089752382608156 95
1757637780213 0.10813749672682467 96
1757637780312 0.006424615965267722 97
1757637780408 0.07585202494251904 98
1757637780505 3.18100898595314e-05 99
1757637780603 0.2417291526300296 100
1757637780704 0.0025849064043383524 101
1757637780829 4.0422017558080986e-05 102
1757637780928 0.1360448949843105 103
1757637781072 0.000548792266838047 104
1757637781175 0.11003293071861253 105
1757637781273 0.02579735652584119 106
1757637781371 0.0002871232571951454 107
1757637781474 0.013194387919615457 108
1757637781576 0.0279130100016391 109
1757637781675 0.0009413720932310546 110
1757637781775 0.4609576984879543 111
1757637781877 0.02719321891400323 112
1757637781976 0.08668229655283877 113
1757637782074 6.883471053799246e-05 114
1757637782171 0.12207432850561545 115
1757637782274 6.263383338729299e-06 116
1757637782384 0.0003240456491915162 117
1757637782488 0.23364214849416481 118
1757637782587 0.26710767977586836 119
1757637782685 0.2818187163265015 120
1757637782783 0.03797879103927858 121
1757637782880 0.12413286015419969 122
1757637782979 1.0053509228204716 123
1757637783078 0.010977955343802656 124
1757637783176 0.0292296373328835 125
1757637783273 0.00859652313658568 126
1757637783374 0.7233452128291152 127
1757637783473 0.042180409381891985 128
1757637783571 0.03354798292246875 129
1757637783670 0.03490289964943065 130
1757637783768 0.07417887626501007 131
1757637783869 0.07199324676511919 132
1757637783968 0.003104748123898445 133
1757637784067 0.0584146999135851 134
1757637784167 0.045954646930173954 135
1757637784267 0.1181090684776167 136
1757637784365 0.5518418171404315 137
1757637784463 0.002231320524234055 138
1757637784562 0.026935542842280193 139
1757637784659 0.0014378662009226983 140
1757637784756 0.10752193742864202 141
1757637784853 0.1997044264627573 142
1757637784950 0.1713309730313175 143
1757637785045 0.2287598493620321 144
1757637785143 5.1891339440449515e-06 145
1757637785239 0.027397163412304654 146
1757637785338 0.030456039529659973 147
1757637785436 0.016054399198279338 148
1757637785533 0.0008971836231277424 149
1757637785630 0.01969244892410314 150
1757637785726 0.036143699527616306 151
1757637785829 0.008634372250387072 152
1757637785933 0.10340361801668664 153
1757637786034 0.027948710485947253 154
1757637786132 0.47644342093652914 155
1757637786232 0.18731683387794226 156
1757637786332 0.027268205107795325 157
1757637786430 0.33495616740244205 158
1757637786529 0.16095738559069606 159
1757637786629 0.0981396040955553 160
1757637786727 0.00036339893963901386 161
1757637786824 0.036658580536421244 162
1757637786922 0.14027480753028196 163
1757637787019 0.03691037511376498 164
1757637787114 0.07979037003336606 165
1757637787211 0.007188199179465011 166
1757637787320 0.007971043085628229 167
1757637787421 0.004563905732776701 168
1757637787520 0.02250386075904492 169
1757637787619 0.01182087459665578 170
1757637787718 0.012697936866428828 171
1757637787817 0.404775548843951 172
1757637787918 0.3352239982627493 173
1757637788019 0.06264690807990782 174
1757637788117 0.5323281505443364 175
1757637788216 0.00015886816920483582 176
1757637788316 0.03266166483759647 177
1757637788417 0.19760505707054046 178
1757637788519 3.847094683334721e-05 179
1757637788618 0.47721215428155805 180
1757637788715 0.06240741685884411 181
1757637788815 0.5526132750191413 182
1757637788912 0.2508381181189117 183
1757637789010 0.16757078565304476 184
1757637789109 0.041465039748437224 185
1757637789206 0.16652290332336925 186
1757637789304 0.13652705903996556 187
1757637789399 0.12273016135843845 188
1757637789497 0.0027647002504803194 189
1757637789594 0.00045477350290792115 190
1757637789692 0.0195974363097217 191
1757637789790 0.030434482480728588 192
1757637789887 0.11752859089777834 193
1757637789991 0.0016354061146917752 194
1757637790092 1.6012067629435864 195
1757637790189 0.047351653049529124 196
1757637790287 0.031651753653105394 197
1757637790384 0.34646438507050803 198
1757637790481 0.4049287532828995 199
1757637790580 2.1497052943543802e-06 200
1757637790677 0.1997391862315178 201
1757637790778 0.05706469198068957 202
1757637790876 0.620813758003549 203
1757637790975 0.011570065288975223 204
1757637791071 0.0026141360071773897 205
1757637791169 0.02696979866312279 206
1757637791267 0.0011135261026132453 207
1757637791366 1.0729988293978485 208
1757637791467 0.08236134233328332 209
1757637791568 0.9310838851094102 210
1757637791668 0.07045036496483795 211
1757637791769 0.8768566783147628 212
1757637791870 0.009170131040265065 213
1757637791970 0.0014102486175409218 214
1757637792072 0.38876741431485934 215
1757637792170 0.016903265784309684 216
1757637792274 0.6067129212857377 217
1757637792382 0.22637866509393642 218
1757637792482 0.009259313129072336 219
1757637792583 0.1129895694746099 220
1757637792684 0.008955624948859063 221
1757637792785 0.20417009574689643 222
1757637792886 0.06467430359603442 223
1757637792986 0.002578421631667264 224
1757637793084 0.0010365856044571465 225
1757637793181 0.1749170189610309 226
1757637793279 0.20833344414772506 227
1757637793380 0.017384485460837668 228
1757637793480 0.10184295369124317 229
1757637793579 0.037423325414879874 230
1757637793678 0.06339943413982528 231
1757637793775 0.4182541786872392 232
1757637793874 0.28128541694601267 233
1757637793976 0.3049923440632793 234
1757637794078 0.3237902940348378 235
1757637794179 0.017909003653134237 236
1757637794278 0.1582143128639001 237
1757637794376 0.28778806678233015 238
1757637794474 0.0003704906812909921 239
1757637794573 0.11569954422672735 240
1757637794671 0.03157319598429295 241
1757637794770 0.08134853820075846 242
1757637794867 0.021970728253292965 243
1757637794966 0.06066019652655213 244
1757637795064 0.05219985826262883 245
1757637795163 9.727473655523595e-06 246
1757637795262 0.051621040412632234 247
1757637795360 0.1169321772689103 248
1757637795459 0.006178338536267499 249
1757637795558 0.015150313092084379 250
1757637795657 0.0234289318761092 251
1757637795754 0.1210153195284865 252
1757637795852 0.27594473781639006 253
1757637796003 0.004057368944682183 254
1757637796110 0.020280336947478918 255
1757637796212 0.01230357238212258 256
1757637796313 0.009736511640492985 257
1757637796414 0.0587816071278435 258
1757637796515 0.010025023152522839 259
1757637796618 0.4994440949413608 260
1757637796717 0.01567937528591315 261
1757637796815 0.5920273833108645 262
1757637796914 0.03961876164720091 263
1757637797014 0.3414456292080296 264
1757637797112 0.32637994271876797 265
1757637797210 0.0017510076911389243 266
1757637797320 0.08020085216784784 267
1757637797422 0.002729269860447278 268
1757637797607 0.012328550214494676 269
1757637797715 0.1040102192531645 270
1757637797823 0.3033917494773497 271
1757637797924 0.007519962107954625 272
1757637798027 0.18199845368127304 273
1757637798131 0.05634713000385825 274
1757637798232 0.36964334242641766 275
1757637798335 0.09626233042737249 276
1757637798438 0.045393191909907 277
1757637798538 0.0929189759197331 278
1757637798639 0.04585576479631347 279
1757637798739 0.676982700208257 280
1757637798840 0.5333531351883994 281
1757637798938 0.14314319398090805 282
1757637799041 0.0023023975222172506 283
1757637799141 0.11074350602428647 284
1757637799239 0.1745495540728501 285
1757637799339 0.372155070202537 286
1757637799437 0.006830726307425311 287
1757637799537 0.08023359305627539 288
1757637799635 0.3529946290398054 289
1757637799737 0.20055506639285473 290
1757637799834 0.017224366709637888 291
1757637799934 0.5659030038288295 292
1757637800033 3.378490019442103e-05 293
1757637800138 0.019100207347394493 294
1757637800238 0.08570813736048806 295
1757637800337 0.01458299759426428 296
1757637800436 0.25199312299115034 297
1757637800536 0.0076596048604706335 298
1757637800635 0.11882057470286324 299
1757637800735 0.02187656900588029 300
1757637800834 0.4573393365548835 301
1757637800932 0.011924824827867485 302
1757637801033 0.04910245354875922 303
1757637801132 3.3684504019474178e-06 304
1757637801230 0.20012030351526638 305
1757637801331 0.1620445046358093 306
1757637801433 0.1556576408251334 307
1757637801543 0.16433681297324076 308
1757637801646 0.12181696609931936 309
1757637801748 0.00756151766812057 310
1757637801847 0.38047052467969605 311
1757637801947 0.1131089635836134 312
1757637802045 0.0005221212824076243 313
1757637802151 0.1774043602628666 314
1757637802257 0.3315522340244645 315
1757637802372 0.021525158384661153 316
1757637802475 0.06784238871296161 317
1757637802578 0.026626982972089402 318
1757637802681 0.05259807068287968 319
1757637802784 0.03684732508932724 320
1757637802884 0.8655572935050043 321
1757637802983 0.37669197903697016 322
1757637803081 0.0039293683232228555 323
1757637803180 0.04350428167926422 324
1757637803280 0.021606478459660416 325
1757637803382 0.16391540140112298 326
1757637803530 0.1093083650514127 327
1757637803634 0.004745874189406986 328
1757637803738 0.13414500879938168 329
1757637803842 0.12633721632990016 330
1757637803944 0.16464764566274218 331
1757637804062 0.005164820295274723 332
1757637804169 0.03642701385804133 333
1757637804273 0.10120793185029948 334
1757637804374 0.5755541582757647 335
1757637804473 0.0015716916733266738 336
1757637804575 0.20567316982635758 337
1757637804676 0.0614323807171674 338
1757637804774 0.0012443665731400287 339
1757637804876 0.4831182757961788 340
1757637804976 0.19536216953039207 341
1757637805076 0.03119183709316214 342
1757637805176 0.006588291151893985 343
1757637805276 5.499425672445059e-05 344
1757637805377 0.4025533612496225 345
1757637805478 0.0346394841743115 346
1757637805579 0.007295392598692275 347
1757637805679 0.33294544403944065 348
1757637805781 0.08819829592433005 349
1757637805881 0.03618077581458014 350
1757637805982 0.003105305215119287 351
1757637806082 0.05756166899484362 352
1757637806184 0.13175329729956528 353
1757637806288 0.0015892144203603488 354
1757637806389 0.12635818621605469 355
1757637806489 0.11202420555189099 356
1757637806588 0.0016349538052355037 357
1757637806690 0.09744036639559338 358
1757637806790 0.11721812753460867 359
1757637806890 0.8022007328163363 360
1757637806990 0.06916890282418664 361
1757637807090 0.7346398541796618 362
1757637807192 0.05728716780446572 363
1757637807299 0.04056544061609296 364
1757637807406 0.18683593389800315 365
1757637807511 0.4102500808085211 366
1757637807615 0.21853730889669007 367
1757637807720 0.029359540555677004 368
1757637807824 0.153252363628598 369
1757637807926 0.007616629372529287 370
1757637808026 0.09636834990490302 371
1757637808129 0.00017104309468993242 372
1757637808236 0.0206640711575203 373
1757637808341 0.05010649496363331 374
1757637808445 0.1853831041252483 375
1757637808545 0.01701887879852921 376
1757637808645 0.03811554810246775 377
1757637808746 0.08800026224349783 378
1757637808848 0.05484437001262868 379
1757637808947 0.11749121797069732 380
1757637809049 0.1749914303929012 381
1757637809148 0.3497643984477814 382
1757637809249 0.0014460546087298914 383
1757637809350 1.6230562942043357e-06 384
1757637809455 0.0036905573895186766 385
1757637809558 0.0057725968341663415 386
1757637809658 0.09993954594542996 387
1757637809763 0.0014457236575730217 388
1757637809864 0.0868710806709671 389
1757637809968 0.19335746588653033 390
1757637810069 0.08753490670677179 391
1757637810170 0.0885166640142349 392
1757637810277 0.4616738314615731 393
1757637810381 0.006219926440774091 394
1757637810481 0.053865558295882 395
1757637810582 0.0823874441755079 396
1757637810683 0.0007792314143828003 397
1757637810787 0.18701007222141194 398
1757637810895 0.007639092217956499 399
1757637811000 0.011246927488838515 400
1757637811102 0.05758959901002729 401
1757637811204 0.0009431623133981181 402
1757637811305 0.04558708300559282 403
1757637811408 0.005812397735715453 404
1757637811527 0.060029762143517615 405
1757637811631 0.04744847524195022 406
1757637811736 0.030086250360183423 407
1757637811840 0.5742831084520404 408
1757637811941 0.4393954318900454 409
1757637812043 0.22373837575700048 410
1757637812143 0.18442584744177243 411
1757637812250 1.9941579428039773 412
1757637812369 0.11328552816316514 413
1757637812475 0.024053837862675516 414
1757637812580 0.10629399308357557 415
1757637812684 0.1352864522792117 416
1757637812788 0.09509082938696167 417
1757637812891 0.07647289137011686 418
1757637812992 0.0064030380129427925 419
1757637813094 0.13366732148064725 420
1757637813196 5.3278320428736395e-05 421
1757637813297 0.28444147999339453 422
1757637813401 0.13653774371746122 423
1757637813502 0.035642928678494196 424
1757637813605 0.045198337460974965 425
1757637813707 0.005821162155983382 426
1757637813824 0.42833520535135533 427
1757637813931 0.012670074599510892 428
1757637814039 0.05799737327897044 429
1757637814145 0.16711044674606412 430
1757637814250 0.07532302898836386 431
1757637814360 0.6441847868093651 432
1757637814464 0.0008906950517666922 433
1757637814568 4.0640509354008634e-05 434
1757637814673 0.0015297200838926734 435
1757637814775 0.18211033724138376 436
1757637814877 0.017435382388317634 437
1757637814978 0.045762640133309475 438
1757637815083 0.02524872899711275 439
1757637815188 0.002354106274014861 440
1757637815291 0.006751285017017365 441
1757637815394 0.35408629168364186 442
1757637815496 0.0595215192101963 443
1757637815599 0.10510389042485116 444
1757637815699 6.649008226739709e-05 445
1757637815801 0.09991901878243041 446
1757637815903 0.1544010403104043 447
1757637816005 0.07274706040224825 448
1757637816106 0.41038180928526596 449
1757637816207 0.05473387685446827 450
1757637816315 0.0064929037427141 451
1757637816421 0.035056278151913596 452
1757637816524 0.0038139501556963985 453
1757637816625 0.29432795500997544 454
1757637816726 0.07642109846679017 455
1757637816827 0.13065358830806023 456
1757637816930 0.12913449640085334 457
1757637817031 0.029497535618274843 458
1757637817133 0.14043994007028698 459
1757637817234 0.1300048451887489 460
1757637817352 0.014058444787762569 461
1757637817458 0.10734026356439055 462
1757637817563 0.0030450530967247613 463
1757637817668 0.005351134837026573 464
1757637817771 0.007667703784879263 465
1757637817873 0.1335127830981608 466
1757637817975 0.6308864881720903 467
1757637818077 0.045966120963030585 468
1757637818178 0.0008066702103939783 469
1757637818280 9.48336781793759e-06 470
1757637818386 0.3675194246907697 471
1757637818491 0.14059860120139822 472
1757637818594 0.0164925015112363 473
1757637818696 8.497211734539161e-06 474
1757637818796 0.11466937630441569 475
1757637818898 1.4062659460960514 476
1757637819000 0.03186768603490878 477
1757637819102 0.04715395075936372 478
1757637819204 0.0017657058700385328 479
1757637819306 0.03953559582222116 480
1757637819407 0.10677768859505386 481
1757637819509 0.0002793865497599928 482
1757637819612 1.3734855571677103 483
1757637819714 0.4045493440381058 484
1757637819860 0.5579185780854229 485
1757637819970 0.05779130902883366 486
1757637820076 0.001906968969291651 487
1757637820183 0.12688770157346316 488
1757637820290 0.10407937410695915 489
1757637820397 0.11976523631689923 490
1757637820503 0.03685797683983849 491
1757637820605 0.01989402559462036 492
1757637820708 0.0008040805212330858 493
1757637820811 0.05096686009424081 494
1757637820914 0.039168361991593376 495
1757637821016 0.009347183141747735 496
1757637821118 0.0027293942646025747 497
1757637821222 0.16117811617008812 498
1757637821324 0.33224346184620535 499
