1757639791589 5.2390330195997725 0
1757639791635 0.22789384560426615 1
1757639791683 0.10871286881607345 2
1757639791732 0.1475606351044707 3
1757639791781 0.1332969057131619 4
1757639791831 0.10692808907401213 5
1757639791879 0.12950004002202517 6
1757639791927 0.12282211729628124 7
1757639791976 0.0970374353214929 8
1757639792024 0.11307464004265746 9
1757639792071 0.17671222851744497 10
1757639792121 0.15786823355613186 11
1757639792181 0.14070500046515233 12
1757639792231 0.11856342769873136 13
1757639792279 0.11269575259635031 14
1757639792328 0.08864173414048335 15
1757639792377 0.14205440429836155 16
1757639792425 0.13463596770089128 17
1757639792474 0.15005709523113078 18
1757639792522 0.15770363217914043 19
1757639792571 0.09394632859143899 20
1757639792620 0.12814977200213756 21
1757639792669 0.11098290108653838 22
1757639792729 0.0983505463652454 23
1757639792783 0.09530084645693841 24
1757639792831 0.10202745279143047 25
1757639792878 0.20016198919173403 26
1757639792925 0.17463507655382238 27
1757639792971 0.1269282041850931 28
1757639793019 0.1498006060923866 29
1757639793066 0.13074493038588336 30
1757639793113 0.12994766397536317 31
1757639793159 0.12011761488840424 32
1757639793428 0.08398002226609755 33
1757639793481 0.2021829448920171 34
1757639793533 0.18581652728024486 35
1757639793583 0.09539398112887021 36
1757639793632 0.17098341174903472 37
1757639793682 0.13268398333930687 38
1757639793731 0.09061378713819224 39
1757639793783 0.17474003658131596 40
1757639793834 0.15630007824523856 41
1757639793883 0.270902430769169 42
1757639793931 0.10574414915038494 43
1757639793981 0.1511598589746293 44
1757639794031 0.16198049822817306 45
1757639794081 0.1130706638626634 46
1757639794131 0.15165313993398272 47
1757639794180 0.14132687104062347 48
1757639794230 0.08415121226287448 49
1757639794280 0.09645077738164054 50
1757639794331 0.1940162501644424 51
1757639794380 0.18841392161620718 52
1757639794430 0.13950349131215656 53
1757639794479 0.09450169944863525 54
1757639794529 0.08884344876041139 55
1757639794579 0.15846600437977504 56
1757639794629 0.14724453933005818 57
1757639794679 0.22351457506597694 58
1757639794730 0.187114434193356 59
1757639794780 0.14572684557937807 60
1757639794830 0.11276405730827993 61
1757639794880 0.15022639956042672 62
1757639794930 0.20684762690070024 63
1757639794979 0.1671822436082136 64
1757639795029 0.14617697570545451 65
1757639795083 0.17102452951656882 66
1757639795132 0.11399937334998012 67
1757639795187 0.1383869789702149 68
1757639795238 0.15793099720900397 69
1757639795288 0.13040261221776647 70
1757639795339 0.10560103416737851 71
1757639795389 0.17596490260493075 72
1757639795440 0.1328104037365538 73
1757639795490 0.1583742732656036 74
1757639795547 0.16269483726337824 75
1757639795597 0.12427648344545959 76
1757639795648 0.1154060148868627 77
1757639795698 0.12740262612011558 78
1757639795748 0.10521773917656083 79
1757639795799 0.10402174234403606 80
1757639795850 0.1115501202536128 81
1757639795900 0.1140298589665925 82
1757639795951 0.07842124267856436 83
1757639796001 0.08948864095182053 84
1757639796052 0.19440664512377467 85
1757639796103 0.14540400489904723 86
1757639796154 0.06847431214542399 87
1757639796203 0.11991747802825856 88
1757639796254 0.15535827610734482 89
1757639796304 0.16078898523953977 90
1757639796355 0.19156364871470213 91
1757639796406 0.16796283292945724 92
1757639796457 0.1416339104979532 93
1757639796508 0.16958213437948055 94
1757639796559 0.08978496702743581 95
1757639796610 0.17978744618057807 96
1757639796660 0.17282839640285 97
1757639796710 0.0690278950964874 98
1757639796761 0.12632373992809337 99
1757639796812 0.0860487945192834 100
1757639796864 0.15299556258405683 101
1757639796915 0.1402175763131936 102
1757639796966 0.1287316669800048 103
1757639797017 0.21173025592574574 104
1757639797068 0.07043455246349026 105
1757639797119 0.17090756906793358 106
1757639797170 0.15631633967479713 107
1757639797220 0.1240117755114712 108
1757639797272 0.09209298028233151 109
1757639797322 0.08793389076282324 110
1757639797374 0.10596573335302492 111
1757639797423 0.11052259292545262 112
1757639797474 0.1471222456126494 113
1757639797525 0.1769441531529518 114
1757639797583 0.18489870170632755 115
1757639797636 0.13815460751485906 116
1757639797691 0.09251595864981549 117
1757639797755 0.1772979441198408 118
1757639797807 0.3499421997700528 119
1757639797860 0.0835526806745413 120
1757639797913 0.1729453071337933 121
1757639797964 0.08304075340653312 122
1757639798015 0.11762242550717525 123
1757639798066 0.16071522069455704 124
1757639798118 0.1919652617043398 125
1757639798169 0.08235896722919843 126
1757639798222 0.15643256565387603 127
1757639798274 0.14892621248126464 128
1757639798326 0.09887875775876355 129
1757639798378 0.1147333905538353 130
1757639798431 0.09512829188936264 131
1757639798483 0.09090920073973549 132
1757639798536 0.10026667549556578 133
1757639798588 0.14576120309368754 134
1757639798640 0.16971877077253428 135
1757639798691 0.16891219978774097 136
1757639798743 0.15021953856806386 137
1757639798798 0.3461283019916353 138
1757639798850 0.15088831564088281 139
1757639798902 0.2030288865614645 140
1757639798953 0.17154923908419759 141
1757639799005 0.16678282520258902 142
1757639799058 0.11333619540845091 143
1757639799110 0.08428869066047605 144
1757639799169 0.1566031093657862 145
1757639799221 0.13808744880868157 146
1757639799273 0.13778473484253637 147
1757639799325 0.20212611028967262 148
1757639799382 0.16396793404427373 149
1757639799433 0.15760399650567636 150
1757639799485 0.07862035547340077 151
1757639799538 0.11655834223966946 152
1757639799594 0.14409227255553572 153
1757639799649 0.09594395588681294 154
1757639799701 0.15404028975584683 155
1757639799755 0.1261570725454455 156
1757639799807 0.09165594866601422 157
1757639799860 0.1486213311586247 158
1757639799912 0.14777907716446045 159
1757639799964 0.1155712839561656 160
1757639800015 0.11680341062989842 161
1757639800067 0.09709696296305223 162
1757639800121 0.1203979570738067 163
1757639800173 0.14728138498003396 164
1757639800226 0.1180645402612715 165
1757639800278 0.19700342658368122 166
1757639800331 0.1107468744087518 167
1757639800384 0.12997235920233402 168
1757639800436 0.12913120341791606 169
1757639800490 0.11501417673584953 170
1757639800543 0.10298343347653077 171
1757639800596 0.15591263176119585 172
1757639800650 0.07223464931764521 173
1757639800702 0.09153202620531763 174
1757639800756 0.07973476678476678 175
1757639800809 0.08916461710985221 176
1757639800862 0.10024261442260249 177
1757639800915 0.11223531500626133 178
1757639800967 0.07489237809392152 179
1757639801022 0.1455024447027348 180
1757639801074 0.12463190948726152 181
1757639801127 0.14381351195565836 182
1757639801180 0.21016546494508337 183
1757639801233 0.13619675608202736 184
1757639801286 0.1464931685593996 185
1757639801339 0.06952471016728345 186
1757639801393 0.13488323214699477 187
1757639801445 0.14339699616056187 188
1757639801498 0.11873594198571583 189
1757639801550 0.15513540647827345 190
1757639801604 0.0797740257954038 191
1757639801662 0.14913588124425933 192
1757639801715 0.1987294532305816 193
1757639801769 0.10033670247884238 194
1757639801832 0.1710834472877949 195
1757639801895 0.2624708251878546 196
1757639801949 0.11515282948721198 197
1757639802053 0.13149538826970233 198
1757639802110 0.0962910517609241 199
1757639802174 0.08915175258022015 200
1757639802234 0.2173632507638883 201
1757639802290 0.18746915106958045 202
1757639802344 0.1407392584287406 203
1757639802398 0.15433323822449663 204
1757639802452 0.18364734653194625 205
1757639802506 0.09999011728601284 206
1757639802560 0.16587842455079513 207
1757639802614 0.13075347112596347 208
1757639802667 0.11081636704912422 209
1757639802732 0.0962451809879051 210
1757639802791 0.1768769860013374 211
1757639802845 0.1458341017831194 212
1757639802898 0.09519339380545083 213
1757639802952 0.11839029609764591 214
1757639803005 0.15642550860730553 215
1757639803059 0.12202822490081383 216
1757639803112 0.17848616236404774 217
1757639803165 0.09024506194187294 218
1757639803233 0.15089206163817648 219
1757639803287 0.09172694022899226 220
1757639803341 0.1811633781361785 221
1757639803396 0.11033514994691489 222
1757639803450 0.14370777841472235 223
1757639803503 0.14031892804101354 224
1757639803558 0.1691582592840046 225
1757639803612 0.12086163927739957 226
1757639803671 0.0763028471693031 227
1757639803726 0.11954085390609163 228
1757639803782 0.10097151254043574 229
1757639803836 0.08896760420014185 230
1757639803890 0.18402491882141658 231
1757639803944 0.07083435429791793 232
1757639803998 0.23075001250543914 233
1757639804052 0.11561577593506656 234
1757639804106 0.13590013621710523 235
1757639804159 0.13714773649096107 236
1757639804214 0.1487684169989755 237
1757639804268 0.10450156077202703 238
1757639804323 0.10453161819247232 239
1757639804377 0.21391590595871746 240
1757639804432 0.11561527701087296 241
1757639804486 0.1765982749977138 242
1757639804540 0.09787273602171291 243
1757639804595 0.12784748336747434 244
1757639804649 0.07970112247866762 245
1757639804709 0.10196143506347591 246
1757639804764 0.17720474717732532 247
1757639804819 0.17668845792263363 248
1757639804874 0.14452318573274203 249
1757639804929 0.086090482255551 250
1757639804983 0.13701376147597752 251
1757639805037 0.0789532245524106 252
1757639805092 0.0788447766069047 253
1757639805146 0.08909516491146652 254
1757639805201 0.12252892100019963 255
1757639805255 0.24218387555655643 256
1757639805310 0.09296172182364959 257
1757639805365 0.11976733769861363 258
1757639805420 0.08427484921686063 259
1757639805475 0.13950731052732435 260
1757639805530 0.24145518319987497 261
1757639805584 0.09614483742434587 262
1757639805638 0.12276144222816433 263
1757639805715 0.11659533981536366 264
1757639805777 0.15021358259536455 265
1757639805837 0.06945539668733237 266
1757639805892 0.11489796283977032 267
1757639805947 0.3971182666238653 268
1757639806002 0.15662281788652038 269
1757639806057 0.06683638363484892 270
1757639806111 0.11074694137568278 271
1757639806165 0.1391665321721811 272
1757639806221 0.0908032321546638 273
1757639806276 0.11948836659274063 274
1757639806332 0.1444714581257955 275
1757639806386 0.1300871133476162 276
1757639806442 0.16887958101255915 277
1757639806496 0.13931553697476431 278
1757639806551 0.13534551998462746 279
1757639806606 0.1382651318615808 280
1757639806661 0.11246583643715552 281
1757639806716 0.11219649871325155 282
1757639806771 0.15916734046458053 283
1757639806826 0.04139908974309564 284
1757639806882 0.14474952268026828 285
1757639806936 0.07380232618971785 286
1757639806992 0.3197060921079294 287
1757639807047 0.22011114430799944 288
1757639807103 0.14121499482923056 289
1757639807157 0.1193758861548822 290
1757639807211 0.22354721273123423 291
1757639807266 0.0750688327647441 292
1757639807322 0.18726107455719393 293
1757639807376 0.12070391286354049 294
1757639807430 0.1193329942542885 295
1757639807485 0.4251116833435525 296
1757639807541 0.09495505746941901 297
1757639807596 0.11431008132755227 298
1757639807652 0.11556517988785683 299
1757639807715 0.17877671845176457 300
1757639807784 0.09674900601690926 301
1757639807840 0.17158649514982433 302
1757639807896 0.10066569215237764 303
1757639807952 0.10988490703222728 304
1757639808008 0.19330150265573193 305
1757639808064 0.1275988015157337 306
1757639808121 0.15153519670319499 307
1757639808177 0.1334992800035267 308
1757639808233 0.09926741712927253 309
1757639808289 0.11697489018542402 310
1757639808351 0.152800189157317 311
1757639808405 0.10976571031891412 312
1757639808462 0.12615737014612755 313
1757639808517 0.1322635649642605 314
1757639808573 0.1309947846096875 315
1757639808631 0.12068978590955803 316
1757639808687 0.11293023027293976 317
1757639808744 0.14531687256843706 318
1757639808801 0.12716789614317892 319
1757639808860 0.08962221057340994 320
1757639808915 0.12440939458176584 321
1757639808971 0.18933613678001632 322
1757639809026 0.1615200841317413 323
1757639809082 0.19587747719468007 324
1757639809139 0.08702321540648841 325
1757639809195 0.1268186574897638 326
1757639809253 0.16138702410499442 327
1757639809309 0.11621196266111579 328
1757639809365 0.12421005960953915 329
1757639809421 0.11455407915940455 330
1757639809477 0.12972213739188063 331
1757639809533 0.1559713634494117 332
1757639809589 0.16603398137147402 333
1757639809645 0.10530702229132718 334
1757639809702 0.1497913473569677 335
1757639809848 0.07606867687910851 336
1757639809907 0.12789177781534183 337
1757639809966 0.13973691661210402 338
1757639810023 0.10867323712509559 339
1757639810080 0.09035007738139084 340
1757639810137 0.14376327722454718 341
1757639810194 0.1375284256532659 342
1757639810250 0.07099464089031668 343
1757639810310 0.14516228621199317 344
1757639810397 0.12216663784814606 345
1757639810453 0.1519474469028947 346
1757639810510 0.1125008787380124 347
1757639810567 0.11936613499995885 348
1757639810625 0.1588165363945483 349
1757639810682 0.07745471568117315 350
1757639810739 0.21838511634694424 351
1757639810795 0.1084295773134666 352
1757639810852 0.07281303704131081 353
1757639810909 0.07587200420682146 354
1757639810966 0.10769378891617215 355
1757639811023 0.09292026921133589 356
1757639811080 0.11666322745943672 357
1757639811137 0.12222153374497213 358
1757639811194 0.10814253836972085 359
1757639811251 0.1558682019131955 360
1757639811308 0.13767769811240776 361
1757639811367 0.12669188524751201 362
1757639811424 0.13409612288459155 363
1757639811480 0.17613143449429217 364
1757639811537 0.20121382848276398 365
1757639811593 0.13276706469523444 366
1757639811650 0.15745058080965474 367
1757639811708 0.20564796982856148 368
1757639811765 0.13870698148096788 369
1757639811822 0.0864599133471994 370
1757639811885 0.1205756587373581 371
1757639811944 0.10396846606823922 372
1757639812001 0.09835184885690365 373
1757639812058 0.1491007660068498 374
1757639812116 0.18648616112254937 375
1757639812183 0.05815956053836113 376
1757639812241 0.42569462891314463 377
1757639812299 0.07588673858335637 378
1757639812357 0.14388751345698234 379
1757639812413 0.11428498517464336 380
1757639812471 0.11872730694229278 381
1757639812529 0.1274827478311037 382
1757639812586 0.07848800245824862 383
1757639812643 0.15203709301651375 384
1757639812706 0.06725437902829151 385
1757639812773 0.11311787133701842 386
1757639812831 0.12207698139316783 387
1757639812889 0.15139899944581628 388
1757639812946 0.07999321444276686 389
1757639813004 0.10355509188845351 390
1757639813061 0.11531155971981062 391
1757639813119 0.18985040962546068 392
1757639813177 0.08327048009762822 393
1757639813235 0.18935708649585029 394
1757639813293 0.12859447278173758 395
1757639813352 0.12546827489708093 396
1757639813410 0.20589858611820178 397
1757639813467 0.1296148837471978 398
1757639813525 0.15004916003238836 399
1757639813583 0.1338990224227389 400
1757639813641 0.15355661539473492 401
1757639813698 0.10755583226945553 402
1757639813757 0.11272791539000926 403
1757639813815 0.09200346217108794 404
1757639813874 0.10244531486127878 405
1757639813937 0.058022223459440136 406
1757639813996 0.11817685345906809 407
1757639814053 0.11925992348465034 408
1757639814111 0.16147572292364737 409
1757639814169 0.18749570048578598 410
1757639814227 0.1456983187301926 411
1757639814286 0.1477240387018634 412
1757639814344 0.1593627729760943 413
1757639814402 0.14882918204148204 414
1757639814460 0.16090033431128706 415
1757639814518 0.21906712245349086 416
1757639814576 0.11867844487153842 417
1757639814634 0.17381162180502585 418
1757639814693 0.10131389831614898 419
1757639814751 0.16822484660138742 420
1757639814809 0.15321599855011314 421
1757639814867 0.12627686579491976 422
1757639814926 0.10524898406931053 423
1757639814987 0.13510772028929297 424
1757639815044 0.1288678761319296 425
1757639815102 0.0874519502637487 426
1757639815160 0.0909876875929927 427
1757639815218 0.0736535986605321 428
1757639815277 0.12891579082440197 429
1757639815336 0.16852466832198545 430
1757639815393 0.11292668071392095 431
1757639815451 0.16211485659310218 432
1757639815510 0.1287054048674239 433
1757639815569 0.17057855743237932 434
1757639815627 0.1324435814660572 435
1757639815686 0.3742454512956081 436
1757639815744 0.09858127085218207 437
1757639815802 0.1831635803695847 438
1757639815861 0.2378189839217238 439
1757639815924 0.12677231639335818 440
1757639815984 0.12977221957371443 441
1757639816044 0.16461158813216156 442
1757639816101 0.15711106732547864 443
1757639816160 0.09863525741796743 444
1757639816219 0.13124912455701582 445
1757639816278 0.10877501371935092 446
1757639816337 0.20171746127098988 447
1757639816396 0.14764467295245057 448
1757639816455 0.0908712445738521 449
1757639816515 0.14999338841738696 450
1757639816574 0.14958070105703647 451
1757639816632 0.09568478958579806 452
1757639816691 0.126456018385199 453
1757639816750 0.14087706438615327 454
1757639816808 0.10744833554844352 455
1757639816868 0.16394479983727922 456
1757639816927 0.09363763586124638 457
1757639816985 0.15906548655435154 458
1757639817046 0.1286805792192809 459
1757639817104 0.079267395965519 460
1757639817162 0.14788225192496274 461
1757639817249 0.06266525673087336 462
1757639817309 0.15993815564311242 463
1757639817368 0.1744357812074387 464
1757639817426 0.1466329942253381 465
1757639817485 0.11871670735122915 466
1757639817544 0.10136991779966477 467
1757639817604 0.19446658126634397 468
1757639817663 0.1552731688964215 469
1757639817733 0.1332587623763914 470
1757639817797 0.08800494554831845 471
1757639817857 0.12933684241135568 472
1757639817916 0.09926869091171252 473
1757639817980 0.12525421934800351 474
1757639818039 0.09251115635241403 475
1757639818100 0.07601318963532258 476
1757639818159 0.10988159478916942 477
1757639818223 0.055291803178824456 478
1757639818283 0.15806540204251224 479
1757639818344 0.16691058641317125 480
1757639818403 0.12371833800217158 481
1757639818462 0.13917716922686796 482
1757639818522 0.20748059429345556 483
1757639818581 0.0538744502987882 484
1757639818642 0.08701459495050004 485
1757639818705 0.1319772166251957 486
1757639818765 0.12990084696002782 487
1757639818825 0.24192871607431463 488
1757639818885 0.11730672674916812 489
1757639818948 0.1026180538644089 490
1757639819007 0.15854756097835632 491
1757639819066 0.17808392930422695 492
1757639819125 0.08721115387999812 493
1757639819184 0.1235562896126203 494
1757639819243 0.062356507023849164 495
1757639819302 0.14521169472643503 496
1757639819363 0.11529862085167167 497
1757639819423 0.10411752247317788 498
1757639819483 0.11483980343958519 499
