1757648938893 169.17813275916612 0
1757648938959 168.83989285097897 1
1757648939022 168.50260415955142 2
1757648939087 168.16599026277441 3
1757648939144 167.83004980950366 4
1757648939200 167.49478145130342 5
1757648939256 167.160183842441 6
1757648939311 166.8262556398811 7
1757648939366 166.4929955032806 8
1757648939424 166.1604020949832 9
1757648939488 165.8284740800138 10
1757648939561 165.4972101260733 11
1757648939623 165.16660890353324 12
1757648939688 164.83666908543032 13
1757648939746 164.5073893474611 14
1757648939808 164.17876836797674 15
1757648939867 163.8508048279775 16
1757648939928 163.52349741110757 17
1757648939984 163.19684480364975 18
1757648940041 162.87084569452006 19
1757648940098 162.54549877526253 20
1757648940157 162.22080274004395 21
1757648940214 161.89675628564848 22
1757648940271 161.5733581114725 23
1757648940327 161.25060691951947 24
1757648940384 160.92850141439436 25
1757648940439 160.6070403032988 26
1757648940494 160.28622229602556 27
1757648940550 159.96604610495368 28
1757648940607 159.64651044504294 29
1757648940664 159.32761403382892 30
1757648940719 159.0093555914177 31
1757648940775 158.69173384048068 32
1757648940832 158.37474750624963 33
1757648940888 158.05839531651134 34
1757648940944 157.74267600160252 35
1757648941000 157.42758829440484 36
1757648941056 157.11313093033957 37
1757648941112 156.79930264736274 38
1757648941168 156.48610218595982 39
1757648941224 156.1735282891409 40
1757648941281 155.8615797024353 41
1757648941340 155.55025517388688 42
1757648941398 155.2395534540486 43
1757648941456 154.92947329597783 44
1757648941514 154.62001345523117 45
1757648941572 154.31117268985938 46
1757648941629 154.0029497604025 47
1757648941686 153.6953434298847 48
1757648941742 153.3883524638095 49
1757648941798 153.08197563015455 50
1757648941860 152.7762116993669 51
1757648941918 152.471059444358 52
1757648941975 152.16651764049837 53
1757648942031 151.8625850656134 54
1757648942087 151.55926049997765 55
1757648942144 151.25654272631058 56
1757648942201 150.95443052977106 57
1757648942258 150.65292269795307 58
1757648942315 150.3520180208803 59
1757648942372 150.0517152910015 60
1757648942429 149.75201330318566 61
1757648942485 149.45291085471712 62
1757648942541 149.15440674529057 63
1757648942599 148.8564997770064 64
1757648942655 148.5591887543658 65
1757648942711 148.26247248426603 66
1757648942768 147.9663497759953 67
1757648942825 147.6708194412284 68
1757648942882 147.37588029402164 69
1757648942939 147.08153115080813 70
1757648942996 146.78777083039304 71
1757648943053 146.4945981539488 72
1757648943109 146.2020119450103 73
1757648943166 145.91001102947035 74
1757648943223 145.6185942355748 75
1757648943280 145.32776039391763 76
1757648943336 145.0375083374367 77
1757648943394 144.74783690140853 78
1757648943452 144.4587449234441 79
1757648943509 144.17023124348376 80
1757648943567 143.88229470379275 81
1757648943629 143.59493414895655 82
1757648943686 143.30814842587614 83
1757648943743 143.02193638376338 84
1757648943800 142.73629687413646 85
1757648943861 142.45122875081503 86
1757648943922 142.16673086991588 87
1757648943978 141.88280208984818 88
1757648944042 141.59944127130885 89
1757648944102 141.31664727727807 90
1757648944160 141.0344189730145 91
1757648944218 140.7527552260511 92
1757648944276 140.47165490619003 93
1757648944332 140.19111688549853 94
1757648944390 139.91114003830427 95
1757648944447 139.63172324119063 96
1757648944517 139.35286537299248 97
1757648944581 139.07456531479124 98
1757648944641 138.7968219499109 99
1757648944701 138.5196341639131 100
1757648944759 138.24300084459276 101
1757648944818 137.9669208819737 102
1757648944876 137.69139316830407 103
1757648944947 137.4164165980518 104
1757648945007 137.14199006790045 105
1757648945066 136.8681124767444 106
1757648945126 136.5947827256846 107
1757648945184 136.32199971802422 108
1757648945241 136.04976235926398 109
1757648945299 135.778069557098 110
1757648945358 135.50692022140927 111
1757648945416 135.23631326426528 112
1757648945474 134.96624759991357 113
1757648945533 134.69672214477745 114
1757648945592 134.4277358174517 115
1757648945650 134.1592875386979 116
1757648945708 133.89137623144057 117
1757648945766 133.6240008207623 118
1757648945824 133.35716023389986 119
1757648945904 133.09085340023958 120
1757648945975 132.82507925131324 121
1757648946040 132.55983672079356 122
1757648946102 132.29512474449015 123
1757648946163 132.03094226034494 124
1757648946224 131.76728820842817 125
1757648946282 131.50416153093403 126
1757648946339 131.2415611721762 127
1757648946397 130.97948607858396 128
1757648946455 130.71793519869766 129
1757648946513 130.45690748316454 130
1757648946571 130.19640188473457 131
1757648946629 129.93641735825622 132
1757648946688 129.67695286067226 133
1757648946748 129.4180073510154 134
1757648946806 129.15957979040436 135
1757648946864 128.90166914203945 136
1757648946923 128.64427437119852 137
1757648946982 128.3873944452328 138
1757648947040 128.13102833356268 139
1757648947099 127.8751750076735 140
1757648947158 127.61983344111162 141
1757648947216 127.36500260948006 142
1757648947275 127.11068149043447 143
1757648947335 126.85686906367904 144
1757648947394 126.60356431096235 145
1757648947455 126.35076621607318 146
1757648947513 126.0984737648367 147
1757648947571 125.84668594511002 148
1757648947630 125.59540174677836 149
1757648947688 125.34462016175088 150
1757648947747 125.09434018395669 151
1757648947806 124.84456080934069 152
1757648947864 124.59528103585967 153
1757648947924 124.34649986347813 154
1757648947988 124.09821629416432 155
1757648948048 123.85042933188623 156
1757648948107 123.60313798260755 157
1757648948165 123.35634125428369 158
1757648948224 123.1100381568578 159
1757648948283 122.8642277022567 160
1757648948341 122.61890890438698 161
1757648948400 122.37408077913095 162
1757648948459 122.12974234434283 163
1757648948518 121.88589261984461 164
1757648948578 121.6425306274222 165
1757648948637 121.39965539082151 166
1757648948697 121.15726593574443 167
1757648948757 120.91536128984501 168
1757648948816 120.6739404827254 169
1757648948874 120.43300254593217 170
1757648948933 120.1925465129521 171
1757648948993 119.95257141920865 172
1757648949051 119.7130763020577 173
1757648949142 119.474060200784 174
1757648949206 119.23552215659706 175
1757648949323 118.9974612126274 176
1757648949389 118.75987641392274 177
1757648949454 118.52276680744404 178
1757648949532 118.28613144206173 179
1757648949597 118.04996936855184 180
1757648949659 117.81427963959229 181
1757648949721 117.57906130975886 182
1757648949783 117.34431343552161 183
1757648949845 117.11003507524092 184
1757648949907 116.87622528916378 185
1757648949968 116.64288313942 186
1757648950035 116.41000769001836 187
1757648950095 116.17759800684297 188
1757648950155 115.94565315764935 189
1757648950214 115.71417221206084 190
1757648950274 115.48315424156473 191
1757648950334 115.25259831950855 192
1757648950394 115.02250352109634 193
1757648950453 114.79286892338502 194
1757648950514 114.56369360528048 195
1757648950575 114.33497664753405 196
1757648950635 114.10671713273871 197
1757648950696 113.87891414532544 198
1757648950756 113.65156677155943 199
1757648950815 113.42467409953653 200
1757648950874 113.19823521917955 201
1757648950934 112.9722492222345 202
1757648950994 112.74671520226711 203
1757648951057 112.52163225465893 204
1757648951116 112.2969994766039 205
1757648951177 112.0728159671047 206
1757648951238 111.84908082696899 207
1757648951299 111.62579315880583 208
1757648951359 111.40295206702224 209
1757648951419 111.18055665781931 210
1757648951478 110.95860603918882 211
1757648951538 110.73709932090956 212
1757648951598 110.51603561454375 213
1757648951659 110.29541403343349 214
1757648951718 110.07523369269714 215
1757648951780 109.85549370922577 216
1757648951840 109.63619320167972 217
1757648951902 109.41733129048485 218
1757648951962 109.19890709782914 219
1757648952026 108.98091974765913 220
1757648952088 108.76336836567636 221
1757648952148 108.54625207933385 222
1757648952208 108.32957001783267 223
1757648952269 108.11332131211829 224
1757648952330 107.89750509487722 225
1757648952391 107.68212050053341 226
1757648952452 107.46716666524485 227
1757648952513 107.25264272690004 228
1757648952692 107.03854782511452 229
1757648952761 106.82488110122745 230
1757648952825 106.6116416982981 231
1757648952889 106.39882876110242 232
1757648952952 106.18644143612961 233
1757648953017 105.97447887157865 234
1757648953080 105.76294021735495 235
1757648953143 105.55182462506679 236
1757648953207 105.34113124802201 237
1757648953271 105.13085924122458 238
1757648953332 104.92100776137124 239
1757648953393 104.711575966848 240
1757648953453 104.50256301772681 241
1757648953513 104.2939680757622 242
1757648953574 104.08579030438786 243
1757648953635 103.87802886871333 244
1757648953696 103.67068293552056 245
1757648953757 103.46375167326063 246
1757648953819 103.25723425205038 247
1757648953880 103.05112984366902 248
1757648953947 102.84543762155488 249
1757648954009 102.64015676080199 250
1757648954075 102.43528643815687 251
1757648954139 102.23082583201507 252
1757648954204 102.02677412241803 253
1757648954267 101.82313049104962 254
1757648954328 101.61989412123303 255
1757648954389 101.41706419792722 256
1757648954452 101.21463990772392 257
1757648954529 101.01262043884417 258
1757648954598 100.8110049811351 259
1757648954662 100.6097927260667 260
1757648954725 100.40898286672854 261
1757648954789 100.20857459782654 262
1757648954852 100.00856711567967 263
1757648954916 99.80895961821679 264
1757648954999 99.6097513049734 265
1757648955066 99.41094137708835 266
1757648955131 99.21252903730075 267
1757648955195 99.01451348994667 268
1757648955257 98.81689394095592 269
1757648955320 98.61966959784894 270
1757648955382 98.42283966973352 271
1757648955443 98.22640336730173 272
1757648955504 98.03035990282658 273
1757648955568 97.834708490159 274
1757648955630 97.63944834472458 275
1757648955691 97.44457868352053 276
1757648955754 97.25009872511231 277
1757648955816 97.05600768963075 278
1757648955879 96.86230479876869 279
1757648955941 96.668989275778 280
1757648956005 96.47606034546637 281
1757648956067 96.2835172341942 282
1757648956136 96.09135916987152 283
1757648956201 95.89958538195485 284
1757648956263 95.70819510144409 285
1757648956325 95.5171875608795 286
1757648956387 95.3265619943385 287
1757648956449 95.13631763743267 288
1757648956511 94.9464537273046 289
1757648956574 94.75696950262494 290
1757648956638 94.56786420358921 291
1757648956699 94.37913707191481 292
1757648956762 94.19078735083794 293
1757648956827 94.00281428511057 294
1757648956888 93.81521712099743 295
1757648956951 93.62799510627288 296
1757648957014 93.44114749021796 297
1757648957078 93.25467352361738 298
1757648957141 93.06857245875646 299
1757648957203 92.88284354941814 300
1757648957265 92.69748605087997 301
1757648957327 92.51249921991116 302
1757648957389 92.32788231476945 303
1757648957453 92.14363459519831 304
1757648957517 91.95975532242385 305
1757648957579 91.77624375915185 306
1757648957642 91.59309916956484 307
1757648957705 91.41032081931907 308
1757648957768 91.22790797554163 309
1757648957830 91.04585990682745 310
1757648957892 90.86417588323638 311
1757648957955 90.68285517629023 312
1757648958019 90.50189705896989 313
1757648958083 90.32130080571228 314
1757648958152 90.14106569240764 315
1757648958216 89.96119099639641 316
1757648958280 89.7816759964664 317
1757648958343 89.60251997284995 318
1757648958406 89.42372220722093 319
1757648958469 89.24528198269192 320
1757648958531 89.06719858381126 321
1757648958593 88.88947129656026 322
1757648958656 88.71209940835026 323
1757648958720 88.53508220801977 324
1757648958783 88.35841898583162 325
1757648958845 88.18210903347016 326
1757648958909 88.00615164403823 327
1757648958972 87.83054611205456 328
1757648959036 87.65529173345074 329
1757648959098 87.48038780556847 330
1757648959161 87.30583362715673 331
1757648959224 87.13162849836894 332
1757648959287 86.95777172076015 333
1757648959352 86.78426259728423 334
1757648959414 86.61110043229107 335
1757648959482 86.43828453152376 336
1757648959569 86.26581420211583 337
1757648959644 86.09368875258843 338
1757648959712 85.92190749284758 339
1757648959779 85.75046973418138 340
1757648959844 85.57937478925717 341
1757648959910 85.40862197211891 342
1757648959974 85.2382105981843 343
1757648960037 85.06813998424207 344
1757648960101 84.89840944844923 345
1757648960171 84.72901831032831 346
1757648960239 84.55996589076463 347
1757648960303 84.39125151200359 348
1757648960367 84.22287449764791 349
1757648960431 84.05483417265492 350
1757648960494 83.88712986333387 351
1757648960559 83.71976089734316 352
1757648960625 83.5527266036877 353
1757648960688 83.38602631271617 354
1757648960751 83.21965935611833 355
1757648960816 83.05362506692231 356
1757648960881 82.88792277949206 357
1757648960945 82.72255182952445 358
1757648961008 82.55751155404674 359
1757648961073 82.39280129141395 360
1757648961137 82.22842038130605 361
1757648961200 82.06436816472544 362
1757648961265 81.90064398399423 363
1757648961329 81.73724718275162 364
1757648961392 81.57417710595122 365
1757648961456 81.41143309985848 366
1757648961521 81.249014512048 367
1757648961586 81.08692069140096 368
1757648961650 80.92515098810243 369
1757648961714 80.76370475363882 370
1757648961779 80.60258134079524 371
1757648961843 80.44178010365287 372
1757648961907 80.28130039758646 373
1757648961970 80.12114157926166 374
1757648962034 79.96130300663239 375
1757648962100 79.80178403893832 376
1757648962164 79.64258403670233 377
1757648962235 79.48370236172785 378
1757648962302 79.32513837709638 379
1757648962366 79.16689144716479 380
1757648962431 79.00896093756293 381
1757648962496 78.85134621519099 382
1757648962560 78.69404664821691 383
1757648962624 78.53706160607395 384
1757648962692 78.38039045945811 385
1757648962757 78.22403258032551 386
1757648962822 78.06798734189002 387
1757648962886 77.91225411862058 388
1757648962951 77.7568322862388 389
1757648963014 77.60172122171642 390
1757648963079 77.44692030327278 391
1757648963144 77.29242891037228 392
1757648963209 77.13824642372205 393
1757648963273 76.98437222526924 394
1757648963338 76.83080569819867 395
1757648963408 76.67754622693036 396
1757648963473 76.52459319711691 397
1757648963539 76.37194599564127 398
1757648963604 76.21960401061399 399
1757648963668 76.06756663137098 400
1757648963733 75.91583324847095 401
1757648963800 75.76440325369305 402
1757648963864 75.61327604003424 403
1757648963928 75.46245100170707 404
1757648963993 75.31192753413707 405
1757648964058 75.16170503396042 406
1757648964124 75.0117828990215 407
1757648964190 74.86216052837044 408
1757648964261 74.7128373222607 409
1757648964329 74.56381268214675 410
1757648964395 74.4150860106815 411
1757648964458 74.26665671171408 412
1757648964540 74.11852419028729 413
1757648964610 73.97068785263525 414
1757648964684 73.82314710618111 415
1757648964752 73.6759013595345 416
1757648964820 73.52895002248933 417
1757648964887 73.38229250602123 418
1757648964972 73.23592822228531 419
1757648965040 73.08985658461383 420
1757648965109 72.94407700751363 421
1757648965175 72.79858890666405 422
1757648965244 72.65339169891436 423
1757648965312 72.50848480228154 424
1757648965378 72.3638676359479 425
1757648965444 72.21953962025871 426
1757648965511 72.07550017671997 427
1757648965579 71.93174872799595 428
1757648965646 71.78828469790697 429
1757648965712 71.64510751142701 430
1757648965777 71.50221659468151 431
1757648965843 71.35961137494488 432
1757648965910 71.21729128063839 433
1757648965982 71.07525574132777 434
1757648966049 70.93350418772086 435
1757648966116 70.79203605166549 436
1757648966182 70.65085076614704 437
1757648966249 70.50994776528623 438
1757648966322 70.36932648433678 439
1757648966391 70.22898635968329 440
1757648966456 70.0889268288388 441
1757648966523 69.94914733044261 442
1757648966589 69.80964730425802 443
1757648966656 69.67042619117007 444
1757648966722 69.53148343318328 445
1757648966788 69.39281847341941 446
1757648966855 69.25443075611527 447
1757648966920 69.1163197266204 448
1757648966988 68.9784848313949 449
1757648967053 68.84092551800717 450
1757648967119 68.70364123513171 451
1757648967186 68.56663143254693 452
1757648967253 68.42989556113288 453
1757648967319 68.29343307286904 454
1757648967386 68.15724342083216 455
1757648967453 68.02132605919408 456
1757648967521 67.88568044321946 457
1757648967587 67.75030602926363 458
1757648967654 67.61520227477043 459
1757648967720 67.48036863826992 460
1757648967788 67.3458045793764 461
1757648967854 67.21150955878606 462
1757648967921 67.07748303827485 463
1757648967987 66.94372448069636 464
1757648968053 66.81023334997964 465
1757648968119 66.67700911112706 466
1757648968185 66.5440512302121 467
1757648968253 66.41135917437728 468
1757648968325 66.27893241183193 469
1757648968396 66.14677041185018 470
1757648968464 66.01487264476867 471
1757648968531 65.88323858198456 472
1757648968598 65.7518676959533 473
1757648968664 65.62075946018655 474
1757648968732 65.48991334925012 475
1757648968799 65.35932883876174 476
1757648968933 65.22900540538909 477
1757648969005 65.09894252684751 478
1757648969078 64.96913968189808 479
1757648969147 64.83959635034546 480
1757648969218 64.71031201303579 481
1757648969288 64.58128615185456 482
1757648969357 64.45251824972463 483
1757648969426 64.32400779060404 484
1757648969502 64.195754259484 485
1757648969580 64.06775714238687 486
1757648969648 63.94001592636396 487
1757648969719 63.81253009949355 488
1757648969789 63.68529915087886 489
1757648969859 63.55832257064591 490
1757648969929 63.43159984994152 491
1757648970000 63.305130480931275 492
1757648970069 63.17891395679749 493
1757648970142 63.052949771737126 494
1757648970211 62.92723742095974 495
1757648970278 62.80177640068557 496
1757648970352 62.67656620814342 497
1757648970452 62.55160634156862 498
1757648970520 62.426896300201086 499
