1757643156977 0.023837016923505438 0
1757643157072 0.014185690844866804 1
1757643157199 0.06530614570258926 2
1757643157296 0.010045926887980812 3
1757643157393 0.09455792193645608 4
1757643157489 0.005767192911681979 5
1757643157583 0.027041310493164494 6
1757643157677 0.01336613677031559 7
1757643157772 0.7012795635947571 8
1757643157867 0.1094500474811412 9
1757643157960 0.03301456974309827 10
1757643158055 0.0001420179139503814 11
1757643158150 0.017614451882843232 12
1757643158329 0.022016847855799927 13
1757643158490 0.00024872770523215904 14
1757643158596 0.03569051025847377 15
1757643158701 0.08279890547022978 16
1757643158806 0.0007216268528692453 17
1757643158907 0.02805603818601767 18
1757643159005 0.27220017846934264 19
1757643159103 0.1703058032732884 20
1757643159200 0.032008302993266076 21
1757643159295 0.07733967370492276 22
1757643159390 0.010301963036097279 23
1757643159486 0.05119179799725772 24
1757643159583 0.08032520039528897 25
1757643159678 0.02053537364523083 26
1757643159773 0.005195511095964898 27
1757643159875 0.1747795810049489 28
1757643159969 0.0018920096333939517 29
1757643160067 0.004787685000799187 30
1757643160164 0.008866066975019201 31
1757643160261 1.552556728856495e-05 32
1757643160357 0.004329815921085145 33
1757643160451 0.0674249062105732 34
1757643160544 0.0023038290734235193 35
1757643160641 0.0006199378779055619 36
1757643160739 0.4628781056042105 37
1757643160834 0.05149073249106489 38
1757643160929 0.3394941796518998 39
1757643161025 0.2903110086601548 40
1757643161121 0.051861194223192 41
1757643161216 0.0913341678576538 42
1757643161309 0.15722883445744573 43
1757643161404 0.028900203242916693 44
1757643161497 0.2835360747650696 45
1757643161592 0.3189779162353106 46
1757643161694 0.00043022938967028705 47
1757643161791 0.030499382982977493 48
1757643161887 0.06718830384716006 49
1757643161981 0.01784483463051995 50
1757643162076 0.06829233841850878 51
1757643162170 0.6431769618846986 52
1757643162264 0.4741645065823104 53
1757643162358 0.00964994642672107 54
1757643162452 0.07127853829427051 55
1757643162546 3.998183737093884e-05 56
1757643162640 0.033228613006509054 57
1757643162741 0.0005585688601201034 58
1757643162837 0.05888285121380713 59
1757643162931 0.0009736333723446411 60
1757643163024 0.10763009929650386 61
1757643163118 0.01715586010636392 62
1757643163227 0.00612420523629489 63
1757643163332 0.013207764911889124 64
1757643163447 0.16566317225170166 65
1757643163547 0.10205902512294819 66
1757643163647 0.9044572228231973 67
1757643163744 0.0034953653132588137 68
1757643163842 0.0032168045441269793 69
1757643163939 0.05518535553956135 70
1757643164035 0.4111604920749544 71
1757643164132 0.016404813895350322 72
1757643164229 0.0019179850651289546 73
1757643164326 0.37273371188932863 74
1757643164430 0.00010069602448803253 75
1757643164526 0.017225343208193567 76
1757643164622 0.13059476298933592 77
1757643164718 0.0008316305041400819 78
1757643164816 0.00014645526629972853 79
1757643164913 0.009807571817253776 80
1757643165007 0.06569062245373493 81
1757643165102 0.0059491562285177635 82
1757643165198 0.09696526719885465 83
1757643165295 0.021213324439789887 84
1757643165391 0.2450281965920025 85
1757643165485 1.1745482441685822 86
1757643165581 7.842874791087215e-06 87
1757643165679 0.11778696321117083 88
1757643165793 0.0014955018767775327 89
1757643165891 0.13798943331471228 90
1757643165988 0.15681398867276863 91
1757643166084 0.14609368860161934 92
1757643166179 0.07597972556963893 93
1757643166273 0.03418572522765446 94
1757643166368 3.5440970926895624e-05 95
1757643166463 0.0033689217669015856 96
1757643166557 0.07060038486944874 97
1757643166652 0.0006722975465600068 98
1757643166750 0.15331570631262917 99
1757643166848 0.021131419552842347 100
1757643166943 0.04707844432703181 101
1757643167038 0.021362793301583458 102
1757643167142 0.02730671581554924 103
1757643167313 0.07763613318081931 104
1757643167418 0.33260547932190315 105
1757643167523 0.07635315057958611 106
1757643167621 0.004294793172279925 107
1757643167718 0.16940496243927547 108
1757643167815 0.10452745945419671 109
1757643167913 0.01377460500708437 110
1757643168010 0.10159301963833071 111
1757643168107 0.41095088417342707 112
1757643168203 0.025018784998570652 113
1757643168298 0.02873473766881 114
1757643168405 0.08465262488461138 115
1757643168503 0.5054527954967067 116
1757643168600 0.0462379889558455 117
1757643168698 0.47263996236328404 118
1757643168798 0.011661487763945362 119
1757643168897 0.05639357015438679 120
1757643168994 0.020236888770471518 121
1757643169092 0.0006041720763416843 122
1757643169189 0.12964104904789733 123
1757643169285 0.002543048565182865 124
1757643169380 0.02315743842346224 125
1757643169478 0.0055599520364086824 126
1757643169574 0.0003968122046493036 127
1757643169668 0.018616439979068748 128
1757643169763 0.14610372523680443 129
1757643169858 0.08762021242964754 130
1757643169952 0.05133797648449844 131
1757643170047 0.1600674425510433 132
1757643170144 0.20461753055689128 133
1757643170239 0.15270108308408908 134
1757643170334 0.07460709051860424 135
1757643170436 0.09513847678000363 136
1757643170553 0.0013593731401265758 137
1757643170667 0.6644652156163333 138
1757643170764 0.46902947886249596 139
1757643170868 0.0039780171422172765 140
1757643170968 0.017380576619371667 141
1757643171067 0.00032946263046926754 142
1757643171164 0.3950281152500325 143
1757643171262 0.05970378874119335 144
1757643171359 0.10275996377771222 145
1757643171457 0.1637836863576368 146
1757643171552 0.10337281032392191 147
1757643171647 0.022322748670530947 148
1757643171743 0.2740926002622978 149
1757643171840 0.09338400036843797 150
1757643171938 0.014226663036576976 151
1757643172034 0.12834460380033866 152
1757643172130 1.3822981969736076e-05 153
1757643172227 0.6506601557587691 154
1757643172323 0.018483367280456332 155
1757643172419 0.04111077119532533 156
1757643172515 0.14474331866775017 157
1757643172612 0.08829711961038265 158
1757643172708 0.47794101917432447 159
1757643172804 0.14486115591303877 160
1757643172910 0.16104685580544847 161
1757643173008 0.005897203977954748 162
1757643173107 0.17203772698857062 163
1757643173210 0.09597383317075003 164
1757643173310 0.07838234367776652 165
1757643173421 0.004467629441196671 166
1757643173520 0.029568505318451437 167
1757643173618 0.05399004462900754 168
1757643173717 0.04764161925185927 169
1757643173815 0.09184664893304124 170
1757643173914 0.2155528161349338 171
1757643174013 0.08902538833147336 172
1757643174111 0.4451207817108516 173
1757643174207 0.41836009147404457 174
1757643174307 0.3482205799233661 175
1757643174406 0.2255926413656204 176
1757643174503 0.005117138562729377 177
1757643174599 0.10878413699452368 178
1757643174696 0.012086077321199845 179
1757643174793 0.39392063061677457 180
1757643174893 0.044458802336390296 181
1757643174992 0.015384357540403416 182
1757643175092 0.07598998533114965 183
1757643175192 0.170262792692137 184
1757643175292 0.006131362046343338 185
1757643175392 0.14893618393327882 186
1757643175490 0.06982946728962926 187
1757643175590 0.26555041609270463 188
1757643175687 0.016624668841025467 189
1757643175786 0.06729362058905498 190
1757643175883 0.0006782808733456268 191
1757643175979 5.897632694079684e-08 192
1757643176075 0.052642419486061125 193
1757643176172 0.06880403694360535 194
1757643176269 0.03826452242087592 195
1757643176366 0.06792900216680287 196
1757643176464 0.020793250370176156 197
1757643176561 0.17384344550357195 198
1757643176657 0.16468639971052057 199
1757643176755 0.0055374897693156585 200
1757643176852 0.1874469544166608 201
1757643176955 0.012251886377298554 202
1757643177056 0.0014241904671959296 203
1757643177153 0.09915072367509277 204
1757643177251 0.0009932815203005298 205
1757643177348 0.16919263120451797 206
1757643177445 0.02331450864306971 207
1757643177542 0.10111511265718144 208
1757643177641 0.011441014941769127 209
1757643177740 0.38561340102950653 210
1757643177836 0.025635258672871145 211
1757643177933 0.003021208358195899 212
1757643178032 0.07229335022709957 213
1757643178129 0.031568779515891855 214
1757643178227 0.017028850723877 215
1757643178325 0.09601917086180507 216
1757643178440 0.02770274898102796 217
1757643178540 0.19268833676911593 218
1757643178641 0.0007016553693319922 219
1757643178743 0.0004195625981914464 220
1757643178842 0.01826814964395884 221
1757643178944 0.00900399175980919 222
1757643179045 0.19908143093103398 223
1757643179144 0.009851889649520962 224
1757643179245 0.004105330624519396 225
1757643179342 0.11622138249440406 226
1757643179441 0.013216326031705342 227
1757643179540 0.1314890193666728 228
1757643179639 0.29540174000832514 229
1757643179737 7.554535085909373e-05 230
1757643179834 0.019660322147061246 231
1757643179931 0.009198865206010305 232
1757643180028 0.15849654581409878 233
1757643180129 0.20228504457237342 234
1757643180228 0.00842608842025352 235
1757643180326 0.04859192291039023 236
1757643180423 0.011378897590060975 237
1757643180521 0.036857522571367284 238
1757643180619 0.05046423399764291 239
1757643180717 0.008651998360062994 240
1757643180814 0.057379865535862995 241
1757643180912 0.3270802219979387 242
1757643181016 0.12190648361468236 243
1757643181115 0.02893983723807247 244
1757643181216 0.08033029735606362 245
1757643181314 0.10347588627972415 246
1757643181414 0.14674797405790188 247
1757643181514 0.023457647561405257 248
1757643181612 0.011398642694384653 249
1757643181710 0.0030799382302148003 250
1757643181807 0.16161686877904474 251
1757643181905 0.07838656206520464 252
1757643182003 0.1827741165544433 253
1757643182100 0.030781223930848832 254
1757643182198 0.3370630343805496 255
1757643182295 0.004962396828859725 256
1757643182396 0.04277497803692375 257
1757643182495 0.0004000898883662962 258
1757643182594 0.042186533047049696 259
1757643182693 2.185477319367149e-07 260
1757643182791 0.015095217173973169 261
1757643182889 0.23565281141321662 262
1757643182988 0.8547285072824004 263
1757643183095 0.18368370475212292 264
1757643183199 0.030884784584705498 265
1757643183307 0.02728406177577319 266
1757643183423 0.12955173566813216 267
1757643183527 0.03435235350920088 268
1757643183628 4.838466899791249e-05 269
1757643183728 0.07052546036848616 270
1757643183829 0.1240688179382905 271
1757643183929 2.075595917611187e-05 272
1757643184029 0.025724460337587286 273
1757643184128 0.029037718290756392 274
1757643184227 0.003935496093220851 275
1757643184327 0.09919839945714648 276
1757643184426 0.0015520678889304805 277
1757643184525 0.04426426766266495 278
1757643184679 0.10502278637893087 279
1757643184784 0.07613963357325648 280
1757643184973 0.08909591829940802 281
1757643185110 0.8910564324735714 282
1757643185220 0.26803908956204364 283
1757643185325 0.03075409848870132 284
1757643185427 0.3891289869211837 285
1757643185529 0.2071796134637561 286
1757643185630 0.1775753476451494 287
1757643185732 0.010852025973749428 288
1757643185851 0.012266004526957324 289
1757643185956 0.09365224358672271 290
1757643186060 0.01906044577071967 291
1757643186161 0.009263701545940682 292
1757643186264 0.007706221280773455 293
1757643186365 0.07246312721023453 294
1757643186464 0.0003229696052669108 295
1757643186566 0.6333185005568434 296
1757643186665 0.2639751920493146 297
1757643186765 0.0027425738361348258 298
1757643186864 0.12679760463402628 299
1757643186964 0.04092182050966912 300
1757643187065 0.010879824920817937 301
1757643187172 0.019079565872241497 302
1757643187273 0.38350752429436136 303
1757643187373 0.1533157606292238 304
1757643187472 0.18952329191338252 305
1757643187572 0.09621040348911021 306
1757643187671 0.1028823031754632 307
1757643187770 3.570719395709009 308
1757643187869 0.15943102620222466 309
1757643187968 0.2518489303409648 310
1757643188066 0.012502680191950756 311
1757643188166 0.0015173273876308976 312
1757643188265 3.5652926224218854e-05 313
1757643188373 0.05505017952838428 314
1757643188481 0.010285261350994179 315
1757643188583 0.12733092948018743 316
1757643188684 0.0073825807871419485 317
1757643188787 0.02838147454483544 318
1757643188887 0.21705298737378861 319
1757643188987 0.1775515926689803 320
1757643189087 0.35953647540217243 321
1757643189194 0.009200498382278122 322
1757643189295 0.017269980123638205 323
1757643189395 0.2380168772631707 324
1757643189497 0.008055444061824232 325
1757643189595 0.05484101188316438 326
1757643189697 0.6350374193904706 327
1757643189797 0.03558260415275852 328
1757643189896 0.14039647597530877 329
1757643189996 0.10823460487378478 330
1757643190095 0.0002483140103474166 331
1757643190194 0.0005079698666449896 332
1757643190294 0.008608199949834566 333
1757643190393 0.07091605013075308 334
1757643190493 0.006668462269262955 335
1757643190593 0.0051614110166162235 336
1757643190692 0.18954509810018794 337
1757643190795 0.039755078147629484 338
1757643190894 0.0013839635735111604 339
1757643190993 0.06385576507910105 340
1757643191093 0.00018677721996069541 341
1757643191200 0.0729229708834695 342
1757643191303 0.02675194199147852 343
1757643191403 0.4547956305042448 344
1757643191506 0.002587305171967504 345
1757643191608 0.00018274170854267906 346
1757643191716 0.014912284841622691 347
1757643191821 0.07186092434529964 348
1757643191921 0.018992115609705717 349
1757643192022 0.057415772453256665 350
1757643192123 0.14356889762442454 351
1757643192223 0.018143438347368795 352
1757643192324 0.011050631528340231 353
1757643192425 0.04297441668699853 354
1757643192524 0.1908750516666165 355
1757643192624 0.00847919314160558 356
1757643192724 0.07264116403338172 357
1757643192824 0.0034289534439122804 358
1757643192924 0.26371452672411616 359
1757643193024 0.0007156814750360159 360
1757643193124 0.0026341755589387697 361
1757643193232 0.35425712866095477 362
1757643193339 0.0008151510254233116 363
1757643193458 0.02068665877889438 364
1757643193562 0.18163728076330418 365
1757643193664 0.0002960037293008914 366
1757643193767 0.0005315051031610803 367
1757643193870 0.15131974182213243 368
1757643193973 0.060581605558710255 369
1757643194074 0.00023692290357923596 370
1757643194174 0.03163365661028759 371
1757643194276 0.04768012382215304 372
1757643194376 0.0019661335530390136 373
1757643194479 0.052125833164777965 374
1757643194579 0.028483368776265824 375
1757643194679 0.00032404105345752433 376
1757643194780 0.7587880224587251 377
1757643194881 1.3239237320124713 378
1757643194982 0.12648042426053455 379
1757643195082 0.0554285538455828 380
1757643195183 0.004196227239609683 381
1757643195290 0.4624990320448148 382
1757643195394 0.08029819904757693 383
1757643195495 0.15128057943365572 384
1757643195595 0.12420117816292385 385
1757643195696 0.01067601506398936 386
1757643195801 0.038012662834118374 387
1757643195902 0.004146762267356598 388
1757643196002 0.06930887350210506 389
1757643196103 0.015730565072293683 390
1757643196204 0.03702476403538837 391
1757643196308 0.017408064723419714 392
1757643196409 0.014751204248809673 393
1757643196510 0.12778284358553377 394
1757643196610 0.06720596150443459 395
1757643196713 0.16765504676945764 396
1757643196814 0.2915074431405268 397
1757643196914 0.07376613563134558 398
1757643197016 0.5530213033134755 399
1757643197117 0.014710823211312545 400
1757643197221 0.09258425697561846 401
1757643197330 0.006217175066390214 402
1757643197433 0.2556862844512327 403
1757643197533 0.21960955696267057 404
1757643197638 0.04206635609844653 405
1757643197740 0.27776436972571844 406
1757643197841 0.0002800737973855985 407
1757643197944 0.003993891099245719 408
1757643198044 0.021917448449496828 409
1757643198145 0.13592657891869037 410
1757643198247 0.002312883552391402 411
1757643198354 0.16374397230977752 412
1757643198469 0.09296773896452408 413
1757643198573 0.0839172345112375 414
1757643198678 0.7266051729922847 415
1757643198782 0.040160106059154314 416
1757643198884 0.03192616032886475 417
1757643198985 0.00638272044648956 418
1757643199086 0.2471843951436345 419
1757643199187 0.017490224973541874 420
1757643199293 0.7732027288389983 421
1757643199399 0.4349540845398542 422
1757643199502 0.00016939845168042277 423
1757643199604 0.04884937069231482 424
1757643199705 2.8878252234054617e-05 425
1757643199808 0.2346273678405409 426
1757643199909 0.0029286098835381723 427
1757643200010 0.10524684257325992 428
1757643200112 0.004455704044126408 429
1757643200216 0.07171031523262807 430
1757643200318 0.12354905621873637 431
1757643200420 0.03245909426492449 432
1757643200524 0.0144871787940843 433
1757643200633 0.1769362491831905 434
1757643200736 8.169994772606492e-05 435
1757643200838 0.1412894864259482 436
1757643200940 0.015310904161860685 437
1757643201042 0.033502116427980844 438
1757643201191 0.0982330317309113 439
1757643201300 0.0200567873031426 440
1757643201421 0.07309440019740285 441
1757643201527 0.002930897149178496 442
1757643201633 0.0180941445483528 443
1757643201737 0.9517871402160943 444
1757643201840 0.0255813749224479 445
1757643201942 0.3436695940097906 446
1757643202052 0.11583541175206526 447
1757643202158 0.08057501871567059 448
1757643202266 0.030175011532458048 449
1757643202370 0.25370059735125133 450
1757643202474 0.04967461699613735 451
1757643202576 0.0339039726232453 452
1757643202683 0.0022520078753742756 453
1757643202786 0.020286090192085934 454
1757643202888 0.1573658462381939 455
1757643202991 0.04322449224262159 456
1757643203092 0.0011571502347488601 457
1757643203196 0.5028878596734246 458
1757643203320 0.060771799355886474 459
1757643203458 0.00016268829492781914 460
1757643203566 0.055190862075401234 461
1757643203672 0.0017325852890399348 462
1757643203779 0.02621904583517669 463
1757643203883 0.24738418884942412 464
1757643203986 0.01900141808799969 465
1757643204087 0.09216069753570118 466
1757643204190 0.21584945601126662 467
1757643204294 0.5190490391190143 468
1757643204396 0.07970822887186364 469
1757643204500 0.10783361523836275 470
1757643204602 0.04190744837732155 471
1757643204704 0.005044571566643674 472
1757643204807 0.12482820467983737 473
1757643204909 0.01694458917349793 474
1757643205011 0.3535827944182171 475
1757643205113 0.10314617206251102 476
1757643205216 0.006979957283627486 477
1757643205319 0.01675582042399724 478
1757643205425 0.9339912370217058 479
1757643205528 0.0016652083889304602 480
1757643205632 0.24550538500788122 481
1757643205735 0.1438726886321862 482
1757643205839 0.323493861879737 483
1757643205941 0.3222452633665216 484
1757643206044 0.018801678645813998 485
1757643206147 0.012202903878388474 486
1757643206250 0.24311360421330908 487
1757643206353 0.5220422096324295 488
1757643206456 0.05516555331064628 489
1757643206559 0.33508464302105767 490
1757643206661 0.10800675730507592 491
1757643206764 0.19223537561332624 492
1757643206867 0.08379899364335693 493
1757643206969 0.7461207663109954 494
1757643207070 0.0012576572916089294 495
1757643207173 0.004494992572649534 496
1757643207276 0.18650532241600462 497
1757643207378 0.20930682469521664 498
1757643207485 0.008743114323340946 499
