1757630596753 153.9060099973821 0
1757630596806 150.44450332320875 1
1757630596855 139.8080767660485 2
1757630596905 148.58379858657287 3
1757630596969 142.37355747022977 4
1757630597019 128.09081317796935 5
1757630597069 130.52357065993885 6
1757630597128 127.73186474312492 7
1757630597184 120.27594869845248 8
1757630597234 109.61631368634214 9
1757630597288 111.08333211063662 10
1757630597335 106.10649492707013 11
1757630597382 104.7066436391872 12
1757630597431 99.40478245742491 13
1757630597479 94.97942320273403 14
1757630597525 94.5242202540474 15
1757630597569 92.44737105491296 16
1757630597641 90.66825030679452 17
1757630597700 84.38219204343713 18
1757630597752 82.7657476420141 19
1757630597803 79.26491080586084 20
1757630597854 74.92037621774844 21
1757630597906 73.65273863668848 22
1757630597958 71.3343468868613 23
1757630598011 68.51741635355603 24
1757630598062 66.30740387262891 25
1757630598112 64.5235680687357 26
1757630598162 63.52035364567961 27
1757630598210 58.827853006526325 28
1757630598258 56.85457956057131 29
1757630598305 55.24197824512017 30
1757630598354 53.367734376802666 31
1757630598401 51.34848049002454 32
1757630598449 52.086331153217415 33
1757630598497 47.723587880900816 34
1757630598547 48.765240430014124 35
1757630598615 44.12931045840199 36
1757630598666 44.11325620116035 37
1757630598715 43.83814164634416 38
1757630598764 40.06236494893285 39
1757630598812 38.21125842314981 40
1757630598860 39.016652439101875 41
1757630598909 39.00306579698601 42
1757630598958 35.72466207280441 43
1757630599006 33.121611100402276 44
1757630599054 35.71338639160038 45
1757630599101 32.08529991519288 46
1757630599150 32.03664430695841 47
1757630599199 29.774363441271408 48
1757630599247 30.80816306977449 49
1757630599297 30.195082595778125 50
1757630599352 28.355083933952816 51
1757630599401 24.874812681775317 52
1757630599450 24.82720376843908 53
1757630599497 25.21873578093807 54
1757630599544 24.980715631183518 55
1757630599591 22.404875547714287 56
1757630599656 23.643463007435958 57
1757630599704 21.21300432794443 58
1757630599751 20.980733204022208 59
1757630599799 19.710080182289158 60
1757630599847 19.967850181524593 61
1757630599894 19.945187633494093 62
1757630599944 18.455255568902068 63
1757630599991 17.53290985379339 64
1757630600038 16.852203259498268 65
1757630600087 16.928720657888544 66
1757630600134 15.350279392536608 67
1757630600183 15.834543995926127 68
1757630600230 15.31519338337485 69
1757630600277 14.179857828628892 70
1757630600323 13.516453621221789 71
1757630600371 13.832486202208194 72
1757630600420 13.632338914427475 73
1757630600474 11.689190217826784 74
1757630600616 11.475654420647352 75
1757630600677 12.184763460172585 76
1757630600739 11.02121505070549 77
1757630600792 11.304365486930385 78
1757630600845 10.661288860690583 79
1757630600897 10.58812859523353 80
1757630600946 10.728269426744712 81
1757630600995 9.240221766046481 82
1757630601044 8.808430889470815 83
1757630601092 9.044949519068648 84
1757630601143 8.114280288978428 85
1757630601194 8.874357732113864 86
1757630601244 7.547549774305219 87
1757630601293 8.227781023612792 88
1757630601347 7.5032215976059495 89
1757630601400 6.237038566636577 90
1757630601450 7.150697987229595 91
1757630601499 7.3240310474854065 92
1757630601549 6.5140469400233165 93
1757630601598 6.588190557116172 94
1757630601649 5.469845493412727 95
1757630601700 5.820071969089383 96
1757630601749 5.65503110729923 97
1757630601798 5.286041116467113 98
1757630601847 5.467750005214481 99
1757630601895 5.012105824518242 100
1757630601943 5.393628196427027 101
1757630601991 4.963772758789315 102
1757630602041 4.904458385595892 103
1757630602088 4.310639624510621 104
1757630602137 4.384671890781913 105
1757630602184 4.164443106803581 106
1757630602233 4.150501981822828 107
1757630602282 3.9493776708316832 108
1757630602329 4.051370393131556 109
1757630602378 3.6744192365099075 110
1757630602427 3.913292644058651 111
1757630602475 4.03695112470789 112
1757630602523 3.54633357659289 113
1757630602572 3.321535813170703 114
1757630602621 2.8242449217838868 115
1757630602670 3.4201871133040966 116
1757630602719 3.226547594956307 117
1757630602766 2.78343842998977 118
1757630602815 3.146150151942768 119
1757630602864 2.6094379285055385 120
1757630602913 2.713077412064714 121
1757630603114 2.3514776917169606 122
1757630603172 2.7612050454700783 123
1757630603228 2.4044311476935323 124
1757630603284 1.8287397103225518 125
1757630603342 1.8070099158067192 126
1757630603412 2.109951433260452 127
1757630603465 2.31598772029634 128
1757630603519 1.968767597902109 129
1757630603573 1.90406089136228 130
1757630603625 1.7803859336445718 131
1757630603678 1.75256170778058 132
1757630603729 1.788342245917624 133
1757630603779 1.5692104200152153 134
1757630603829 1.830431006682356 135
1757630603881 1.5306641538802217 136
1757630603932 1.4682549660914845 137
1757630603982 1.5299992810186063 138
1757630604034 1.707293072245068 139
1757630604084 1.4469409776883038 140
1757630604135 1.515049000378987 141
1757630604190 1.3033281987739584 142
1757630604241 1.362900449888383 143
1757630604291 1.272547680465985 144
1757630604341 1.2805254332308098 145
1757630604397 1.1454201906726766 146
1757630604446 1.1025060892833503 147
1757630604494 1.1427767001517644 148
1757630604544 1.0223507101485405 149
1757630604593 0.8658370854140871 150
1757630604645 0.9179542298595228 151
1757630604695 0.9555248581373552 152
1757630604745 0.8304322627346638 153
1757630604794 1.081607936605254 154
1757630604843 0.8464275711803759 155
1757630604903 0.7753621627719987 156
1757630604956 0.7284642356726009 157
1757630605006 1.0149817562344685 158
1757630605056 0.9437273868775812 159
1757630605107 0.6965170587598222 160
1757630605158 0.650299171505812 161
1757630605209 0.8073939991158263 162
1757630605259 0.8977012233534624 163
1757630605310 0.580566966200174 164
1757630605362 0.8632122964899329 165
1757630605417 0.6421795497963857 166
1757630605470 0.5750675604279335 167
1757630605534 0.6644173099857454 168
1757630605593 0.7505989887188278 169
1757630605656 0.5888358433109403 170
1757630605709 0.6972829840591971 171
1757630605761 0.5417784390569125 172
1757630605813 0.5879739420585612 173
1757630605865 0.6443688327037853 174
1757630605919 0.4646986765103475 175
1757630605970 0.44461039137694724 176
1757630606022 0.47591103698978016 177
1757630606074 0.45011924134492587 178
1757630606126 0.46785279641175476 179
1757630606176 0.5128201188455332 180
1757630606227 0.38577553764410266 181
1757630606276 0.36912518222475915 182
1757630606327 0.4066231836286254 183
1757630606378 0.3251004591113831 184
1757630606430 0.38527871938584407 185
1757630606481 0.4687588571396717 186
1757630606530 0.4220703224496808 187
1757630606581 0.24450695792031776 188
1757630606633 0.4244741047610098 189
1757630606685 0.29945776442587546 190
1757630606739 0.4291364835261565 191
1757630606791 0.3151028391940223 192
1757630606843 0.3285708206347482 193
1757630606894 0.2594688877799635 194
1757630606953 0.2684368821542166 195
1757630607026 0.3623371300525776 196
1757630607081 0.3001596228046238 197
1757630607193 0.28792062548702496 198
1757630607248 0.29031520686518897 199
1757630607303 0.23074267272596471 200
1757630607359 0.40387910356476675 201
1757630607414 0.24793357451133774 202
1757630607471 0.2285970243533725 203
1757630607523 0.2329108043250836 204
1757630607576 0.2810331739228224 205
1757630607629 0.2790244788092945 206
1757630607681 0.21793285858329992 207
1757630607734 0.3848988536880261 208
1757630607787 0.3035177186513028 209
1757630607839 0.20286886766161788 210
1757630607893 0.23685929260336144 211
1757630607947 0.1769680493358104 212
1757630608009 0.23426955640431857 213
1757630608078 0.21635309863974272 214
1757630608146 0.20208464876485113 215
1757630608212 0.24281345636464968 216
1757630608281 0.2300260504853337 217
1757630608349 0.18093383562958998 218
1757630608422 0.2379046160310929 219
1757630608482 0.18339426140050932 220
1757630608539 0.2517332252065199 221
1757630608613 0.16109995062734664 222
1757630608677 0.27179244442807204 223
1757630608735 0.23320049429835618 224
1757630608793 0.1534757922702601 225
1757630608850 0.18645872474658348 226
1757630608905 0.2067279031915382 227
1757630608962 0.13598079255789502 228
1757630609018 0.2711230263521462 229
1757630609074 0.2719472982027647 230
1757630609135 0.2167842968171779 231
1757630609205 0.21215854828186023 232
1757630609273 0.1742518900992875 233
1757630609340 0.1902534752531941 234
1757630609403 0.14489192170656284 235
1757630609462 0.20146569469001258 236
1757630609525 0.18326145162319105 237
1757630609583 0.13208871026200295 238
1757630609643 0.13586612760648692 239
1757630609701 0.21719984037751508 240
1757630609757 0.240109472215304 241
1757630609812 0.12075756612081073 242
1757630609866 0.0916639031238588 243
1757630609922 0.09500280016905709 244
1757630609976 0.1312485253846576 245
1757630610030 0.1773486097715207 246
1757630610086 0.15180996970010968 247
1757630610140 0.17372531183784223 248
1757630610195 0.13019918010698792 249
1757630610249 0.17778903411124258 250
1757630610304 0.13304675562431556 251
1757630610357 0.16691270745116835 252
1757630610412 0.11529177071304395 253
1757630610467 0.17500353462543433 254
1757630610534 0.1405795284487261 255
1757630610597 0.18498824312674178 256
1757630610653 0.16116368880941284 257
1757630610709 0.13245919844585793 258
1757630610764 0.15856624276397654 259
1757630610819 0.2219082030951328 260
1757630610874 0.11067890751835749 261
1757630610929 0.17266923390521902 262
1757630610983 0.08157937883073743 263
1757630611037 0.14878444138202299 264
1757630611091 0.20402273655298844 265
1757630611147 0.12792664756280314 266
1757630611205 0.13124764753759444 267
1757630611259 0.1187512180358711 268
1757630611313 0.12488380729055636 269
1757630611367 0.10742221129705401 270
1757630611420 0.13369307788676218 271
1757630611475 0.1509222625640867 272
1757630611534 0.1511644945839776 273
1757630611590 0.19047602088846075 274
1757630611644 0.16970720174807113 275
1757630611697 0.1555564900692114 276
1757630611749 0.11407685674651438 277
1757630611802 0.11209751760308327 278
1757630611855 0.17033314213908152 279
1757630611907 0.13385210687307836 280
1757630611959 0.08550264790997911 281
1757630612012 0.16083113559633927 282
1757630612065 0.09018053394364364 283
1757630612119 0.056733010975772664 284
1757630612172 0.13624621368016265 285
1757630612227 0.15799767327029116 286
1757630612279 0.10877720947476346 287
1757630612332 0.1177606172316511 288
1757630612386 0.13171801772832603 289
1757630612440 0.12264450907578257 290
1757630612493 0.12081009151457538 291
1757630612547 0.05206871132339675 292
1757630612600 0.13783401171334403 293
1757630612653 0.16156115308943708 294
1757630612707 0.11787741463066165 295
1757630612760 0.09118255785420605 296
1757630612813 0.10755015236761181 297
1757630612865 0.10265119200088973 298
1757630612918 0.1048532935856583 299
1757630612973 0.19624895101065842 300
1757630613026 0.215500883631235 301
1757630613079 0.06286476836197855 302
1757630613139 0.1524326516772972 303
1757630613196 0.10454213183369278 304
1757630613250 0.11226922890853908 305
1757630613303 0.10170142282291558 306
1757630613357 0.17569355008164123 307
1757630613418 0.11663067383484056 308
1757630613472 0.15747920223979928 309
1757630613526 0.18239402727884552 310
1757630613586 0.16699923528399704 311
1757630613640 0.09879053240679776 312
1757630613695 0.1726046868288188 313
1757630613749 0.14179760816790268 314
1757630613805 0.12608676246099879 315
1757630613858 0.1383048639937693 316
1757630613913 0.15298700480822733 317
1757630613966 0.11814431216803455 318
1757630614023 0.1106039613626062 319
1757630614077 0.23871519180676645 320
1757630614131 0.09828912587761379 321
1757630614186 0.07044208180004767 322
1757630614242 0.0745917012000576 323
1757630614297 0.09073131339258052 324
1757630614351 0.08970851359372599 325
1757630614408 0.24578765129866867 326
1757630614462 0.14862282741783284 327
1757630614517 0.09662107843158554 328
1757630614570 0.09067893610909801 329
1757630614625 0.09954459325568739 330
1757630614690 0.18855212807202643 331
1757630614748 0.15795814901870864 332
1757630614804 0.13293198117932836 333
1757630614859 0.1021701685662788 334
1757630614913 0.13974410631538195 335
1757630614967 0.16076728301654583 336
1757630615023 0.1431051124796641 337
1757630615081 0.09636921743648451 338
1757630615136 0.09725386476498944 339
1757630615191 0.0859811834005173 340
1757630615246 0.09707222865313155 341
1757630615301 0.1030059728191045 342
1757630615355 0.09622465307962329 343
1757630615410 0.15818012281131022 344
1757630615464 0.13302757408523255 345
1757630615530 0.11547477886346404 346
1757630615600 0.13057092520652025 347
1757630615657 0.0802128694266215 348
1757630615716 0.09686575022408833 349
1757630615773 0.07449539102779192 350
1757630615830 0.15010383051412615 351
1757630615886 0.1004969567053869 352
1757630615943 0.16160670896399576 353
1757630615999 0.13979130050019642 354
1757630616056 0.11339698997678525 355
1757630616113 0.09398511448775869 356
1757630616171 0.04601366737709621 357
1757630616229 0.20084420768776956 358
1757630616284 0.19515127356653925 359
1757630616338 0.13562023375361923 360
1757630616393 0.10707435924158627 361
1757630616448 0.22050378614800228 362
1757630616509 0.12984198055670515 363
1757630616564 0.08272536190044592 364
1757630616621 0.09689773599738544 365
1757630616677 0.08787267722645369 366
1757630616733 0.17740777669149316 367
1757630616788 0.10412092658902165 368
1757630616843 0.09164775375409104 369
1757630616898 0.08542855302642882 370
1757630616953 0.07551893477027154 371
1757630617009 0.12772949414502166 372
1757630617065 0.1698358645784779 373
1757630617119 0.09058152317638318 374
1757630617176 0.11721454619931618 375
1757630617232 0.1557881625416042 376
1757630617287 0.11329299290799298 377
1757630617342 0.09255215931049204 378
1757630617398 0.22518547752294374 379
1757630617452 0.09250866600793191 380
1757630617508 0.08348704607530992 381
1757630617564 0.15916691533739313 382
1757630617623 0.19176775818954686 383
1757630617680 0.13181714622610877 384
1757630617735 0.07014507508799364 385
1757630617855 0.09869941419273622 386
1757630617911 0.10490910428502842 387
1757630617967 0.12215419830817346 388
1757630618022 0.1715315229559466 389
1757630618078 0.09338806984472835 390
1757630618133 0.12937959170392568 391
1757630618188 0.21762288723100442 392
1757630618244 0.06800659947992892 393
1757630618300 0.10857478084000494 394
1757630618355 0.11987687352625673 395
1757630618411 0.13982606731100072 396
1757630618466 0.1444472413940571 397
1757630618571 0.16375803640395073 398
1757630618658 0.052412947628467856 399
1757630618717 0.09397491105588285 400
1757630618776 0.10471730344061544 401
1757630618835 0.11572980967044098 402
1757630618896 0.12365034634628584 403
1757630618954 0.11190014418532258 404
1757630619010 0.08621412389660404 405
1757630619066 0.1221689952598173 406
1757630619122 0.09689176450557759 407
1757630619179 0.17369011757843292 408
1757630619235 0.12497093281077742 409
1757630619290 0.2862134026228173 410
1757630619347 0.17161463999515003 411
1757630619403 0.1267196824575237 412
1757630619459 0.13995011281198544 413
1757630619516 0.07986027509430162 414
1757630619572 0.14935112623325356 415
1757630619632 0.0660073816349271 416
1757630619692 0.1359003427322175 417
1757630619750 0.07975107584239853 418
1757630619808 0.18434909358775145 419
1757630619867 0.1476057526750521 420
1757630619927 0.15741665226875998 421
1757630619986 0.17661850668835094 422
1757630620045 0.18199997410455798 423
1757630620104 0.17057095291379104 424
