1757646825536 31.471617653422637 0
1757646825592 5.324689108370943 1
1757646825648 0.8508433757774072 2
1757646825704 0.3192290317770221 3
1757646825789 0.18039997592955195 4
1757646825845 0.12661860226450686 5
1757646825900 0.12382196670316452 6
1757646825955 0.23524028660052482 7
1757646826009 0.1284932098223478 8
1757646826065 0.20516169417531835 9
1757646826124 0.15726701461982687 10
1757646826178 0.11618749272484541 11
1757646826233 0.17168275566090038 12
1757646826290 0.138181314715348 13
1757646826362 0.16262185956102498 14
1757646826419 0.152834824076971 15
1757646826474 0.21551161869198443 16
1757646826529 0.08378094697407387 17
1757646826586 0.09726033744621013 18
1757646826642 0.10682190870964157 19
1757646826699 0.1838633856757735 20
1757646826755 0.1464383519156424 21
1757646826818 0.12003484089620273 22
1757646826878 0.14370581814817832 23
1757646826938 0.20825364987437253 24
1757646827001 0.06618933694752958 25
1757646827060 0.1794981513844231 26
1757646827118 0.12793697604883053 27
1757646827175 0.09917768483480577 28
1757646827232 0.1214105944200968 29
1757646827289 0.14565711154414623 30
1757646827347 0.14459822873604314 31
1757646827404 0.14810874624558737 32
1757646827462 0.10124904091622774 33
1757646827520 0.18546524867012848 34
1757646827576 0.11976817563185421 35
1757646827632 0.08671771807769701 36
1757646827689 0.1616344897150088 37
1757646827746 0.11203781092334758 38
1757646827802 0.09562771331960392 39
1757646827858 0.1925676913970676 40
1757646827913 0.10373971111679366 41
1757646827970 0.09406898703698678 42
1757646828027 0.12209797259157462 43
1757646828082 0.10142760959680268 44
1757646828138 0.08040301596199967 45
1757646828195 0.2304235885974266 46
1757646828253 0.13565011734603874 47
1757646828310 0.11493040532412728 48
1757646828367 0.1636659126881958 49
1757646828423 0.16668046545335932 50
1757646828479 0.14237701446823323 51
1757646828536 0.23049997150730464 52
1757646828592 0.15027945463907028 53
1757646828648 0.13871655051878767 54
1757646828705 0.13261610139818042 55
1757646828762 0.0755051127637409 56
1757646828819 0.14891398984301457 57
1757646828875 0.12621311695728923 58
1757646828930 0.07615292405991358 59
1757646828986 0.10264381664771015 60
1757646829050 0.15757413437016493 61
1757646829109 0.12918746120308564 62
1757646829170 0.0895142241030649 63
1757646829242 0.1972750113422247 64
1757646829301 0.19908490500680218 65
1757646829360 0.11341764616832196 66
1757646829418 0.11798545519216384 67
1757646829476 0.18982091388022693 68
1757646829534 0.17862945297832997 69
1757646829593 0.17343442456800814 70
1757646829652 0.10478051125045877 71
1757646829712 0.15112201556067179 72
1757646829770 0.10305895513669142 73
1757646829828 0.12851075426135714 74
1757646829887 0.17231227509523875 75
1757646829942 0.08576547357450008 76
1757646829998 0.17717829269267366 77
1757646830057 0.23121511601250347 78
1757646830114 0.0925526961706363 79
1757646830171 0.23628489737864458 80
1757646830227 0.1260712416577566 81
1757646830287 0.09213794366804348 82
1757646830346 0.14093787770030716 83
1757646830404 0.10823843055957323 84
1757646830460 0.15137625127353557 85
1757646830517 0.19487927563521082 86
1757646830575 0.08626555502851689 87
1757646830633 0.14539642384949064 88
1757646830689 0.0840627608914264 89
1757646830785 0.1597251174735666 90
1757646830851 0.12269152678433383 91
1757646830913 0.14147975997956022 92
1757646830977 0.13662882355723613 93
1757646831035 0.15593032594230602 94
1757646831101 0.14512542276228926 95
1757646831161 0.14212351214679153 96
1757646831219 0.18444900523821547 97
1757646831279 0.19306399925474865 98
1757646831339 0.10137449330562397 99
1757646831399 0.05368929515342028 100
1757646831458 0.15011747625403482 101
1757646831516 0.09781385185554253 102
1757646831575 0.2463850280922392 103
1757646831635 0.06486967564973362 104
1757646831694 0.08768106677288927 105
1757646831753 0.12728088133424606 106
1757646831813 0.20929244692552326 107
1757646831872 0.12734595225852738 108
1757646831928 0.14851529264674956 109
1757646831986 0.09887981631010229 110
1757646832043 0.12480226774148301 111
1757646832099 0.13340692995773043 112
1757646832158 0.1570174572465411 113
1757646832216 0.13478449800844897 114
1757646832273 0.13050257226308934 115
1757646832330 0.056861752257679934 116
1757646832390 0.1579723226522112 117
1757646832448 0.11541912964330066 118
1757646832505 0.10393552929134792 119
1757646832677 0.11465158287573848 120
1757646832745 0.13695798307256607 121
1757646832807 0.1115196655815787 122
1757646832871 0.2587909952350613 123
1757646832933 0.08713584429249875 124
1757646832999 0.09905956106855181 125
1757646833059 0.1351095734668487 126
1757646833132 0.1645269361224734 127
1757646833192 0.13706084009151107 128
1757646833258 0.14642848368949743 129
1757646833318 0.07490448945105033 130
1757646833379 0.17378162051454404 131
1757646833440 0.13049467525929753 132
1757646833502 0.08519610381290374 133
1757646833561 0.11079381555796233 134
1757646833621 0.1918550652375963 135
1757646833680 0.14341397231435243 136
1757646833738 0.10182615496485671 137
1757646833798 0.07995930031767488 138
1757646833856 0.12612219915918282 139
1757646833913 0.04406735570924695 140
1757646833972 0.16539548645007082 141
1757646834031 0.18905801667926533 142
1757646834088 0.13302226078845664 143
1757646834145 0.09923513271149637 144
1757646834217 0.09495567747222007 145
1757646834297 0.1222398045039902 146
1757646834358 0.14571054383204543 147
1757646834418 0.15641665293348875 148
1757646834480 0.1969782597404422 149
1757646834539 0.1406240663586338 150
1757646834600 0.11091220100564798 151
1757646834660 0.20133600673741597 152
1757646834720 0.07567502252467184 153
1757646834780 0.1238733294896958 154
1757646834841 0.12160645389184964 155
1757646834902 0.13062467166126637 156
1757646834960 0.09077807025583151 157
1757646835020 0.09386367113391424 158
1757646835078 0.11851688640491875 159
1757646835141 0.09781560545054875 160
1757646835203 0.13571253530665167 161
1757646835264 0.16201378672279232 162
1757646835326 0.17822186982756463 163
1757646835384 0.10653093770404512 164
1757646835442 0.09786163420107935 165
1757646835502 0.11721491547162484 166
1757646835561 0.16595861005007176 167
1757646835619 0.18092762449166638 168
1757646835678 0.1844422219971726 169
1757646835749 0.10908765815242967 170
1757646835888 0.14751944097139527 171
1757646835954 0.12669370558831378 172
1757646836017 0.1488092245752177 173
1757646836081 0.09239580485493315 174
1757646836141 0.12310959108999127 175
1757646836203 0.103817930229626 176
1757646836264 0.09999364901205142 177
1757646836325 0.1351965901073168 178
1757646836386 0.21543019861270454 179
1757646836447 0.13451771957339717 180
1757646836510 0.07214430591469957 181
1757646836570 0.07846239797303087 182
1757646836630 0.05332866821561704 183
1757646836689 0.10611819300128195 184
1757646836748 0.08345878004097651 185
1757646836808 0.2150649535715316 186
1757646836867 0.10831453085074101 187
1757646836927 0.1325530121002716 188
1757646836986 0.13610892909699543 189
1757646837045 0.1045027332551647 190
1757646837106 0.12755304715551113 191
1757646837167 0.12978860264586228 192
1757646837231 0.14232772183754722 193
1757646837292 0.10083368410741231 194
1757646837350 0.16658434755791537 195
1757646837409 0.15182386494516645 196
1757646837470 0.18098518118714044 197
1757646837531 0.12660896793781498 198
1757646837591 0.12712533128658327 199
1757646837654 0.06580224877976158 200
1757646837715 0.1762817904917569 201
1757646837774 0.1266995454114951 202
1757646837832 0.1075954173721259 203
1757646837891 0.09919713013666961 204
1757646837951 0.11826568857180236 205
1757646838014 0.1597332111106255 206
1757646838079 0.1478894516695268 207
1757646838141 0.12877885521898982 208
1757646838202 0.19279297404341975 209
1757646838261 0.15769465530897261 210
1757646838320 0.07209490346763357 211
1757646838379 0.29210287431274756 212
1757646838438 0.13797463558614115 213
1757646838499 0.1105080584283765 214
1757646838559 0.10471969550507305 215
1757646838618 0.11499599377031204 216
1757646838677 0.13984167696043923 217
1757646838737 0.13166185352631238 218
1757646838796 0.12156455954748485 219
1757646838855 0.2183561073581055 220
1757646838914 0.1129696967056187 221
1757646838976 0.1297681501462651 222
