1757630729925 175.59928719471515 0
1757630729982 163.71160354669783 1
1757630730041 166.27975398391538 2
1757630730100 160.15333890269332 3
1757630730159 162.39006041604685 4
1757630730212 156.30933932720998 5
1757630730262 154.583428282998 6
1757630730310 151.8556529556853 7
1757630730360 151.75809735031493 8
1757630730420 148.49033857061264 9
1757630730493 141.25636735434813 10
1757630730590 141.50387988713362 11
1757630730699 139.8840546894318 12
1757630730781 135.8210166104111 13
1757630730835 137.3711492398357 14
1757630730889 140.39885862677994 15
1757630730955 125.82306405824684 16
1757630731021 132.94601633786914 17
1757630731085 121.78409385115727 18
1757630731156 123.86473184402656 19
1757630731236 123.89355593600244 20
1757630731293 116.03425277382075 21
1757630731413 115.18834273156352 22
1757630731486 112.29634547128677 23
1757630731546 114.57404845980311 24
1757630731606 107.14755129408789 25
1757630731667 110.30821769798925 26
1757630731720 107.37137635070155 27
1757630731776 106.91804803264546 28
1757630731831 105.348421933978 29
1757630731890 97.67461582139896 30
1757630731944 98.06930176424356 31
1757630732001 95.21894207413297 32
1757630732065 98.11405071305047 33
1757630732129 97.51756382269168 34
1757630732190 96.76188344191378 35
1757630732244 88.72570226459953 36
1757630732309 88.93301246841254 37
1757630732372 88.72901301514459 38
1757630732428 83.20776926060118 39
1757630732489 86.39709522851678 40
1757630732547 86.6662704385788 41
1757630732614 84.34120674987297 42
1757630732684 80.15179583281618 43
1757630732803 77.79081837812558 44
1757630732945 78.0542455498193 45
1757630733013 75.28791747390252 46
1757630733091 78.84869666566077 47
1757630733166 74.79545637435811 48
1757630733235 73.62534711248934 49
1757630733299 73.26242605793547 50
1757630733376 69.91428223151824 51
1757630733439 69.83121901835992 52
1757630733529 67.3794779565201 53
1757630733590 65.84385503800492 54
1757630733649 67.59699175092109 55
1757630733704 65.82856186028606 56
1757630733758 63.06810763295969 57
1757630733813 63.51885181311557 58
1757630733943 59.95979044704293 59
1757630734003 62.257127501736974 60
1757630734067 59.61757175912381 61
1757630734194 55.33963413086262 62
1757630734260 56.909766384690386 63
1757630734359 57.70915518232896 64
1757630734422 55.37796269865986 65
1757630734481 57.3773180708753 66
1757630734560 52.245070446452665 67
1757630734668 51.99375778857396 68
1757630734791 51.90714407324361 69
1757630734855 51.488883412523855 70
1757630734937 50.832056906440314 71
1757630734996 50.438891180568184 72
1757630735067 47.80352219698822 73
1757630735164 46.96877409203671 74
1757630735223 49.18211947701495 75
1757630735325 44.8359504323383 76
1757630735398 44.47170033006266 77
1757630735492 43.42153260651502 78
1757630735574 41.11700161910071 79
1757630735661 41.11512018816856 80
1757630735720 42.3893017315282 81
1757630735778 41.671442104464965 82
1757630735846 39.467335279642136 83
1757630735929 39.188081867932176 84
1757630736052 38.09638221133689 85
1757630736150 36.420480107947796 86
1757630736228 39.643091652196716 87
1757630736289 36.913588011473756 88
1757630736346 35.32990293027426 89
1757630736423 36.87998712802417 90
1757630736483 37.4551889923768 91
1757630736563 34.749507394404155 92
1757630736637 35.46627167237779 93
1757630736695 32.09244153297159 94
1757630736747 33.074222537848634 95
1757630736806 33.073145409360144 96
1757630736864 31.926402244290777 97
1757630736922 31.332621063178706 98
1757630736977 32.21565012760386 99
1757630737033 30.123802538188 100
1757630737086 29.337537288227374 101
1757630737140 29.236589452029527 102
1757630737191 28.307339679778195 103
1757630737244 28.326567907098884 104
1757630737297 29.09972782754648 105
1757630737348 28.834633365732245 106
1757630737404 27.209456052348724 107
1757630737457 27.82597249496088 108
1757630737509 25.359260597388424 109
1757630737560 26.44936280679607 110
1757630737611 25.021011604943208 111
1757630737660 25.816135031736213 112
1757630737710 25.586412178231893 113
1757630737760 24.883527880208398 114
1757630737810 23.24306006890173 115
1757630737861 22.30441827144855 116
1757630737912 23.81688408594444 117
1757630737961 21.81934412642051 118
1757630738021 22.74986512993133 119
1757630738075 21.50256976392002 120
1757630738140 20.533010688944042 121
1757630738204 20.443792602825187 122
1757630738266 19.805740659357816 123
1757630738327 20.085861137066974 124
1757630738382 19.396965713124995 125
1757630738436 20.656904713538964 126
1757630738492 20.65490744326019 127
1757630738544 19.212650393519443 128
1757630738598 18.12292847138119 129
1757630738663 17.134265843532344 130
1757630738718 17.490986259536477 131
1757630738770 17.691964609799513 132
1757630738821 16.81200018185536 133
1757630738873 17.808847187739683 134
1757630738925 17.352945460359 135
1757630738975 16.16090190876602 136
1757630739027 17.098159938094003 137
1757630739079 14.553392274526056 138
1757630739129 15.902121592964637 139
1757630739180 16.0137178202103 140
1757630739230 14.529390008408809 141
1757630739288 15.548023701926189 142
1757630739342 14.40930604553834 143
1757630739394 16.03435583744685 144
1757630739445 14.373106046875384 145
1757630739495 13.788020122409227 146
1757630739552 14.196689043201678 147
1757630739616 14.361661330455354 148
1757630739684 12.683519130804541 149
1757630739754 12.898403520074218 150
1757630739846 12.985248957081545 151
1757630739916 13.352607496605643 152
1757630740001 12.60506859608764 153
1757630740110 12.325287364715827 154
1757630740290 11.447519084173374 155
1757630740358 11.55656586816932 156
1757630740439 12.295798274392839 157
1757630740524 10.991810105437578 158
1757630740627 10.730187857121367 159
1757630740694 10.505364632224337 160
1757630740759 11.252023368045911 161
1757630740823 11.30097903725468 162
1757630740882 10.590142255551905 163
1757630740938 9.21711704610957 164
1757630740995 10.034996636114652 165
1757630741053 9.420930536760906 166
1757630741119 9.677284814263084 167
1757630741179 9.877886381460142 168
1757630741235 9.235330907757666 169
1757630741293 9.095209788429528 170
1757630741353 8.7996646392589 171
1757630741411 8.48833756567325 172
1757630741466 8.194970280647759 173
1757630741521 8.88151255964592 174
1757630741573 7.787094501616415 175
1757630741625 9.135905672020348 176
1757630741681 8.51053503823408 177
1757630741737 8.369607658555335 178
1757630741790 7.522144504163585 179
1757630741841 7.333989619782667 180
1757630741897 8.001721712861046 181
1757630741949 7.548036726366076 182
1757630742020 7.096225974977943 183
1757630742076 7.881303481037902 184
1757630742130 7.850627601840064 185
1757630742182 7.123383592028569 186
1757630742233 6.860238625739289 187
1757630742283 6.709199850195948 188
1757630742333 6.358502816442917 189
1757630742384 7.103264717521054 190
1757630742434 5.770897282637004 191
1757630742485 6.34778761197675 192
1757630742535 6.244265699624236 193
1757630742585 6.420491060912069 194
1757630742636 6.307804568096542 195
1757630742686 6.661663318666652 196
1757630742737 6.636709054008261 197
1757630742787 5.6994256245390895 198
1757630742840 5.861227369424565 199
1757630742891 5.286032894336792 200
1757630742955 5.271195625517317 201
1757630743014 5.793607519357162 202
1757630743068 5.303597271543867 203
1757630743126 5.251733210833468 204
1757630743180 5.523762344560054 205
1757630743234 4.898732292967725 206
1757630743288 4.957275918460117 207
1757630743342 4.837515614412515 208
1757630743393 5.123105068491494 209
1757630743446 4.933266418937263 210
1757630743496 5.003263834281532 211
1757630743558 4.269106264218177 212
1757630743613 4.255761377131496 213
1757630743664 4.413453424119163 214
1757630743715 4.173196074319002 215
1757630743766 4.346544012794311 216
1757630743819 3.6405393289342047 217
1757630743872 3.808190669194031 218
1757630743923 3.709246293156754 219
1757630743974 4.277622829318167 220
1757630744027 3.8331106314240437 221
1757630744083 4.252595883653867 222
1757630744140 3.958361036606267 223
1757630744193 3.808640105261057 224
1757630744244 3.8370452964271626 225
1757630744296 3.4306413799333746 226
1757630744347 3.8823422966364047 227
1757630744400 3.4166696378427983 228
1757630744452 3.568997313434048 229
1757630744503 3.202237130128452 230
1757630744555 3.3492023203146557 231
1757630744606 3.8164679298448956 232
1757630744657 3.1978345825109633 233
1757630744708 3.254563838211384 234
1757630744759 2.683588876220793 235
1757630744810 3.395418022743028 236
1757630744861 2.9312059077333257 237
1757630744912 2.951441218658211 238
1757630744963 2.956813236130633 239
1757630745015 2.832245987830425 240
1757630745066 2.9519932295292532 241
1757630745117 3.139630532833796 242
1757630745168 2.3656126161493716 243
1757630745220 2.4871569772155184 244
1757630745271 2.523044051731579 245
1757630745323 2.7630601217323933 246
1757630745374 2.138269654045513 247
1757630745426 2.772523318207272 248
1757630745477 2.639988510027252 249
1757630745538 2.5885428065021276 250
1757630745602 2.589622773297193 251
1757630745656 2.4254135873621308 252
1757630745709 2.354011953149371 253
1757630745808 2.406109419133854 254
1757630745870 2.9237780807164357 255
1757630745928 2.5728860984580058 256
1757630745982 2.455158606960918 257
1757630746036 2.0306666572332004 258
1757630746089 1.8374480714840986 259
1757630746150 2.3320520535622977 260
1757630746206 2.242132161670298 261
1757630746257 1.8792935411683132 262
1757630746454 2.248999757313059 263
1757630746514 2.122690540362655 264
1757630746570 2.153312099015969 265
1757630746630 1.9950714086101167 266
1757630746684 1.743914123169105 267
1757630746739 1.8038546531822888 268
1757630746793 1.530130387979786 269
1757630746848 1.4963337912280261 270
1757630746907 1.9096987718991985 271
1757630746966 1.4540314405674595 272
1757630747020 1.9179984814175304 273
1757630747075 1.4804698069249165 274
1757630747129 1.5649350550602343 275
1757630747185 1.9459005575782173 276
1757630747242 1.547548802608508 277
1757630747298 1.4621566651511926 278
1757630747357 1.6117908367553604 279
1757630747416 1.6087478316392267 280
1757630747493 1.4028568189969248 281
1757630747564 1.3529457327250705 282
1757630747644 1.5025462014685886 283
1757630747716 1.6063865384712535 284
1757630747785 1.3443308617743401 285
1757630747852 1.2853519247221257 286
1757630747921 1.315325772486031 287
1757630748006 1.098133627561448 288
1757630748064 1.3175805394572349 289
1757630748123 1.2181106999448073 290
1757630748188 1.1264924344129432 291
1757630748249 1.5640357171554324 292
1757630748306 1.1703280687298925 293
1757630748369 1.2578395156168047 294
1757630748437 1.5869295908286347 295
1757630748494 1.2415677768064004 296
1757630748552 1.2417414926714703 297
1757630748607 1.3666669071322526 298
1757630748683 1.1075839082875458 299
1757630748744 1.122160311916331 300
1757630748804 1.2506226438896417 301
1757630748865 1.1517274916014415 302
1757630748927 1.0361762157074905 303
1757630748983 1.1375589823482255 304
1757630749041 1.0176703183236084 305
1757630749097 1.0260972964015054 306
1757630749152 1.050348103977273 307
1757630749207 0.895377992246072 308
1757630749265 0.9466540482999581 309
1757630749322 0.7624582316922425 310
1757630749383 0.8278486974543474 311
1757630749451 0.9676696852443615 312
1757630749514 1.0340174361048429 313
1757630749581 1.009727524922103 314
1757630749638 0.8452932252232657 315
1757630749799 0.8118862037087825 316
1757630749934 0.9868433274631366 317
1757630750009 0.889190642663612 318
1757630750088 1.0171746942925752 319
1757630750167 0.9416465710806567 320
1757630750263 0.8145911829187338 321
1757630750343 0.7562231552361968 322
1757630750413 0.7611813969180372 323
1757630750477 0.7850736764804653 324
1757630750554 0.6875736572341826 325
1757630750627 0.9369922429312156 326
1757630750686 0.5966126461938851 327
1757630750746 0.6209876197031784 328
1757630750805 0.8481925494830057 329
1757630750866 0.46940929197244946 330
1757630750926 0.9321957719471208 331
1757630750983 0.8056091198464133 332
1757630751038 0.6700186375807309 333
1757630751094 0.7306103044102756 334
1757630751149 0.8339762315480191 335
1757630751213 0.8106642373335448 336
1757630751269 0.7179056226599057 337
1757630751324 0.6484862326533356 338
1757630751380 0.5703189940869687 339
1757630751435 0.7621320045183342 340
1757630751490 0.663864335903674 341
1757630751546 0.6011377302659828 342
1757630751601 0.5494888039385255 343
1757630751656 0.4944192683199433 344
1757630751712 0.5766699670901596 345
1757630751765 0.6931406749381839 346
1757630751819 0.5292567902156191 347
1757630751873 0.5116405348367196 348
1757630751926 0.563837592850237 349
1757630751980 0.7064986605019966 350
1757630752038 0.5090900354609531 351
1757630752093 0.644075790211601 352
1757630752148 0.515115872926056 353
1757630752204 0.732586438946944 354
1757630752264 0.5279129931634139 355
1757630752323 0.4084086951081967 356
1757630752381 0.5357541162905195 357
1757630752438 0.4712978344014351 358
1757630752497 0.31489443270471107 359
1757630752551 0.4201940334249648 360
1757630752606 0.5745204288937412 361
1757630752661 0.5035624812719551 362
1757630752716 0.5912964452000574 363
1757630752770 0.3769421800980382 364
1757630752825 0.40999617156801355 365
1757630752883 0.4149899653951987 366
1757630752941 0.49130990570559957 367
1757630752996 0.41240659751773867 368
1757630753050 0.33045989233698037 369
1757630753104 0.4207085142306655 370
1757630753170 0.39534360884956843 371
1757630753238 0.4425598812049335 372
1757630753312 0.4070795577043829 373
1757630753382 0.45315101893920146 374
1757630753448 0.4734605568318192 375
1757630753517 0.3586290510133543 376
1757630753578 0.46024340760202853 377
1757630753644 0.3915371424762297 378
1757630753712 0.41679744186530976 379
1757630753778 0.35017646156997 380
1757630753846 0.5698576255059693 381
1757630753909 0.25420499636455307 382
1757630753968 0.5345816009192929 383
1757630754026 0.45652058918474425 384
1757630754086 0.39209272800508865 385
1757630754145 0.4634318127684471 386
1757630754201 0.3089331134088391 387
1757630754260 0.2830062985639578 388
1757630754323 0.33810701161229745 389
1757630754380 0.4232453503084173 390
1757630754437 0.3024392613146879 391
1757630754494 0.31503579830664513 392
1757630754551 0.3367813557805409 393
1757630754609 0.25814698979679696 394
1757630754678 0.3097117361563745 395
1757630754756 0.27534078713751237 396
1757630754814 0.19418655139361513 397
1757630754872 0.409842665032847 398
1757630754931 0.3190823406610898 399
1757630754988 0.29543976135938504 400
1757630755046 0.4345857693777835 401
1757630755104 0.3121606092614319 402
1757630755168 0.21757854356146092 403
1757630755230 0.23581286759026593 404
1757630755288 0.28270364466454817 405
1757630755347 0.30401608533350216 406
1757630755404 0.26689351741843903 407
1757630755459 0.374164631931613 408
1757630755522 0.15247648117980936 409
1757630755593 0.24800355584376602 410
1757630755652 0.2316521837128172 411
1757630755716 0.2869650706097254 412
1757630755781 0.29991720403137034 413
1757630755848 0.35264171739662 414
1757630755907 0.2828184555191019 415
1757630755966 0.3153354031860877 416
1757630756024 0.3031168124420311 417
1757630756081 0.3213891525425991 418
1757630756147 0.21504934562804948 419
1757630756217 0.23233978945408154 420
1757630756287 0.22870049833948752 421
1757630756364 0.27431260151041154 422
1757630756432 0.18881394136494098 423
1757630756492 0.19603960273794618 424
1757630756554 0.21582374280370856 425
1757630756613 0.12989573410353641 426
1757630756671 0.18023390345155485 427
1757630756737 0.23141429258969606 428
1757630756805 0.25748720961244925 429
1757630756874 0.232551120350604 430
1757630756951 0.17070151245959997 431
1757630757022 0.22992990178763406 432
1757630757083 0.2925065292200468 433
1757630757145 0.2747909940977726 434
1757630757218 0.2566012174050578 435
1757630757299 0.2546899348300716 436
1757630757374 0.37368148241612664 437
1757630757444 0.23922779526285848 438
1757630757509 0.25259318485360427 439
1757630757580 0.21966741314706412 440
1757630757652 0.24872992764149532 441
1757630757806 0.25590609142804943 442
1757630757877 0.29871834699051936 443
1757630757948 0.22366407596734977 444
1757630758038 0.13310120993289906 445
1757630758121 0.19667442253051087 446
1757630758204 0.22408854184572574 447
1757630758279 0.22420788717717047 448
1757630758347 0.17119434077418985 449
1757630758419 0.211866248960872 450
1757630758483 0.18028792866025586 451
1757630758638 0.18012818155969496 452
1757630758709 0.18823609176237974 453
1757630758770 0.2005158451337606 454
1757630758831 0.2673331103475054 455
1757630758892 0.18495054533499553 456
1757630758952 0.20384563045260662 457
1757630759011 0.23497615737057642 458
1757630759069 0.13496420432781656 459
1757630759128 0.18799400119372678 460
1757630759187 0.15531838794829514 461
1757630759245 0.14058088775742208 462
1757630759303 0.1455992735004307 463
1757630759362 0.1631014481219173 464
1757630759421 0.19507510108105655 465
1757630759480 0.13193164898349097 466
1757630759538 0.19089047820591123 467
1757630759595 0.16258419238565203 468
1757630759654 0.14790399866211945 469
1757630759715 0.19885661582320277 470
1757630759772 0.15505712879896333 471
1757630759829 0.13168262859248697 472
1757630759891 0.15324975345967373 473
1757630759964 0.13926350197828738 474
1757630760045 0.2072223804441663 475
1757630760113 0.135737984779209 476
1757630760174 0.1968273207745472 477
1757630760254 0.3109628202591408 478
1757630760313 0.1990615378316026 479
1757630760372 0.16654650885462094 480
1757630760442 0.1588013072156315 481
1757630760519 0.20726786936719227 482
1757630760619 0.20707658188627884 483
1757630760695 0.14857978923658527 484
1757630760763 0.16231840330860506 485
1757630760829 0.15149935278983967 486
1757630760890 0.1330897655314716 487
1757630760953 0.23366341236710855 488
1757630761021 0.11027214682489268 489
1757630761096 0.3049237367372595 490
1757630761168 0.18577564075920613 491
1757630761240 0.2235418015599313 492
1757630761311 0.13791119268700266 493
1757630761376 0.24089008486884675 494
1757630761440 0.2000516798085877 495
1757630761500 0.16223145225419436 496
1757630761565 0.19169245641092844 497
1757630761636 0.13416256161540419 498
1757630761703 0.18714330164033185 499
