1757629236324 53.25244964328617 0
1757629236420 24.327996301995288 1
1757629236522 14.477121071531004 2
1757629236610 7.841305120273905 3
1757629236696 2.8139365439422535 4
1757629236817 2.361777103247266 5
1757629236970 0.000519843172205499 6
1757629237137 0.1321444501019603 7
1757629237308 0.0038100021132895286 8
1757629237471 0.011324574227860202 9
1757629237705 0.00013545122175107828 10
1757629237932 0.20704425861872028 11
1757629238165 0.051495532334140996 12
1757629238360 0.03048966770730676 13
1757629238545 0.2059089481965363 14
1757629238878 0.30224487220578494 15
1757629238996 0.019957205937431607 16
1757629239104 0.006320432804331099 17
1757629239226 0.008473093108563293 18
1757629239341 0.010543315767170458 19
1757629239440 0.0015204800884364793 20
1757629239534 0.015170203867612237 21
1757629239627 0.6442960465941071 22
1757629239725 0.04699452746427518 23
1757629239825 0.01287602983333443 24
1757629239925 0.2120243042833924 25
1757629240014 0.3295741354029795 26
1757629240108 0.2120416134086549 27
1757629240217 0.023963026105781417 28
1757629240329 0.08643959411445727 29
1757629240434 0.18916749618236445 30
1757629240536 0.02381766427171648 31
1757629240633 0.03799124454037383 32
1757629240726 0.3873829049524877 33
1757629240824 0.013332881835021768 34
1757629240924 0.005885037333019833 35
1757629241017 0.048750367426148404 36
1757629241111 0.00017409953165128012 37
1757629241213 0.09302451102154517 38
1757629241308 0.17299849884177726 39
1757629241397 0.003678955851084195 40
1757629241486 0.004923179459288643 41
