1757629241606 62.12752907827127 0
1757629241706 33.87074185546905 1
1757629241809 17.081463063690798 2
1757629241910 8.141021107897837 3
1757629242009 1.8910207568853032 4
1757629242105 2.517068657217285 5
1757629242203 0.023246892062703906 6
1757629242305 0.5554015372453587 7
1757629242403 0.05006638158488919 8
1757629242502 0.6021790726638335 9
1757629242603 0.405909113276068 10
1757629242699 0.3749563724257821 11
1757629242809 0.06929724918662118 12
1757629242928 0.1617470085125029 13
1757629243031 0.295103319145353 14
1757629243125 0.8908891467503829 15
1757629243224 0.003963350394018346 16
1757629243313 0.0001072105884791594 17
1757629243400 0.006439770643601768 18
1757629243493 0.08514273701275908 19
1757629243586 0.007839531082583083 20
1757629243672 0.10644893179068544 21
1757629243759 0.050775044948006574 22
1757629243845 0.006404906643409474 23
1757629243932 0.013993061079312873 24
1757629244016 0.22471889906907713 25
1757629244099 0.039021768036241314 26
1757629244187 0.4730125535913313 27
1757629244278 0.15603474328063335 28
1757629244366 0.004836171177837729 29
1757629244454 0.0008717984090056436 30
1757629244539 0.38052283185165414 31
1757629244623 0.42840284660844874 32
1757629244707 0.04974515867225378 33
1757629244792 0.0002627016211109753 34
1757629244875 0.0012326515361870626 35
1757629244959 0.7722557077624027 36
1757629245043 0.005338154045331388 37
1757629245126 0.1019568514753751 38
1757629245219 0.24046100198532852 39
1757629245319 0.024768996141413098 40
1757629245408 0.020917093586186403 41
1757629245496 5.254761442981102e-05 42
1757629245583 0.19541402081735568 43
1757629245670 0.001678665248121147 44
1757629245794 0.00032198448691231536 45
1757629245884 0.25699648803045616 46
1757629245968 0.03373001027482566 47
1757629246052 0.09008447845786219 48
1757629246137 0.15502624762474848 49
1757629246221 0.0222885207439812 50
1757629246309 0.0009810171284306628 51
1757629246393 0.28048540973324493 52
1757629246479 0.4658739140156911 53
1757629246562 4.3457917779332825e-05 54
1757629246645 0.20940901548432397 55
1757629246728 0.27960722007033045 56
1757629246813 0.022975997777250127 57
1757629246898 0.015599169077064197 58
1757629246982 0.24394237141059996 59
1757629247066 0.20985445448296886 60
1757629247149 0.021931526494939086 61
1757629247234 0.020219712972786928 62
1757629247326 0.6308376691889188 63
1757629247412 0.004401343802933975 64
1757629247498 0.00042256564609957826 65
1757629247582 0.2706735608706466 66
1757629247666 0.04325630171904757 67
1757629247750 0.009464962248955492 68
1757629247834 0.29925805645283016 69
1757629247918 0.030999684085514095 70
1757629248001 0.05930884283948491 71
1757629248087 0.0003319611742581171 72
1757629248172 0.16243101803495966 73
1757629248274 0.0027545652423990067 74
1757629248363 0.0058911550584979004 75
1757629248448 0.06242971162184601 76
1757629248532 0.09775138418688539 77
1757629248616 0.04515791795372228 78
1757629248700 0.0238693721798325 79
1757629248784 0.0038225360417818224 80
1757629248873 0.12868944624618844 81
1757629248961 0.40661640129665805 82
1757629249046 0.05776872242054201 83
1757629249131 0.014211531553831327 84
1757629249219 0.08287955925686033 85
1757629249306 0.026692623715248668 86
1757629249397 0.04618122342341296 87
1757629249482 0.09637530763265405 88
1757629249568 0.18465463928302803 89
1757629249665 0.02131606693479169 90
1757629249833 0.03372444118252886 91
1757629249941 0.008358327856131718 92
1757629250049 0.19254113446106308 93
1757629250147 0.04170136341491202 94
1757629250270 0.003974017599914539 95
1757629250375 0.0007995462499208028 96
1757629250471 0.2605493400986423 97
1757629250564 0.6811274976620456 98
1757629250849 0.0022290670789291834 99
1757629250967 0.02992318497244705 100
1757629251101 0.0627226614159888 101
1757629251214 0.006404549482765832 102
1757629251355 0.06393329990304146 103
1757629251463 0.010246645341635236 104
1757629251568 0.08240111214740849 105
1757629251688 0.05005504986781029 106
1757629251796 0.0792887036933834 107
1757629252008 0.04977482557149026 108
1757629252138 0.0021684922281235944 109
1757629252253 0.013085561410271902 110
1757629252371 0.06524793798818546 111
1757629252492 0.08074620075140151 112
1757629252616 0.0027524141558053442 113
1757629252734 0.010951911657082564 114
1757629252838 0.011217738285206629 115
1757629252948 0.043489676378928935 116
1757629253188 0.09197800934371328 117
1757629253348 0.003470986698382351 118
1757629253489 0.08003977678316442 119
1757629253620 0.1612569099610301 120
1757629253741 0.036976659548479916 121
1757629253851 0.4031634731328225 122
1757629253959 0.07400771502436823 123
1757629254066 0.1998864327877156 124
1757629254169 0.2323423411769362 125
1757629254276 0.22318271043449905 126
1757629254397 0.5110041915834009 127
1757629254509 0.02678197144009783 128
1757629254623 0.27840415664622137 129
1757629254735 0.062253983841060526 130
1757629254845 0.03733041523049161 131
1757629254948 0.0030424517647975754 132
1757629255045 0.013869778750823942 133
1757629255140 0.021394647976360457 134
1757629255249 0.5569611995780013 135
1757629255346 0.3180225109230373 136
1757629255451 0.7328375886100509 137
1757629255552 1.1117938229989304 138
1757629255650 0.18900892220618903 139
1757629255747 0.1785894464638879 140
1757629255841 0.44013062154346927 141
1757629255931 0.14213085960852226 142
1757629256020 0.12717517259166236 143
1757629256118 0.040754319005516924 144
1757629256209 0.003154697091957336 145
1757629256301 0.014765029566461535 146
1757629256392 0.15616078375978906 147
1757629256487 0.14898008619855252 148
1757629256579 0.0020435260434941206 149
1757629256671 0.24200140735485473 150
1757629256762 0.047501604724985116 151
1757629256852 0.015391526417890282 152
1757629256959 0.10666068709269859 153
1757629257056 0.05027262149727633 154
1757629257154 0.1297397659031062 155
1757629257251 0.001975215802850147 156
1757629257347 0.14520525493769504 157
1757629257439 0.08908549215688019 158
1757629257539 0.0023942614004350852 159
1757629257629 0.04362885612469834 160
1757629257722 0.004534388841491313 161
1757629257813 0.01293850217873175 162
1757629257905 0.30697613122656564 163
1757629257994 0.3351601206944153 164
1757629258084 0.009595696625220482 165
1757629258175 0.09095675198921427 166
1757629258285 0.06280759319252952 167
1757629258376 0.7469631679960426 168
1757629258467 0.0005817272228111419 169
1757629258558 0.030829683281579943 170
1757629258646 0.03462461783531613 171
1757629258736 0.0005010545930586747 172
1757629258824 0.0069551525010284046 173
1757629258912 0.19256111022131 174
1757629259002 0.0807175178825005 175
1757629259092 0.1601287155416977 176
1757629259180 0.10375560806240522 177
1757629259270 0.00425792044967116 178
1757629259359 0.025680263323111276 179
1757629259447 0.5360517906792533 180
1757629259544 0.04094898395003689 181
1757629259636 0.010930656048634404 182
1757629259726 0.08232451573291594 183
1757629259814 0.02793699521200091 184
1757629259903 0.06931888130472871 185
1757629259999 0.020546850491797126 186
1757629260094 5.059409940300754e-05 187
1757629260190 0.0002121491607905766 188
1757629260294 0.17878630752384886 189
1757629260387 0.00043539635187944887 190
1757629260477 0.006123942530831281 191
1757629260569 0.06055187427011356 192
1757629260658 0.08088681771344117 193
1757629260750 0.21736306632165703 194
1757629260841 0.07463530607027151 195
1757629260933 0.006442756910250058 196
1757629261023 0.09731513178580864 197
1757629261114 4.604413679582343e-05 198
1757629261205 0.004807919416172085 199
1757629261306 0.14867761352529352 200
1757629261403 0.032516937491528335 201
1757629261494 0.10134010004935479 202
1757629261589 0.3327113219631522 203
1757629261685 0.14926095112298082 204
1757629261777 1.3157749573951512 205
1757629261868 0.02387332714098094 206
1757629261959 4.407751973957758e-05 207
1757629262052 0.08447283593275659 208
1757629262143 0.03583157143841446 209
1757629262233 0.195598643772008 210
1757629262323 0.7374446523498223 211
1757629262413 0.3782874417407528 212
1757629262503 0.002970639364762382 213
1757629262593 0.03741127306480266 214
1757629262683 0.8213573172912103 215
1757629262772 0.8032715383546082 216
1757629262861 0.022107734722813372 217
1757629262953 0.0033184640599589733 218
1757629263042 0.004224889860092874 219
1757629263132 0.17460499554489192 220
1757629263222 0.2578888911411675 221
1757629263313 0.0008422183001918349 222
1757629263403 0.004816880122815091 223
1757629263492 0.010477467438735703 224
1757629263585 0.0004906195769545984 225
1757629263677 1.5737703590719305 226
1757629263769 0.4028738601989679 227
1757629263858 0.06477487682830843 228
1757629263953 0.44044732761951116 229
1757629264043 0.007385262893402897 230
1757629264134 0.35945336117902926 231
1757629264223 0.019057837004365138 232
1757629264314 0.009889959921859927 233
1757629264406 0.06108556235574969 234
1757629264496 0.3838547963166879 235
1757629264586 0.7388562466784869 236
1757629264676 0.07286150279128827 237
1757629264766 0.011049681710287034 238
1757629264855 0.11204022646453778 239
1757629264945 0.13113014193474964 240
1757629265036 0.0023476564013935435 241
1757629265126 0.09083553775787725 242
1757629265225 0.00017220191726725998 243
1757629265323 0.24895980718817437 244
1757629265414 0.0001704149315339674 245
1757629265506 0.00464356334539927 246
1757629265604 0.21112305170146492 247
1757629265698 0.3033446916378483 248
1757629265792 0.003426516713490175 249
1757629265888 0.3139146938402536 250
1757629265986 0.07929343300313495 251
1757629266080 0.014007993870702886 252
1757629266171 0.008408223215453176 253
1757629266264 0.08497375360613847 254
1757629266356 0.023952480315019356 255
1757629266460 0.011250259773673658 256
1757629266555 0.027048646980814543 257
1757629266647 0.00011125289551431811 258
1757629266738 0.001072294667882477 259
1757629266831 0.39687435663725784 260
1757629266923 0.004800171363080161 261
1757629267017 0.035690534003185656 262
1757629267116 0.41841741436486257 263
1757629267210 0.03405411296195216 264
1757629267303 0.167439089245963 265
1757629267396 0.0656345417387388 266
1757629267489 0.3619931750452407 267
1757629267641 0.023542499063727018 268
1757629267741 0.1542419974391531 269
1757629267839 0.3840538332784224 270
1757629267934 0.002293292765315307 271
1757629268027 0.08945475947440686 272
1757629268121 0.042194740439599546 273
1757629268256 0.05561506797902863 274
1757629268359 4.232242190572234e-05 275
1757629268457 0.4137360295237978 276
1757629268549 0.04726742380986893 277
1757629268643 0.0009922807430128623 278
1757629268736 0.009846076748806876 279
1757629268829 0.046748410942619535 280
1757629268922 0.03663115637580257 281
1757629269015 0.012950467361654375 282
1757629269111 0.04466968444344732 283
1757629269205 0.002455610375575325 284
1757629269300 0.08185493246956439 285
1757629269392 0.00017117636280355607 286
1757629269485 0.06971029001597966 287
1757629269577 0.028386124009114423 288
1757629269676 0.0008815477276807443 289
1757629269773 0.013464633712697587 290
1757629269943 0.018764819142968268 291
1757629270042 0.07009811920235069 292
1757629270145 0.08802137574557425 293
1757629270259 0.028544651325276574 294
1757629270360 0.0073811028079433716 295
1757629270458 0.3954133197288615 296
1757629270552 0.005294982986558958 297
1757629270657 0.005460820268622666 298
1757629270751 0.09643750717415106 299
1757629270846 0.06736477292216186 300
1757629270940 0.2092983460990725 301
1757629271034 0.08571491187945837 302
1757629271131 0.0934222675170963 303
1757629271224 0.1488643599917768 304
1757629271325 0.0499941783182562 305
1757629271420 0.0021569708271848395 306
1757629271514 0.12155042121614085 307
1757629271607 0.0034019897379321488 308
1757629271706 0.10121609352615049 309
1757629271802 0.19292660640378126 310
1757629271896 0.024352184891227008 311
1757629271993 0.18949832264947522 312
1757629272090 0.00832540147655222 313
1757629272184 0.1491540682901842 314
1757629272280 0.002116114731519316 315
1757629272377 0.0008447378759222458 316
1757629272475 0.06395231655727339 317
1757629272572 0.5389752434578864 318
1757629272668 0.01026465378941461 319
1757629272761 0.07279462595295984 320
1757629272854 0.08346837447346717 321
1757629272946 0.0018706340087464499 322
1757629273039 1.0119442858127854 323
1757629273131 0.0017955835332653905 324
1757629273226 0.10764597948595471 325
1757629273323 0.4991765228274149 326
1757629273415 0.02372007048596104 327
1757629273508 0.055222160674479145 328
1757629273602 0.36544432283344336 329
1757629273696 0.0680895428606918 330
1757629273793 0.001634522346905644 331
1757629273888 0.051655310572605175 332
1757629273982 0.2229421194890868 333
1757629274074 0.1552845579647797 334
1757629274168 0.004769587390534087 335
1757629274261 0.11747762999583733 336
1757629274354 0.22169471795688248 337
1757629274447 0.04542858365469136 338
1757629274540 0.004778969120575971 339
1757629274633 0.006967798338933207 340
1757629274727 0.531896111631378 341
1757629274821 0.028080636739707288 342
1757629274920 0.18879511904013782 343
1757629275015 0.011255970991577102 344
1757629275108 0.01507201428196827 345
1757629275207 0.1685971224686939 346
1757629275311 0.0034936336146497984 347
1757629275406 0.05933879664842917 348
1757629275501 0.035186114834151634 349
1757629275596 0.00551993812702185 350
1757629275690 0.05447041389148525 351
1757629275786 0.08978018324094612 352
1757629275881 0.015410397239646819 353
1757629275975 0.006765498987792593 354
1757629276069 0.42775455956816055 355
1757629276163 0.5767410958633128 356
1757629276257 0.0949312039531685 357
1757629276353 0.05781889042571951 358
1757629276446 0.07731745220316241 359
1757629276541 0.00018680789105987355 360
1757629276637 0.8572364467793111 361
1757629276732 0.0007445653631582447 362
1757629276898 0.23372397735835435 363
1757629276999 0.7412018074307641 364
1757629277107 0.07745192758557051 365
1757629277215 0.10306804672289847 366
1757629277315 0.05730858654626792 367
1757629277415 0.05191794490364783 368
1757629277520 0.029070624606328536 369
1757629277625 0.0021061070014934398 370
1757629277730 0.2577567519123962 371
1757629277834 0.001439487574412976 372
1757629277935 0.010136036672382246 373
1757629278035 0.24075240784086085 374
1757629278136 0.3860282312712588 375
1757629278245 0.00592824605740825 376
1757629278347 0.0016510478030363214 377
1757629278461 0.010885664919918547 378
1757629278585 0.02220308663394421 379
1757629278712 0.003425398420349384 380
1757629278829 0.0010925665110685058 381
1757629278937 0.030071758677058767 382
1757629279048 0.0015278676910190842 383
1757629279158 0.012669752332194676 384
1757629279268 3.258651241287962e-05 385
1757629279377 0.022589431629538984 386
1757629279480 0.137109372958453 387
1757629279581 0.03088394488124035 388
1757629279682 0.012528924007980462 389
1757629279789 0.03378949855714318 390
1757629279905 0.016093990012732047 391
1757629280012 0.09868187596313881 392
1757629280129 0.055754094568899626 393
1757629280254 0.44092328623516874 394
1757629280366 0.06360028723388987 395
1757629280477 0.014608320948336884 396
1757629280647 0.006535798914959218 397
1757629280760 0.0017015041559139354 398
1757629280868 0.024019269467907844 399
1757629280977 0.0359984741612783 400
1757629281089 0.07314228223567174 401
1757629281200 0.060754724870634685 402
1757629281304 0.0314138114912234 403
1757629281408 0.0002797499755729249 404
1757629281512 0.047637532307602905 405
1757629281613 0.04425509135655352 406
1757629281715 0.10884330668148819 407
1757629281815 0.39462904191423287 408
1757629281917 0.15561242353189483 409
1757629282023 0.14159445857231012 410
1757629282127 0.026472598142184743 411
1757629282232 0.1058855241091388 412
1757629282338 0.16271963535122225 413
1757629282443 0.4435401414903838 414
1757629282543 0.01457194032932352 415
1757629282647 0.009749385708257695 416
1757629282747 0.43875419009619915 417
1757629282847 0.019616476260347973 418
