1757630163764 5.417802813875161 0
1757630163809 0.3106887182109951 1
1757630163857 0.12518906302535426 2
1757630163901 0.12335563464845857 3
1757630163946 0.1413281681185774 4
1757630163990 0.11716536962277617 5
1757630164034 0.1016471553249428 6
1757630164077 0.10180799008507141 7
1757630164128 0.15614397036096 8
1757630164173 0.14932928272705048 9
1757630164219 0.11040916877938 10
1757630164269 0.07635669921869054 11
1757630164315 0.23784438561404955 12
1757630164360 0.08200339113128782 13
1757630164405 0.11955165494406873 14
1757630164451 0.1438230786491546 15
1757630164497 0.14077737883842908 16
1757630164541 0.10107746560346464 17
1757630164586 0.09917468139284448 18
1757630164630 0.12607113239473633 19
1757630164674 0.14140484146491678 20
1757630164719 0.0941705836172442 21
1757630164764 0.13645439103633988 22
1757630164808 0.11721968786666306 23
1757630164852 0.16731178429923782 24
1757630164897 0.0742637399037432 25
1757630164941 0.12374135911757372 26
1757630164986 0.09456298917372119 27
1757630165031 0.08230596436778462 28
1757630165078 0.1096104690857187 29
1757630165124 0.21755007247407004 30
1757630165170 0.08565170641744486 31
1757630165214 0.5352823592203224 32
1757630165259 0.17887145848852867 33
1757630165305 0.05733204556467167 34
1757630165350 0.15845705563979023 35
1757630165395 0.13530747020577846 36
1757630165441 0.19142602825564853 37
1757630165499 0.10399157796547841 38
1757630165551 0.09230260573327577 39
1757630165597 0.1103318530524122 40
1757630165642 0.11235168067435237 41
1757630165688 0.15710342021510276 42
1757630165732 0.19406134197667096 43
1757630165778 0.07406860771160435 44
1757630165824 0.1333299977368475 45
1757630165875 0.061600188435332326 46
1757630165923 0.11615800495305964 47
1757630165971 0.10866528492781155 48
1757630166018 0.09214685280150246 49
1757630166066 0.08401866666646887 50
1757630166111 0.21823446609450353 51
1757630166157 0.16383030327963888 52
1757630166205 0.11506507116607266 53
1757630166251 0.12540792807855805 54
1757630166302 0.14692775363768698 55
1757630166349 0.12260664738604105 56
1757630166395 0.15469652121189176 57
1757630166441 0.12655442838671097 58
1757630166486 0.05690223010812322 59
1757630166534 0.12851419998185304 60
1757630166580 0.20173805706575623 61
1757630166627 0.17336165021702105 62
1757630166673 0.07963736047653389 63
1757630166719 0.10218422119305498 64
1757630166765 0.08910962074149227 65
1757630166812 0.17086145078746776 66
1757630166858 0.08921043303596979 67
1757630166904 0.14289786013615 68
1757630166950 0.09681577544016413 69
1757630166995 0.0930369942353543 70
1757630167041 0.1398065687801091 71
1757630167086 0.17536028636922002 72
1757630167132 0.11621711751606156 73
1757630167177 0.10081811531202722 74
1757630167223 0.09473252112442707 75
1757630167269 0.10695305201780997 76
1757630167315 0.11889295769793586 77
1757630167360 0.1669185085354527 78
1757630167407 0.18710623830085965 79
1757630167452 0.09885254914233932 80
1757630167498 0.11255656819958808 81
1757630167544 0.10589910966910523 82
1757630167590 0.12519593709924573 83
1757630167636 0.07840466024992841 84
1757630167682 0.133994579228907 85
1757630167728 0.12005906805591644 86
1757630167773 0.16437008542579246 87
1757630167819 0.14735089902520251 88
1757630167866 0.10367635744242162 89
1757630167911 0.1462791044816627 90
1757630167958 0.06544223233925645 91
1757630168003 0.10912352063021923 92
1757630168049 0.177122657544055 93
1757630168095 0.09882323088003887 94
1757630168143 0.15299225419476947 95
1757630168189 0.1575082496676696 96
1757630168236 0.10028147606260981 97
1757630168282 0.10491615598697712 98
1757630168333 0.10357298100177434 99
1757630168380 0.1552830421190299 100
1757630168428 0.12695468152117412 101
1757630168476 0.15603817392590458 102
1757630168532 0.14592791495867602 103
1757630168580 0.06665878332099812 104
1757630168627 0.07770778928551314 105
1757630168674 0.11664112085836564 106
1757630168722 0.18244642951021667 107
1757630168769 0.13255966360794613 108
1757630168816 0.1666251848246724 109
1757630168864 0.19807816507732262 110
1757630168911 0.1367270260606084 111
1757630168957 0.11867660309019204 112
1757630169004 0.161195420776117 113
1757630169051 0.09974737091784007 114
1757630169098 0.14505252176695554 115
1757630169145 0.1247207294966719 116
1757630169192 0.17491955461553327 117
1757630169239 0.08743234646532043 118
1757630169285 0.1648412904361658 119
1757630169333 0.1320151741083781 120
1757630169380 0.2704534332704209 121
1757630169426 0.14627885712418576 122
1757630169474 0.1262583664655928 123
1757630169522 0.26025361212012765 124
1757630169569 0.1267349524888111 125
1757630169616 0.1210846051158548 126
1757630169664 0.12091648793373778 127
1757630169711 0.0928267399060295 128
1757630169757 0.15368293805903327 129
1757630169804 0.09739310614659986 130
1757630169851 0.21441665042817776 131
1757630169898 0.13291650508161643 132
1757630169946 0.1045094201428556 133
1757630169993 0.19186964038814458 134
1757630170039 0.10244478874741701 135
1757630170086 0.11676164496632507 136
1757630170134 0.09284012715476672 137
1757630170181 0.13481762826416416 138
1757630170228 0.10447907815925389 139
1757630170275 0.10313989559994236 140
1757630170362 0.10717221997519447 141
1757630170451 0.06994410465832494 142
1757630170520 0.10455142070787106 143
1757630170577 0.08505445559904913 144
1757630170631 0.16658044150781037 145
1757630170684 0.08472334845312116 146
1757630170734 0.08171454474268788 147
1757630170785 0.11789200677412742 148
1757630170836 0.10953114473281204 149
1757630170886 0.22035909667298723 150
1757630170935 0.1873808436904102 151
1757630170984 0.17556608176511063 152
1757630171034 0.1736505076067167 153
1757630171083 0.09801995263791632 154
1757630171132 0.14588291046069612 155
1757630171181 0.10914695834595217 156
1757630171230 0.1239923293214441 157
1757630171279 0.09029632036884164 158
1757630171328 0.06841771642151516 159
1757630171376 0.1552016619761699 160
1757630171424 0.09129250826024975 161
1757630171474 0.24540952769714083 162
1757630171522 0.1483803016777001 163
1757630171578 0.26182036762773014 164
1757630171626 0.13294555796312071 165
1757630171674 0.12249311627962767 166
1757630171722 0.16901115789533203 167
1757630171772 0.10933924308936006 168
1757630171821 0.15573442202130366 169
1757630171869 0.08583370239575558 170
1757630171921 0.21637485901801132 171
1757630171969 0.12341155349843691 172
1757630172017 0.21086887479665004 173
1757630172066 0.1482432021454171 174
1757630172114 0.16027553625378083 175
1757630172164 0.09397615560650134 176
1757630172212 0.5311795058595313 177
1757630172261 0.24502312015732658 178
1757630172309 0.1944448589980388 179
1757630172358 0.1007183603333449 180
1757630172407 0.08821198129128124 181
1757630172461 0.08984221583566768 182
1757630172511 0.09295902731216552 183
1757630172560 0.08812581849980225 184
1757630172608 0.5781420484721886 185
1757630172657 0.10667247038434988 186
1757630172705 0.1151106037080585 187
1757630172754 0.14731400278355714 188
1757630172803 0.10974937946337932 189
1757630172852 0.11294202804658113 190
1757630172901 0.14258934370319953 191
1757630172949 0.109831089803796 192
1757630172998 0.11243099240563288 193
1757630173047 0.11982250622844799 194
1757630173096 0.12750434668337693 195
1757630173145 0.10699878002337274 196
1757630173195 0.10754715034718161 197
1757630173244 0.101489014343139 198
1757630173293 0.1605461258113118 199
1757630173341 0.19706245517200313 200
1757630173390 0.14287299361532727 201
1757630173439 0.12910192928615105 202
1757630173488 0.16953944775512503 203
1757630173537 0.12257590405371963 204
1757630173588 0.1054472297732856 205
1757630173636 0.16485724845004768 206
1757630173686 0.11892466985839625 207
1757630173735 0.16178401332835027 208
1757630173785 0.17975436831986585 209
1757630173836 0.1671987021034267 210
1757630173886 0.05328998098737954 211
1757630173935 0.1445860478405343 212
1757630173993 0.06433340065218537 213
1757630174059 0.05975262108210395 214
1757630174110 0.09304616250422301 215
1757630174214 0.08113582933778937 216
1757630174268 0.14638542077134004 217
1757630174321 0.11742547024332319 218
1757630174373 0.08198799469407014 219
1757630174424 0.15260380612571206 220
1757630174478 0.17544529637527595 221
1757630174529 0.1482549795221183 222
1757630174579 0.08947650027349249 223
1757630174630 0.07640852724096103 224
1757630174681 0.08039761599878087 225
1757630174731 0.15690971643314616 226
1757630174782 0.22550318150695947 227
1757630174832 0.13171777906367463 228
1757630174883 0.11028632059527801 229
1757630174933 0.13488333661577873 230
1757630174983 0.175596546751836 231
1757630175032 0.12390812448566974 232
1757630175081 0.13728227932195952 233
1757630175131 0.10769409219468305 234
1757630175183 0.08199460046456453 235
1757630175234 0.08075182771830383 236
1757630175285 0.0982250426157785 237
1757630175337 0.0957080987041216 238
1757630175389 0.13622517997169908 239
1757630175705 0.14545859671007705 240
1757630175895 0.0842854212757769 241
1757630175957 0.12598887478080667 242
1757630176017 0.16030897856262263 243
1757630176073 0.12736718887959791 244
1757630176129 0.15812479020757908 245
1757630176185 0.1221294822344026 246
1757630176241 0.11372513684405543 247
1757630176297 0.1256148821435563 248
1757630176356 0.11344294064747099 249
1757630176413 0.14826550270525996 250
1757630176493 0.12103302343599845 251
1757630176573 0.13263058329884106 252
1757630176647 0.10208136730890568 253
1757630176707 0.18047093726092064 254
1757630176767 0.09200986756509714 255
1757630176877 0.1384962620568913 256
1757630177006 0.0797082757413346 257
1757630177071 0.10811905226075956 258
1757630177130 0.08482742675163589 259
1757630177187 0.08767759770996472 260
1757630177244 0.20008714191292726 261
1757630177305 0.1422118296840515 262
1757630177363 0.11828699082041652 263
1757630177425 0.10433177176457159 264
1757630177495 0.10786293873574007 265
1757630177553 0.20017525530466432 266
1757630177609 0.11942831811670024 267
1757630177665 0.04560544574346626 268
1757630177727 0.09105312375997232 269
1757630177796 0.10284915117948311 270
1757630177860 0.15187735833856883 271
1757630177923 0.16517176748713105 272
1757630177993 0.15431628523781066 273
1757630178066 0.09479247297616741 274
1757630178133 0.14540390096651715 275
1757630178205 0.3207150522642743 276
1757630178273 0.14139209963130864 277
1757630178333 0.16923922699257846 278
1757630178391 0.10306490518045856 279
1757630178448 0.1165664466908602 280
1757630178552 0.22565462597079516 281
1757630178617 0.14468171702702415 282
1757630178690 0.1569417963972473 283
1757630178757 0.14415793301461405 284
1757630178827 0.12379816498293629 285
1757630178903 0.1467833934316662 286
1757630178973 0.16412695997149046 287
1757630179043 0.1206284285931476 288
1757630179111 0.12375585569065944 289
1757630179175 0.18986780281121654 290
1757630179234 0.1342568788204725 291
1757630179295 0.1406564243374414 292
1757630179362 0.1191286707785456 293
1757630179431 0.13171742466809372 294
1757630179496 0.11466934792526023 295
1757630179564 0.1828157203954116 296
1757630179625 0.09214353233376421 297
1757630179695 0.11126625234441356 298
1757630179779 0.11948006429309041 299
1757630179847 0.10790051739349202 300
1757630179913 0.10991923779345633 301
1757630179982 0.11822678931650293 302
1757630180041 0.0975898068576733 303
1757630180101 0.12672784994311592 304
1757630180160 0.16138452412827087 305
1757630180232 0.14654217073930015 306
1757630180296 0.18020822297963357 307
1757630180358 0.09234185381106705 308
1757630180415 0.11698228088818191 309
1757630180486 0.11214477294827745 310
1757630180575 0.07206789894822715 311
1757630180644 0.1382452585255873 312
1757630180712 0.12931400357622336 313
1757630180786 0.13333610414456673 314
1757630180855 0.10724101020709409 315
1757630180918 0.07999455952187134 316
1757630180986 0.1429304118350167 317
1757630181063 0.15231376110789868 318
1757630181139 0.09175449483686694 319
1757630181207 0.13808860499736186 320
1757630181275 0.14192575852456482 321
1757630181340 0.15471405162650326 322
1757630181411 0.17153595287831602 323
1757630181479 0.15342315855298783 324
1757630181552 0.20632817424158995 325
1757630181624 0.17922758011195974 326
1757630181701 0.13549444917618486 327
1757630181775 0.1116040084988541 328
1757630181841 0.14316336748784678 329
1757630181906 0.14729951202381544 330
1757630181979 0.12123900882314767 331
1757630182051 0.06162726247582104 332
1757630182121 0.5100209137152001 333
1757630182194 0.1415105263982283 334
1757630182269 0.12699797152266915 335
1757630182348 0.136394967748807 336
1757630182410 0.09573957808801904 337
1757630182472 0.16653819108940332 338
1757630182541 0.09646936395269917 339
1757630182628 0.1202935704362083 340
1757630182701 0.15227180505841986 341
1757630182767 0.10703656192034966 342
1757630182828 0.13114469837099846 343
1757630182888 0.08419852749408459 344
1757630182948 0.1069693810815088 345
1757630183008 0.11599676593669708 346
1757630183067 0.1573669775059491 347
1757630183125 0.10952017251856007 348
1757630183183 0.12365396237004203 349
1757630183249 0.06379292830297724 350
1757630183316 0.11533389547865847 351
1757630183382 0.1669972925910556 352
1757630183449 0.08407471550449365 353
1757630183508 0.1863148269015052 354
1757630183566 0.20876937055765 355
1757630183623 0.09653400558328185 356
1757630183679 0.11749840794776323 357
1757630183735 0.1274788850462785 358
1757630183791 0.137355493436128 359
1757630183847 0.08340076607881487 360
1757630183901 0.1763293176058436 361
1757630183955 0.08229104370573362 362
1757630184008 0.13140668614944395 363
1757630184062 0.09683651707148556 364
1757630184116 0.1278375361657631 365
1757630184169 0.11374349787584136 366
1757630184223 0.1353014209703095 367
1757630184277 0.1815752672342074 368
1757630184330 0.11373877815029576 369
1757630184384 0.07957142981123437 370
1757630184437 0.12000042582865933 371
1757630184492 0.10594889338960546 372
1757630184546 0.11944310551798887 373
1757630184600 0.18200549857225612 374
1757630184655 0.10482442850279403 375
1757630184713 0.12109434625321974 376
1757630184766 0.08809331610821337 377
1757630184822 0.17963286019933472 378
1757630184876 0.23561103633261216 379
1757630184931 0.06466660848052558 380
1757630184989 0.138860574308807 381
1757630185044 0.20946471403699274 382
1757630185097 0.20030444746270543 383
1757630185150 0.12232136729288082 384
1757630185204 0.16018579754244777 385
1757630185258 0.10468041242638301 386
1757630185311 0.13535798126964776 387
1757630185365 0.14206361522658725 388
1757630185418 0.18058305521401785 389
1757630185480 0.21050230129351222 390
1757630185547 0.09422888251552006 391
1757630185610 0.18181288032303605 392
1757630185668 0.13279476405680565 393
1757630185726 0.1089061648854813 394
1757630185783 0.1888726261100741 395
1757630185839 0.12640770835835183 396
1757630185893 0.1340550386425276 397
1757630185948 0.13599386327287155 398
1757630186002 0.13375338299147627 399
1757630186056 0.14299995641874255 400
1757630186111 0.1708637412988549 401
1757630186169 0.23580560605275247 402
1757630186232 0.10140651320973365 403
1757630186300 0.11993026194126641 404
1757630186367 0.11285020885508577 405
1757630186433 0.15527822914511802 406
1757630186496 0.1918404708236391 407
1757630186557 0.2011952494350703 408
1757630186616 0.11124140008364651 409
1757630186681 0.18015762587607426 410
1757630186752 0.11855583314611148 411
1757630186817 0.13465522386335965 412
1757630186887 0.12182764620184841 413
1757630186954 0.11587443249059531 414
1757630187020 0.07647699071825781 415
1757630187086 0.1258789878600851 416
1757630187149 0.12475935416278963 417
1757630187213 0.1116753652260907 418
1757630187275 0.11793972336845229 419
1757630187334 0.13145337440896449 420
1757630187393 0.1171526808307326 421
1757630187456 0.15177777231165385 422
1757630187518 0.12486604169680708 423
1757630187593 0.10797539311159834 424
1757630187666 0.08019161852615006 425
1757630187734 0.10762544583388227 426
1757630187801 0.2580605101305723 427
1757630187869 0.10813634406617337 428
1757630187931 0.08549660742213677 429
1757630187991 0.11207828027218822 430
1757630188050 0.14410529936024916 431
1757630188110 0.10320304665036328 432
1757630188178 0.18387003032189353 433
1757630188243 0.13069662736222484 434
1757630188311 0.06962599676083248 435
1757630188373 0.10439442713302007 436
1757630188435 0.1252334076745672 437
1757630188503 0.17614229541255233 438
1757630188589 0.11169137581774827 439
1757630188659 0.08969773879314388 440
1757630188737 0.11706755273454719 441
1757630188809 0.14697751739236153 442
1757630188878 0.11464271251168799 443
1757630188942 0.16378869945288915 444
1757630189004 0.14459002955813408 445
1757630189065 0.10730092754023078 446
1757630189125 0.08746625181394746 447
1757630189184 0.1172669068999223 448
1757630189244 0.1806375927188996 449
1757630189303 0.12735004500241065 450
1757630189361 0.07961109349921011 451
1757630189419 0.13269554490340332 452
1757630189476 0.11266264850878435 453
1757630189534 0.5032605470327407 454
1757630189591 0.11367675878444346 455
1757630189647 0.19475841948434186 456
1757630189702 0.12550386318237772 457
1757630189759 0.10881336472299351 458
1757630189817 0.15787483235980007 459
1757630189885 0.12135809020870836 460
1757630189953 0.14031772749140195 461
1757630190019 0.074478795277659 462
1757630190084 0.08514642304953264 463
1757630190147 0.18074860528666903 464
1757630190210 0.12588836847091756 465
1757630190273 0.11484386203462432 466
1757630190336 0.1213085445852446 467
1757630190398 0.11492957699747702 468
1757630190462 0.14731079924104093 469
1757630190541 0.18230481298396162 470
1757630190606 0.10805626859354465 471
1757630190670 0.1661083738053545 472
1757630190737 0.1284608419646272 473
1757630190901 0.15928143221189195 474
1757630190980 0.15062573028827692 475
1757630191056 0.18429010694541353 476
1757630191131 0.14854080671053846 477
1757630191205 0.14736114621563917 478
1757630191270 0.12102128788332152 479
1757630191332 0.13203511192296835 480
1757630191394 0.11059891828734043 481
1757630191456 0.14046786771912567 482
1757630191518 0.11538989668961001 483
1757630191580 0.1859429688885253 484
1757630191642 0.12830631911871082 485
1757630191713 0.08413911873649611 486
1757630191780 0.2151493047021743 487
1757630191844 0.15599613394985806 488
1757630191904 0.13125101612846757 489
1757630191965 0.12973466668279077 490
1757630192027 0.12313338329674897 491
1757630192088 0.17096524885811 492
1757630192149 0.2089631998284103 493
1757630192209 0.08505119587961645 494
1757630192271 0.09373344838245581 495
1757630192331 0.09070624558770018 496
1757630192392 0.1855828187606317 497
1757630192458 0.18520208143657024 498
1757630192517 0.1641812223112719 499
