1757649617138 162.77093263998094 0
1757649617197 162.73832635164487 1
1757649617256 162.70572660378542 2
1757649617314 162.67313339508942 3
1757649617373 162.64054672424405 4
1757649617430 162.6079665899366 5
1757649617489 162.57539299085482 6
1757649617546 162.54282592568651 7
1757649617604 162.51026539311988 8
1757649617665 162.47771139184343 9
1757649617724 162.44516392054575 10
1757649617783 162.41262297791587 11
1757649617839 162.380088562643 12
1757649617896 162.34756067341664 13
1757649617956 162.31503930892652 14
1757649618014 162.28252446786266 15
1757649618072 162.25001614891534 16
1757649618130 162.21751435077516 17
1757649618188 162.18501907213286 18
1757649618247 162.15253031167953 19
1757649618305 162.12004806810646 20
1757649618363 162.0875723401053 21
1757649618423 162.05510312636792 22
1757649618482 162.02264042558642 23
1757649618546 161.99018423645316 24
1757649618605 161.95773455766079 25
1757649618664 161.9252913879023 26
1757649618723 161.89285472587073 27
1757649618781 161.86042457025962 28
1757649618838 161.82800091976267 29
1757649618896 161.79558377307376 30
1757649618954 161.7631731288872 31
1757649619011 161.7307689858974 32
1757649619067 161.6983713427992 33
1757649619124 161.66598019828749 34
1757649619183 161.63359555105765 35
1757649619241 161.60121739980517 36
1757649619299 161.56884574322584 37
1757649619358 161.53648058001573 38
1757649619416 161.5041219088712 39
1757649619475 161.47176972848882 40
1757649619533 161.43942403756537 41
1757649619600 161.407084834798 42
1757649619666 161.3747521188841 43
1757649619725 161.34242588852132 44
1757649619784 161.3101061424075 45
1757649619844 161.27779287924082 46
1757649619904 161.24548609771972 47
1757649619963 161.2131857965428 48
1757649620023 161.1808919744091 49
1757649620082 161.14860463001776 50
1757649620142 161.11632376206828 51
1757649620200 161.08404936926033 52
1757649620259 161.051781450294 53
1757649620319 161.01952000386945 54
1757649620379 160.98726502868718 55
1757649620438 160.95501652344802 56
1757649620495 160.922774486853 57
1757649620558 160.89053891760335 58
1757649620619 160.85830981440068 59
1757649620682 160.82608717594675 60
1757649620741 160.79387100094374 61
1757649620801 160.76166128809385 62
1757649620860 160.72945803609983 63
1757649620918 160.6972612436644 64
1757649620977 160.6650709094907 65
1757649621036 160.6328870322822 66
1757649621096 160.60070961074248 67
1757649621154 160.56853864357547 68
1757649621214 160.5363741294853 69
1757649621272 160.5042160671764 70
1757649621331 160.47206445535343 71
1757649621389 160.4399192927214 72
1757649621540 160.40778057798548 73
1757649621612 160.3756483098511 74
1757649621681 160.343522487024 75
1757649621764 160.31140310821021 76
1757649621842 160.2792901721159 77
1757649621942 160.2471836774477 78
1757649622088 160.21508362291223 79
1757649622207 160.18299000721657 80
1757649622300 160.15090282906806 81
1757649622375 160.11882208717415 82
1757649622511 160.0867477802427 83
1757649622770 160.05467990698176 84
1757649622971 160.0226184660997 85
1757649623053 159.99056345630498 86
1757649623128 159.95851487630662 87
1757649623201 159.92647272481355 88
1757649623274 159.89443700053525 89
1757649623346 159.8624077021813 90
1757649623413 159.83038482846158 91
1757649623480 159.79836837808622 92
1757649623547 159.76635834976565 93
1757649623612 159.7343547422105 94
1757649623675 159.70235755413174 95
1757649623738 159.67036678424049 96
1757649623802 159.63838243124817 97
1757649623866 159.60640449386653 98
1757649623930 159.57443297080752 99
1757649623993 159.54246786078332 100
1757649624056 159.51050916250642 101
1757649624116 159.4785568746896 102
1757649624176 159.44661099604573 103
1757649624236 159.41467152528818 104
1757649624296 159.3827384611304 105
1757649624356 159.35081180228616 106
1757649624416 159.31889154746946 107
1757649624475 159.28697769539465 108
1757649624535 159.25507024477625 109
1757649624609 159.22316919432902 110
1757649624683 159.19127454276804 111
1757649624753 159.15938628880863 112
1757649624819 159.1275044311664 113
1757649624881 159.0956289685571 114
1757649624943 159.06375989969686 115
1757649625004 159.03189722330205 116
1757649625065 159.0000409380893 117
1757649625125 158.96819104277543 118
1757649625201 158.93634753607756 119
1757649625266 158.90451041671307 120
1757649625332 158.87267968339967 121
1757649625393 158.84085533485515 122
1757649625456 158.80903736979772 123
1757649625527 158.77722578694582 124
1757649625594 158.74542058501808 125
1757649625654 158.71362176273345 126
1757649625716 158.68182931881108 127
1757649625777 158.65004325197043 128
1757649625838 158.61826356093124 129
1757649625898 158.58649024441343 130
1757649625970 158.5547233011372 131
1757649626033 158.52296272982304 132
1757649626093 158.49120852919165 133
1757649626154 158.45946069796406 134
1757649626217 158.42771923486157 135
1757649626278 158.39598413860554 136
1757649626338 158.36425540791782 137
1757649626399 158.3325330415204 138
1757649626460 158.30081703813556 139
1757649626521 158.2691073964858 140
1757649626581 158.23740411529394 141
1757649626642 158.20570719328302 142
1757649626704 158.17401662917635 143
1757649626773 158.1423324216974 144
1757649626835 158.1106545695701 145
1757649626897 158.07898307151845 146
1757649626957 158.0473179262668 147
1757649627017 158.0156591325397 148
1757649627078 157.98400668906203 149
1757649627139 157.95236059455885 150
1757649627200 157.92072084775555 151
1757649627262 157.88908744737768 152
1757649627335 157.85746039215115 153
1757649627477 157.82583968080203 154
1757649627563 157.7942253120568 155
1757649627631 157.76261728464198 156
1757649627699 157.73101559728448 157
1757649627764 157.69942024871145 158
1757649627829 157.66783123765038 159
1757649627893 157.63624856282874 160
1757649627958 157.60467222297459 161
1757649628019 157.57310221681607 162
1757649628081 157.54153854308157 163
1757649628143 157.50998120049977 164
1757649628205 157.4784301877996 165
1757649628273 157.44688550371032 166
1757649628335 157.41534714696127 167
1757649628397 157.38381511628222 168
1757649628458 157.35228941040307 169
1757649628519 157.3207700280541 170
1757649628581 157.2892569679657 171
1757649628642 157.25775022886867 172
1757649628704 157.2262498094939 173
1757649628766 157.1947557085727 174
1757649628839 157.1632679248365 175
1757649628906 157.1317864570171 176
1757649628970 157.10031130384644 177
1757649629033 157.0688424640568 178
1757649629094 157.03737993638063 179
1757649629155 157.00592371955076 180
1757649629217 156.9744738123002 181
1757649629278 156.94303021336216 182
1757649629340 156.91159292147026 183
1757649629402 156.8801619353582 184
1757649629465 156.84873725376002 185
1757649629528 156.81731887541005 186
1757649629599 156.7859067990428 187
1757649629673 156.75450102339312 188
1757649629740 156.723101547196 189
1757649629802 156.69170836918673 190
1757649629864 156.66032148810095 191
1757649629926 156.62894090267443 192
1757649629988 156.59756661164323 193
1757649630050 156.5661986137436 194
1757649630111 156.53483690771233 195
1757649630179 156.50348149228603 196
1757649630243 156.47213236620192 197
1757649630306 156.44078952819726 198
1757649630376 156.40945297700966 199
1757649630441 156.37812271137702 200
1757649630503 156.34679873003742 201
1757649630566 156.31548103172912 202
1757649630717 156.28416961519085 203
1757649630780 156.2528644791614 204
1757649630852 156.22156562237987 205
1757649630916 156.19027304358573 206
1757649630978 156.15898674151848 207
1757649631042 156.12770671491808 208
1757649631104 156.0964329625246 209
1757649631166 156.06516548307846 210
1757649631228 156.03390427532025 211
1757649631290 156.00264933799093 212
1757649631352 155.97140066983155 213
1757649631415 155.9401582695836 214
1757649631477 155.90892213598863 215
1757649631540 155.8776922677886 216
1757649631603 155.84646866372566 217
1757649631664 155.81525132254222 218
1757649631726 155.7840402429809 219
1757649631788 155.75283542378463 220
1757649631851 155.72163686369655 221
1757649631913 155.69044456146014 222
1757649631974 155.65925851581903 223
1757649632037 155.62807872551713 224
1757649632102 155.59690518929864 225
1757649632163 155.56573790590792 226
1757649632227 155.53457687408974 227
1757649632290 155.503422092589 228
1757649632352 155.47227356015088 229
1757649632414 155.44113127552075 230
1757649632477 155.40999523744443 231
1757649632539 155.37886544466775 232
1757649632601 155.34774189593693 233
1757649632664 155.31662458999844 234
1757649632725 155.28551352559896 235
1757649632787 155.25440870148543 236
1757649632851 155.2233101164051 237
1757649632918 155.19221776910533 238
1757649632981 155.16113165833386 239
1757649633045 155.1300517828387 240
1757649633107 155.098978141368 241
1757649633169 155.0679107326702 242
1757649633232 155.0368495554941 243
1757649633295 155.00579460858856 244
1757649633357 154.97474589070288 245
1757649633420 154.94370340058643 246
1757649633481 154.912667136989 247
1757649633544 154.88163709866052 248
1757649633607 154.85061328435128 249
1757649633669 154.81959569281167 250
1757649633732 154.7885843227924 251
1757649633795 154.7575791730445 252
1757649633859 154.7265802423192 253
1757649633921 154.69558752936788 254
1757649633983 154.66460103294236 255
1757649634047 154.6336207517946 256
1757649634110 154.6026466846768 257
1757649634173 154.57167883034148 258
1757649634237 154.5407171875413 259
1757649634301 154.5097617550293 260
1757649634364 154.47881253155865 261
1757649634427 154.44786951588293 262
1757649634490 154.4169327067558 263
1757649634553 154.38600210293123 264
1757649634631 154.35507770316346 265
1757649634697 154.324159506207 266
1757649634761 154.2932475108166 267
1757649634824 154.2623417157472 268
1757649634893 154.23144211975404 269
1757649634959 154.2005487215926 270
1757649635024 154.16966152001862 271
1757649635089 154.13878051378813 272
1757649635159 154.1079057016573 273
1757649635242 154.07703708238265 274
1757649635307 154.04617465472091 275
1757649635370 154.01531841742903 276
1757649635435 153.98446836926428 277
1757649635499 153.95362450898415 278
1757649635563 153.92278683534633 279
1757649635627 153.89195534710885 280
1757649635693 153.86113004302993 281
1757649635764 153.83031092186803 282
1757649635830 153.79949798238192 283
1757649635894 153.76869122333053 284
1757649635958 153.73789064347315 285
1757649636022 153.70709624156925 286
1757649636086 153.6763080163785 287
1757649636151 153.64552596666095 288
1757649636215 153.6147500911768 289
1757649636280 153.5839803886865 290
1757649636344 153.55321685795087 291
1757649636410 153.52245949773075 292
1757649636474 153.4917083067875 293
1757649636537 153.46096328388248 294
1757649636601 153.4302244277775 295
1757649636664 153.39949173723448 296
1757649636729 153.36876521101567 297
1757649636793 153.3380448478835 298
1757649636858 153.30733064660072 299
1757649636926 153.27662260593033 300
1757649636992 153.24592072463545 301
1757649637057 153.21522500147967 302
1757649637122 153.1845354352266 303
1757649637186 153.15385202464026 304
1757649637251 153.12317476848483 305
1757649637315 153.09250366552476 306
1757649637379 153.06183871452475 307
1757649637444 153.03117991424983 308
1757649637508 153.00052726346513 309
1757649637573 152.96988076093615 310
1757649637638 152.9392404054285 311
1757649637704 152.90860619570824 312
1757649637769 152.87797813054152 313
1757649637834 152.84735620869478 314
1757649637899 152.8167404289347 315
1757649637964 152.78613079002824 316
1757649638028 152.7555272907426 317
1757649638093 152.7249299298452 318
1757649638157 152.69433870610365 319
1757649638221 152.66375361828602 320
1757649638287 152.6331746651604 321
1757649638353 152.60260184549523 322
1757649638419 152.57203515805918 323
1757649638488 152.54147460162122 324
1757649638552 152.51092017495046 325
1757649638617 152.48037187681632 326
1757649638681 152.44982970598852 327
1757649638749 152.41929366123688 328
1757649638813 152.38876374133164 329
1757649638877 152.35823994504318 330
1757649638942 152.32772227114214 331
1757649639013 152.29721071839944 332
1757649639079 152.26670528558617 333
1757649639145 152.23620597147385 334
1757649639210 152.20571277483396 335
1757649639274 152.1752256944385 336
1757649639341 152.1447447290596 337
1757649639407 152.11426987746955 338
1757649639471 152.08380113844106 339
1757649639534 152.053338510747 340
1757649639610 152.0228819931605 341
1757649639682 151.99243158445486 342
1757649639748 151.9619872834038 343
1757649639815 151.93154908878108 344
1757649639880 151.90111699936085 345
1757649639945 151.87069101391748 346
1757649640010 151.84027113122553 347
1757649640075 151.8098573500599 348
1757649640141 151.77944966919566 349
1757649640206 151.7490480874081 350
1757649640273 151.7186526034729 351
1757649640340 151.6882632161658 352
1757649640406 151.657879924263 353
1757649640472 151.62750272654065 354
1757649640538 151.59713162177545 355
1757649640603 151.56676660874416 356
1757649640670 151.53640768622387 357
1757649640736 151.5060548529919 358
1757649640802 151.47570810782577 359
1757649640867 151.4453674495033 360
1757649640933 151.4150328768025 361
1757649641003 151.38470438850172 362
1757649641071 151.3543819833794 363
1757649641138 151.32406566021444 364
1757649641204 151.29375541778577 365
1757649641269 151.26345125487273 366
1757649641334 151.2331531702548 367
1757649641400 151.20286116271177 368
1757649641465 151.1725752310236 369
1757649641529 151.14229537397063 370
1757649641594 151.11202159033323 371
1757649641661 151.08175387889224 372
1757649641725 151.05149223842864 373
1757649641791 151.02123666772363 374
1757649641858 150.99098716555872 375
1757649641925 150.96074373071562 376
1757649641990 150.9305063619763 377
1757649642056 150.900275058123 378
1757649642123 150.8700498179381 379
1757649642187 150.83983064020438 380
1757649642252 150.80961752370482 381
1757649642318 150.77941046722248 382
1757649642384 150.74920946954092 383
1757649642451 150.71901452944374 384
1757649642517 150.68882564571493 385
1757649642582 150.65864281713863 386
1757649642648 150.62846604249927 387
1757649642713 150.59829532058143 388
1757649642779 150.56813065017016 389
1757649642843 150.5379720300505 390
1757649642909 150.50781945900783 391
1757649642976 150.47767293582788 392
1757649643047 150.44753245929647 393
1757649643115 150.41739802819973 394
1757649643181 150.38726964132397 395
1757649643248 150.35714729745595 396
1757649643314 150.32703099538236 397
1757649643380 150.29692073389043 398
1757649643447 150.26681651176744 399
1757649643511 150.236718327801 400
1757649643576 150.2066261807789 401
1757649643643 150.17654006948925 402
1757649643709 150.1464599927204 403
1757649643774 150.11638594926086 404
1757649643841 150.08631793789942 405
1757649643908 150.05625595742518 406
1757649643975 150.02620000662745 407
1757649644042 149.9961500842957 408
1757649644109 149.96610618921974 409
1757649644174 149.9360683201896 410
1757649644239 149.90603647599553 411
1757649644305 149.87601065542805 412
1757649644371 149.8459908572779 413
1757649644437 149.8159770803361 414
1757649644503 149.78596932339386 415
1757649644574 149.75596758524264 416
1757649644653 149.72597186467428 417
1757649644719 149.6959821604806 418
1757649644787 149.66599847145392 419
1757649644854 149.6360207963866 420
1757649644921 149.60604913407138 421
1757649644989 149.57608348330123 422
1757649645062 149.5461238428693 423
1757649645132 149.516170211569 424
1757649645211 149.48622258819398 425
1757649645279 149.45628097153823 426
1757649645346 149.42634536039583 427
1757649645414 149.39641575356117 428
1757649645482 149.36649214982893 429
1757649645549 149.33657454799396 430
1757649645617 149.3066629468514 431
1757649645687 149.27675734519656 432
1757649645755 149.2468577418251 433
1757649645832 149.21696413553283 434
1757649645899 149.18707652511588 435
1757649645966 149.15719490937056 436
1757649646034 149.12731928709343 437
1757649646102 149.09744965708128 438
1757649646170 149.0675860181312 439
1757649646238 149.0377283690405 440
1757649646306 149.00787670860672 441
1757649646374 148.9780310356276 442
1757649646443 148.94819134890122 443
1757649646511 148.91835764722583 444
1757649646578 148.88852992939985 445
1757649646646 148.85870819422215 446
1757649646713 148.82889244049164 447
1757649646781 148.79908266700758 448
1757649646848 148.76927887256946 449
1757649646916 148.73948105597694 450
1757649646984 148.70968921603003 451
1757649647052 148.67990335152888 452
1757649647126 148.65012346127398 453
1757649647195 148.62034954406593 454
1757649647263 148.59058159870574 455
1757649647329 148.56081962399452 456
1757649647397 148.53106361873367 457
1757649647465 148.50131358172484 458
1757649647533 148.47156951176993 459
1757649647600 148.441831407671 460
1757649647669 148.4120992682305 461
1757649647739 148.38237309225096 462
1757649647807 148.3526528785353 463
1757649647874 148.32293862588654 464
1757649647941 148.29323033310803 465
1757649648009 148.26352799900334 466
1757649648076 148.23383162237636 467
1757649648144 148.20414120203094 468
1757649648211 148.1744567367716 469
1757649648277 148.1447782254027 470
1757649648345 148.11510566672902 471
1757649648412 148.0854390595557 472
1757649648479 148.05577840268782 473
1757649648547 148.02612369493104 474
1757649648615 147.996474935091 475
1757649648683 147.96683212197362 476
1757649648750 147.93719525438522 477
1757649648885 147.90756433113216 478
1757649648977 147.87793935102118 479
1757649649049 147.84832031285922 480
1757649649123 147.8187072154534 481
1757649649196 147.78910005761117 482
1757649649266 147.7594988381402 483
1757649649338 147.7299035558483 484
1757649649407 147.70031420954368 485
1757649649475 147.67073079803464 486
1757649649544 147.6411533201298 487
1757649649627 147.6115817746381 488
1757649649706 147.5820161603685 489
1757649649780 147.55245647613043 490
1757649649849 147.52290272073336 491
1757649649920 147.49335489298718 492
1757649649989 147.46381299170187 493
1757649650057 147.43427701568774 494
1757649650126 147.40474696375531 495
1757649650195 147.37522283471534 496
1757649650265 147.34570462737886 497
1757649650334 147.31619234055708 498
1757649650403 147.28668597306145 499
