1757642456173 166.27694917431862 0
1757642456227 165.9450272451276 1
1757642456286 165.61376853942443 2
1757642456345 165.28317173174935 3
1757642456398 164.95323549929222 4
1757642456453 164.6239585218872 5
1757642456506 164.2953394820076 6
1757642456559 163.9673770647603 7
1757642456614 163.64006995788085 8
1757642456670 163.31341685172794 9
1757642456723 162.9874164392783 10
1757642456777 162.66206741612137 11
1757642456830 162.33736848045413 12
1757642456884 162.0133183330759 13
1757642456938 161.68991567738303 14
1757642456991 161.36715921936394 15
1757642457045 161.04504766759365 16
1757642457099 160.72357973322883 17
1757642457152 160.40275413000245 18
1757642457205 160.08256957421884 19
1757642457260 159.76302478474832 20
1757642457313 159.4441184830223 21
1757642457368 159.12584939302795 22
1757642457423 158.80821624130326 23
1757642457478 158.49121775693183 24
1757642457529 158.17485267153774 25
1757642457582 157.85911971928064 26
1757642457635 157.54401763685055 27
1757642457687 157.22954516346283 28
1757642457741 156.9157010408531 29
1757642457792 156.60248401327226 30
1757642457847 156.28989282748145 31
1757642457904 155.97792623274697 32
1757642457958 155.6665829808353 33
1757642458012 155.3558618260082 34
1757642458065 155.04576152501753 35
1757642458119 154.7362808371004 36
1757642458177 154.42741852397424 37
1757642458242 154.1191733498317 38
1757642458297 153.81154408133574 39
1757642458352 153.50452948761486 40
1757642458406 153.19812834025794 41
1757642458459 152.89233941330934 42
1757642458514 152.58716148326425 43
1757642458569 152.28259332906347 44
1757642458624 151.97863373208867 45
1757642458679 151.6752814761575 46
1757642458734 151.37253534751875 47
1757642458787 151.07039413484736 48
1757642458841 150.76885662923976 49
1757642458894 150.46792162420886 50
1757642458947 150.16758791567926 51
1757642459001 149.8678543019826 52
1757642459054 149.56871958385233 53
1757642459106 149.27018256441943 54
1757642459159 148.97224204920724 55
1757642459213 148.6748968461268 56
1757642459268 148.37814576547214 57
1757642459321 148.08198761991534 58
1757642459428 147.786421224502 59
1757642459498 147.4914453966462 60
1757642459558 147.19705895612614 61
1757642459616 146.90326072507912 62
1757642459673 146.6100495279969 63
1757642459729 146.31742419172102 64
1757642459784 146.0253835454381 65
1757642459840 145.7339264206751 66
1757642459900 145.44305165129478 67
1757642459956 145.15275807349076 68
1757642460012 144.8630445257832 69
1757642460067 144.5739098490139 70
1757642460121 144.28535288634168 71
1757642460176 143.99737248323783 72
1757642460231 143.70996748748155 73
1757642460289 143.42313674915516 74
1757642460344 143.13687912063955 75
1757642460398 142.85119345660965 76
1757642460453 142.56607861402978 77
1757642460509 142.28153345214915 78
1757642460564 141.99755683249717 79
1757642460619 141.7141476188789 80
1757642460674 141.43130467737078 81
1757642460729 141.1490268763156 82
1757642460784 140.8673130863184 83
1757642460839 140.58616218024167 84
1757642460894 140.3055730332011 85
1757642460948 140.02554452256075 86
1757642461004 139.74607552792878 87
1757642461056 139.46716493115295 88
1757642461109 139.18881161631606 89
1757642461164 138.9110144697315 90
1757642461219 138.63377237993888 91
1757642461272 138.3570842376994 92
1757642461327 138.0809489359916 93
1757642461382 137.8053653700068 94
1757642461435 137.53033243714472 95
1757642461489 137.25584903700917 96
1757642461543 136.98191407140328 97
1757642461599 136.70852644432557 98
1757642461653 136.4356850619653 99
1757642461706 136.16338883269813 100
1757642461760 135.89163666708168 101
1757642461816 135.62042747785136 102
1757642461870 135.3497601799158 103
1757642461930 135.07963369035267 104
1757642461987 134.81004692840418 105
1757642462043 134.54099881547296 106
1757642462098 134.27248827511755 107
1757642462152 134.00451423304818 108
1757642462207 133.73707561712249 109
1757642462261 133.47017135734112 110
1757642462315 133.20380038584355 111
1757642462368 132.93796163690382 112
1757642462423 132.67265404692608 113
1757642462478 132.4078765544407 114
1757642462533 132.1436281000995 115
1757642462587 131.87990762667206 116
1757642462642 131.61671407904103 117
1757642462697 131.35404640419824 118
1757642462750 131.09190355124022 119
1757642462805 130.83028447136417 120
1757642462859 130.56918811786372 121
1757642462915 130.3086134461246 122
1757642462987 130.0485594136208 123
1757642463043 129.78902497990993 124
1757642463100 129.53000910662942 125
1757642463157 129.27151075749228 126
1757642463228 129.01352889828274 127
1757642463288 128.75606249685245 128
1757642463344 128.499110523116 129
1757642463401 128.24267194904715 130
1757642463458 127.9867457486744 131
1757642463514 127.73133089807703 132
1757642463570 127.47642637538097 133
1757642463627 127.22203116075477 134
1757642463682 126.96814423640541 135
1757642463739 126.7147645865743 136
1757642463797 126.46189119753319 137
1757642463854 126.2095230575801 138
1757642463911 125.95765915703522 139
1757642463974 125.70629848823707 140
1757642464031 125.4554400455382 141
1757642464089 125.20508282530128 142
1757642464145 124.95522582589514 143
1757642464202 124.70586804769069 144
1757642464261 124.45700849305688 145
1757642464317 124.20864616635677 146
1757642464374 123.96078007394357 147
1757642464431 123.7134092241566 148
1757642464487 123.46653262731729 149
1757642464543 123.2201492957253 150
1757642464599 122.97425824365456 151
1757642464655 122.7288584873492 152
1757642464711 122.48394904501981 153
1757642464766 122.23952893683925 154
1757642464822 121.99559718493903 155
1757642464879 121.75215281340513 156
1757642464933 121.50919484827428 157
1757642464990 121.26672231752993 158
1757642465046 121.02473425109838 159
1757642465102 120.78322968084503 160
1757642465158 120.54220764057025 161
1757642465214 120.30166716600583 162
1757642465275 120.06160729481077 163
1757642465332 119.82202706656771 164
1757642465389 119.58292552277896 165
1757642465443 119.34430170686267 166
1757642465506 119.10615466414896 167
1757642465564 118.86848344187624 168
1757642465621 118.63128708918721 169
1757642465677 118.39456465712522 170
1757642465735 118.1583151986303 171
1757642465791 117.92253776853553 172
1757642465854 117.68723142356318 173
1757642465917 117.4523952223209 174
1757642465978 117.21802822529801 175
1757642466044 116.98412949486169 176
1757642466103 116.75069809525328 177
1757642466161 116.51773309258452 178
1757642466220 116.28523355483371 179
1757642466278 116.05319855184219 180
1757642466346 115.82162715531034 181
1757642466413 115.59051843879413 182
1757642466481 115.35987147770122 183
1757642466540 115.12968534928737 184
1757642466598 114.89995913265265 185
1757642466706 114.67069190873787 186
1757642466768 114.44188276032075 187
1757642466830 114.21353077201242 188
1757642466892 113.98563503025363 189
1757642466951 113.75819462331108 190
1757642467009 113.53120864127389 191
1757642467069 113.30467617604987 192
1757642467128 113.07859632136184 193
1757642467187 112.85296817274408 194
1757642467246 112.62779082753877 195
1757642467304 112.40306338489218 196
1757642467364 112.17878494575123 197
1757642467422 111.9549546128598 198
1757642467481 111.73157149075521 199
1757642467539 111.50863468576459 200
1757642467599 111.28614330600129 201
1757642467658 111.06409646136134 202
1757642467717 110.84249326351984 203
1757642467776 110.62133282592745 204
1757642467833 110.40061426380689 205
1757642467891 110.1803366941492 206
1757642467949 109.96049923571046 207
1757642468007 109.74110100900808 208
1757642468071 109.52214113631732 209
1757642468130 109.30361874166783 210
1757642468197 109.08553295084009 211
1757642468264 108.86788289136192 212
1757642468323 108.650667692505 213
1757642468384 108.43388648528132 214
1757642468445 108.21753840243984 215
1757642468504 108.00162257846286 216
1757642468564 107.78613814956266 217
1757642468623 107.571084253678 218
1757642468681 107.35646003047067 219
1757642468740 107.14226462132206 220
1757642468800 106.92849716932969 221
1757642468858 106.7151568193038 222
1757642468915 106.50224271776396 223
1757642468974 106.28975401293559 224
1757642469032 106.0776898547466 225
1757642469090 105.86604939482392 226
1757642469148 105.65483178649019 227
1757642469207 105.44403618476032 228
1757642469266 105.23366174633809 229
1757642469325 105.02370762961284 230
1757642469385 104.81417299465602 231
1757642469443 104.60505700321785 232
1757642469500 104.39635881872402 233
1757642469557 104.1880776062723 234
1757642469617 103.98021253262914 235
1757642469674 103.77276276622645 236
1757642469731 103.56572747715818 237
1757642469790 103.359105837177 238
1757642469849 103.15289701969107 239
1757642469908 102.94710019976061 240
1757642469965 102.74171455409471 241
1757642470025 102.53673926104794 242
1757642470089 102.33217350061712 243
1757642470149 102.12801645443801 244
1757642470208 101.92426730578204 245
1757642470269 101.72092523955305 246
1757642470326 101.51798944228399 247
1757642470385 101.31545910213376 248
1757642470444 101.11333340888378 249
1757642470503 100.9116115539349 250
1757642470561 100.71029273030419 251
1757642470620 100.50937613262154 252
1757642470679 100.30886095712658 253
1757642470737 100.1087464016654 254
1757642470794 99.90903166568734 255
1757642470853 99.70971595024182 256
1757642470913 99.51079845797507 257
1757642470972 99.31227839312706 258
1757642471030 99.11415496152821 259
1757642471089 98.91642737059617 260
1757642471149 98.71909482933282 261
1757642471207 98.52215654832091 262
1757642471266 98.32561173972103 263
1757642471326 98.12945961726844 264
1757642471385 97.93369939626987 265
1757642471443 97.73833029360036 266
1757642471502 97.54335152770022 267
1757642471561 97.34876231857184 268
1757642471620 97.15456188777654 269
1757642471678 96.96074945843154 270
1757642471739 96.7673242552068 271
1757642471799 96.57428550432184 272
1757642471860 96.38163243354276 273
1757642471919 96.18936427217913 274
1757642471979 95.99748025108089 275
1757642472038 95.80597960263516 276
1757642472100 95.61486156076336 277
1757642472163 95.424125360918 278
1757642472225 95.23377024007969 279
1757642472284 95.04379543675408 280
1757642472343 94.85420019096871 281
1757642472404 94.66498374427012 282
1757642472464 94.47614533972079 283
1757642472523 94.28768422189593 284
1757642472582 94.09959963688068 285
1757642472642 93.911890832267 286
1757642472701 93.72455705715062 287
1757642472759 93.5375975621281 288
1757642472819 93.35101159929377 289
1757642472879 93.16479842223681 290
1757642472947 92.97895728603815 291
1757642473010 92.79348744726764 292
1757642473070 92.6083881639809 293
1757642473132 92.42365869571654 294
1757642473201 92.23929830349297 295
1757642473269 92.05530624980568 296
1757642473331 91.8716817986241 297
1757642473393 91.68842421538875 298
1757642473455 91.50553276700828 299
1757642473516 91.32300672185652 300
1757642473578 91.14084534976956 301
1757642473641 90.9590479220428 302
1757642473702 90.77761371142812 303
1757642473763 90.59654199213085 304
1757642473824 90.41583203980696 305
1757642473886 90.23548313156007 306
1757642473948 90.05549454593871 307
1757642474010 89.87586556293321 308
1757642474068 89.69659546397297 309
1757642474135 89.51768353192364 310
1757642474203 89.33912905108402 311
1757642474265 89.16093130718343 312
1757642474326 88.98308958737871 313
1757642474387 88.80560318025141 314
1757642474448 88.62847137580496 315
1757642474507 88.4516934654618 316
1757642474568 88.27526874206055 317
1757642474627 88.09919649985316 318
1757642474687 87.92347603450217 319
1757642474747 87.74810664307772 320
1757642474807 87.57308762405496 321
1757642474867 87.39841827731101 322
1757642474927 87.22409790412236 323
1757642474989 87.0501258071619 324
1757642475050 86.8765012904963 325
1757642475110 86.70322365958305 326
1757642475171 86.53029222126783 327
1757642475231 86.3577062837816 328
1757642475291 86.18546515673796 329
1757642475356 86.01356815113026 330
1757642475418 85.84201457932902 331
1757642475480 85.67080375507892 332
1757642475541 85.49993499349627 333
1757642475602 85.32940761106622 334
1757642475663 85.15922092563994 335
1757642475724 84.98937425643199 336
1757642475785 84.8198669240175 337
1757642475846 84.65069825032955 338
1757642475905 84.48186755865639 339
1757642475965 84.31337417363872 340
1757642476026 84.14521742126708 341
1757642476087 83.977396628879 342
1757642476148 83.80991112515643 343
1757642476216 83.64276024012307 344
1757642476278 83.4759433051415 345
1757642476340 83.30945965291079 346
1757642476399 83.14330861746355 347
1757642476461 82.97748953416342 348
1757642476521 82.81200173970244 349
1757642476585 82.64684457209825 350
1757642476645 82.48201737069154 351
1757642476708 82.31751947614342 352
1757642476768 82.15335023043274 353
1757642476828 81.9895089768534 354
1757642476892 81.82599506001185 355
1757642476953 81.66280782582439 356
1757642477015 81.49994662151451 357
1757642477074 81.33741079561041 358
1757642477136 81.17519969794223 359
1757642477197 81.0133126796396 360
1757642477257 80.85174909312887 361
1757642477318 80.69050829213073 362
1757642477379 80.52958963165742 363
1757642477441 80.36899246801026 364
1757642477501 80.2087161587771 365
1757642477563 80.04876006282961 366
1757642477625 79.88912354032087 367
1757642477686 79.72980595268271 368
1757642477747 79.57080666262323 369
1757642477807 79.41212503412412 370
1757642477867 79.25376043243824 371
1757642477930 79.09571222408705 372
1757642477992 78.93797977685806 373
1757642478053 78.78056245980225 374
1757642478113 78.62345964323163 375
1757642478187 78.46667069871665 376
1757642478265 78.31019499908378 377
1757642478327 78.15403191841287 378
1757642478390 77.99818083203476 379
1757642478454 77.84264111652865 380
1757642478517 77.68741214971975 381
1757642478580 77.53249331067671 382
1757642478644 77.37788397970915 383
1757642478707 77.22358353836516 384
1757642478771 77.06959136942882 385
1757642478833 76.91590685691783 386
1757642478894 76.76252938608083 387
1757642478956 76.60945834339518 388
1757642479019 76.45669311656437 389
1757642479080 76.3042330945156 390
1757642479140 76.15207766739728 391
1757642479203 76.00022622657666 392
1757642479267 75.84867816463743 393
1757642479329 75.69743287537716 394
1757642479391 75.54648975380493 395
1757642479454 75.39584819613897 396
1757642479516 75.2455075998042 397
1757642479577 75.09546736342976 398
1757642479639 74.94572688684666 399
1757642479701 74.7962855710854 400
1757642479761 74.64714281837355 401
1757642479822 74.49829803213332 402
1757642479913 74.34975061697921 403
1757642479976 74.20149997871559 404
1757642480036 74.05354552433445 405
1757642480097 73.9058866620128 406
1757642480158 73.7585228011105 407
1757642480219 73.61145335216783 408
1757642480288 73.46467772690302 409
1757642480352 73.31819533821016 410
1757642480413 73.17200560015655 411
1757642480477 73.02610792798058 412
1757642480595 72.88050173808922 413
1757642480664 72.73518644805584 414
1757642480731 72.59016147661777 415
1757642480796 72.44542624367399 416
1757642480861 72.30098017028287 417
1757642480924 72.15682267865976 418
1757642480989 72.01295319217473 419
1757642481052 71.8693711353503 420
1757642481116 71.72607593385901 421
1757642481181 71.58306701452132 422
1757642481243 71.44034380530309 423
1757642481305 71.29790573531342 424
1757642481367 71.1557522348024 425
1757642481430 71.01388273515873 426
1757642481493 70.87229666890745 427
1757642481555 70.73099346970778 428
1757642481618 70.58997257235073 429
1757642481760 70.44923341275688 430
1757642481826 70.30877542797418 431
1757642481892 70.16859805617557 432
1757642481959 70.02870073665686 433
1757642482025 69.8890829098344 434
1757642482090 69.74974401724288 435
1757642482154 69.61068350153306 436
1757642482219 69.47190080646963 437
1757642482289 69.33339537692886 438
1757642482353 69.19516665889644 439
1757642482418 69.05721409946524 440
1757642482483 68.91953714683318 441
1757642482556 68.78213525030088 442
1757642482624 68.64500786026959 443
1757642482689 68.50815442823885 444
1757642482753 68.3715744068045 445
1757642482817 68.23526724965623 446
1757642482879 68.0992324115756 447
1757642482953 67.96346934843378 448
1757642483019 67.82797751718934 449
1757642483086 67.69275637588618 450
1757642483154 67.55780538365119 451
1757642483234 67.42312400069231 452
1757642483301 67.28871168829616 453
1757642483370 67.15456790882598 454
1757642483437 67.0206921257195 455
1757642483501 66.88708380348673 456
1757642483567 66.75374240770786 457
1757642483632 66.62066740503111 458
1757642483697 66.48785826317062 459
1757642483763 66.35531445090422 460
1757642483828 66.22303543807143 461
1757642483891 66.09102069557126 462
1757642483955 65.95926969536016 463
1757642484019 65.82778191044981 464
1757642484083 65.69655681490508 465
1757642484146 65.56559388384188 466
1757642484209 65.43489259342516 467
1757642484274 65.30445242086668 468
1757642484344 65.17427284442299 469
1757642484409 65.04435334339333 470
1757642484474 64.91469339811752 471
1757642484539 64.78529248997395 472
1757642484603 64.65615010137745 473
1757642484667 64.52726571577716 474
1757642484731 64.3986388176546 475
1757642484795 64.27026889252154 476
1757642484859 64.14215542691788 477
1757642484921 64.01429790840969 478
1757642484986 63.8866958255871 479
1757642485051 63.7593486680623 480
1757642485114 63.632255926467444 481
1757642485177 63.50541709245262 482
1757642485241 63.37883165868385 483
1757642485306 63.25249911884106 484
1757642485369 63.12641896761604 485
1757642485445 63.00059070071033 486
1757642485512 62.875013814833416 487
1757642485577 62.7496878077005 488
1757642485640 62.62461217803054 489
1757642485706 62.49978642554439 490
1757642485769 62.37521005096262 491
1757642485834 62.2508825560036 492
1757642485900 62.12680344338147 493
1757642485963 62.00297221680418 494
1757642486026 61.87938838097151 495
1757642486090 61.75605144157306 496
1757642486155 61.632960905286254 497
1757642486218 61.510116279774415 498
1757642486281 61.38751707368481 499
