1757624149150 194.11146800022783 0
1757624149193 193.79138374933473 1
1757624149237 193.18854011346193 2
1757624149279 192.34068387509032 3
1757624149321 191.28473961380664 4
1757624149372 190.05577100544664 5
1757624149416 188.68616337529545 6
1757624149480 187.20503019996727 7
1757624149533 185.637834886109 8
1757624149574 184.00621007039658 9
1757624149620 182.32795010937141 10
1757624149667 180.617148356631 11
1757624149711 178.88444908236954 12
1757624149753 177.13738417771552 13
1757624149793 175.38076672966685 14
1757624149836 173.61711674291996 15
1757624149877 171.84709831306805 16
1757624149920 170.0699520381601 17
1757624149962 168.28391105482376 18
1757624150001 166.48659352180823 19
1757624150044 164.6753684335604 20
1757624150083 162.8476951810226 21
1757624150122 161.00144020084724 22
1757624150162 159.13517633873678 23
1757624150203 157.2484722165213 24
1757624150244 155.34217999267267 25
1757624150282 153.4187305266438 26
1757624150324 151.48244520079436 27
1757624150366 149.53987363039812 28
1757624150413 147.6001663137927 29
1757624150458 145.67549104713774 30
1757624150499 143.7815017473776 31
1757624150558 141.9378682756138 32
1757624150615 140.168875999266 33
1757624150665 138.5041042283692 34
1757624150707 136.9791933484051 35
1757624150751 135.63671147631308 36
1757624150791 134.52713280510255 37
1757624150834 133.70994148609745 38
1757624150877 133.25487693250628 39
1757624150920 133.24333881876092 40
1757624150962 133.76997280354766 41
1757624151003 134.94446113141373 42
1757624151044 136.8935457853713 43
1757624151083 139.76331579634518 44
1757624151124 143.72179469972826 45
1757624151167 148.96186901087768 46
1757624151207 155.7046040283811 47
1757624151249 164.2029993375879 48
1757624151289 174.74624316224515 49
1757624151329 187.66453229864857 50
1757624151369 203.33453287942723 51
1757624151409 222.18556678420558 52
1757624151449 244.7066192907644 53
1757624151488 271.4542757108431 54
1757624151528 303.0617084681389 55
1757624151567 340.24885156422255 56
1757624151607 383.83391687861774 57
1757624151650 434.7464265286993 58
1757624151696 494.0419578725027 59
1757624151738 562.9188230090091 60
1757624151778 642.7369331937946 61
1757624151819 735.0391308683087 62
1757624151861 841.5753084774332 63
1757624151904 964.3296744622664 64
1757624151946 1105.5515733722345 65
1757624151986 1267.7903196298053 66
1757624152027 1453.9345638779357 67
1757624152068 1667.256777920635 68
1757624152112 1911.463520019538 69
1757624152155 2190.752227850824 70
1757624152198 2509.875383018158 71
1757624152239 2874.213000082623 72
1757624152281 3289.854516217791 73
1757624152324 3763.691296642962 74
1757624152367 4303.521127980172 75
1757624152407 4918.166248936018 76
1757624152449 5617.606667840732 77
1757624152492 6413.130742535636 78
1757624152534 7317.50525321695 79
1757624152586 8345.167486880511 80
1757624152627 9512.442177214212 81
1757624152669 10837.786510946817 82
1757624152711 12342.066826195218 83
1757624152754 14048.871096367506 84
1757624152795 15984.861821573733 85
1757624152838 18180.174546058523 86
1757624152881 20668.867893690905 87
1757624152922 23489.431773953092 88
1757624152962 26685.361269367815 89
1757624153003 30305.804684544055 90
1757624153043 34406.29533128729 91
1757624153090 39049.577859637684 92
1757624153134 44306.541339473624 93
1757624153175 50257.27287200106 94
1757624153219 56992.24728824674 95
1757624153261 64613.67049878116 96
1757624153305 73236.9963248917 97
1757624153347 82992.63919969807 98
1757624153389 94027.90801594703 99
1757624153431 106509.18965800173 100
1757624153472 120624.41443689862 101
1757624153514 136585.83980352737 102
1757624153555 154633.19340723832 103
1757624153596 175037.2218646337 104
1757624153641 198103.6975840109 105
1757624153688 224177.94274302106 106
1757624153731 253649.93714007214 107
1757624153774 286960.08524615655 108
1757624153818 324605.72749993287 109
1757624153859 367148.4918581858 110
1757624153903 415222.5939978581 111
1757624153946 469544.20854715025 112
1757624153988 530922.0495077231 113
1757624154034 600269.3158503668 114
1757624154100 678617.1783851846 115
1757624154225 767130.0067207933 116
1757624154279 867122.5607699114 117
1757624154330 980079.4002087859 118
1757624154380 1107676.7979817563 119
1757624154430 1251807.480841348 120
1757624154490 1414608.561572348 121
1757624154540 1598493.074578993 122
1757624154591 1806185.579610694 123
1757624154645 2040762.3583458113 124
1757624154690 2305696.7962280866 125
1757624154736 2604910.618353447 126
1757624154780 2942831.734461645 127
1757624154824 3324459.5454684217 128
1757624154871 3755438.6739142193 129
1757624154916 4242142.204824663 130
1757624154963 4791765.663604656 131
1757624155009 5412433.11578648 132
1757624155052 6113316.952053282 133
1757624155095 6904773.12359426 134
1757624155137 7798493.820486957 135
1757624155178 8807679.842799416 136
1757624155222 9947235.204246419 137
1757624155264 11233986.835794313 138
1757624155308 12686932.626413679 139
1757624155352 14327521.45567641 140
1757624155397 16179969.344234483 141
1757624155443 18271616.380345695 142
1757624155490 20633329.681366265 143
1757624155533 23299958.32736234 144
1757624155590 26310846.9696936 145
1757624155646 29710415.68187312 146
1757624155692 33548814.595943768 147
1757624155739 37882662.96941035 148
1757624155783 42775883.57166037 149
1757624155830 48300644.68312014 150
1757624155876 54538423.58581637 151
1757624155921 61581207.21390089 152
1757624155965 69532847.65342067 153
1757624156011 78510592.46194232 154
1757624156058 88646812.35418168 155
1757624156104 100090951.70748807 156
1757624156147 113011730.62372376 157
1757624156189 127599630.9901267 158
1757624156234 144069703.16574475 159
1757624156278 162664734.6436221 160
1757624156324 183658827.3716926 161
1757624156367 207361436.4358531 162
1757624156412 234121929.60565057 163
1757624156456 264334734.9165458 164
1757624156504 298445152.12587625 165
1757624156549 336955913.6600372 166
1757624156595 380434591.71214384 167
1757624156646 429521960.61517453 168
1757624156705 484941437.6889902 169
1757624156756 547509741.6479942 170
1757624156801 618148925.5936278 171
1757624156846 697899961.8666242 172
1757624156891 787938078.8963252 173
1757624156936 889590075.9951968 174
1757624156983 1004353871.1862172 175
1757624157028 1133920570.0483465 176
1757624157075 1280199380.7054513 177
1757624157122 1445345742.014035 178
1757624157168 1631793079.3426025 179
1757624157212 1842288655.7778633 180
1757624157258 2079934046.9275756 181
1757624157306 2348230835.6054916 182
1757624157353 2651132199.5840735 183
1757624157396 2993101152.4183664 184
1757624157441 3379176295.3585067 185
1757624157484 3815046049.022984 186
1757624157529 4307132458.429897 187
1757624157574 4862685806.019651 188
1757624157617 5489891426.527504 189
1757624157661 6197990297.323803 190
1757624157706 6997415180.78192 191
1757624157750 7899944324.348598 192
1757624157792 8918874982.653828 193
1757624157836 10069219318.018463 194
1757624157879 11367925565.39921 195
1757624157923 12834127720.009626 196
1757624157966 14489427426.055595 197
1757624158010 16358212219.414438 198
1757624158054 18468014812.65779 199
1757624158099 20849918715.459175 200
1757624158146 23539016166.04556 201
1757624158189 26574925120.00491 202
1757624158235 30002372912.801456 203
1757624158279 33871855194.595333 204
1757624158324 38240379844.883316 205
1757624158368 43172306826.40995 206
1757624158412 48740296351.186165 207
1757624158457 55026379327.11875 208
1757624158501 62123165855.205284 209
1757624158545 70135209581.02484 210
1757624158589 79180548000.31793 211
1757624158635 89392441410.62238 212
1757624158685 100921336127.40776 213
1757624158729 113937080887.0386 214
1757624158777 128631429088.87149 215
1757624158821 145220863739.80307 216
1757624158865 163949786718.67236 217
1757624158909 185094119345.1166 218
1757624158956 208965367296.8619 219
1757624159000 235915209760.25436 220
1757624159045 266340680421.8987 221
1757624159093 300690016628.32996 222
1757624159141 339469262884.1656 223
1757624159189 383249725972.17316 224
1757624159237 432676391524.8659 225
1757624159284 488477426041.4418 226
1757624159329 551474904334.765 227
1757624159377 622596920446.2457 228
1757624159424 702891260447.8591 229
1757624159471 793540838560.4194 230
1757624159519 895881123994.5657 231
1757624159564 1011419815248.4438 232
1757624159611 1141859051705.813 233
1757624159665 1289120489758.0593 234
1757624159712 1455373612874.0474 235
1757624159758 1643067692684.5608 236
1757624159803 1854967871935.1895 237
1757624159848 2094195900885.2722 238
1757624159894 2364276127285.526 239
1757624159941 2669187417463.1987 240
1757624159988 3013421773421.246 241
1757624160035 3402050509504.317 242
1757624160083 3840798963552.6196 243
1757624160129 4336130843195.604 244
1757624160176 4895343449883.186 245
1757624160222 5526675183504.112 246
1757624160270 6239426911359.826 247
1757624160316 7044098989513.162 248
1757624160362 7952545955123.521 249
1757624160410 8978151168710.729 250
1757624160458 10136023979194.074 251
1757624160503 11443222316360.658 252
1757624160551 12919003990016.357 253
1757624160618 14585110397982.459 254
1757624160672 16466086822550.92 255
1757624160725 18589644034036.0 256
1757624160775 20987066528599.957 257
1757624160827 23693673414550.934 258
1757624160876 26749338736933.477 259
1757624160923 30199078905882.53 260
1757624160972 34093715882790.695 261
1757624161021 38490625894409.76 262
1757624161067 43454584705012.86 263
1757624161116 49058721899246.164 264
1757624161162 55385598234254.664 265
1757624161209 62528421932734.33 266
1757624161257 70592421835453.84 267
1757624161306 79696397642657.7 268
1757624161356 89974470082651.4 269
1757624161402 101578056791216.75 270
1757624161449 114678103010696.61 271
1757624161496 129467599971617.23 272
1757624161545 146164428057880.34 273
1757624161591 165014566641301.0 274
1757624161639 186295717873072.0 275
1757624161689 210321397818189.4 276
1757624161736 237445555203811.72 277
1757624161783 268067785825386.12 278
1757624161830 302639219429654.94 279
1757624161876 341669165800655.3 280
1757624161922 385732617959465.2 281
1757624161968 435478723015536.7 282
1757624162016 491640345462983.06 283
1757624162062 555044863809193.94 284
1757624162108 626626359592709.9 285
1757624162154 707439378360107.9 286
1757624162200 798674465329881.6 287
1757624162246 901675704616166.8 288
1757624162293 1017960520401779.2 289
1757624162341 1149242031773292.2 290
1757624162388 1297454290551657.2 291
1757624162435 1464780773924431.8 292
1757624162482 1653686551635721.8 293
1757624162528 1866954601623863.8 294
1757624162575 2107726809112196.5 295
1757624162621 2379550253155332.0 296
1757624162668 2686429462538618.0 297
1757624162716 3032885410869562.0 298
1757624162764 3424022119982372.0 299
1757624162811 3865601852863149.0 300
1757624162858 4364130003844883.0 301
1757624162904 4926950936682496.0 302
1757624162951 5562356182403313.0 303
1757624162998 6279706590913767.0 304
1757624163045 7089570235911112.0 305
1757624163094 8003878104728113.0 306
1757624163141 9036099866747932.0 307
1757624163192 1.0201442309825804e+16 308
1757624163240 1.1517073368101282e+16 309
1757624163294 1.3002375041599532e+16 310
1757624163349 1.4679228933656716e+16 311
1757624163404 1.65723386127333e+16 312
1757624163459 1.870959354767936e+16 313
1757624163514 2.112247997798006e+16 314
1757624163566 2.3846544771959704e+16 315
1757624163680 2.6921919106546604e+16 316
1757624163730 3.0393909683497444e+16 317
1757624163778 3.431366619193351e+16 318
1757624163829 3.87389348503086e+16 319
1757624163878 4.373490912905892e+16 320
1757624163929 4.9375190186859736e+16 321
1757624163977 5.5742871169724824e+16 322
1757624164026 6.293176134694357e+16 323
1757624164075 7.1047768117939864e+16 324
1757624164124 8.021045724990565e+16 325
1757624164170 9.0554814331775e+16 326
1757624164219 1.0223323339444182e+17 327
1757624164269 1.1541776199375789e+17 328
1757624164319 1.3030263583108331e+17 329
1757624164366 1.471071402516531e+17 330
1757624164416 1.6607884077661936e+17 331
1757624164463 1.8749723026126726e+17 332
1757624164511 2.1167784640967635e+17 333
1757624164560 2.389769203054359e+17 334
1757624164608 2.6979662444099894e+17 335
1757624164657 3.0459099756013024e+17 336
1757624164707 3.4387263359877626e+17 337
1757624164760 3.882202332664531e+17 338
1757624164810 4.382871295187506e+17 339
1757624164858 4.948109125190023e+17 340
1757624164908 5.586242958849499e+17 341
1757624164956 6.306673843029526e+17 342
1757624165004 7.120015232373752e+17 343
1757624165054 8.038249347703532e+17 344
1757624165104 9.07490369920574e+17 345
1757624165152 1.0245250374966764e+18 346
1757624165199 1.1566531030789804e+18 347
1757624165249 1.3058210895866255e+18 348
1757624165297 1.4742265536336366e+18 349
1757624165348 1.6643504601366461e+18 350
1757624165398 1.8789937321199933e+18 351
1757624165449 2.1213185141733192e+18 352
1757624165496 2.394894757458736e+18 353
1757624165604 2.7037528125622164e+18 354
1757624165672 3.0524428049919585e+18 355
1757624165732 3.446101668049072e+18 356
1757624165787 3.890528820605056e+18 357
1757624165841 4.3922716046780826e+18 358
1757624165893 4.958721741482395e+18 359
1757624165942 5.598224226950262e+18 360
1757624165991 6.320200270985428e+18 361
1757624166041 7.135286091600511e+18 362
1757624166091 8.055489608666455e+18 363
1757624166142 9.094367345700877e+18 364
1757624166191 1.0267224145828835e+19 365
1757624166242 1.1591338644150073e+19 366
1757624166290 1.308621781819252e+19 367
1757624166339 1.4773884366512964e+19 368
1757624166390 1.6679201149133021e+19 369
1757624166438 1.883023746949701e+19 370
1757624166488 2.1258682594051416e+19 371
1757624166537 2.4000312601454817e+19 372
1757624166587 2.709551743908398e+19 373
1757624166636 3.05898959514814e+19 374
1757624166696 3.4534927646758715e+19 375
1757624166751 3.898873109748061e+19 376
1757624166807 4.4016920148861534e+19 377
1757624166858 4.969357054801356e+19 378
1757624166908 5.610231123471721e+19 379
1757624166958 6.33375563707119e+19 380
1757624167009 7.150589625787549e+19 381
1757624167059 8.072766763642901e+19 382
1757624167107 9.113872649694447e+19 383
1757624167156 1.0289244952338722e+20 384
1757624167205 1.1616199365263668e+20 385
1757624167255 1.3114284703852603e+20 386
1757624167307 1.4805570900143938e+20 387
1757624167357 1.6714974139115055e+20 388
1757624167406 1.8870623926228245e+20 389
1757624167458 2.1304277493911785e+20 390
1757624167508 2.405178765205079e+20 391
1757624167558 2.7153630974904762e+20 392
1757624167608 3.065550410575025e+20 393
1757624167660 3.4608996964064035e+20 394
1757624167712 3.9072352772997395e+20 395
1757624167761 4.411132610393656e+20 396
1757624167812 4.9800151578941437e+20 397
1757624167862 5.622263750207662e+20 398
1757624167911 6.347340053111287e+20 399
1757624167961 7.165925957889684e+20 400
1757624168011 8.090080947947324e+20 401
1757624168062 9.133419760235482e+20 402
1757624168113 1.0311312958818577e+21 403
1757624168164 1.1641113375448261e+21 404
1757624168215 1.3142411753088725e+21 405
1757624168265 1.4837325358557411e+21 406
1757624168317 1.6750823816149205e+21 407
1757624168367 1.8911096962455288e+21 408
1757624168418 2.1349970141647969e+21 409
1757624168467 2.410337305940004e+21 410
1757624168519 2.72118691026381e+21 411
1757624168569 3.0721252923117457e+21 412
1757624168620 3.468322508847524e+21 413
1757624168669 3.915615373978354e+21 414
1757624168720 4.420593447641222e+21 415
1757624168769 4.990696113610491e+21 416
1757624168825 5.634322177189012e+21 417
1757624168887 6.360953597186097e+21 418
1757624168939 7.181295175013336e+21 419
1757624168989 8.107432258810903e+21 420
1757624169041 9.153008785916225e+21 421
1757624169093 1.0333428286613115e+22 422
1757624169144 1.166608081036725e+22 423
1757624169196 1.3170599117646289e+22 424
1757624169253 1.48691479115663e+22 425
1757624169303 1.6786750370351896e+22 426
1757624169353 1.895165679111657e+22 427
1757624169402 2.1395760775857472e+22 428
1757624169453 2.4155069090955402e+22 429
1757624169506 2.7270232122193556e+22 430
1757624169558 3.0787142740007673e+22 431
1757624169612 3.475761239750582e+22 432
1757624169662 3.924013442159656e+22 433
1757624169713 4.430074574210105e+22 434
1757624169767 5.0013999753922345e+22 435
1757624169819 5.646406464456734e+22 436
1757624169873 6.374596336768436e+22 437
1757624169924 7.196697353002134e+22 438
1757624169979 8.1248207815069e+22 439
1757624170031 9.172639822633659e+22 440
1757624170083 1.0355591043589756e+23 441
1757624170136 1.1691101791377416e+23 442
1757624170188 1.3198846934084672e+23 443
1757624170242 1.490103871286512e+23 444
1757624170295 1.6822753974732843e+23 445
1757624170348 1.8992303606996304e+23 446
1757624170401 2.14416496158735e+23 447
1757624170456 2.420687599372926e+23 448
1757624170509 2.732872031179435e+23 449
1757624170569 3.08531738698397e+23 450
1757624170635 3.4832159244266274e+23 451
1757624170689 3.932429521631187e+23 452
1757624170743 4.4395760349368046e+23 453
1757624170799 5.012126793770824e+23 454
1757624170858 5.6585166689662125e+23 455
1757624170914 6.388268336060261e+23 456
1757624170969 7.212132564232994e+23 457
1757624171023 8.142246597634923e+23 458
1757624171078 9.192312962392518e+23 459
1757624171131 1.0377801333492823e+24 460
1757624171183 1.1716176435468817e+24 461
1757624171236 1.3227155334339544e+24 462
1757624171290 1.4932997911253736e+24 463
1757624171343 1.6858834797121525e+24 464
1757624171396 1.903303759939771e+24 465
1757624171451 2.14876368752317e+24 466
1757624171508 2.4258794008603504e+24 467
1757624171562 2.7387333943183277e+24 468
1757624171619 3.0919346619184425e+24 469
1757624171678 3.490686597463359e+24 470
1757624171735 3.9408636514167245e+24 471
1757624171790 4.44909787385174e+24 472
1757624171844 5.022876618427374e+24 473
1757624171900 5.670652846776265e+24 474
1757624171954 6.401969658318759e+24 475
1757624172008 7.227600880087856e+24 476
1757624172061 8.159709787747383e+24 477
1757624172117 9.212028296096149e+24 478
1757624172171 1.0400059258909183e+25 479
1757624172225 1.174130485841609e+25 480
1757624172279 1.3255524449071431e+25 481
1757624172331 1.4965025654195495e+25 482
1757624172385 1.6894993003948117e+25 483
1757624172438 1.9073858956160663e+25 484
1757624172491 2.153372276593939e+25 485
1757624172547 2.4310823374866065e+25 486
1757624172603 2.7446073286443324e+25 487
1757624172658 3.0985661292887308e+25 488
1757624172713 3.498173293269455e+25 489
1757624172767 3.9493158703546985e+25 490
1757624172822 4.458640134793889e+25 491
1757624172882 5.0336494988457936e+25 492
1757624172937 5.682815053743181e+25 493
1757624172991 6.41570036659383e+25 494
1757624173046 7.243102371737328e+25 495
1757624173101 8.177210432182237e+25 496
1757624173155 9.231785914431418e+25 497
1757624173210 1.0422364922208516e+26 498
1757624173265 1.176648717577762e+26 499
