1757650467937 77.7558222690057 0
1757650468045 24.522222625542362 1
1757650468162 15.238222314453354 2
1757650468319 11.815829954389882 3
1757650468437 3.5751060207452605 4
1757650468549 0.8873666001473367 5
1757650468655 1.099963975417339 6
1757650468762 0.9006373412021693 7
1757650468874 0.0423682700455101 8
1757650468987 0.007195171264564281 9
1757650469098 0.08175618661856891 10
1757650469216 0.04731875540671422 11
1757650469336 0.07117215061902142 12
1757650469448 0.037475841236145335 13
1757650469561 0.008803824947006378 14
1757650469674 0.25072581948430556 15
1757650469786 0.3318705101013734 16
1757650469915 0.08572734542164018 17
1757650470029 0.006839785068158156 18
1757650470143 0.2024753133136018 19
1757650470269 0.018047198601793834 20
1757650470384 0.01463538647747734 21
