1757625261674 172.88105648839948 0
1757625261716 169.44452057261353 1
1757625261762 166.0764539267469 2
1757625261803 162.7754883694341 3
1757625261846 159.540283237222 4
1757625261892 156.36952482273452 5
1757625261940 153.26192582470506 6
1757625261982 150.21622480960806 7
1757625262025 147.23118568462658 8
1757625262067 144.3055971817009 9
1757625262109 141.43827235240795 10
1757625262151 138.62804807343045 11
1757625262198 135.87378456237747 12
1757625262240 133.17436490372685 13
1757625262285 130.52869458466395 14
1757625262431 127.93570104059783 15
1757625262486 125.39433321014108 16
1757625262541 122.90356109934422 17
1757625262593 120.46237535498202 18
1757625262643 118.06978684669244 19
1757625262692 115.72482625777555 20
1757625262743 113.42654368446247 21
1757625262794 111.17400824347088 22
1757625262846 108.96630768766667 23
1757625262901 106.80254802965615 24
1757625262956 104.6818531731376 25
1757625263007 102.6033645518447 26
1757625263052 100.56624077591829 27
1757625263096 98.56965728554705 28
1757625263146 96.61280601172137 29
1757625263191 94.69489504394794 30
1757625263241 92.81514830477673 31
1757625263285 90.97280523099495 32
1757625263331 89.16712046134627 33
1757625263373 87.39736353063665 34
1757625263418 85.66281857009159 35
1757625263468 83.96278401383198 36
1757625263514 82.29657231134006 37
1757625263559 80.66350964578828 38
1757625263603 79.06293565810833 39
1757625263649 77.49420317667906 40
1757625263693 75.9566779525156 41
1757625263738 74.44973839984428 42
1757625263783 72.97277534195041 43
1757625263829 71.52519176218912 44
1757625263875 70.1064025600508 45
1757625263922 68.71583431217633 46
1757625263968 67.35292503821861 47
1757625264012 66.01712397144985 48
1757625264056 64.70789133401567 49
1757625264102 63.424698116740146 50
1757625264146 62.16702586338678 51
1757625264193 60.934366459283815 52
1757625264238 59.726221924223 53
1757625264284 58.542104209544 54
1757625264327 57.38153499931789 55
1757625264390 56.244045515545096 56
1757625264448 55.1291763272852 57
1757625264498 54.0364771636379 58
1757625264546 52.96550673049544 59
1757625264591 51.91583253098967 60
1757625264635 50.88703068955727 61
1757625264681 49.878685779549514 62
1757625264731 48.89039065431362 63
1757625264880 47.92174628167459 64
1757625264947 46.972361581748274 65
1757625264996 46.04185326801725 66
1757625265044 45.129845691603094 67
1757625265092 44.23597068866959 68
1757625265141 43.3598674308933 69
1757625265190 42.50118227893876 70
1757625265247 41.659568638877126 71
1757625265297 40.834686821488475 72
1757625265344 40.02620390438895 73
1757625265392 39.23379359692551 74
1757625265441 38.457136107781785 75
1757625265487 37.69591801524028 76
1757625265534 36.949832140046844 77
1757625265582 36.21857742082457 78
1757625265629 35.50185879198571 79
1757625265675 34.79938706409061 80
1757625265723 34.110878806604546 81
1757625265772 33.43605623300342 82
1757625265821 32.77464708818134 83
1757625265868 32.12638453811309 84
1757625265915 31.491007061726105 85
1757625265960 30.868258344937402 86
1757625266007 30.257887176811433 87
1757625266054 29.659647347796454 88
1757625266103 29.07329754999711 89
1757625266148 28.498601279442354 90
1757625266196 27.93532674030847 91
1757625266246 27.383246751057637 92
1757625266295 26.842138652453702 93
1757625266342 26.311784217417046 94
1757625266387 25.79196956268174 95
1757625266436 25.282485062218658 96
1757625266481 24.783125262388918 97
1757625266527 24.293688798793063 98
1757625266576 23.81397831478153 99
1757625266627 23.34380038159346 100
1757625266679 22.88296542009069 101
1757625266729 22.4312876240552 102
1757625266776 21.988584885018415 103
1757625266822 21.554678718591703 104
1757625266869 21.12939419226791 105
1757625266920 20.712559854664352 106
1757625266966 20.304007666178393 107
1757625267027 19.90357293102735 108
1757625267077 19.511094230644755 109
1757625267123 19.126413358405976 110
1757625267169 18.749375255656396 111
1757625267219 18.379827949016214 112
1757625267272 18.01762248893609 113
1757625267321 17.662612889478712 114
1757625267370 17.31465606930172 115
1757625267420 16.97361179381778 116
1757625267465 16.639342618508476 117
1757625267512 16.31171383336873 118
1757625267558 15.990593408459178 119
1757625267604 15.67585194054439 120
1757625267652 15.367362600795063 121
1757625267701 15.065001083533069 122
1757625267753 14.768645555998372 123
1757625267799 14.478176609117494 124
1757625267847 14.193477209253281 125
1757625267895 13.91443265091667 126
1757625267945 13.640930510420924 127
1757625267992 13.37286060045966 128
1757625268039 13.110114925590224 129
1757625268086 12.852587638604186 130
1757625268136 12.600174997767343 131
1757625268185 12.352775324911851 132
1757625268237 12.110288964363361 133
1757625268286 11.872618242686668 134
1757625268333 11.639667429233292 135
1757625268380 11.411342697475181 136
1757625268428 11.18755208710873 137
1757625268476 10.96820546691377 138
1757625268526 10.75321449835242 139
1757625268576 10.542492599893084 140
1757625268623 10.33595491204509 141
1757625268671 10.133518263089782 142
1757625268718 9.935101135494206 143
1757625268768 9.740623632993671 144
1757625268815 9.550007448330016 145
1757625268864 9.363175831632278 146
1757625268914 9.180053559427142 147
1757625268964 9.00056690426649 148
1757625269012 8.824643604959775 149
1757625269063 8.65221283739918 150
1757625269112 8.483205185965716 151
1757625269162 8.317552615504638 152
1757625269214 8.155188443858929 153
1757625269262 7.996047314949602 154
1757625269314 7.840065172392007 155
1757625269375 7.687179233637446 156
1757625269434 7.5373279646295 157
1757625269492 7.39045105496506 158
1757625269542 7.246489393549738 159
1757625269591 7.10538504473796 160
1757625269639 6.967081224948021 161
1757625269690 6.831522279742673 162
1757625269739 6.698653661365932 163
1757625269790 6.568421906727033 164
1757625269840 6.4407746158226304 165
1757625269889 6.315660430588452 166
1757625269937 6.193029014171977 167
1757625269987 6.072831030617565 168
1757625270039 5.955018124956024 169
1757625270090 5.83954290369039 170
1757625270137 5.7263589156701 171
1757625270185 5.615420633345856 172
1757625270234 5.506683434397499 173
1757625270284 5.4001035837275655 174
1757625270334 5.295638215813147 175
1757625270382 5.193245317409006 176
1757625270431 5.092883710594907 177
1757625270483 4.994513036160262 178
1757625270534 4.898093737319494 179
1757625270583 4.803587043751384 180
1757625270634 4.710954955956096 181
1757625270683 4.620160229923432 182
1757625270734 4.53116636210617 183
1757625270785 4.443937574692441 184
1757625270834 4.3584388011711495 185
1757625270885 4.274635672184583 186
1757625270937 4.192494501662569 187
1757625270989 4.111982273232457 188
1757625271042 4.033066626899592 189
1757625271099 3.9557158459927315 190
1757625271153 3.879898844369245 191
1757625271208 3.8055851538748398 192
1757625271258 3.7327449120528673 193
1757625271306 3.661348850098084 194
1757625271366 3.5913682810501064 195
1757625271420 3.5227750882218043 196
1757625271475 3.4555417138578512 197
1757625271527 3.389641148018946 198
1757625271581 3.325046917687175 199
1757625271637 3.2617330760881313 200
1757625271688 3.199674192225443 201
1757625271738 3.1388453406235124 202
1757625271785 3.079222091274319 203
1757625271836 3.0207804997842174 204
1757625271887 2.9634970977167345 205
1757625271939 2.9073488831275127 206
1757625271993 2.852313311287517 207
1757625272044 2.798368285590792 208
1757625272094 2.7454921486431094 209
1757625272146 2.6936636735278574 210
1757625272196 2.6428620552456983 211
1757625272247 2.593066902324489 212
1757625272296 2.544258228596125 213
1757625272366 2.4964164451369353 214
1757625272417 2.4495223523684095 215
1757625272466 2.4035571323150795 216
1757625272516 2.3585023410163455 217
1757625272566 2.314339901089301 218
1757625272617 2.27105209443945 219
1757625272668 2.2286215551164545 220
1757625272718 2.1870312623119545 221
1757625272769 2.146264533496686 222
1757625272818 2.1063050176941065 223
1757625272868 2.0671366888877936 224
1757625272921 2.0287438395600086 225
1757625272975 1.9911110743587332 226
1757625273030 1.9542233038907244 227
1757625273084 1.918065738637972 228
1757625273135 1.8826238829951927 229
1757625273185 1.8478835294259015 230
1757625273234 1.8138307527347293 231
1757625273285 1.7804519044536513 232
1757625273338 1.7477336073398646 233
1757625273398 1.7156627499831059 234
1757625273450 1.6842264815202388 235
1757625273506 1.6534122064549392 236
1757625273558 1.6232075795804166 237
1757625273608 1.5936005010031316 238
1757625273658 1.5645791112654666 239
1757625273707 1.5361317865654116 240
1757625273758 1.508247134071317 241
1757625273808 1.4809139873298296 242
1757625273857 1.4541214017651531 243
1757625273907 1.427858650267828 244
1757625273957 1.4021152188712298 245
1757625274007 1.3768808025140618 246
1757625274057 1.352145300887119 247
1757625274108 1.3278988143626507 248
1757625274161 1.304131640004677 249
1757625274210 1.280834267658652 250
1757625274259 1.2579973761188818 251
1757625274309 1.2356118293721856 252
1757625274367 1.2136686729162303 253
1757625274446 1.1921591301511039 254
1757625274497 1.1710745988426394 255
1757625274547 1.1504066476560764 256
1757625274598 1.1301470127586544 257
1757625274648 1.1102875944897597 258
1757625274699 1.0908204540973174 259
1757625274748 1.0717378105390458 260
1757625274798 1.053032037347359 261
1757625274848 1.034695659556591 262
1757625274898 1.0167213506913355 263
1757625274951 0.999101929814667 264
1757625275001 0.9818303586350733 265
1757625275057 0.9648997386709026 266
1757625275110 0.9483033084712119 267
1757625275165 0.9320344408918686 268
1757625275216 0.9160866404258279 269
1757625275268 0.9004535405864881 270
1757625275322 0.8851289013430903 271
1757625275376 0.8701066066071034 272
1757625275435 0.8553806617685968 273
1757625275492 0.8409451912816104 274
1757625275545 0.8267944362975217 275
1757625275596 0.8129227523454848 276
1757625275651 0.7993246070589959 277
1757625275702 0.7859945779476541 278
1757625275756 0.772927350213241 279
1757625275809 0.7601177146092002 280
1757625275859 0.7475605653427252 281
1757625275909 0.7352508980185158 282
1757625275961 0.7231838076234475 283
1757625276013 0.7113544865513054 284
1757625276062 0.6997582226667929 285
1757625276114 0.6883903974080411 286
1757625276167 0.6772464839268346 287
1757625276219 0.6663220452658343 288
1757625276269 0.6556127325720221 289
1757625276320 0.6451142833456837 290
1757625276370 0.6348225197242027 291
1757625276421 0.624733346799974 292
1757625276473 0.6148427509717667 293
1757625276525 0.6051467983288694 294
1757625276575 0.5956416330673483 295
1757625276628 0.5863234759378113 296
1757625276681 0.5771886227240276 297
1757625276734 0.5682334427517951 298
1757625276786 0.5594543774274535 299
1757625276839 0.5508479388054581 300
1757625276891 0.5424107081844328 301
1757625276942 0.5341393347311322 302
1757625277000 0.5260305341317703 303
1757625277058 0.5180810872701502 304
1757625277109 0.5102878389320913 305
1757625277160 0.5026476965355988 306
1757625277211 0.4951576288862881 307
1757625277262 0.4878146649575495 308
1757625277312 0.4806158926949648 309
1757625277363 0.4735584578444961 310
1757625277414 0.46663956280396945 311
1757625277468 0.45985646549738823 312
1757625277520 0.45320647827163296 313
1757625277575 0.4466869668150921 314
1757625277627 0.4402953490977858 315
1757625277678 0.4340290943325684 316
1757625277729 0.42788572195697994 317
1757625277785 0.42186280063533754 318
1757625277835 0.41595794728066504 319
1757625277887 0.4101688260960627 320
1757625277938 0.4044931476351435 321
1757625277991 0.39892866788114245 322
1757625278045 0.3934731873443302 323
1757625278100 0.38812455017737024 324
1757625278153 0.382880643308267 325
1757625278205 0.3777393955905458 326
1757625278258 0.37269877697032977 327
1757625278313 0.3677567976699666 328
1757625278367 0.3629115073878935 329
1757625278420 0.3581609945144009 330
1757625278473 0.3535033853629912 331
1757625278528 0.3489368434170094 332
1757625278583 0.34445956859125765 333
1757625278638 0.3400697965082754 334
1757625278690 0.3357657977890239 335
1757625278744 0.33154587735765534 336
1757625278799 0.32740837376010207 337
1757625278851 0.32335165849622005 338
1757625278906 0.319374135365199 339
1757625278960 0.31547423982399064 340
1757625279014 0.3116504383584785 341
1757625279069 0.3079012278671609 342
1757625279122 0.3042251350570775 343
1757625279177 0.30062071585173816 344
1757625279230 0.2970865548108302 345
1757625279288 0.2936212645614495 346
1757625279347 0.2902234852406465 347
1757625279417 0.2868918839490418 348
1757625279479 0.2836251542153131 349
1757625279536 0.2804220154713146 350
1757625279591 0.27728121253763743 351
1757625279643 0.27420151511938734 352
1757625279699 0.27118171731199275 353
1757625279753 0.2682206371168269 354
1757625279809 0.26531711596646024 355
1757625279863 0.26247001825934824 356
1757625279918 0.2596782309037698 357
1757625279974 0.2569406628708239 358
1757625280029 0.2542562447563136 359
1757625280084 0.2516239283513373 360
1757625280139 0.24904268622141318 361
1757625280193 0.24651151129396953 362
1757625280248 0.24402941645403017 363
1757625280303 0.2415954341479383 364
1757625280357 0.23920861599495405 365
1757625280411 0.23686803240657076 366
1757625280467 0.23457277221339654 367
1757625280521 0.23232194229944952 368
1757625280573 0.23011466724372617 369
1757625280625 0.2279500889688851 370
1757625280680 0.22582736639691592 371
1757625280736 0.22374567511164944 372
1757625280790 0.22170420702797755 373
1757625280845 0.21970217006764403 374
1757625280898 0.21773878784147502 375
1757625280953 0.2158132993379287 376
1757625281007 0.21392495861783248 377
1757625281061 0.21207303451518317 378
1757625281115 0.21025681034389865 379
1757625281168 0.20847558361038832 380
1757625281273 0.20672866573184084 381
1757625281331 0.20501538176010986 382
1757625281389 0.2033350701110798 383
1757625281448 0.20168708229941815 384
1757625281509 0.20007078267858916 385
1757625281566 0.19848554818604094 386
1757625281623 0.1969307680934487 387
1757625281679 0.19540584376192582 388
1757625281735 0.19391018840209442 389
1757625281790 0.19244322683892834 390
1757625281846 0.19100439528125926 391
1757625281901 0.18959314109587294 392
1757625281954 0.18820892258608485 393
1757625282008 0.18685120877472142 394
1757625282065 0.18551947919140743 395
1757625282120 0.18421322366408494 396
1757625282174 0.18293194211466726 397
1757625282227 0.18167514435875937 398
1757625282282 0.18044234990935287 399
1757625282338 0.17923308778442337 400
1757625282392 0.17804689631834636 401
1757625282447 0.17688332297706552 402
1757625282503 0.1757419241769251 403
1757625282560 0.17462226510710774 404
1757625282614 0.17352391955559734 405
1757625282668 0.17244646973859726 406
1757625282722 0.17138950613333942 407
1757625282777 0.17035262731421447 408
1757625282833 0.1693354397921547 409
1757625282891 0.16833755785720933 410
1757625282946 0.16735860342424677 411
1757625283000 0.16639820588172183 412
1757625283058 0.16545600194344579 413
1757625283113 0.16453163550330027 414
1757625283166 0.16362475749283903 415
1757625283220 0.1627350257417171 416
1757625283279 0.1618621048408887 417
1757625283339 0.16100566600852956 418
1757625283398 0.16016538695861499 419
1757625283457 0.1593409517721119 420
1757625283515 0.1585320507707273 421
1757625283577 0.15773838039316573 422
1757625283636 0.156959643073844 423
1757625283693 0.156195547124012 424
1757625283750 0.15544580661523796 425
1757625283807 0.1547101412652056 426
1757625283872 0.15398827632578024 427
1757625283961 0.15327994247329543 428
1757625284016 0.15258487570102214 429
1757625284083 0.1519028172137684 430
1757625284139 0.1512335133245773 431
1757625284195 0.15057671535347172 432
1757625284254 0.14993217952821225 433
1757625284313 0.14929966688702412 434
1757625284380 0.14867894318325792 435
1757625284447 0.14806977879194064 436
1757625284506 0.14747194861818277 437
1757625284566 0.14688523200740602 438
1757625284626 0.14630941265735178 439
1757625284683 0.1457442785318356 440
1757625284740 0.14518962177621622 441
1757625284796 0.1446452386345418 442
1757625284852 0.1441109293683408 443
1757625284913 0.1435864981770252 444
1757625284973 0.1430717531198743 445
1757625285029 0.1425665060395667 446
1757625285086 0.14207057248723176 447
1757625285141 0.14158377164898675 448
1757625285195 0.14110592627393365 449
1757625285256 0.14063686260358496 450
1757625285318 0.1401764103026907 451
1757625285379 0.13972440239143782 452
1757625285445 0.1392806751789968 453
1757625285506 0.1388450681983846 454
1757625285574 0.13841742414262317 455
1757625285634 0.13799758880216434 456
1757625285707 0.13758541100355565 457
1757625285768 0.13718074254932572 458
1757625285828 0.13678343815905897 459
1757625285891 0.13639335541164455 460
1757625285948 0.13601035468866698 461
1757625286004 0.13563429911892325 462
1757625286059 0.13526505452403928 463
1757625286113 0.1349024893651676 464
1757625286168 0.13454647469073963 465
1757625286222 0.1341968840852578 466
1757625286278 0.13385359361910174 467
1757625286333 0.1335164817993312 468
1757625286389 0.1331854295214672 469
1757625286446 0.1328603200222245 470
1757625286505 0.13254103883318755 471
1757625286565 0.13222747373540397 472
1757625286624 0.13191951471487684 473
1757625286682 0.13161705391894077 474
1757625286738 0.13131998561350686 475
1757625286796 0.13102820614115082 476
1757625286851 0.13074161388003624 477
1757625286907 0.1304601092036498 478
1757625286962 0.13018359444133829 479
1757625287038 0.1299119738396263 480
1757625287101 0.1296451535243021 481
1757625287164 0.12938304146325486 482
1757625287226 0.12912554743005042 483
1757625287293 0.12887258296822768 484
1757625287359 0.12862406135630425 485
1757625287434 0.12837989757347634 486
1757625287498 0.12814000826599722 487
1757625287563 0.1279043117142262 488
1757625287639 0.1276727278003262 489
1757625287706 0.12744517797660532 490
1757625287772 0.12722158523448604 491
1757625287837 0.12700187407408742 492
1757625287907 0.12678597047441342 493
1757625287974 0.12657380186412986 494
1757625288044 0.1263652970929229 495
1757625288112 0.1261603864034235 496
1757625288178 0.12595900140368946 497
1757625288239 0.12576107504023437 498
1757625288296 0.12556654157158811 499
