1757640061431 166.3555588655199 0
1757640061481 153.52320143281233 1
1757640061529 160.71749222033023 2
1757640061577 158.27622367615237 3
1757640061629 155.6216515835393 4
1757640061679 152.87678179712026 5
1757640061732 150.76200970995302 6
1757640061782 147.37014362153485 7
1757640061829 142.55884403161338 8
1757640061878 138.3461409361165 9
1757640061928 143.77915095194965 10
1757640061978 134.3888032780948 11
1757640062027 134.5301875063559 12
1757640062075 134.84310302976485 13
1757640062124 135.29132338127212 14
1757640062173 127.30740840206265 15
1757640062228 125.98063172290314 16
1757640062283 127.55686526749881 17
1757640062332 122.95927876063426 18
1757640062382 120.42222326988677 19
1757640062431 115.9689940581004 20
1757640062481 111.45674579040447 21
1757640062530 117.10753546369267 22
1757640062580 112.79276779850031 23
1757640062629 114.43753158072309 24
1757640062679 110.49059112504133 25
1757640062737 103.27486929474642 26
1757640062797 106.19792926955249 27
1757640062848 105.54112880433408 28
1757640062901 104.12667092948168 29
1757640062953 95.38827374701958 30
1757640063004 98.14751580091217 31
1757640063054 96.14382912304356 32
1757640063104 96.9213765797704 33
1757640063154 89.08357063015848 34
1757640063211 92.27078751283835 35
1757640063262 92.15041372806199 36
1757640063311 86.26367245492074 37
1757640063360 89.88025196272552 38
1757640063410 82.93854682296575 39
1757640063459 81.66949721714361 40
1757640063510 83.94099484273055 41
1757640063559 77.61324388262747 42
1757640063607 81.23228693220543 43
1757640063657 78.09161250990871 44
1757640063707 77.42743971695779 45
1757640063757 75.9963164575365 46
1757640063808 71.37449556845576 47
1757640063857 72.39924920608264 48
1757640063906 67.83200465028489 49
1757640063962 67.24010188928196 50
1757640064013 67.36838913936722 51
1757640064063 69.19321644482906 52
1757640064112 65.84908191148031 53
1757640064162 64.52757216867397 54
1757640064212 66.59551596993765 55
1757640064263 64.072144097511 56
1757640064316 61.210733818379325 57
1757640064364 61.82829079585633 58
1757640064414 59.018488284591534 59
1757640064464 57.81594990035978 60
1757640064517 59.212285999847126 61
1757640064567 55.777483361077536 62
1757640064617 56.0828218044912 63
1757640064666 55.515874603465875 64
1757640064715 53.27123309249794 65
1757640064767 53.44875429895072 66
1757640064817 50.95488613532178 67
1757640064866 52.70522593961239 68
1757640064917 51.4355465971809 69
1757640064968 51.57358047210432 70
1757640065019 49.84756048942605 71
1757640065068 48.74177331942239 72
1757640065118 46.22819856673023 73
1757640065168 43.66982587818845 74
1757640065224 46.41811020167866 75
1757640065275 44.40019991568743 76
1757640065325 45.50633518128154 77
1757640065375 44.18709792897296 78
1757640065426 42.590007244081384 79
1757640065477 42.59516744863407 80
1757640065528 40.2391208349666 81
1757640065578 39.98085771461471 82
1757640065628 41.51171358136985 83
1757640065679 39.863408086587185 84
1757640065730 39.905136995401136 85
1757640065790 42.98455890553757 86
1757640065842 37.426385578030214 87
1757640065896 39.43389155595381 88
1757640065950 35.30755180228023 89
1757640066001 36.93782780597444 90
1757640066052 34.58301470906139 91
1757640066104 34.489657386820014 92
1757640066155 34.77909688551296 93
1757640066205 34.488658525334536 94
1757640066256 32.71773997015637 95
1757640066307 33.56856215424095 96
1757640066358 31.100467072992664 97
1757640066408 31.05144682849363 98
1757640066460 31.092757350741167 99
1757640066510 30.182437069394457 100
1757640066561 29.584375563321174 101
1757640066611 29.397116846347906 102
1757640066662 28.36927080933939 103
1757640066713 26.053828415110168 104
1757640066764 27.454616975613227 105
1757640066814 27.32325379113502 106
1757640066865 27.147491970509314 107
1757640066915 27.047025584202967 108
1757640066967 26.397854749739714 109
1757640067018 24.17928678802223 110
1757640067069 24.75347593884132 111
1757640067119 23.42125367464947 112
1757640067171 23.174723892434578 113
1757640067223 22.730450349500565 114
1757640067283 23.157990306034804 115
1757640067335 22.15715080428857 116
1757640067386 21.43070770632751 117
1757640067436 22.233822313739086 118
1757640067489 22.070569274031353 119
1757640067541 22.1922914516474 120
1757640067593 20.20657355049358 121
1757640067644 21.197144153638042 122
1757640067696 20.684629498352095 123
1757640067759 19.459676987028942 124
1757640067852 19.0202606803394 125
1757640067930 19.90310659231738 126
1757640067986 18.46125433240039 127
1757640068043 19.12962250844042 128
1757640068100 19.179717941461497 129
1757640068156 17.524697653463498 130
1757640068211 18.167672299684693 131
1757640068266 16.194110384321508 132
1757640068319 16.63937326971268 133
1757640068371 16.094973589653875 134
1757640068423 16.498769327942124 135
1757640068474 16.775364513366892 136
1757640068527 15.76695255828082 137
1757640068579 16.000435037404 138
1757640068631 15.435181007251485 139
1757640068684 15.40920640961452 140
1757640068736 15.00488744809967 141
1757640068789 14.727017106978755 142
1757640068842 14.125160627358927 143
1757640068893 14.23285654320387 144
1757640068945 13.598034478131044 145
1757640068996 12.970977334819294 146
1757640069049 13.189931332534876 147
1757640069102 13.678448878877582 148
1757640069155 12.526022667967167 149
1757640069208 12.026467577086283 150
1757640069261 12.508506887520467 151
1757640069317 12.28229974853807 152
1757640069370 12.66175929338033 153
1757640069423 11.86920852716445 154
1757640069474 12.03169187896695 155
1757640069527 10.884392248038369 156
1757640069580 11.134056775699111 157
1757640069633 11.482159514768947 158
1757640069685 10.73378913694274 159
1757640069738 10.59456494706366 160
1757640069790 10.48198114279521 161
1757640069842 10.767442233774522 162
1757640069893 10.714018370091758 163
1757640069944 10.686785330209624 164
1757640069995 10.0852111213272 165
1757640070048 10.532634702595155 166
1757640070100 9.333757835463619 167
1757640070153 9.308024846870248 168
1757640070206 9.025027459401482 169
1757640070259 9.316648702025192 170
1757640070312 8.607844936437235 171
1757640070364 8.415648522660103 172
1757640070416 8.345625841821239 173
1757640070468 7.892325771181598 174
1757640070521 7.956821612962559 175
1757640070576 7.464328134147104 176
1757640070632 8.15110099688064 177
1757640070687 8.034186266578345 178
1757640070740 7.705208443318069 179
1757640070793 7.3807249912550645 180
1757640070847 8.26853183860474 181
1757640070900 7.166820860489737 182
1757640070952 7.229233439810438 183
1757640071005 6.999528922231507 184
1757640071059 7.2355557866290185 185
1757640071112 6.958255376011507 186
1757640071164 6.750051979393904 187
1757640071217 6.591903140989215 188
1757640071271 6.042906191120475 189
1757640071330 6.637099666535153 190
1757640071384 6.287645719064981 191
1757640071437 5.653901802950448 192
1757640071490 6.278537730813681 193
1757640071545 6.377353000912507 194
1757640071599 6.36925769519786 195
1757640071678 5.451079317287235 196
1757640071734 6.0828287465399 197
1757640071789 5.721917875014459 198
1757640071891 5.7961267899378885 199
1757640071950 5.254910242125992 200
1757640072006 5.53462646860034 201
1757640072060 5.517569992945376 202
1757640072115 5.25935676125264 203
1757640072169 5.283515741502608 204
1757640072230 5.466058806774128 205
1757640072293 5.119940311913438 206
1757640072348 4.509223990132867 207
1757640072402 4.962859200110868 208
1757640072456 4.25468672052067 209
1757640072509 4.689787102987759 210
1757640072562 4.4387700572208 211
1757640072616 4.543699208472646 212
1757640072670 4.231909660542966 213
1757640072731 4.029192506153739 214
1757640072797 3.947822231249031 215
1757640072860 4.042553770263669 216
1757640072916 4.007499379670785 217
1757640072972 4.237860747656389 218
1757640073025 4.060824931050919 219
1757640073080 3.496063924415461 220
1757640073136 3.884057264316265 221
1757640073191 4.337120786381137 222
1757640073245 3.6756055312394276 223
1757640073301 3.7102498062836804 224
1757640073364 3.363962693409248 225
1757640073418 2.949836484226071 226
1757640073473 3.166955839746248 227
1757640073527 3.396589155680812 228
1757640073581 3.2885358735040775 229
1757640073636 3.020104826047948 230
1757640073690 3.381348432724381 231
1757640073745 3.161557611527299 232
1757640073801 3.4443468547973684 233
1757640073856 2.726212374905949 234
1757640073911 2.991321808009333 235
1757640073965 3.0357514991248693 236
1757640074020 3.095534009685646 237
1757640074074 3.1185901601852564 238
1757640074129 3.028881925588359 239
1757640074184 2.849219125983118 240
1757640074239 2.8442667352801525 241
1757640074295 2.7272565896304437 242
1757640074350 2.635914117174621 243
1757640074405 2.300380486921295 244
1757640074461 2.986299798943342 245
1757640074516 2.9748364595646355 246
1757640074569 2.787234152627589 247
1757640074623 2.1996626503262484 248
1757640074677 2.662348436449266 249
1757640074732 2.3104947856264637 250
1757640074789 2.1749417580580492 251
1757640074843 2.248488452792384 252
1757640074898 2.217038754464399 253
1757640074952 2.2701592359799463 254
1757640075007 2.1145456124424094 255
1757640075060 2.2402493856129384 256
1757640075114 2.0080637042144294 257
1757640075169 2.02583883790483 258
1757640075224 2.1604837510355637 259
1757640075279 1.8380562617371623 260
1757640075333 1.9666993707789169 261
1757640075393 1.9910237755098041 262
1757640075449 1.9555899370744365 263
1757640075504 2.126596129816142 264
1757640075558 1.8711239660385446 265
1757640075612 1.9323350260332581 266
1757640075668 2.247839964090888 267
1757640075722 1.6725385870941776 268
1757640075777 1.606385156716281 269
1757640075832 1.8032605968227682 270
1757640075887 1.6448789780427204 271
1757640075942 1.7028423021911712 272
1757640075996 1.5562162094643357 273
1757640076050 1.624278868901762 274
1757640076104 1.5770022669188823 275
1757640076159 1.429787759525805 276
1757640076213 1.3765911006045193 277
1757640076269 1.3386882995933045 278
1757640076324 1.7133678801686412 279
1757640076379 1.6202198790299422 280
1757640076434 1.5410516911913457 281
1757640076489 1.143919306289896 282
1757640076544 1.4624375555942013 283
1757640076598 1.475083048773652 284
1757640076653 1.458033312592654 285
1757640076708 1.284058896059103 286
1757640076764 1.1293772461035823 287
1757640076819 1.2112828520154855 288
1757640076874 1.1923422869186906 289
1757640076929 1.2752358494042073 290
1757640076985 1.171467816516624 291
1757640077040 1.234337031498018 292
1757640077094 1.386629841213733 293
1757640077150 1.099561328558866 294
1757640077206 1.0001758862277992 295
1757640077261 0.8917816692456597 296
1757640077317 1.0347748841149094 297
1757640077372 1.2578661449111475 298
1757640077433 1.2794804993117093 299
1757640077489 1.1904405772253464 300
1757640077544 0.8320243845869106 301
1757640077600 1.2009468256836473 302
1757640077656 0.9841321474791146 303
1757640077714 1.1664460682736784 304
1757640077782 1.001858745016327 305
1757640077840 0.9556943795530517 306
1757640077896 1.2068026312246334 307
1757640077952 0.9009537154985309 308
1757640078008 1.1042362295800268 309
1757640078063 0.7351566915088465 310
1757640078119 0.7838017960014956 311
1757640078176 0.9129056144778513 312
1757640078232 0.8271158758127806 313
1757640078289 1.089698607832186 314
1757640078346 0.7657738513168758 315
1757640078402 1.042180723213371 316
1757640078459 0.8568613697286749 317
1757640078515 1.077458407315756 318
1757640078571 0.7185740604371755 319
1757640078626 0.8804369534635189 320
1757640078682 0.7535054583241007 321
1757640078738 0.7438223489134579 322
1757640078795 0.8611918253832991 323
1757640078851 0.7590439527217607 324
1757640078907 0.620225859518249 325
1757640078964 0.7735365997907893 326
1757640079020 0.7446863781460449 327
1757640079075 0.6096141445933014 328
1757640079130 0.6316010654058939 329
1757640079187 0.6811796558862899 330
1757640079243 0.758287892757451 331
1757640079299 0.5504019205029562 332
1757640079356 0.7542475108989748 333
1757640079411 0.5222949808738455 334
1757640079473 0.6890327189490855 335
1757640079529 0.5802660072388202 336
1757640079586 0.7612842415717231 337
1757640079643 0.5583666898537295 338
1757640079700 0.6485165760046769 339
1757640079757 0.5645853565011619 340
1757640079814 0.6682086986397031 341
1757640079870 0.6970872832990223 342
1757640079926 0.5498937399244708 343
1757640079982 0.5922649865163512 344
1757640080039 0.5127766650791585 345
1757640080094 0.5390697040401689 346
1757640080151 0.47703532837556306 347
1757640080208 0.5484732943496993 348
1757640080265 0.4461811859562791 349
1757640080325 0.6417334079610536 350
1757640080382 0.6100824606326227 351
1757640080440 0.6260800744275374 352
1757640080497 0.46285691839380805 353
1757640080553 0.49027122008337815 354
1757640080617 0.37722279084855026 355
1757640080679 0.37958286678342235 356
1757640080738 0.4246096026851728 357
1757640080797 0.6998624568931686 358
1757640080864 0.4015487090158145 359
1757640080921 0.514061503401241 360
1757640080978 0.5095090764224446 361
1757640081036 0.4591170939417052 362
1757640081093 0.37508248468732275 363
1757640081149 0.4544771610192757 364
1757640081210 0.3953917438214648 365
1757640081274 0.4976976348300181 366
1757640081350 0.3761841537952253 367
1757640081408 0.3764536062912145 368
1757640081472 0.3560189772249856 369
1757640081533 0.5857929668104291 370
1757640081591 0.3856109293528346 371
1757640081647 0.31951297605027074 372
1757640081706 0.4948364736374277 373
1757640081764 0.4275923080141713 374
1757640081822 0.4584095527623413 375
1757640081879 0.2219766832560906 376
1757640081937 0.43924619737368675 377
1757640081997 0.34035897250926395 378
1757640082054 0.41370101246829344 379
1757640082111 0.35029758917932174 380
1757640082167 0.4916386789563302 381
1757640082230 0.277382767254575 382
1757640082299 0.4505093027510517 383
1757640082358 0.30970043154225047 384
1757640082416 0.2839736979820189 385
1757640082474 0.34045406415026636 386
1757640082537 0.3434269068428677 387
1757640082595 0.3394968089178426 388
1757640082652 0.34804695138494485 389
1757640082711 0.3253311976367867 390
1757640082784 0.42876420050799946 391
1757640082844 0.3974087900774661 392
1757640082902 0.34041923851217326 393
1757640082960 0.4140418629346577 394
1757640083018 0.2851085379720283 395
1757640083076 0.28007802026372874 396
1757640083133 0.37830750501874943 397
1757640083191 0.25577632286245927 398
1757640083250 0.25439476876905287 399
1757640083309 0.2656725439009613 400
1757640083369 0.2744368072835584 401
1757640083427 0.23002195327281355 402
1757640083484 0.4052870691065893 403
1757640083548 0.29604697198179 404
1757640083607 0.32023259389359543 405
1757640083664 0.2811370596674694 406
1757640083723 0.20602827002417812 407
1757640083784 0.23988766749768406 408
1757640083844 0.22714543807003582 409
1757640083901 0.28412492385492066 410
1757640083960 0.3344677010295811 411
1757640084017 0.2800829370398454 412
1757640084077 0.22726341548682744 413
1757640084134 0.2651941610493649 414
1757640084192 0.29812554521158996 415
1757640084251 0.22924072628625797 416
1757640084310 0.2617330908250035 417
1757640084369 0.25876368087136536 418
1757640084430 0.2745763471595587 419
1757640084488 0.38113933092422303 420
1757640084546 0.23581619657558034 421
1757640084604 0.2556040199121583 422
1757640084661 0.25670033007285376 423
1757640084719 0.20949110822455586 424
1757640084779 0.27636888319698777 425
1757640084838 0.13403305322275613 426
1757640084897 0.2029141868761839 427
1757640084955 0.2702356483876203 428
1757640085012 0.26562977312699565 429
1757640085071 0.31809111173028215 430
1757640085129 0.21284724341558034 431
1757640085186 0.23888115406296817 432
1757640085245 0.1592833508825308 433
1757640085303 0.27806997500176606 434
1757640085361 0.21083268920291026 435
1757640085422 0.21116176678742588 436
1757640085480 0.2563701190389236 437
1757640085542 0.25397306649920875 438
1757640085603 0.21089704576363866 439
1757640085662 0.23406351406806505 440
1757640085722 0.1549459762947218 441
1757640085781 0.3117134711102376 442
1757640085840 0.2084083854304898 443
1757640085898 0.14083418715905618 444
1757640085956 0.18873121755175817 445
1757640086015 0.16732287615772568 446
1757640086074 0.3463212658377908 447
1757640086132 0.1602582427395633 448
1757640086189 0.1419031713174898 449
1757640086249 0.16421645610958402 450
1757640086308 0.19934440452378577 451
1757640086367 0.2637192351668353 452
1757640086426 0.21021841238850425 453
1757640086486 0.24541694765346422 454
1757640086544 0.11617276128757961 455
1757640086602 0.1596489437324706 456
1757640086662 0.17162127902584987 457
1757640086720 0.19074762779275928 458
1757640086780 0.1787801247036757 459
1757640086840 0.21470972895531892 460
1757640086899 0.23897550131773976 461
1757640086958 0.11413696865472657 462
1757640087017 0.20106069351670985 463
1757640087076 0.23599015323933897 464
1757640087133 0.1780228672305219 465
1757640087191 0.1814716544694132 466
1757640087332 0.1651315655175133 467
1757640087396 0.1599331965751849 468
1757640087458 0.1777948449792736 469
1757640087519 0.18721352971191016 470
1757640087584 0.18061453627478483 471
1757640087646 0.17075859511351946 472
1757640087707 0.17692248819526354 473
1757640087783 0.26245991248525613 474
1757640087846 0.13535222178521272 475
1757640087910 0.2456388835043153 476
1757640087971 0.1899379342752135 477
1757640088030 0.1995705567236769 478
1757640088090 0.20378494720262522 479
1757640088150 0.20714121542107475 480
1757640088210 0.13006205186688585 481
1757640088270 0.17259775773830843 482
1757640088332 0.17456565585815356 483
1757640088393 0.13494290196808667 484
1757640088454 0.17821090073555101 485
1757640088514 0.19405279659283103 486
1757640088574 0.18020274134378125 487
1757640088634 0.17102922989307823 488
1757640088694 0.15789224533897717 489
1757640088755 0.1637635582554882 490
1757640088817 0.22056667581087422 491
1757640088878 0.168112863510262 492
1757640088938 0.18453242865838387 493
1757640089000 0.1458094490257505 494
1757640089059 0.1987814037073063 495
1757640089118 0.19357656568019288 496
1757640089178 0.1705830960712081 497
1757640089237 0.11605628513499305 498
1757640089297 0.23732635022399573 499
