1757647394919 168.87672819721146 0
1757647394982 165.5199834329155 1
1757647395039 160.5842368246035 2
1757647395099 154.98004387105857 3
1757647395162 149.16595550045622 4
1757647395221 143.3679631507261 5
1757647395278 137.69451717770713 6
1757647395337 132.19537562976197 7
1757647395393 126.89112196825519 8
1757647395452 121.78737618428545 9
1757647395508 116.88293907673743 10
1757647395563 112.17333454231674 11
1757647395618 107.65221506200325 12
1757647395673 103.31289280454737 13
1757647395736 99.14854860185139 14
1757647395792 95.15215572998537 15
1757647395848 91.31723723005943 16
1757647395904 87.6370717443068 17
1757647395959 84.10563254361284 18
1757647396014 80.71679568487814 19
1757647396097 77.4645937496829 20
1757647396157 74.34398528564688 21
1757647396214 71.3495009040845 22
1757647396269 68.47605764370546 23
1757647396325 65.71852450091262 24
1757647396381 63.072313278907366 25
1757647396436 60.53295927898712 26
1757647396494 58.09632647194358 27
1757647396549 55.75798078750351 28
1757647396604 53.514163648191825 29
1757647396659 51.360944415267504 30
1757647396720 49.29479771656738 31
1757647396776 47.31187699286274 32
1757647396832 45.408705138071895 33
1757647396887 43.582709100637004 34
1757647396943 41.83061988130043 35
1757647397001 40.149184407035925 36
1757647397058 38.53555937309927 37
1757647397114 36.98714985629915 38
1757647397169 35.50133229427463 39
1757647397233 34.07554611674976 40
1757647397291 32.70691240504092 41
1757647397347 31.39371356756309 42
1757647397403 30.133630627746616 43
1757647397459 28.924496186554023 44
1757647397515 27.763993266309193 45
1757647397571 26.650547626482336 46
1757647397627 25.58204450216215 47
1757647397682 24.556518928593757 48
1757647397738 23.572489151484067 49
1757647397793 22.627890098770955 50
1757647397850 21.721695884662726 51
1757647397907 20.852110586100622 52
1757647397962 20.017752256845554 53
1757647398019 19.216553806532193 54
1757647398076 18.447894838799737 55
1757647398131 17.71036431803885 56
1757647398191 17.00275768747469 57
1757647398248 16.32368319137317 58
1757647398303 15.671525364481862 59
1757647398358 15.046011153797117 60
1757647398418 14.445798167271185 61
1757647398473 13.869826537438351 62
1757647398530 13.316894578712214 63
1757647398585 12.786377450475712 64
1757647398642 12.27718303608446 65
1757647398698 11.788635243250134 66
1757647398754 11.31995581072163 67
1757647398811 10.869917394692918 68
1757647398866 10.43801239745596 69
1757647398922 10.023498306242411 70
1757647398979 9.625830195052883 71
1757647399037 9.244152084967212 72
1757647399093 8.877925945606544 73
1757647399149 8.52652557542761 74
1757647399207 8.18919063418657 75
1757647399280 7.86550720641596 76
1757647399347 7.554716328216501 77
1757647399406 7.25644162007803 78
1757647399465 6.970202554613283 79
1757647399524 6.695507577032017 80
1757647399583 6.431906125929449 81
1757647399642 6.178918298057704 82
1757647399702 5.9361253523075534 83
1757647399760 5.703125475833002 84
1757647399817 5.4792897335339585 85
1757647399874 5.264810863060241 86
1757647399931 5.059049318840826 87
1757647399988 4.8613630718725425 88
1757647400044 4.671661870614564 89
1757647400102 4.489518839971589 90
1757647400158 4.314850483041289 91
1757647400215 4.147222623220087 92
1757647400271 3.9864549174316974 93
1757647400329 3.8317353925558284 94
1757647400387 3.683506838678783 95
1757647400445 3.541044926438443 96
1757647400502 3.4045262733174257 97
1757647400557 3.2734249667834874 98
1757647400614 3.1476568369609335 99
1757647400673 3.026656604815207 100
1757647400730 2.910829759904664 101
1757647400786 2.799918505146332 102
1757647400844 2.6927589930063287 103
1757647400909 2.5903851808096836 104
1757647400966 2.492159304734126 105
1757647401024 2.3978946117592135 106
1757647401082 2.307278211906608 107
1757647401138 2.2203792172310735 108
1757647401195 2.136807769660163 109
1757647401260 2.0567014508134025 110
1757647401321 1.9799104905083624 111
1757647401380 1.9060962734760754 112
1757647401438 1.835209633868317 113
1757647401495 1.7674112515831855 114
1757647401554 1.7022176792106518 115
1757647401612 1.6398275371929114 116
1757647401670 1.5795596451152933 117
1757647401726 1.521952897474886 118
1757647401784 1.4666915729260555 119
1757647401843 1.4136890198367034 120
1757647401901 1.3626385968110724 121
1757647401958 1.3137089679537357 122
1757647402016 1.2666868393082262 123
1757647402074 1.2214613817649118 124
1757647402207 1.178273247162144 125
1757647402264 1.1370625684782087 126
1757647402320 1.0971723000438471 127
1757647402378 1.058713821049855 128
1757647402436 1.0220402240024917 129
1757647402494 0.9868421288864824 130
1757647402553 0.9531138658327768 131
1757647402610 0.9204556299867767 132
1757647402667 0.8892536516876922 133
1757647402725 0.859586759099684 134
1757647402782 0.8307828392114258 135
1757647402839 0.8032032706131856 136
1757647402896 0.7766699664461351 137
1757647402954 0.7511367695645685 138
1757647403013 0.7267646785872511 139
1757647403071 0.7035242926370834 140
1757647403128 0.6814065838009151 141
1757647403190 0.6598029448558252 142
1757647403248 0.6388217442636435 143
1757647403312 0.6189448414345179 144
1757647403374 0.5998714319868925 145
1757647403434 0.5816363298834125 146
1757647403491 0.5642790848660065 147
1757647403551 0.547058075112461 148
1757647403610 0.5307337761462001 149
1757647403668 0.5151950687674939 150
1757647403726 0.5003833958409951 151
1757647403785 0.4862919131049338 152
1757647403843 0.47274670645738115 153
1757647403901 0.4593233133119534 154
1757647403960 0.44642601965300066 155
1757647404017 0.43425818975633484 156
1757647404075 0.4227540675936308 157
1757647404134 0.4115421762701779 158
1757647404193 0.40063852798344574 159
1757647404257 0.3904013267407056 160
1757647404331 0.3803761803566675 161
1757647404392 0.370918572485792 162
1757647404464 0.36183216467020074 163
1757647404526 0.3532545659824198 164
1757647404586 0.3444504388693341 165
1757647404647 0.33641470338241153 166
1757647404709 0.32877479553073585 167
1757647404770 0.32093820332990913 168
1757647404832 0.31376509404806263 169
1757647404892 0.30673506602788136 170
1757647404953 0.30003998174464797 171
1757647405012 0.2935992510724892 172
1757647405072 0.287639353979697 173
1757647405213 0.28191354150983017 174
1757647405381 0.27647130055541913 175
1757647405453 0.27069237575095895 176
1757647405520 0.2653090289570705 177
1757647405587 0.260234929769385 178
1757647405651 0.255302905527319 179
1757647405715 0.25083359503662606 180
1757647405779 0.24674038583730348 181
1757647405840 0.24267330274214113 182
1757647405901 0.23797690881846043 183
1757647405963 0.23390099981780643 184
1757647406025 0.23020282699648856 185
1757647406086 0.22671294047167304 186
1757647406147 0.2234579286136648 187
1757647406208 0.22024132224796913 188
1757647406269 0.21669726787686694 189
1757647406331 0.21343471084043464 190
1757647406391 0.21042685847397652 191
1757647406452 0.20771108237536198 192
1757647406513 0.20502111876934165 193
1757647406573 0.20230590493396772 194
1757647406632 0.1996342756633413 195
1757647406692 0.19723951721783273 196
1757647406751 0.19495191624003977 197
1757647406812 0.1926770198260947 198
1757647406871 0.19077388091565828 199
1757647406930 0.18856156101250207 200
1757647406990 0.18646415291369065 201
1757647407052 0.18458237924199367 202
1757647407112 0.18266193678643228 203
1757647407171 0.18112081436455468 204
1757647407230 0.17958786089398598 205
1757647407291 0.17793273209688834 206
1757647407351 0.17615108142775648 207
1757647407419 0.1745332355900654 208
1757647407481 0.1732930237194298 209
1757647407541 0.17194319929775842 210
1757647407602 0.1707393788111187 211
1757647407662 0.16908415272998048 212
1757647407722 0.16777000239152473 213
1757647407782 0.1666856983095042 214
1757647407844 0.16570002391009175 215
1757647407902 0.16475864799174858 216
1757647407963 0.16331358146668848 217
1757647408023 0.16228414397974952 218
1757647408083 0.16140859222829052 219
1757647408148 0.16056278901574306 220
1757647408210 0.15984528454799543 221
1757647408270 0.15890801357915266 222
1757647408330 0.15776365096927789 223
1757647408392 0.15694993813662245 224
1757647408452 0.15637735560613733 225
1757647408513 0.15582205692172446 226
1757647408574 0.15502002360197376 227
1757647408633 0.1543527942433199 228
1757647408693 0.15358477870370188 229
1757647408754 0.15290309987107753 230
1757647408815 0.15239376546099273 231
1757647408876 0.15176773567464213 232
1757647408936 0.15116870396838314 233
1757647408997 0.15051904532833543 234
1757647409057 0.15020122693737553 235
1757647409118 0.14980862397247507 236
1757647409177 0.14912976972760092 237
1757647409237 0.14874176121232294 238
1757647409315 0.148467985052111 239
1757647409380 0.1479622110717417 240
1757647409447 0.14748397740993366 241
1757647409512 0.14692281078644948 242
1757647409575 0.1465553278696455 243
1757647409637 0.146447623613261 244
1757647409699 0.1461030224645762 245
1757647409761 0.14573983929648343 246
1757647409824 0.14510287067945934 247
1757647409886 0.14488696343337495 248
1757647409946 0.14470227158053034 249
1757647410013 0.14448134010574143 250
1757647410074 0.14399521864094073 251
1757647410135 0.14379245375598015 252
1757647410196 0.14344644008612806 253
1757647410256 0.14333748506851435 254
1757647410316 0.14324442878137655 255
1757647410380 0.14287489571335926 256
1757647410442 0.142569766319092 257
1757647410503 0.1424689388484726 258
1757647410564 0.14232881817458273 259
1757647410625 0.14188923388160132 260
1757647410686 0.14177595749174496 261
1757647410747 0.1413784818065392 262
1757647410808 0.1413441413560525 263
1757647410873 0.14125745471608114 264
1757647410933 0.1410809067287686 265
1757647410996 0.1409828038434682 266
1757647411057 0.14092525285036978 267
1757647411118 0.14075252551035972 268
1757647411178 0.1402757884911995 269
1757647411239 0.14014487076971513 270
1757647411306 0.14026127487726453 271
1757647411368 0.14044408725807717 272
1757647411429 0.14004892650445835 273
1757647411495 0.13965839139221703 274
1757647411560 0.13947531034522298 275
1757647411625 0.13951716613215223 276
1757647411686 0.13971137211635942 277
1757647411748 0.1395518325639827 278
1757647411808 0.13918769818822996 279
1757647411877 0.1392037153560185 280
1757647411940 0.1392362451072768 281
1757647412004 0.13916551723727652 282
1757647412066 0.1389745319064738 283
1757647412130 0.13877636942999644 284
1757647412193 0.13888714779316255 285
1757647412254 0.13885603098414942 286
1757647412317 0.13848462504882067 287
1757647412380 0.13839149273723447 288
1757647412441 0.13850391980098062 289
1757647412504 0.13838984836340779 290
1757647412564 0.13832604534709672 291
1757647412625 0.13816417945841353 292
1757647412687 0.13829751635939674 293
1757647412748 0.13850690795194498 294
1757647412810 0.13818753178639098 295
1757647412874 0.13795059710718133 296
1757647412935 0.1379353652535234 297
1757647412997 0.13792280819664018 298
1757647413058 0.13813667054226691 299
1757647413120 0.1381335363481167 300
1757647413181 0.13789725337291492 301
1757647413243 0.1376661140631811 302
1757647413307 0.13777114926123207 303
1757647413370 0.1376211081693034 304
1757647413431 0.13769985598690385 305
1757647413494 0.137469729859079 306
1757647413563 0.137577080556688 307
1757647413627 0.13770532728941776 308
1757647413687 0.13757923688165782 309
1757647413749 0.13761719521225202 310
1757647413812 0.1375436387175351 311
1757647413875 0.13747322937606543 312
1757647413937 0.13737797961130502 313
1757647414004 0.13735499049229494 314
1757647414068 0.1373840806230196 315
1757647414133 0.13745740819173233 316
1757647414198 0.13717837739169833 317
1757647414269 0.13711644868502815 318
1757647414345 0.13724601090786373 319
1757647414412 0.13716845973747852 320
1757647414488 0.1371288156392255 321
1757647414553 0.13728712064085605 322
1757647414618 0.13717073049864698 323
1757647414682 0.13717357302649513 324
1757647414746 0.13716397023311913 325
1757647414811 0.13712198195928432 326
1757647414876 0.13718109777435356 327
1757647414942 0.13711639973356393 328
1757647415007 0.1371286955273975 329
1757647415072 0.13682838370383538 330
1757647415134 0.13685792566814692 331
1757647415196 0.13703821450639433 332
1757647415258 0.13734471074821955 333
1757647415321 0.13688607692931581 334
1757647415387 0.13684049753946617 335
1757647415449 0.13688776142940923 336
1757647415514 0.1369705472827361 337
1757647415584 0.13696670362891952 338
1757647415658 0.13677569187694755 339
1757647415723 0.13669392949067624 340
1757647415787 0.1368360493911873 341
1757647415851 0.1369142780473559 342
1757647415915 0.13686745712055992 343
1757647415977 0.13664010488918818 344
1757647416039 0.13666088945861746 345
1757647416103 0.13673650821678138 346
1757647416166 0.13674702277250872 347
1757647416228 0.1368192214847217 348
1757647416291 0.13707274313092274 349
1757647416354 0.13669425435584817 350
1757647416417 0.13657861152352155 351
1757647416481 0.13660663722480862 352
1757647416544 0.1366698086792953 353
1757647416607 0.1368751501554522 354
1757647416670 0.13668888194501477 355
1757647416732 0.13663091396143473 356
1757647416795 0.13665086921248357 357
1757647416859 0.136768269502709 358
1757647416922 0.13659739647826694 359
1757647416988 0.13674499980311258 360
1757647417051 0.13673449465346077 361
1757647417114 0.13663168719461133 362
1757647417177 0.13650669856491085 363
1757647417241 0.13667693984194726 364
1757647417303 0.1368675443074056 365
1757647417367 0.13674085630220453 366
1757647417431 0.13647059896511157 367
1757647417493 0.13637091020718609 368
1757647417557 0.13654249436902713 369
1757647417627 0.13681734797202744 370
1757647417691 0.13654067267642753 371
1757647417757 0.13632667271480473 372
1757647417820 0.136391046210235 373
1757647417884 0.1366079494682942 374
1757647417949 0.13679021329346872 375
1757647418012 0.1367327363499896 376
1757647418076 0.13658530322330167 377
1757647418139 0.1365798035444484 378
1757647418202 0.13642426740382696 379
1757647418265 0.13652931374489022 380
1757647418329 0.13670592685004085 381
1757647418394 0.136505794481999 382
1757647418459 0.1364307536438898 383
1757647418522 0.1364260968278595 384
1757647418586 0.13647956556899168 385
1757647418649 0.13651688610046828 386
1757647418713 0.1367589163086835 387
1757647418776 0.13644838850602037 388
1757647418840 0.13647944096319836 389
1757647418905 0.13660245021968848 390
