1757625118364 30.53837602502187 0
1757625118407 5.06994070013476 1
1757625118450 1.0916908323191696 2
1757625118493 0.23553790078286152 3
1757625118535 0.14823507007606682 4
1757625118583 0.1179645954894215 5
1757625118628 0.1700576483197344 6
1757625118670 0.09628611756208291 7
1757625118716 0.14364248123722972 8
1757625118759 0.10199748738245862 9
1757625118802 0.1260145456834762 10
1757625118845 0.1122751312402926 11
1757625118889 0.13468519896467784 12
1757625118933 0.08858457645316609 13
1757625118979 0.10628526271850959 14
1757625119022 0.14898058797438907 15
1757625119065 0.10409507860828086 16
1757625119108 0.08489992503381313 17
1757625119152 0.1099982898687701 18
1757625119195 0.099687713447322 19
1757625119241 0.05327275768628408 20
1757625119284 0.05387670129185099 21
1757625119329 0.07897021761636754 22
1757625119387 0.06636524848043482 23
1757625119436 0.17142888814456708 24
1757625119479 0.12121429122330006 25
1757625119529 0.17584415045902524 26
1757625119581 0.13675292069570275 27
1757625119636 0.07673414949922289 28
1757625119681 0.12302734873372603 29
1757625119725 0.12262837554336659 30
1757625119774 0.09200228401921781 31
1757625119818 0.09771281987474614 32
1757625119871 0.10064462187973658 33
1757625119925 0.1133055906114058 34
1757625119976 0.11872190229204513 35
1757625120028 0.08053865547760439 36
1757625120082 0.13569872082213263 37
1757625120134 0.0762678105920922 38
1757625120189 0.0946231977267334 39
1757625120241 0.1002183912815597 40
1757625120293 0.18091002217450808 41
1757625120343 0.05033497677015779 42
1757625120393 0.08864801017631643 43
1757625120440 0.10504021964298826 44
1757625120484 0.11354018363836801 45
1757625120527 0.11690755318311198 46
1757625120573 0.159464930827453 47
1757625120623 0.12116462938811495 48
1757625120667 0.10305459682417388 49
1757625120711 0.1136401149174349 50
1757625120756 0.05939482399861483 51
1757625120800 0.14234834469558547 52
1757625120844 0.1532510344104496 53
1757625120888 0.09555916717359861 54
1757625120933 0.07557298374480775 55
1757625120977 0.08098642862688919 56
1757625121021 0.113119107502006 57
1757625121066 0.10318149837472038 58
1757625121112 0.14294357906744243 59
1757625121157 0.16831854462582582 60
1757625121204 0.09643442950720246 61
1757625121248 0.06479758665535709 62
1757625121293 0.12149983107552359 63
1757625121339 0.05502603594983736 64
1757625121384 0.10921857120495487 65
1757625121429 0.1522230680525794 66
1757625121474 0.2050358582842551 67
1757625121521 0.14150867174413628 68
1757625121572 0.07386350890592422 69
1757625121624 0.12652886632009502 70
1757625121676 0.08692719077516747 71
1757625121728 0.11815751367001195 72
1757625121780 0.14381531994870164 73
1757625121833 0.11573479173165842 74
1757625121884 0.09287142586302495 75
1757625121932 0.18744067849539195 76
1757625121984 0.11872885776854399 77
1757625122032 0.10754967331387016 78
1757625122077 0.09419464505637631 79
1757625122122 0.08878636099694681 80
1757625122167 0.14745527837433792 81
1757625122213 0.08238222831695814 82
1757625122257 0.12340762250459376 83
1757625122303 0.1378678059140167 84
1757625122347 0.10085082131596121 85
1757625122394 0.12480366804172206 86
1757625122439 0.0976080104351638 87
1757625122483 0.0823098861834844 88
1757625122528 0.11112353713598644 89
1757625122576 0.08834889956752248 90
1757625122623 0.09066028527059025 91
1757625122675 0.1458390464642319 92
1757625122720 0.09829328130842085 93
1757625122765 0.15519325896775496 94
1757625122811 0.08877109649762846 95
1757625122856 0.10153302182002977 96
1757625122903 0.1703776158140554 97
1757625122948 0.1569296355519778 98
1757625122994 0.1155913437735877 99
1757625123039 0.07358740593973101 100
1757625123085 0.12447455919528969 101
1757625123130 0.1820921716388471 102
1757625123175 0.14108295707662322 103
1757625123222 0.1701649478257281 104
1757625123267 0.10145660724692512 105
1757625123314 0.11879699877485199 106
1757625123360 0.05924702304780698 107
1757625123406 0.08961068732319177 108
1757625123452 0.059925323945380915 109
1757625123498 0.10601720697993272 110
1757625123544 0.08328399724719296 111
1757625123590 0.08075528129611703 112
1757625123637 0.11624742493067007 113
1757625123683 0.12114652306834384 114
1757625123730 0.1320308599915946 115
1757625123777 0.16548203776136167 116
1757625123825 0.1118282304050262 117
1757625123871 0.09170655548273417 118
1757625123918 0.1062721709164596 119
1757625123965 0.14983704395662192 120
1757625124012 0.24254096266911185 121
1757625124059 0.08818850902977113 122
1757625124105 0.07949925173039711 123
1757625124152 0.12230176440651211 124
1757625124200 0.07888807138155735 125
1757625124248 0.050855904928391836 126
1757625124294 0.06472760048357562 127
1757625124348 0.11365054530728574 128
1757625124408 0.09724809599745211 129
1757625124456 0.14659249207799788 130
1757625124503 0.0822765956217374 131
1757625124550 0.09501024918168305 132
1757625124597 0.13505556689969253 133
1757625124644 0.08769227108176463 134
1757625124697 0.19364176412280448 135
1757625124745 0.07090291469483966 136
1757625124793 0.08041490494756365 137
1757625124840 0.08263438642849621 138
1757625124888 0.15088471100625062 139
1757625124936 0.0884143990081051 140
1757625124984 0.08920606982224691 141
1757625125031 0.1195557678344085 142
1757625125081 0.18414497310303723 143
1757625125128 0.11010300786601374 144
1757625125176 0.09958465615476128 145
1757625125224 0.16045238838007325 146
1757625125272 0.11586284649396696 147
1757625125319 0.10393069956165218 148
1757625125367 0.1105008239060234 149
1757625125415 0.1343663707977546 150
1757625125463 0.14485305093155126 151
1757625125512 0.14486755813836696 152
1757625125559 0.07812099569500106 153
1757625125606 0.07079897649666843 154
1757625125653 0.09518574275841052 155
1757625125701 0.11882299249013127 156
1757625125749 0.09633989330233841 157
1757625125798 0.06929612764977834 158
1757625125847 0.13989525124974736 159
1757625125894 0.07770298743733092 160
1757625125942 0.1275246242038198 161
1757625125991 0.13055090758777393 162
1757625126038 0.08959704689561353 163
1757625126086 0.15136834160948204 164
1757625126134 0.09398238481963955 165
1757625126181 0.120415192908311 166
1757625126230 0.09464898166223765 167
1757625126278 0.09898451120275818 168
1757625126324 0.12389605224815417 169
1757625126373 0.0973547849729548 170
1757625126420 0.12515237485516395 171
1757625126468 0.0803511766845593 172
1757625126518 0.13533949582785293 173
1757625126566 0.11570622230650922 174
1757625126615 0.10661407192784927 175
1757625126664 0.10892557800154307 176
1757625126716 0.1077687485467217 177
1757625126765 0.056053363462685246 178
1757625126813 0.14292005222068507 179
1757625126861 0.05860487453753069 180
1757625126910 0.0882245798442153 181
1757625126963 0.061076893642757354 182
1757625127021 0.09911826484146216 183
1757625127070 0.08312576969128019 184
1757625127119 0.16096262439767348 185
1757625127167 0.07328057943515394 186
1757625127215 0.0614022492285986 187
1757625127264 0.08795303672989599 188
1757625127314 0.10378856186523686 189
1757625127362 0.08999750764157369 190
1757625127410 0.0883097148138597 191
1757625127459 0.09218043101764097 192
1757625127508 0.10914699027225175 193
1757625127557 0.1137393589676309 194
1757625127612 0.07514653069347896 195
1757625127661 0.11479941666541685 196
1757625127712 0.09396215487654845 197
1757625127761 0.12428964678026191 198
1757625127810 0.11593892726182776 199
1757625127863 0.09063928351846033 200
1757625127912 0.11038506465632797 201
1757625127961 0.09342158232832451 202
1757625128012 0.09758414770345986 203
1757625128061 0.1230848801793046 204
1757625128112 0.14222657316330475 205
1757625128164 0.08580204854098139 206
1757625128214 0.0930509453587881 207
1757625128264 0.10442018168978678 208
1757625128313 0.06250608583161445 209
1757625128362 0.32750944002918086 210
1757625128412 0.11024487499616359 211
1757625128461 0.09940188598227889 212
1757625128511 0.13519153885484428 213
1757625128578 0.07926740195297462 214
1757625128697 0.07343100112847697 215
1757625128760 0.06319959978492275 216
1757625128815 0.08029911186764191 217
1757625128869 0.13225446737819443 218
1757625128922 0.09233493962690889 219
1757625128974 0.09558414842370423 220
1757625129026 0.15280995214638074 221
1757625129075 0.08450343254677656 222
1757625129125 0.12621611698546908 223
1757625129174 0.12091267432640557 224
1757625129225 0.18019360415060653 225
1757625129275 0.10794554162494929 226
1757625129327 0.09189680068669664 227
1757625129390 0.0667849678339329 228
1757625129443 0.13851111768357863 229
1757625129496 0.08217403014788548 230
1757625129546 0.2209644334010122 231
1757625129597 0.08084564739583545 232
1757625129646 0.09148144266367533 233
1757625129697 0.10776569398564156 234
1757625129748 0.1562338427516382 235
1757625129798 0.11030166160525198 236
1757625129848 0.07887202859436883 237
1757625129898 0.19864247345083408 238
1757625129948 0.06955413798639498 239
1757625129999 0.14697083865738272 240
1757625130050 0.14010772615756326 241
1757625130099 0.09552016604869086 242
1757625130149 0.09724601858017623 243
1757625130199 0.07220931232552674 244
1757625130250 0.07712650561667717 245
1757625130301 0.10042455774490111 246
1757625130352 0.10750486767497057 247
1757625130402 0.18514478932237802 248
1757625130455 0.10764588803141603 249
1757625130506 0.1310236695286792 250
1757625130556 0.12304741719637712 251
1757625130607 0.1628056290029028 252
1757625130656 0.09248439362127428 253
1757625130707 0.15202531318221543 254
1757625130761 0.07836726523298246 255
1757625130814 0.0980031412699814 256
1757625130865 0.1277088508817972 257
1757625130915 0.07315175835463061 258
1757625130966 0.08627584052092864 259
1757625131017 0.1589711774621911 260
1757625131068 0.08661864342388348 261
1757625131120 0.1232022834477299 262
1757625131170 0.0756550849773035 263
1757625131222 0.1442877954174745 264
1757625131273 0.11535496645208705 265
1757625131323 0.10239776036870621 266
1757625131375 0.0538470359824359 267
1757625131426 0.15250370728622026 268
1757625131478 0.12321614302410105 269
1757625131530 0.07267672610380897 270
1757625131580 0.07008748296589563 271
1757625131631 0.08178791136125425 272
1757625131681 0.11679631462698221 273
1757625131733 0.20738852179379003 274
1757625131784 0.1762911029456215 275
1757625131836 0.14032664681598875 276
1757625131887 0.10706003752166515 277
1757625131939 0.06312441589919959 278
1757625131989 0.04091616586788946 279
1757625132041 0.10065588757798029 280
1757625132091 0.067317548749956 281
1757625132142 0.1286796822484559 282
1757625132193 0.13705262963351428 283
1757625132245 0.12243914988326084 284
1757625132295 0.15630216026977709 285
1757625132348 0.08083416744551312 286
1757625132399 0.08600673503252901 287
1757625132450 0.14206487231492226 288
1757625132501 0.09759301875679935 289
1757625132553 0.07284425948043952 290
1757625132605 0.11098162620197796 291
1757625132656 0.1188829805008283 292
1757625132708 0.16468160551175204 293
1757625132759 0.12169264661393278 294
1757625132816 0.08789515671142648 295
1757625132868 0.09549567335653253 296
1757625132920 0.25422925449592415 297
1757625132972 0.14846181838348743 298
1757625133024 0.108980149155396 299
1757625133077 0.14951521274202845 300
1757625133128 0.141903369932776 301
1757625133181 0.09943330625679161 302
1757625133232 0.0895049497548143 303
1757625133284 0.10031619634764538 304
1757625133337 0.09562548244850759 305
1757625133389 0.20439826463713967 306
1757625133440 0.09023882633149162 307
1757625133492 0.10117310018602226 308
1757625133543 0.2795188571541089 309
1757625133595 0.12290252436129165 310
1757625133647 0.10676453326361944 311
1757625133699 0.11614767401756376 312
1757625133750 0.11598367114806657 313
1757625133802 0.11506964624270809 314
1757625133855 0.05009899155635991 315
1757625133907 0.18997288739658788 316
1757625133958 0.10477746459541712 317
1757625134010 0.12862732343679678 318
1757625134064 0.15859146039422115 319
1757625134116 0.13515842787145604 320
1757625134168 0.07170581768189242 321
1757625134221 0.0848420454845735 322
1757625134273 0.09274730234232195 323
1757625134327 0.09093100071351262 324
1757625134391 0.145545694850163 325
1757625134448 0.11250099873394649 326
1757625134501 0.08193756214854546 327
1757625134555 0.10544586570057458 328
1757625134606 0.12136854567452617 329
1757625134659 0.19341003410905533 330
1757625134711 0.06917411803672208 331
1757625134764 0.12626427277963245 332
1757625134819 0.13138503938604618 333
1757625134874 0.10047853391910316 334
1757625134926 0.16058301919032783 335
1757625134980 0.1362700231697095 336
1757625135032 0.07554782830489766 337
1757625135084 0.09964970117848267 338
1757625135138 0.13174865541187453 339
1757625135190 0.05175967000750008 340
1757625135243 0.09413350925025878 341
1757625135297 0.07011302771701683 342
1757625135350 0.11479989779823371 343
1757625135403 0.13842872631730416 344
1757625135457 0.14122262504384778 345
1757625135510 0.13301550213815444 346
1757625135562 0.14849315156786108 347
1757625135614 0.15329732555657882 348
1757625135667 0.09442010064008924 349
1757625135720 0.08289383776800027 350
1757625135773 0.05603910894994374 351
1757625135866 0.14546592076611065 352
1757625135925 0.10684681328920077 353
1757625135979 0.1502612197642339 354
1757625136032 0.07095050899019184 355
1757625136086 0.13750579799865995 356
1757625136138 0.08104093409721363 357
1757625136191 0.1424605530403928 358
1757625136244 0.0784118030657815 359
1757625136297 0.09891318817751066 360
1757625136352 0.10147231127226145 361
1757625136406 0.08975422083447507 362
1757625136459 0.07268305394604438 363
1757625136512 0.07621807876661874 364
1757625136566 0.12485566912083018 365
1757625136623 0.1009838084191708 366
1757625136677 0.08980402432729591 367
1757625136731 0.07483552064553506 368
1757625136784 0.09136421984894633 369
1757625136842 0.10510108615172237 370
1757625136898 0.09096076608066078 371
1757625136952 0.16842356136401823 372
1757625137018 0.10273306828473483 373
1757625137073 0.13704088043083965 374
1757625137126 0.08744917011631999 375
1757625137179 0.12202992900798815 376
1757625137233 0.20134606463383853 377
1757625137287 0.06365662769848181 378
1757625137341 0.1478939632197735 379
1757625137394 0.1364112493092948 380
1757625137453 0.0814106304493021 381
1757625137513 0.13604262271161544 382
1757625137571 0.09055168598818668 383
1757625137629 0.12969099408486134 384
1757625137687 0.11247784298740193 385
1757625137745 0.11152966091043245 386
1757625137801 0.10174283074993382 387
1757625137857 0.07532969945620402 388
1757625137911 0.05828646498867345 389
1757625137966 0.19749230205768242 390
1757625138027 0.11261906733720509 391
1757625138088 0.16672713886897716 392
1757625138145 0.07912280441510502 393
1757625138203 0.0863962338723751 394
1757625138261 0.09635477665425624 395
1757625138319 0.07770187934922036 396
1757625138377 0.07194583816195199 397
1757625138434 0.13375848455778644 398
1757625138496 0.10222751576696021 399
1757625138553 0.08191122201816387 400
1757625138608 0.13676281869837834 401
1757625138662 0.16722571038773126 402
1757625138717 0.10351686895192656 403
1757625138771 0.16922500788563227 404
1757625138826 0.19703935241343845 405
1757625138884 0.13069024975903976 406
1757625138939 0.14781590234556957 407
1757625138994 0.10653470552847971 408
1757625139052 0.1965742040356882 409
1757625139113 0.12320744161590677 410
1757625139170 0.1738539423349157 411
1757625139227 0.10590231974057035 412
1757625139288 0.08166658617313227 413
1757625139354 0.11870894859129713 414
1757625139422 0.09140131664432623 415
1757625139478 0.08258115232549985 416
1757625139536 0.09369705258451025 417
1757625139595 0.17687260851557182 418
1757625139658 0.0460501636577386 419
1757625139723 0.15516436352281826 420
1757625139793 0.09612597012638308 421
1757625139910 0.06773231003287483 422
1757625139974 0.1196175830419575 423
1757625140035 0.10344971435550672 424
1757625140105 0.05037050375814905 425
1757625140175 0.1260064957801333 426
1757625140240 0.09411430883594764 427
1757625140304 0.11396528472328551 428
1757625140366 0.12277685759634509 429
1757625140432 0.07541231307034552 430
1757625140495 0.07521747170694923 431
1757625140557 0.07811781728587602 432
1757625140620 0.06585074680380687 433
1757625140677 0.1285154981971115 434
1757625140736 0.1362508446547386 435
1757625140792 0.11690734997513322 436
1757625140848 0.14727676270600176 437
1757625140907 0.09017215771922311 438
1757625140965 0.10146217690216251 439
1757625141020 0.10953413369659915 440
1757625141075 0.17746541721973946 441
1757625141130 0.13134188202990502 442
1757625141185 0.08905703311000193 443
1757625141239 0.1266285050710811 444
1757625141294 0.08713464534230504 445
1757625141350 0.14748884827435949 446
1757625141405 0.1436477701849474 447
1757625141460 0.1681699689469054 448
1757625141516 0.12193092424806026 449
1757625141572 0.14596915145992748 450
1757625141627 0.15415324511943013 451
1757625141681 0.09781523547144733 452
1757625141736 0.08777317212613414 453
1757625141791 0.07880343668890341 454
1757625141847 0.08174805017141332 455
1757625141902 0.04838684426514228 456
1757625141957 0.11384383355918556 457
1757625142013 0.19675527326766526 458
1757625142068 0.11358582582050425 459
1757625142124 0.08952198082164811 460
1757625142178 0.1472552369035362 461
1757625142234 0.0459347610556257 462
1757625142289 0.10446284513929747 463
1757625142345 0.07466732993139055 464
1757625142403 0.08137805128185394 465
1757625142461 0.09012671179993836 466
1757625142521 0.13652112291786578 467
1757625142588 0.05205477037037603 468
1757625142663 0.12801476676915782 469
1757625142728 0.10624576158739958 470
1757625142793 0.14065807518330847 471
1757625142855 0.06381136219805042 472
1757625142922 0.15666897271748068 473
1757625142991 0.17102526376506152 474
1757625143058 0.11882529425641639 475
1757625143128 0.07847825297876415 476
1757625143196 0.046984804424626964 477
1757625143266 0.19366135680893792 478
1757625143336 0.07132817877413342 479
1757625143404 0.08327141140850569 480
1757625143470 0.16948131605931202 481
1757625143535 0.09065077729616501 482
1757625143604 0.1161048328486164 483
1757625143672 0.054168085365257274 484
1757625143738 0.12465525374311034 485
1757625143813 0.09841906155959024 486
1757625143878 0.11931219970754453 487
1757625143944 0.07501478047759377 488
1757625144009 0.06988470658331142 489
1757625144074 0.09993617380381502 490
1757625144136 0.06502763547937668 491
1757625144193 0.1351532698237552 492
1757625144249 0.12359387359167609 493
1757625144373 0.14097247398963017 494
1757625144449 0.09212183634917145 495
1757625144515 0.09093030528396204 496
1757625144579 0.06824296466264007 497
1757625144640 0.06338568527710875 498
1757625144700 0.18667857025294948 499
