1757647008012 5.020356852006592 0
1757647008065 0.1989725712531753 1
1757647008117 0.1635545098633819 2
1757647008175 0.08042936786804693 3
1757647008228 0.10196883849447355 4
1757647008283 0.18404639539542153 5
1757647008344 0.1542595672134808 6
1757647008399 0.09997009605976806 7
1757647008454 0.12695743483095587 8
1757647008516 0.11455286884832469 9
1757647008578 0.1552050388127349 10
1757647008644 0.1755663684158844 11
1757647008708 0.12297843066475232 12
1757647008764 0.11139059063132442 13
1757647008832 0.07508869116591013 14
1757647008889 0.09574811968082889 15
1757647008953 0.07649678713257194 16
1757647009009 0.1095096696955313 17
1757647009069 0.1398328867173913 18
1757647009125 0.1366131531601361 19
1757647009184 0.1255416485111071 20
1757647009263 0.16041405408530618 21
1757647009324 0.18066342045127956 22
1757647009384 0.08919677026059258 23
1757647009444 0.16246936438608764 24
1757647009503 0.13660097623919062 25
1757647009561 0.12190111674253351 26
1757647009619 0.14264898999643041 27
1757647009737 0.10353768584911324 28
1757647009802 0.1070105074313383 29
1757647009866 0.09037631584525575 30
1757647009929 0.0962911276242559 31
1757647009990 0.12488614451829334 32
1757647010048 0.09321333562036199 33
1757647010106 0.13466970410593473 34
1757647010164 0.12079204289760273 35
1757647010224 0.16056805340921332 36
1757647010283 0.1302598911965735 37
1757647010346 0.1614544900420046 38
1757647010408 0.1652676226587897 39
1757647010471 0.05639041530452747 40
1757647010532 0.12312775266536471 41
1757647010592 0.14163167115763403 42
1757647010654 0.14634832533028302 43
1757647010716 0.0892256811913082 44
1757647010814 0.21922192003935875 45
1757647010876 0.12868217787972383 46
1757647010938 0.14008795567783153 47
1757647010999 0.09994818075292712 48
1757647011060 0.19980487533075905 49
1757647011120 0.12448099808659467 50
1757647011180 0.11832205804450141 51
1757647011240 0.17146456410615832 52
1757647011300 0.09576708050646325 53
1757647011359 0.1529701978288938 54
1757647011417 0.11668564754129711 55
1757647011476 0.09852825914770966 56
1757647011536 0.14967614681593333 57
1757647011595 0.09801350703019503 58
1757647011653 0.08592033450206589 59
1757647011711 0.14701712460135577 60
1757647011770 0.17070624531527534 61
1757647011829 0.12802167243845053 62
1757647011888 0.19642766041238297 63
1757647011944 0.08581025060194415 64
1757647012001 0.10392691694146586 65
1757647012057 0.1350310675105892 66
1757647012113 0.09215076203345089 67
1757647012169 0.170451270880725 68
1757647012225 0.13735837581629665 69
1757647012281 0.08350850602945095 70
1757647012339 0.17922147494250568 71
1757647012402 0.1588252683268568 72
1757647012461 0.12823883340628833 73
1757647012518 0.10766605496891549 74
1757647012575 0.13413523172028338 75
1757647012631 0.15223322275691298 76
1757647012688 0.07612750938382444 77
1757647012745 0.10676744985141783 78
1757647012801 0.11534696939869168 79
1757647012857 0.1117237936876731 80
1757647012914 0.1123183854302752 81
1757647012971 0.15340267547340244 82
1757647013028 0.13438063921589433 83
1757647013085 0.13753487512755322 84
1757647013141 0.16456392639346498 85
1757647013197 0.17467075504965873 86
1757647013254 0.11295015171313988 87
1757647013310 0.07893842286251639 88
1757647013367 0.18651401139507395 89
1757647013424 0.09453996427057344 90
1757647013481 0.13155782740134464 91
1757647013538 0.12329472334879622 92
1757647013595 0.18538146867183694 93
1757647013652 0.19802920789838552 94
1757647013708 0.21245614292913476 95
1757647013765 0.08498267884401654 96
1757647013822 0.1792236128641713 97
1757647013878 0.09478059267381873 98
1757647013934 0.11967818257506073 99
1757647013991 0.13851749848137787 100
1757647014048 0.1580488220719679 101
1757647014105 0.0881165946276847 102
1757647014162 0.20159778209731352 103
1757647014232 0.18172966699519394 104
1757647014304 0.13811741106742723 105
1757647014368 0.1795529150759644 106
1757647014432 0.13485902723135026 107
1757647014493 0.09563110688432258 108
1757647014554 0.12316376164084725 109
1757647014613 0.1770134815179486 110
1757647014673 0.08351871004001671 111
1757647014734 0.08903018517203806 112
1757647014792 0.20358172544011974 113
1757647014852 0.06668511107161813 114
1757647014909 0.11632028228335362 115
1757647014966 0.12340406354440603 116
1757647015023 0.11664047697857212 117
1757647015081 0.08172479003571155 118
1757647015138 0.12360000943906459 119
1757647015197 0.13607736850899813 120
1757647015254 0.2034683411554787 121
1757647015313 0.10994488261699382 122
1757647015372 0.10946908599622458 123
1757647015429 0.14095173983522982 124
1757647015487 0.114306079667084 125
1757647015544 0.11048019906762299 126
1757647015601 0.10368873007584918 127
1757647015659 0.10318607901038487 128
1757647015717 0.09760274046309184 129
1757647015775 0.09625963834459636 130
1757647015833 0.08304081354188861 131
1757647015890 0.14998752083585368 132
1757647015947 0.13318842766024475 133
1757647016005 0.17188020658890524 134
1757647016061 0.1870649081234404 135
1757647016121 0.16462784230409444 136
1757647016180 0.08206318932480565 137
1757647016238 0.13383987927324303 138
1757647016296 0.15815370534023532 139
1757647016355 0.11705835277332946 140
1757647016412 0.1632336632806268 141
1757647016474 0.17094406072669155 142
1757647016533 0.15034986878549153 143
1757647016590 0.10405864341390311 144
1757647016648 0.17706589876639917 145
1757647016706 0.18712929871665296 146
1757647016764 0.19139136767977963 147
1757647016824 0.09011490415653971 148
1757647016883 0.10381757821193884 149
1757647016940 0.17071286713464776 150
1757647016998 0.1244755459967433 151
1757647017056 0.07666691910752203 152
1757647017114 0.08431809509264827 153
1757647017171 0.15562634966798836 154
1757647017229 0.16330825883616104 155
1757647017288 0.19593880636764185 156
1757647017347 0.20165708694974344 157
1757647017406 0.09707219550764025 158
1757647017464 0.08097549128367214 159
1757647017522 0.17738284385181058 160
1757647017580 0.08741577108954636 161
1757647017638 0.0788131827282008 162
1757647017696 0.09061631847908382 163
1757647017754 0.17502887393374228 164
1757647017812 0.10934937560869634 165
1757647017871 0.08256389756925432 166
1757647017929 0.19234814809668724 167
1757647017988 0.09930571596246067 168
1757647018046 0.17593444076817702 169
1757647018104 0.16849098426844883 170
1757647018173 0.11396587442518126 171
1757647018237 0.10421447618134966 172
1757647018319 0.11097017948668628 173
1757647018382 0.10701411840336796 174
1757647018506 0.14393976070632977 175
1757647018571 0.07836475918720659 176
1757647018637 0.1363158538794608 177
1757647018704 0.10040603083487733 178
1757647018770 0.1509653541284488 179
1757647018831 0.13378053646435123 180
1757647018894 0.10079989505442576 181
1757647018956 0.1421834849690428 182
1757647019022 0.0843662430124716 183
1757647019082 0.1438532150788387 184
1757647019141 0.12536927538640694 185
1757647019213 0.1265687921911209 186
1757647019288 0.17782542810378185 187
1757647019349 0.11902725186116436 188
1757647019410 0.14078180060844492 189
1757647019471 0.08851484702501902 190
1757647019535 0.12498908223452217 191
1757647019597 0.06645488063145644 192
1757647019659 0.12314722797670458 193
1757647019719 0.11466978956521638 194
1757647019777 0.1780828246360207 195
1757647019837 0.10064206861968465 196
1757647019895 0.15032020073827806 197
1757647019954 0.09238138257102929 198
1757647020014 0.11709653646610266 199
1757647020073 0.07788507039655415 200
1757647020132 0.12231983230186264 201
1757647020191 0.1561972356151224 202
1757647020250 0.07841514247257689 203
1757647020312 0.19078343742702966 204
1757647020372 0.16836633261645859 205
1757647020431 0.10346064306805774 206
1757647020490 0.09784994080784246 207
1757647020554 0.08553229258225571 208
1757647020615 0.1483120174480394 209
1757647020675 0.16944381378394205 210
1757647020735 0.15429232514216987 211
1757647020795 0.1165832508020638 212
1757647020854 0.08814053452344099 213
1757647020913 0.1615638063659587 214
1757647020972 0.13321231143051537 215
1757647021032 0.121281471443904 216
1757647021091 0.17792669121942525 217
1757647021151 0.11682331582699329 218
1757647021210 0.08877574928772017 219
1757647021270 0.14358390895590653 220
1757647021330 0.08531600511665381 221
1757647021390 0.11746564347861815 222
1757647021450 0.10610632406270151 223
1757647021509 0.1481461511989254 224
1757647021568 0.15442004721768024 225
1757647021627 0.13973747313601864 226
1757647021688 0.10996004312082576 227
1757647021747 0.12696445953180896 228
1757647021808 0.2112704824021271 229
1757647021867 0.07278713547166266 230
1757647021927 0.10616418329445165 231
1757647021987 0.15999567054786706 232
1757647022047 0.11626504790691461 233
1757647022106 0.11587339178577785 234
1757647022165 0.1321356391377023 235
1757647022226 0.11459987052333132 236
1757647022286 0.18078143824536316 237
1757647022347 0.08975514906614364 238
1757647022406 0.14969412304105423 239
1757647022466 0.19566972443862668 240
1757647022525 0.16000761878743433 241
1757647022590 0.17719217513532137 242
1757647022650 0.1377796755521386 243
1757647022721 0.098906397895179 244
1757647022781 0.1931670532315102 245
1757647022842 0.1467545998672094 246
1757647022902 0.06828164413727901 247
1757647022962 0.1360618835208996 248
1757647023021 0.10433597357107488 249
1757647023082 0.15167349191820134 250
1757647023141 0.11445038939990348 251
1757647023201 0.08382237573621672 252
1757647023262 0.16362557829521024 253
1757647023324 0.07774689657595027 254
1757647023385 0.167578775259155 255
1757647023446 0.10518492690955455 256
1757647023506 0.250141981440635 257
1757647023567 0.10236829677750768 258
1757647023627 0.11732442441073673 259
1757647023686 0.0818986638754473 260
1757647023745 0.2325831304969018 261
1757647023805 0.1713532248963123 262
1757647023865 0.09786893622110779 263
1757647023924 0.12197795042723646 264
1757647023984 0.22942741526528615 265
1757647024044 0.11234752080665034 266
1757647024104 0.0885726957407432 267
1757647024164 0.16135566677939528 268
1757647024235 0.1564320631276748 269
1757647024304 0.0837096105258805 270
1757647024374 0.18417654284509627 271
1757647024436 0.10886703992050255 272
1757647024496 0.12978279252389138 273
1757647024557 0.1289408669167366 274
1757647024622 0.15034460643000025 275
1757647024685 0.1547965380809548 276
1757647024745 0.06671181754351009 277
1757647024806 0.12911255887900666 278
1757647024866 0.15725389597649067 279
1757647024927 0.15905436527524688 280
1757647024988 0.12276379220278713 281
1757647025049 0.14375282733436862 282
1757647025110 0.10461860513728344 283
1757647025171 0.13665017805044227 284
1757647025233 0.17692273559281327 285
1757647025296 0.13383455543425285 286
1757647025358 0.14188769421464129 287
1757647025418 0.1793114023508976 288
1757647025480 0.152584173756482 289
1757647025541 0.1416588679049885 290
1757647025603 0.1065515434338446 291
1757647025663 0.10099675506220279 292
1757647025724 0.21869278347420806 293
1757647025799 0.08751711177460295 294
1757647025865 0.1421657127246708 295
1757647025931 0.1016106168834395 296
1757647025997 0.09182174709759797 297
1757647026060 0.0928134995332277 298
1757647026121 0.23520099375570547 299
1757647026183 0.13744319853850062 300
1757647026243 0.26180825103353333 301
1757647026304 0.09339205714609362 302
1757647026367 0.22792381115913268 303
1757647026428 0.14967941649758437 304
1757647026489 0.10004236462217733 305
1757647026551 0.10255758667974706 306
1757647026613 0.1537571966493934 307
1757647026680 0.1211028603592488 308
1757647026741 0.10577389998696408 309
1757647026803 0.12549225913547854 310
1757647026867 0.13129885892680568 311
1757647026928 0.09111854465570783 312
1757647026989 0.17342994905284742 313
1757647027049 0.16589663651356967 314
1757647027112 0.10533391170195386 315
1757647027174 0.1706556682069217 316
1757647027235 0.1253130673909289 317
1757647027297 0.11618222730299024 318
1757647027358 0.16072919457733104 319
1757647027420 0.11305654653439332 320
1757647027481 0.17503665158452217 321
1757647027542 0.15035705300579744 322
1757647027604 0.1051134697164992 323
1757647027666 0.1152540292627811 324
1757647027729 0.21175565915235678 325
1757647027790 0.10875146277795238 326
1757647027852 0.06929362472915675 327
1757647027913 0.10472232858811899 328
1757647027975 0.07129682179122612 329
1757647028036 0.07971744260923945 330
1757647028098 0.08946957658680155 331
1757647028159 0.11208965874040361 332
1757647028221 0.1592194118912977 333
1757647028283 0.16088118833514667 334
1757647028346 0.15914762928357973 335
1757647028408 0.1895108075850487 336
1757647028470 0.16134307503007395 337
1757647028532 0.13683670331850947 338
1757647028594 0.18662824623209492 339
1757647028655 0.12064085162231285 340
1757647028725 0.10753761142758796 341
1757647028788 0.108944988618524 342
1757647028850 0.08001387615443273 343
1757647028913 0.09404725771219066 344
1757647028980 0.10815840737925465 345
1757647029042 0.11176801142482974 346
1757647029105 0.07612269199881132 347
1757647029166 0.10990557425215669 348
1757647029241 0.08627217211031411 349
1757647029311 0.12370434754007086 350
1757647029375 0.14609389648413812 351
1757647029438 0.13488437670309794 352
1757647029500 0.1185468039797929 353
1757647029562 0.1450630303434615 354
1757647029625 0.09498686187733035 355
1757647029687 0.11926222760944544 356
1757647029749 0.1323957193060961 357
1757647029812 0.14834453847982015 358
1757647029875 0.1339831351895125 359
1757647029942 0.18633739869815777 360
1757647030006 0.05204799809812775 361
1757647030067 0.1810065990415297 362
1757647030131 0.1357114354506293 363
1757647030193 0.16693985185637406 364
1757647030256 0.16611505833189116 365
1757647030321 0.14676489347409866 366
1757647030384 0.07361436398034399 367
1757647030447 0.18629138694263586 368
1757647030510 0.14797245022863575 369
1757647030572 0.09430687668241665 370
1757647030635 0.11697405634164743 371
1757647030700 0.1682270129841569 372
1757647030868 0.14561786618442757 373
1757647031033 0.1422317831027842 374
1757647031102 0.14931377733746704 375
1757647031170 0.2000951777436748 376
1757647031237 0.1613810154535301 377
1757647031303 0.137456143052002 378
1757647031369 0.14179573086756178 379
1757647031434 0.16296775319517423 380
1757647031497 0.1719360299842508 381
1757647031560 0.08354141586218716 382
1757647031623 0.11753324886091564 383
1757647031687 0.11320194221611732 384
1757647031751 0.1518434986959455 385
1757647031814 0.13400105124610912 386
1757647031881 0.08940713168918361 387
1757647031944 0.19222231968408682 388
1757647032007 0.09685470429859602 389
1757647032070 0.11870361623431099 390
1757647032133 0.11786974658399026 391
1757647032197 0.08495479341361539 392
1757647032260 0.16156382405016176 393
1757647032324 0.14333497465402853 394
1757647032388 0.16564428353608932 395
1757647032452 0.1223134494709519 396
1757647032515 0.3657592220740641 397
1757647032578 0.10950198567298912 398
1757647032640 0.13434839807183255 399
1757647032717 0.132360630285341 400
1757647032788 0.10841177028263906 401
1757647032852 0.08660262601640814 402
1757647032916 0.1150544815757686 403
1757647032979 0.07918263140592854 404
1757647033042 0.13150177178052275 405
1757647033106 0.16027080508199162 406
1757647033169 0.10316243257693371 407
1757647033234 0.09780336186690336 408
1757647033297 0.09215720774394684 409
1757647033362 0.06732157700897912 410
1757647033426 0.16490261498623296 411
1757647033490 0.09124695745791639 412
1757647033553 0.21527223680401092 413
1757647033617 0.13966267034147853 414
1757647033681 0.11490910830719821 415
1757647033750 0.08409319871755698 416
1757647033817 0.1158260967281316 417
1757647033881 0.14361772532528386 418
1757647033946 0.10998527562398906 419
1757647034010 0.16136308281686546 420
1757647034073 0.13539918597580022 421
1757647034137 0.18115292682652415 422
1757647034207 0.14304110759148708 423
1757647034281 0.12717323186676346 424
1757647034362 0.11478116812471104 425
1757647034430 0.10515400905945071 426
1757647034495 0.1614852611932063 427
1757647034560 0.12461008746049002 428
1757647034624 0.08815223968195235 429
1757647034688 0.17234621802235772 430
1757647034752 0.12147422026726197 431
1757647034822 0.23130597612495263 432
1757647034888 0.20561642657707915 433
1757647034953 0.14147073486522088 434
1757647035018 0.22779020435481195 435
1757647035083 0.10394740026263229 436
1757647035147 0.10948005960910916 437
1757647035211 0.09718057319270197 438
1757647035279 0.09036723707716197 439
1757647035344 0.2228300121618906 440
1757647035409 0.10339555550846519 441
1757647035474 0.17257959243213922 442
1757647035539 0.12497425282522502 443
1757647035604 0.12135187596510036 444
1757647035668 0.08886644209142383 445
1757647035733 0.3009287017547255 446
1757647035798 0.11021276929678708 447
1757647035863 0.1963216272536685 448
1757647035929 0.10276638394988033 449
1757647035994 0.1257059545458123 450
1757647036059 0.12016626097727166 451
1757647036124 0.17622479586009152 452
1757647036188 0.11540404592010443 453
1757647036253 0.16624726204184165 454
1757647036318 0.1487547469526096 455
1757647036382 0.18092077458273834 456
1757647036447 0.15242770745921522 457
1757647036513 0.24685618055753028 458
1757647036578 0.13295033593967548 459
1757647036644 0.16278117707534967 460
1757647036709 0.17320917547690784 461
1757647036773 0.09281880693074379 462
1757647036844 0.0894434881814645 463
1757647036909 0.1832908912100132 464
1757647036976 0.20773514963320489 465
1757647037042 0.09805538619813932 466
1757647037107 0.19090131718286132 467
1757647037172 0.16864441404230573 468
1757647037238 0.1428010768617593 469
1757647037302 0.13743718107280564 470
1757647037368 0.11266816587825017 471
1757647037433 0.1940162326242249 472
1757647037497 0.08857350635269406 473
1757647037563 0.16003806708481705 474
1757647037629 0.08979187285902106 475
1757647037693 0.10972698513791543 476
1757647037757 0.14653665428152818 477
1757647037822 0.17442453028674798 478
1757647037888 0.07010498645248057 479
1757647037952 0.14156924642949772 480
1757647038016 0.1021362227898358 481
1757647038080 0.11433818821990584 482
1757647038146 0.06913438570679492 483
1757647038211 0.15199557711160763 484
1757647038276 0.08289280338790658 485
1757647038341 0.11269489250371666 486
1757647038407 0.14126963943401555 487
1757647038472 0.12744137059601407 488
1757647038536 0.1333372913117204 489
1757647038601 0.1581739453826333 490
1757647038723 0.15159038908778205 491
1757647038797 0.1087350807367792 492
1757647038874 0.1897198439551485 493
1757647038945 0.10574178743049548 494
1757647039013 0.14196731351925893 495
1757647039078 0.14901222877237708 496
1757647039144 0.10305015692322873 497
1757647039218 0.13791499159793263 498
1757647039295 0.09115340998782383 499
