1757639219690 30.81352231934424 0
1757639219736 5.564290106226047 1
1757639219783 1.0236202906962104 2
1757639219829 0.27023143204877426 3
1757639219877 0.14626701390927738 4
1757639219926 0.20182772320343814 5
1757639219972 0.09482826196672964 6
1757639220022 0.1173423173480872 7
1757639220069 0.11305489785543182 8
1757639220115 0.1290426114344079 9
1757639220160 0.07411169109373068 10
1757639220205 0.11681679106538297 11
1757639220255 0.10250957353994979 12
1757639220299 0.14502957558473617 13
1757639220344 0.24828486291997923 14
1757639220391 0.08954991499465462 15
1757639220436 0.11245497343765755 16
1757639220481 0.18144748808699315 17
1757639220528 0.1957404770401563 18
1757639220575 0.06175002170433582 19
1757639220622 0.14017836723061086 20
1757639220670 0.11659726682951588 21
1757639220718 0.1405188713253277 22
1757639220779 0.07456716716869208 23
1757639220832 0.11699130206839287 24
1757639220886 0.16409426454137316 25
1757639220944 0.17596943936700105 26
1757639220997 0.07419335728988906 27
1757639221046 0.20637719467248858 28
1757639221095 0.1567894506369577 29
1757639221146 0.1325993326008827 30
1757639221199 0.13570316827571252 31
1757639221249 0.16820160047718036 32
1757639221299 0.1054397613758876 33
1757639221350 0.08002413623855592 34
1757639221402 0.1401009110120181 35
1757639221452 0.16139503130533375 36
1757639221502 0.06666280324207507 37
1757639221555 0.06877422497675666 38
1757639221605 0.12215620135311293 39
1757639221656 0.18183270722159117 40
1757639221706 0.16922083780186892 41
1757639221755 0.14767808630724877 42
1757639221804 0.11387517574735612 43
1757639221854 0.12602509909641862 44
1757639221904 0.07668298498564902 45
1757639221955 0.08570037315742444 46
1757639222019 0.08698536975837937 47
1757639222072 0.12603684071562876 48
1757639222124 0.17585568135419416 49
1757639222174 0.24189432506030703 50
1757639222225 0.12084697655574193 51
1757639222276 0.0649262986898575 52
1757639222326 0.08145478552701908 53
1757639222379 0.15090104164293244 54
1757639222430 0.0901343969814698 55
1757639222481 0.07734741060536933 56
1757639222531 0.10504455035499483 57
1757639222581 0.1288949358841959 58
1757639222648 0.11915081099294147 59
1757639222709 0.13680593798380145 60
1757639222762 0.07672667470871815 61
1757639222823 0.11154748007502688 62
1757639222878 0.09634035180960775 63
1757639222930 0.1059415727234407 64
1757639222981 0.11150787679612346 65
1757639223034 0.10445941566521622 66
1757639223086 0.1871141774106186 67
1757639223138 0.19871660749825906 68
1757639223188 0.11379210927066676 69
1757639223240 0.06297221958863727 70
1757639223292 0.12537613055865174 71
1757639223344 0.11863404503849027 72
1757639223403 0.11959526053191132 73
1757639223455 0.10836938681053136 74
1757639223505 0.12458599691049181 75
1757639223557 0.12076586123159799 76
