1757637230897 26.409858500078983 0
1757637230988 3.5352401272957255 1
1757637231084 1.7020502192283136 2
1757637231174 0.018665925333567437 3
1757637231274 0.0012879907498470956 4
1757637231365 0.18225158976136557 5
1757637231456 0.02367017673630069 6
1757637231546 0.10875750337050615 7
1757637231641 0.11898117748694143 8
1757637231734 0.009636504919656584 9
1757637231823 0.0007329673313214668 10
1757637231912 0.013276498419640513 11
1757637232003 0.16796329900183715 12
1757637232093 0.0007181559101452845 13
1757637232208 0.000689794361114233 14
1757637232301 0.21914511764146552 15
1757637232391 0.11847494649267201 16
1757637232482 0.01230160617798005 17
1757637232575 0.13229385374485933 18
1757637232666 1.9316267517383674 19
1757637232765 0.04138159726214141 20
1757637232855 0.03869638096012436 21
1757637232944 0.13038333905568106 22
1757637233034 0.040288480133359034 23
1757637233125 0.05535961722572472 24
1757637233216 0.034718049218395525 25
1757637233308 0.30485757511558187 26
1757637233399 0.01233109616858555 27
1757637233490 0.027604152912967344 28
1757637233579 0.007856961816319384 29
1757637233670 0.010993508739776156 30
1757637233762 0.10370457093368247 31
1757637233854 0.10959383275751829 32
1757637233946 0.09143530915875554 33
1757637234038 0.31122765757106935 34
1757637234128 0.017901829029868515 35
1757637234220 0.009522850435536537 36
1757637234311 0.26698284247406123 37
1757637234403 0.3028920998031561 38
1757637234494 0.1299124649078271 39
1757637234587 0.023672755928687627 40
1757637234676 0.0004702488440060426 41
1757637234776 0.00225937546016805 42
1757637234867 0.04831168720415943 43
1757637235051 0.005153070655480944 44
1757637235212 0.051324383724729854 45
1757637235318 0.3241244421542628 46
1757637235415 0.11310204619831453 47
1757637235508 0.009866925244762062 48
1757637235600 0.22256568671086532 49
1757637235691 0.02285130763247546 50
1757637235783 0.136139191865981 51
1757637235873 0.0448778317038817 52
1757637235965 4.439609084678503e-05 53
1757637236056 0.028277364334215134 54
1757637236146 0.06989121498586072 55
1757637236236 0.047944608986747905 56
1757637236329 0.11180600451719667 57
1757637236421 0.030911390636721627 58
1757637236514 0.1509629753282161 59
1757637236604 0.12683802819867945 60
1757637236695 0.20492074889625334 61
1757637236798 0.06612324546715344 62
1757637236890 0.02508237170367453 63
1757637236982 0.0610758291059747 64
1757637237073 0.06330510470475122 65
1757637237180 0.004861788659966682 66
1757637237274 0.0012190429979138282 67
1757637237365 0.038365711482765165 68
1757637237457 0.007006724599110636 69
1757637237547 0.41147566668822894 70
1757637237636 0.002014153379787362 71
1757637237727 0.004014120628880586 72
1757637237818 0.00045939354989760596 73
1757637237909 0.004118300102346468 74
1757637238000 0.08300040552769888 75
1757637238096 0.2579225620585339 76
1757637238188 0.042895574619923264 77
1757637238286 0.04689281234981007 78
1757637238377 0.05784478304665526 79
1757637238469 0.08357204529927202 80
1757637238562 0.1252398235216102 81
1757637238655 0.2534700706464549 82
1757637238745 0.013381511298810104 83
1757637238843 0.04873252347553086 84
1757637238934 0.025961625474956257 85
1757637239026 0.02924669849591125 86
1757637239118 0.01462992950264328 87
1757637239208 0.006552317653585815 88
1757637239299 0.0486694826685755 89
1757637239390 0.2059337558269737 90
1757637239483 0.019074221518144637 91
1757637239576 0.2695821625805606 92
1757637239668 0.0809611573600202 93
1757637239759 0.135455679212673 94
1757637239850 0.14845425945075932 95
1757637239941 0.0062114380945574 96
1757637240031 6.55387624082951e-05 97
1757637240123 0.38516596454078433 98
1757637240217 0.040666181004609135 99
1757637240310 1.4173904239298818 100
1757637240404 0.026497319477125806 101
1757637240498 0.006119705499843322 102
1757637240592 0.0595472078786832 103
1757637240683 0.3628689204858642 104
1757637240774 0.010085487286304519 105
1757637240873 0.22114237529260952 106
1757637240966 0.03638390870074105 107
1757637241063 0.1132119281836799 108
1757637241173 0.008675984949783649 109
1757637241277 0.2784010540191568 110
1757637241453 0.12308998385711101 111
1757637241551 0.04652455321812516 112
1757637241648 0.24008913925876302 113
1757637241743 0.08854731905844634 114
1757637241838 0.19724728128074842 115
1757637241932 0.08578448411112508 116
1757637242024 0.08356689680259038 117
1757637242123 0.2747462338637589 118
1757637242234 0.04859301021992081 119
1757637242330 0.007255014943993273 120
1757637242423 0.2141105019868087 121
1757637242515 0.11853565728874833 122
1757637242611 0.08268554536129756 123
1757637242704 0.09312434754122123 124
1757637242797 0.03296734828816428 125
1757637242897 0.0074098204590257975 126
1757637242990 0.40214353055854096 127
1757637243081 0.008071941873594076 128
1757637243175 0.0028104475299148735 129
1757637243270 0.6241220198897407 130
1757637243365 0.09182517218758096 131
1757637243458 0.06804855504660741 132
1757637243551 0.003574724569553234 133
1757637243645 0.16886213017864263 134
1757637243739 0.0011088109955595979 135
1757637243835 0.039787618766418995 136
1757637243930 0.07942439856048282 137
1757637244023 0.3237255713459514 138
1757637244117 0.008726148021522846 139
1757637244210 0.038504079254025624 140
1757637244305 1.2163191750721206e-05 141
1757637244400 0.003411594507710504 142
1757637244492 0.2718924980275266 143
1757637244584 0.03422324360307093 144
1757637244678 0.12119768803121542 145
1757637244772 0.3559611702210213 146
1757637244871 0.009798084222698908 147
1757637244969 0.00047125860120605803 148
1757637245061 0.03549605445603766 149
1757637245154 0.6549240396119902 150
1757637245249 0.0023263084537797183 151
1757637245342 0.04127813449278957 152
1757637245437 0.004756296545150716 153
1757637245530 0.0959827610904306 154
1757637245623 0.2489069177926995 155
1757637245729 0.36395428164158855 156
1757637245836 0.10463439780874413 157
1757637245938 0.0742334093180523 158
1757637246038 0.011990006880264163 159
1757637246133 0.4626742222288917 160
1757637246226 0.09273287713308981 161
1757637246320 0.04738465992161537 162
1757637246415 0.1872994917319018 163
1757637246511 0.5335615200681476 164
1757637246606 0.007500715342498132 165
1757637246700 0.0008636040188862615 166
1757637246794 0.3927155287271105 167
1757637246889 0.0007552736713216354 168
1757637247000 0.21711600966277397 169
1757637247096 0.10459174579618287 170
1757637247209 0.18181481507790742 171
1757637247306 0.01235970771136472 172
1757637247402 0.33852808457777006 173
1757637247499 0.02446982379085824 174
1757637247596 0.1428463918929002 175
1757637247689 0.1228073127606238 176
1757637247783 0.003431409714393537 177
1757637247880 0.04974516203006204 178
1757637247976 0.5659720470586089 179
1757637248072 0.0484315645940578 180
1757637248165 0.07578006706088931 181
1757637248262 0.0004906046459107439 182
1757637248356 0.3241128411293806 183
1757637248452 0.8668884228391023 184
1757637248547 0.03042366174655689 185
1757637248647 0.0033183763763239525 186
1757637248742 0.06574303557698034 187
1757637248839 8.36893277071928e-05 188
1757637248940 0.09853999868588709 189
1757637249039 0.1290635207381883 190
1757637249134 0.0008803663439978529 191
1757637249229 0.0169321909466762 192
1757637249324 0.055274257286321314 193
1757637249420 0.0009093476235754318 194
1757637249517 0.3308022656182971 195
1757637249614 0.052000596309482325 196
1757637249708 0.08473620837345357 197
1757637249803 0.20487623027394963 198
1757637249898 0.1080324635390018 199
1757637249993 0.10734214146956347 200
1757637250088 0.00663865108702551 201
1757637250183 0.04465808243333653 202
1757637250277 0.6741909581339994 203
1757637250372 0.029127363841330633 204
1757637250466 1.0567087401014481e-05 205
1757637250561 0.04980734206284466 206
1757637250657 0.13832330597052486 207
1757637250752 0.0317095487431151 208
1757637250846 0.21415919052772767 209
1757637250942 0.020611448083518946 210
1757637251046 0.12413379858421555 211
1757637251141 0.016761963169639647 212
1757637251245 0.00555708926242947 213
1757637251352 0.057368553648300374 214
1757637251452 0.04058491071125609 215
1757637251548 0.0006035990728708456 216
1757637251644 2.966509387061145e-05 217
1757637251740 0.38364312579664755 218
1757637251836 0.2988388714300239 219
1757637251933 0.1105184343020846 220
1757637252031 0.1486735761925299 221
1757637252132 0.16545679661620974 222
1757637252245 0.015205273697727595 223
1757637252342 0.5758904453296462 224
1757637252439 0.10103464220305622 225
1757637252535 0.08551323957001707 226
1757637252634 0.08549870036709212 227
1757637252730 0.0003185251949871977 228
1757637252826 0.41684732042406286 229
1757637252921 0.10234917314747109 230
1757637253026 0.060023649591761624 231
1757637253124 0.003600316099943584 232
1757637253221 0.46643245853266946 233
1757637253317 0.017438363172687467 234
1757637253413 0.17177424409641653 235
1757637253511 0.05193874061650809 236
1757637253611 0.05851535127658784 237
1757637253707 0.007328513716761444 238
1757637253802 0.010351052847029982 239
1757637253899 0.038658018113902945 240
1757637253993 0.05331815460379159 241
1757637254090 9.158612619165593e-05 242
1757637254188 0.004250807990870448 243
1757637254283 0.06967917099121536 244
1757637254379 0.3253997611633873 245
1757637254475 0.05008530607435261 246
1757637254570 0.006330908324049357 247
1757637254667 0.04655013879899427 248
1757637254763 0.007584996081682302 249
1757637254858 0.0753121404924762 250
1757637254954 0.303898095722967 251
1757637255055 0.21469078067593586 252
1757637255160 0.013191319534861471 253
1757637255268 1.4598669562781297 254
1757637255370 0.19221212613586738 255
1757637255472 0.019323071117790178 256
1757637255569 0.04926011452795172 257
1757637255665 0.09301836502081365 258
1757637255760 0.009533183833161266 259
1757637255857 1.4773926100731365 260
1757637255954 0.059663250525262806 261
1757637256050 0.0016565164025305527 262
1757637256145 0.07354930464367504 263
1757637256242 0.16304358031618543 264
1757637256340 0.9600810360662492 265
1757637256437 0.034249869580125825 266
1757637256535 0.025017358717231722 267
1757637256630 0.1148146329526063 268
1757637256726 0.9910018242503945 269
1757637256826 0.17253552415823684 270
1757637256925 0.07533288433427819 271
1757637257024 0.0024076718446434026 272
1757637257129 0.09219339568944945 273
1757637257239 0.0019097666619496806 274
1757637257336 0.03899415339135116 275
1757637257434 0.028556863952606513 276
1757637257531 0.005833006025725009 277
1757637257626 0.2582758997550355 278
1757637257725 0.10143714355057311 279
1757637257824 0.6500345304414861 280
1757637257921 0.014040435598617824 281
1757637258019 0.0743986383665599 282
1757637258115 0.012372205197273833 283
1757637258212 0.0011320490014742291 284
1757637258311 0.14073979121515626 285
1757637258410 0.38429386989067316 286
1757637258507 0.0023987202268257513 287
1757637258603 0.1750398627299046 288
1757637258700 0.08511586895909881 289
1757637258797 0.4998250765224552 290
1757637258893 0.14615222130913058 291
1757637258991 0.024439964117852087 292
1757637259094 0.019580846859297164 293
1757637259195 0.9988727179932304 294
1757637259296 0.0275129856079292 295
1757637259392 0.541411808674458 296
1757637259542 0.011674630800247178 297
1757637259644 0.7623133500665625 298
1757637259743 0.0011512425775917629 299
1757637259841 0.5183358283309739 300
1757637259939 0.00018437023143257243 301
1757637260037 0.5002938631406757 302
1757637260136 0.16796401143204873 303
1757637260232 0.09585802735357295 304
1757637260330 0.051749710413741414 305
1757637260427 0.04576652080167683 306
1757637260527 0.018469504553883246 307
1757637260626 0.20120431888148954 308
1757637260779 6.090396309787194e-05 309
1757637260882 0.5358245778780558 310
1757637260982 0.16965566133653298 311
1757637261083 0.004101537494976901 312
1757637261186 0.07464605684623231 313
1757637261297 0.05004858240469278 314
1757637261395 0.11178640911057874 315
1757637261492 0.023899110879408342 316
1757637261591 0.34026508776475334 317
1757637261690 0.3375177474589571 318
1757637261789 0.0009087531235958432 319
1757637261889 0.22375076241522476 320
1757637261986 0.00226027917910371 321
1757637262083 0.26724492109002584 322
1757637262197 0.05890894636898353 323
1757637262299 0.35828822952476924 324
1757637262398 0.5959770720648466 325
1757637262494 4.497110863855299e-06 326
1757637262592 0.0466777549224342 327
1757637262690 0.08784114605248604 328
1757637262789 0.7081145230111173 329
1757637262886 0.003486946954760491 330
1757637262984 0.026861387456912134 331
1757637263083 0.14806193616384725 332
1757637263187 0.03266879125900154 333
1757637263289 0.008201872443190476 334
1757637263386 0.42907077495110174 335
1757637263484 1.967616837031563e-05 336
1757637263580 0.08601460277005966 337
1757637263679 0.0011619882859328578 338
1757637263778 0.07660110612312969 339
1757637263877 0.0003890099934877372 340
1757637263976 0.10227471672090138 341
1757637264073 0.005703574686362152 342
1757637264171 0.003542149263875215 343
1757637264272 0.09490866882217719 344
1757637264370 0.0007036551139591888 345
1757637264467 0.013803947530262017 346
1757637264566 0.10020127414299405 347
1757637264665 0.04736292547507387 348
1757637264764 0.0036358744698324168 349
1757637264862 0.05919473748352571 350
1757637264961 0.06135084847104306 351
1757637265058 0.5998746017941711 352
1757637265158 0.04434098994901521 353
1757637265263 0.006775340890049363 354
1757637265362 0.0023531474494211994 355
1757637265459 0.07257679904895718 356
1757637265558 0.049533830965209136 357
1757637265655 0.008029652874301269 358
1757637265756 0.12088771536066935 359
1757637265856 0.3352582741373327 360
1757637265953 0.13425599103755056 361
1757637266052 1.1111892427593804 362
1757637266151 0.0021051767953228196 363
1757637266252 0.1699420707563021 364
1757637266351 0.09828902377046281 365
1757637266449 0.05477328461909822 366
1757637266548 0.013940616718556863 367
1757637266647 0.2716431990515908 368
1757637266746 0.015887485338857723 369
1757637266845 0.04482968072223065 370
1757637266944 0.02455442431165619 371
1757637267042 0.004712701942284989 372
1757637267146 0.0022248213159808666 373
1757637267259 0.0131280964281252 374
1757637267360 0.551041784940172 375
1757637267459 0.3063761317610241 376
1757637267558 0.0004031888129145761 377
1757637267653 0.016373174201375733 378
1757637267753 0.4249648560778692 379
1757637267851 0.029329324778411592 380
1757637267950 0.0061722221912751275 381
1757637268048 0.14223133193370116 382
1757637268146 0.21931202584569107 383
1757637268250 0.024666824450334777 384
1757637268349 0.3542090258752124 385
1757637268450 0.0023818042240178867 386
1757637268549 0.05030496500894923 387
1757637268646 0.06323330423819348 388
1757637268748 0.04208394016622633 389
1757637268849 0.3873181697923079 390
1757637268949 0.016325070447393612 391
1757637269050 0.011966041869497044 392
1757637269149 0.563947923475745 393
1757637269253 0.01744807541460539 394
1757637269419 0.16889572736787858 395
1757637269522 0.06066577298303713 396
1757637269622 0.12634717084953392 397
1757637269722 0.15331278345688323 398
1757637269826 0.20931631122261282 399
1757637269927 0.008272998069197946 400
1757637270025 0.009707273448972249 401
1757637270129 0.050629693324435655 402
1757637270230 0.2932816060160023 403
1757637270330 0.0015183728695665015 404
1757637270430 0.001367460093962798 405
1757637270530 3.6275580423645484e-06 406
1757637270629 0.018009365657369245 407
1757637270730 0.0001257188320934979 408
1757637270830 0.0024512563415128854 409
1757637270930 0.08749547652343934 410
1757637271029 0.018469224574207212 411
1757637271128 0.2942577392637334 412
1757637271228 0.5264021407317352 413
1757637271344 0.051579384580140636 414
1757637271446 0.10928384815018927 415
1757637271546 2.7780470997326744e-06 416
1757637271645 0.001298921780331377 417
1757637271746 0.0018481482418804787 418
1757637271848 0.11726641296205927 419
1757637271946 0.0009657715172805118 420
1757637272048 0.049619104791258396 421
1757637272156 0.06845880811160043 422
1757637272264 0.01579244311800062 423
1757637272365 0.00011413607769756249 424
1757637272465 0.009723184230538535 425
1757637272565 0.444109950361644 426
1757637272665 0.032685788895953936 427
1757637272764 0.0031335762822878757 428
1757637272864 0.007704360987868579 429
1757637272963 0.017320533500657393 430
1757637273064 0.1101378526778265 431
1757637273164 0.7505978497233271 432
1757637273267 0.04758414853709745 433
1757637273373 0.032508222065770497 434
1757637273474 0.1947889932499288 435
1757637273575 0.12600567805651477 436
1757637273676 0.4160114923355778 437
1757637273778 0.014146828655577304 438
1757637273880 0.020372339480577706 439
1757637273979 0.20307404108935176 440
1757637274079 0.013783477434928092 441
1757637274180 0.0408435856167648 442
1757637274280 0.00045281169742546423 443
1757637274380 0.0678220164607366 444
1757637274481 5.785097542976385e-05 445
1757637274582 0.16308077300226628 446
1757637274683 0.010298687270047072 447
1757637274783 2.0192730608700676e-06 448
1757637274884 0.00379417076808794 449
1757637274984 0.340926082221443 450
1757637275141 0.1699220553550388 451
1757637275245 0.8791458518602133 452
1757637275352 0.01908204975391071 453
1757637275453 0.14462780567541428 454
1757637275553 0.11613505083581449 455
1757637275654 0.05851253678525277 456
1757637275756 0.13866378595243983 457
1757637275857 0.0011555580343921093 458
1757637275958 0.06717044444233176 459
1757637276058 0.14524622558149772 460
1757637276159 0.00019346331118225794 461
1757637276261 0.010117116470211468 462
1757637276362 0.003796083876917214 463
1757637276462 0.041501093161810707 464
1757637276563 0.03016156531726825 465
1757637276665 0.01796750660598386 466
1757637276766 0.06044625611639736 467
1757637276867 0.015540777080094825 468
1757637276967 0.03244548867779814 469
1757637277067 0.11575760748648622 470
1757637277179 0.003484524158561256 471
1757637277285 0.02284218308362945 472
1757637277390 0.023531514118184427 473
1757637277491 0.06847870388372383 474
1757637277591 0.0019248366004815786 475
1757637277690 0.10546525967980963 476
1757637277793 0.08754161696069429 477
1757637277894 0.2365327149190593 478
1757637277995 0.017733918187669596 479
1757637278096 0.15444047869059582 480
1757637278199 0.0005765823833073722 481
1757637278301 0.1478692160487248 482
1757637278403 0.08109576499463123 483
1757637278504 0.47325684184441413 484
1757637278606 0.036764210691096325 485
1757637278724 1.037708680479561e-05 486
1757637278827 0.48498280403623145 487
1757637278927 0.04973647784042675 488
1757637279029 0.0009453091845530191 489
1757637279130 0.00022512195638125045 490
1757637279231 0.0029058808679247963 491
1757637279333 0.009629121568219483 492
1757637279437 0.0013347560460767354 493
1757637279538 0.028461367528649084 494
1757637279638 0.12657311662649778 495
1757637279739 0.12296291994735598 496
1757637279841 0.015488010405462447 497
1757637279943 0.0602900821383663 498
1757637280044 0.07553978586687805 499
