1757623759945 nan 0
1757623759989 nan 1
1757623760031 nan 2
1757623760076 nan 3
1757623760125 nan 4
1757623760177 nan 5
1757623760221 nan 6
1757623760265 nan 7
1757623760309 nan 8
1757623760354 nan 9
1757623760397 nan 10
1757623760441 nan 11
1757623760501 nan 12
1757623760557 nan 13
1757623760601 nan 14
1757623760642 nan 15
1757623760682 nan 16
1757623760722 nan 17
1757623760761 nan 18
1757623760802 nan 19
1757623760842 nan 20
1757623760883 nan 21
1757623760922 nan 22
1757623760961 nan 23
1757623761001 nan 24
1757623761041 nan 25
1757623761080 nan 26
1757623761119 nan 27
1757623761160 nan 28
1757623761200 nan 29
1757623761240 nan 30
1757623761281 nan 31
1757623761320 nan 32
1757623761363 nan 33
1757623761411 nan 34
1757623761453 nan 35
1757623761492 nan 36
1757623761532 nan 37
1757623761573 nan 38
1757623761613 nan 39
1757623761652 nan 40
1757623761693 nan 41
1757623761733 nan 42
1757623761774 nan 43
1757623761815 nan 44
1757623761858 nan 45
1757623761899 nan 46
1757623761940 nan 47
1757623761981 nan 48
1757623762022 nan 49
1757623762064 nan 50
1757623762109 nan 51
1757623762155 nan 52
1757623762198 nan 53
1757623762238 nan 54
1757623762281 nan 55
1757623762323 nan 56
1757623762367 nan 57
1757623762408 nan 58
1757623762476 nan 59
1757623762519 nan 60
1757623762565 nan 61
1757623762609 nan 62
1757623762651 nan 63
1757623762695 nan 64
1757623762741 nan 65
1757623762786 nan 66
1757623762831 nan 67
1757623762874 nan 68
1757623762919 nan 69
1757623762964 nan 70
1757623763007 nan 71
1757623763048 nan 72
1757623763090 nan 73
1757623763130 nan 74
1757623763174 nan 75
1757623763218 nan 76
1757623763260 nan 77
1757623763300 nan 78
1757623763340 nan 79
1757623763381 nan 80
1757623763423 nan 81
1757623763465 nan 82
1757623763512 nan 83
1757623763558 nan 84
1757623763601 nan 85
1757623763642 nan 86
1757623763682 nan 87
1757623763723 nan 88
1757623763763 nan 89
1757623763805 nan 90
1757623763848 nan 91
1757623763889 nan 92
1757623763931 nan 93
1757623763973 nan 94
1757623764017 nan 95
1757623764061 nan 96
1757623764103 nan 97
1757623764151 nan 98
1757623764196 nan 99
1757623764238 nan 100
1757623764281 nan 101
1757623764324 nan 102
1757623764366 nan 103
1757623764412 nan 104
1757623764455 nan 105
1757623764495 nan 106
1757623764537 nan 107
1757623764581 nan 108
1757623764624 nan 109
1757623764667 nan 110
1757623764710 nan 111
1757623764755 nan 112
1757623764798 nan 113
1757623764841 nan 114
1757623764884 nan 115
1757623764926 nan 116
1757623764966 nan 117
1757623765007 nan 118
1757623765048 nan 119
1757623765088 nan 120
1757623765133 nan 121
1757623765177 nan 122
1757623765219 nan 123
1757623765260 nan 124
1757623765303 nan 125
1757623765346 nan 126
1757623765386 nan 127
1757623765429 nan 128
1757623765533 nan 129
1757623765601 nan 130
1757623765659 nan 131
1757623765728 nan 132
1757623765786 nan 133
1757623765844 nan 134
1757623765898 nan 135
1757623765956 nan 136
1757623766019 nan 137
1757623766078 nan 138
1757623766130 nan 139
1757623766185 nan 140
1757623766236 nan 141
1757623766286 nan 142
1757623766337 nan 143
1757623766407 nan 144
1757623766462 nan 145
1757623766509 nan 146
1757623766555 nan 147
1757623766619 nan 148
1757623766669 nan 149
1757623766733 nan 150
1757623766794 nan 151
1757623766844 nan 152
1757623766892 nan 153
1757623766936 nan 154
1757623766982 nan 155
1757623767030 nan 156
1757623767073 nan 157
1757623767121 nan 158
1757623767167 nan 159
1757623767214 nan 160
1757623767258 nan 161
1757623767357 nan 162
1757623767415 nan 163
1757623767467 nan 164
1757623767526 nan 165
1757623767590 nan 166
1757623767646 nan 167
1757623767707 nan 168
1757623767768 nan 169
1757623767846 nan 170
1757623767895 nan 171
1757623767944 nan 172
1757623767992 nan 173
1757623768039 nan 174
1757623768084 nan 175
1757623768133 nan 176
1757623768179 nan 177
1757623768234 nan 178
1757623768277 nan 179
1757623768331 nan 180
1757623768393 nan 181
1757623768446 nan 182
1757623768495 nan 183
1757623768544 nan 184
1757623768595 nan 185
1757623768644 nan 186
1757623768690 nan 187
1757623768735 nan 188
1757623768781 nan 189
1757623768824 nan 190
1757623768871 nan 191
1757623768919 nan 192
1757623768970 nan 193
1757623769018 nan 194
1757623769066 nan 195
1757623769110 nan 196
1757623769155 nan 197
1757623769201 nan 198
1757623769247 nan 199
1757623769299 nan 200
1757623769353 nan 201
1757623769407 nan 202
1757623769457 nan 203
1757623769508 nan 204
1757623769559 nan 205
1757623769609 nan 206
1757623769656 nan 207
1757623769708 nan 208
1757623769759 nan 209
1757623769810 nan 210
1757623769863 nan 211
1757623769925 nan 212
1757623769993 nan 213
1757623770053 nan 214
1757623770115 nan 215
1757623770271 nan 216
1757623770329 nan 217
1757623770389 nan 218
1757623770459 nan 219
1757623770539 nan 220
1757623770603 nan 221
1757623770661 nan 222
1757623770722 nan 223
1757623770777 nan 224
1757623770831 nan 225
1757623770882 nan 226
1757623770929 nan 227
1757623770975 nan 228
1757623771022 nan 229
1757623771073 nan 230
1757623771123 nan 231
1757623771171 nan 232
1757623771221 nan 233
1757623771268 nan 234
1757623771317 nan 235
1757623771378 nan 236
1757623771434 nan 237
1757623771485 nan 238
1757623771534 nan 239
1757623771583 nan 240
1757623771628 nan 241
1757623771673 nan 242
1757623771721 nan 243
1757623771770 nan 244
1757623771821 nan 245
1757623771874 nan 246
1757623771927 nan 247
1757623771988 nan 248
1757623772041 nan 249
1757623772097 nan 250
1757623772155 nan 251
1757623772210 nan 252
1757623772268 nan 253
1757623772328 nan 254
1757623772380 nan 255
1757623772434 nan 256
1757623772488 nan 257
1757623772541 nan 258
1757623772599 nan 259
1757623772658 nan 260
1757623772730 nan 261
1757623772786 nan 262
1757623772835 nan 263
1757623772888 nan 264
1757623772939 nan 265
1757623772989 nan 266
1757623773037 nan 267
1757623773085 nan 268
1757623773134 nan 269
1757623773180 nan 270
1757623773229 nan 271
1757623773282 nan 272
1757623773337 nan 273
1757623773388 nan 274
1757623773437 nan 275
1757623773485 nan 276
1757623773532 nan 277
1757623773583 nan 278
1757623773632 nan 279
1757623773678 nan 280
1757623773726 nan 281
1757623773774 nan 282
1757623773825 nan 283
1757623773885 nan 284
1757623773946 nan 285
1757623774002 nan 286
1757623774052 nan 287
1757623774102 nan 288
1757623774151 nan 289
1757623774199 nan 290
1757623774247 nan 291
1757623774297 nan 292
1757623774356 nan 293
1757623774415 nan 294
1757623774504 nan 295
1757623774560 nan 296
1757623774618 nan 297
1757623774675 nan 298
1757623774734 nan 299
1757623774789 nan 300
1757623774846 nan 301
1757623774900 nan 302
1757623774952 nan 303
1757623775003 nan 304
1757623775058 nan 305
1757623775112 nan 306
1757623775166 nan 307
1757623775216 nan 308
1757623775268 nan 309
1757623775322 nan 310
1757623775372 nan 311
1757623775422 nan 312
1757623775480 nan 313
1757623775548 nan 314
1757623775599 nan 315
1757623775652 nan 316
1757623775719 nan 317
1757623775779 nan 318
1757623775853 nan 319
1757623775916 nan 320
1757623775975 nan 321
1757623776034 nan 322
1757623776092 nan 323
1757623776150 nan 324
1757623776207 nan 325
1757623776261 nan 326
1757623776312 nan 327
1757623776365 nan 328
1757623776426 nan 329
1757623776486 nan 330
1757623776549 nan 331
1757623776622 nan 332
1757623776686 nan 333
1757623776745 nan 334
1757623776811 nan 335
1757623776871 nan 336
1757623776928 nan 337
1757623776985 nan 338
1757623777040 nan 339
1757623777092 nan 340
1757623777145 nan 341
1757623777202 nan 342
1757623777258 nan 343
1757623777315 nan 344
1757623777372 nan 345
1757623777429 nan 346
1757623777489 nan 347
1757623777546 nan 348
1757623777605 nan 349
1757623777664 nan 350
1757623777722 nan 351
1757623777777 nan 352
1757623777832 nan 353
1757623777885 nan 354
1757623777938 nan 355
1757623777986 nan 356
1757623778040 nan 357
1757623778107 nan 358
1757623778170 nan 359
1757623778237 nan 360
1757623778291 nan 361
1757623778342 nan 362
1757623778395 nan 363
1757623778450 nan 364
1757623778498 nan 365
1757623778546 nan 366
1757623778592 nan 367
1757623778640 nan 368
1757623778686 nan 369
1757623778733 nan 370
1757623778780 nan 371
1757623778828 nan 372
1757623778875 nan 373
1757623778921 nan 374
1757623778967 nan 375
1757623779016 nan 376
1757623779063 nan 377
1757623779114 nan 378
1757623779162 nan 379
1757623779211 nan 380
1757623779260 nan 381
1757623779306 nan 382
1757623779356 nan 383
1757623779405 nan 384
1757623779455 nan 385
1757623779504 nan 386
1757623779551 nan 387
1757623779600 nan 388
1757623779647 nan 389
1757623779695 nan 390
1757623779742 nan 391
1757623779792 nan 392
1757623779841 nan 393
1757623779890 nan 394
1757623779949 nan 395
1757623780012 nan 396
1757623780074 nan 397
1757623780137 nan 398
1757623780199 nan 399
1757623780262 nan 400
1757623780325 nan 401
1757623780382 nan 402
1757623780446 nan 403
1757623780525 nan 404
1757623780595 nan 405
1757623780655 nan 406
1757623780715 nan 407
1757623780799 nan 408
1757623780869 nan 409
1757623780929 nan 410
1757623780984 nan 411
1757623781037 nan 412
1757623781091 nan 413
1757623781143 nan 414
1757623781193 nan 415
1757623781242 nan 416
1757623781294 nan 417
1757623781344 nan 418
1757623781394 nan 419
1757623781444 nan 420
1757623781496 nan 421
1757623781549 nan 422
1757623781602 nan 423
1757623781654 nan 424
1757623781707 nan 425
1757623781756 nan 426
1757623781808 nan 427
1757623781867 nan 428
1757623781928 nan 429
1757623781989 nan 430
1757623782048 nan 431
1757623782101 nan 432
1757623782153 nan 433
1757623782204 nan 434
1757623782255 nan 435
1757623782306 nan 436
1757623782355 nan 437
1757623782406 nan 438
1757623782458 nan 439
1757623782514 nan 440
1757623782565 nan 441
1757623782616 nan 442
1757623782665 nan 443
1757623782780 nan 444
1757623782832 nan 445
1757623782884 nan 446
1757623782939 nan 447
1757623783006 nan 448
1757623783148 nan 449
1757623783203 nan 450
1757623783256 nan 451
1757623783319 nan 452
1757623783375 nan 453
1757623783427 nan 454
1757623783479 nan 455
1757623783531 nan 456
1757623783583 nan 457
1757623783633 nan 458
1757623783684 nan 459
1757623783734 nan 460
1757623783783 nan 461
1757623783833 nan 462
1757623783884 nan 463
1757623783936 nan 464
1757623783987 nan 465
1757623784037 nan 466
1757623784089 nan 467
1757623784139 nan 468
1757623784191 nan 469
1757623784242 nan 470
1757623784293 nan 471
1757623784344 nan 472
1757623784395 nan 473
1757623784445 nan 474
1757623784495 nan 475
1757623784548 nan 476
1757623784601 nan 477
1757623784652 nan 478
1757623784700 nan 479
1757623784750 nan 480
1757623784804 nan 481
1757623784858 nan 482
1757623784908 nan 483
1757623784960 nan 484
1757623785011 nan 485
1757623785062 nan 486
1757623785112 nan 487
1757623785161 nan 488
1757623785213 nan 489
1757623785262 nan 490
1757623785312 nan 491
1757623785363 nan 492
1757623785414 nan 493
1757623785467 nan 494
1757623785530 nan 495
1757623785584 nan 496
1757623785637 nan 497
1757623785697 nan 498
1757623785747 nan 499
