1757639295343 144.56923733512204 0
1757639295393 118.308861241583 1
1757639295443 101.81306800506886 2
1757639295493 85.22319195520421 3
1757639295541 71.0870467640875 4
1757639295589 58.895957379410035 5
1757639295638 48.04285632827617 6
1757639295686 42.872059666269266 7
1757639295734 36.42664593716201 8
1757639295780 28.432338228350137 9
1757639295829 26.396345447025148 10
1757639295880 21.993545937764186 11
1757639295928 18.515303355866674 12
1757639295974 16.317597996925066 13
1757639296022 13.117687888456047 14
1757639296076 10.961831871403678 15
1757639296128 9.178147940910831 16
1757639296178 7.658582508687987 17
1757639296226 7.295322320091628 18
1757639296276 5.430995400311976 19
1757639296324 4.740532437677779 20
1757639296380 3.9276017513686234 21
1757639296511 3.6693038086953393 22
1757639296568 2.980732388212914 23
1757639296622 2.7689220710996567 24
1757639296674 2.2248316567852777 25
1757639296725 1.7284501254893645 26
1757639296776 1.65766968033082 27
1757639296826 1.1973743357100814 28
1757639296876 1.312088349098191 29
1757639296925 0.9558628465772921 30
1757639296975 0.7835885589486793 31
1757639297025 0.6830676510733754 32
1757639297074 0.6911042437079744 33
1757639297123 0.45021259401075664 34
1757639297172 0.5322493037712244 35
1757639297221 0.43343784488207504 36
1757639297271 0.4172381929021374 37
1757639297320 0.307297296665766 38
1757639297370 0.2047547201615118 39
1757639297421 0.222805775853204 40
1757639297471 0.6988416941009452 41
1757639297521 0.19994601955154 42
1757639297572 0.19291607857253723 43
1757639297631 0.21223279787575436 44
1757639297691 0.2539617927923391 45
1757639297740 0.16249814207952024 46
1757639297790 0.16707721703286404 47
1757639297839 0.1867543681125708 48
1757639297890 0.17378759098018792 49
1757639297939 0.0904591741495378 50
1757639297990 0.15201172376005762 51
1757639298041 0.11700010455541328 52
1757639298095 0.10689689518500373 53
1757639298148 0.08555492820516788 54
1757639298198 0.16014775007892945 55
1757639298248 0.1276162492968861 56
1757639298298 0.12506664298544612 57
1757639298349 0.10506743546157368 58
1757639298399 0.1342561603945669 59
1757639298448 0.10948133536148982 60
1757639298498 0.1518452209858727 61
1757639298549 0.11246218222680376 62
1757639298598 0.08081236891994631 63
1757639298648 0.1291922676188756 64
1757639298701 0.1370443382871396 65
1757639298751 0.0839624476960516 66
1757639298804 0.09329410202267892 67
1757639298854 0.12487318577005112 68
1757639298904 0.08254984873083157 69
1757639298954 0.11026043660505463 70
1757639299003 0.11106958049779589 71
1757639299053 0.11376852853814541 72
1757639299100 0.13647110066492366 73
1757639299149 0.12232962963533947 74
1757639299198 0.09278242299749297 75
1757639299247 0.19147975405874065 76
1757639299295 0.13549214571963386 77
1757639299345 0.10278314996477562 78
1757639299396 0.12659253041848542 79
1757639299445 0.11075448591678748 80
