1757649244385 169.08388782247098 0
1757649244528 169.05001666032751 1
1757649244647 168.9992196898474 2
1757649244712 168.9399724532474 3
1757649244781 168.87651343423687 4
1757649244850 168.81096204883653 5
1757649244924 168.7443780445409 6
1757649244991 168.67729130088847 7
1757649245080 168.60996675500957 8
1757649245142 168.5425368707211 9
1757649245205 168.47506787465596 10
1757649245268 168.40759287472437 11
1757649245331 168.34012841944357 12
1757649245398 168.27268277762815 13
1757649245458 168.20526007824117 14
1757649245526 168.13786238032165 15
1757649245592 168.0704907079485 16
1757649245660 168.00314556772284 17
1757649245734 167.935827207509 18
1757649245813 167.86853574580508 19
1757649245892 167.80127123642828 20
1757649245959 167.73403370085745 21
1757649246027 167.66682314440467 22
1757649246093 167.59963956430067 23
1757649246155 167.53248295373757 24
1757649246217 167.46535330389062 25
1757649246280 167.39825060492865 26
1757649246346 167.33117484651953 27
1757649246411 167.2641260180828 28
1757649246473 167.1971041089161 29
1757649246536 167.13010910825818 30
1757649246604 167.0631410053205 31
1757649246668 166.9961997893033 32
1757649246732 166.9292854494031 33
1757649246799 166.86239797481684 34
1757649246866 166.79553735474397 35
1757649247032 166.72870357838715 36
1757649247141 166.66189663495302 37
1757649247211 166.59511651365227 38
1757649247282 166.52836320369974 39
1757649247353 166.46163669431465 40
1757649247419 166.39493697472057 41
1757649247483 166.32826403414523 42
1757649247549 166.2616178618209 43
1757649247613 166.19499844698396 44
1757649247679 166.12840577887533 45
1757649247744 166.06183984674013 46
1757649247828 165.99530063982792 47
1757649247892 165.92878814739245 48
1757649247954 165.8623023586919 49
1757649248022 165.79584326298877 50
1757649248086 165.72941084954985 51
1757649248149 165.6630051076463 52
1757649248210 165.5966260265536 53
1757649248274 165.53027359555142 54
1757649248336 165.46394780392396 55
1757649248399 165.39764864095957 56
1757649248463 165.331376095951 57
1757649248526 165.26513015819526 58
1757649248585 165.19891081699382 59
1757649248645 165.13271806165218 60
1757649248708 165.06655188148036 61
1757649248769 165.0004122657927 62
1757649248828 164.93429920390773 63
1757649248887 164.86821268514834 64
1757649248947 164.8021526988417 65
1757649249012 164.73611923431935 66
1757649249072 164.670112280917 67
1757649249131 164.60413182797475 68
1757649249191 164.53817786483702 69
1757649249251 164.47225038085242 70
1757649249312 164.4063493653739 71
1757649249373 164.34047480775877 72
1757649249432 164.2746266973685 73
1757649249491 164.2088050235689 74
1757649249567 164.14300977573015 75
1757649249636 164.07724094322657 76
1757649249699 164.01149851543684 77
1757649249762 163.94578248174392 78
1757649249828 163.88009283153494 79
1757649249896 163.81442955420152 80
1757649249958 163.74879263913937 81
1757649250018 163.68318207574853 82
1757649250078 163.61759785343332 83
1757649250144 163.5520399616023 84
1757649250206 163.48650838966836 85
1757649250266 163.42100312704858 86
1757649250326 163.35552416316432 87
1757649250387 163.29007148744125 88
1757649250446 163.22464508930926 89
1757649250509 163.15924495820244 90
1757649250571 163.09387108355926 91
1757649250632 163.0285234548224 92
1757649250693 162.96320206143872 93
1757649250754 162.89790689285945 94
1757649250813 162.83263793853996 95
1757649250873 162.7673951879399 96
1757649250932 162.70217863052324 97
1757649250992 162.63698825575813 98
1757649251052 162.5718240531169 99
1757649251112 162.50668601207624 100
1757649251174 162.44157412211703 101
1757649251234 162.37648837272434 102
1757649251295 162.3114287533876 103
1757649251355 162.24639525360033 104
1757649251416 162.1813878628604 105
1757649251477 162.11640657066977 106
1757649251538 162.0514513665348 107
1757649251598 161.98652223996598 108
1757649251658 161.921619180478 109
1757649251718 161.85674217758984 110
1757649251779 161.7918912208247 111
1757649251840 161.72706629970992 112
1757649251916 161.66226740377718 113
1757649251980 161.59749452256224 114
1757649252042 161.53274764560524 115
1757649252106 161.4680267624503 116
1757649252167 161.403331862646 117
1757649252227 161.33866293574502 118
1757649252287 161.27401997130423 119
1757649252348 161.20940295888474 120
1757649252409 161.14481188805178 121
1757649252472 161.08024674837498 122
1757649252536 161.0157075294279 123
1757649252598 160.95119422078855 124
1757649252658 160.88670681203905 125
1757649252720 160.82224529276564 126
1757649252781 160.75780965255885 127
1757649252841 160.69339988101333 128
1757649252902 160.62901596772804 129
1757649252965 160.56465790230595 130
1757649253025 160.50032567435443 131
1757649253086 160.43601927348482 132
1757649253146 160.37173868931282 133
1757649253208 160.30748391145823 134
1757649253269 160.24325492954503 135
1757649253331 160.17905173320142 136
1757649253392 160.1148743120597 137
1757649253453 160.05072265575646 138
1757649253514 159.98659675393236 139
1757649253574 159.92249659623232 140
1757649253636 159.85842217230532 141
1757649253697 159.79437347180465 142
1757649253758 159.73035048438766 143
1757649253819 159.6663531997159 144
1757649253880 159.60238160745507 145
1757649253948 159.53843569727513 146
1757649254009 159.47451545885 147
1757649254072 159.41062088185797 148
1757649254133 159.34675195598132 149
1757649254194 159.28290867090666 150
1757649254255 159.21909101632457 151
1757649254317 159.15529898192992 152
1757649254380 159.09153255742166 153
1757649254451 159.02779173250292 154
1757649254516 158.96407649688098 155
1757649254656 158.90038684026717 156
1757649254822 158.83672275237723 157
1757649254894 158.77308422293066 158
1757649254962 158.70947124165139 159
1757649255036 158.64588379826742 160
1757649255108 158.58232188251088 161
1757649255174 158.51878548411796 162
1757649255239 158.4552745928291 163
1757649255305 158.39178919838884 164
1757649255371 158.32832929054575 165
1757649255436 158.2648948590527 166
1757649255502 158.20148589366656 167
1757649255600 158.13810238414834 168
1757649255670 158.07474432026328 169
1757649255734 158.01141169178058 170
1757649255799 157.94810448847366 171
1757649255866 157.8848227001201 172
1757649255930 157.82156631650147 173
1757649256006 157.7583353274036 174
1757649256072 157.69512972261631 175
1757649256135 157.6319494919336 176
1757649256197 157.56879462515354 177
1757649256259 157.5056651120784 178
1757649256321 157.4425609425144 179
1757649256382 157.37948210627204 180
1757649256444 157.31642859316577 181
1757649256507 157.25340039301432 182
1757649256569 157.1903974956403 183
1757649256631 157.1274198908706 184
1757649256695 157.06446756853612 185
1757649256758 157.00154051847193 186
1757649256821 156.93863873051708 187
1757649256883 156.87576219451483 188
1757649256946 156.81291090031243 189
1757649257008 156.75008483776128 190
1757649257071 156.68728399671687 191
1757649257133 156.62450836703877 192
1757649257196 156.5617579385906 193
1757649257258 156.4990327012401 194
1757649257321 156.43633264485914 195
1757649257384 156.3736577593235 196
1757649257450 156.3110080345132 197
1757649257513 156.2483834603123 198
1757649257578 156.1857840266089 199
1757649257642 156.1232097232952 200
1757649257704 156.06066054026746 201
1757649257767 155.998136467426 202
1757649257830 155.9356374946753 203
1757649257893 155.8731636119237 204
1757649257954 155.81071480908383 205
1757649258023 155.7482910760722 206
1757649258087 155.68589240280957 207
1757649258149 155.6235187792206 208
1757649258212 155.56117019523407 209
1757649258275 155.49884664078283 210
1757649258338 155.43654810580375 211
1757649258401 155.37427458023774 212
1757649258463 155.31202605402984 213
1757649258526 155.2498025171291 214
1757649258587 155.18760395948854 215
1757649258650 155.12543037106533 216
1757649258715 155.06328174182073 217
1757649258777 155.0011580617199 218
1757649258839 154.93905932073207 219
1757649258902 154.8769855088306 220
1757649258965 154.8149366159928 221
1757649259027 154.75291263220012 222
1757649259089 154.69091354743796 223
1757649259152 154.6289393516957 224
1757649259214 154.56699003496686 225
1757649259275 154.50506558724902 226
1757649259345 154.4431659985437 227
1757649259409 154.38129125885638 228
1757649259470 154.31944135819677 229
1757649259542 154.25761628657844 230
1757649259615 154.19581603401903 231
1757649259682 154.13404059054022 232
1757649259745 154.07228994616767 233
1757649259809 154.01056409093113 234
1757649259872 153.94886301486423 235
1757649259937 153.8871867080048 236
1757649260004 153.82553516039454 237
1757649260074 153.7639083620792 238
1757649260138 153.70230630310854 239
1757649260202 153.64072897353637 240
1757649260265 153.5791763634204 241
1757649260329 153.51764846282248 242
1757649260394 153.45614526180836 243
1757649260458 153.39466675044784 244
1757649260521 153.3332129188147 245
1757649260583 153.2717837569867 246
1757649260649 153.21037925504564 247
1757649260713 153.1489994030773 248
1757649260777 153.0876441911715 249
1757649260841 153.0263136094219 250
1757649260905 152.9650076479263 251
1757649260969 152.90372629678646 252
1757649261033 152.84246954610808 253
1757649261097 152.78123738600087 254
1757649261161 152.72002980657857 255
1757649261224 152.65884679795874 256
1757649261288 152.59768835026316 257
1757649261351 152.5365544536174 258
1757649261414 152.47544509815114 259
1757649261477 152.4143602739979 260
1757649261541 152.35329997129523 261
1757649261605 152.29226418018476 262
1757649261669 152.2312528908119 263
1757649261731 152.17026609332612 264
1757649261794 152.10930377788097 265
1757649261856 152.04836593463375 266
1757649261919 151.98745255374584 267
1757649261983 151.92656362538264 268
1757649262047 151.86569913971343 269
1757649262120 151.8048590869114 270
1757649262185 151.74404345715382 271
1757649262249 151.68325224062187 272
1757649262313 151.62248542750064 273
1757649262376 151.56174300797923 274
1757649262444 151.50102497225063 275
1757649262508 151.44033131051185 276
1757649262573 151.37966201296385 277
1757649262637 151.31901706981145 278
1757649262700 151.25839647126352 279
1757649262763 151.19780020753277 280
1757649262827 151.13722826883588 281
1757649262890 151.07668064539357 282
1757649262954 151.01615732743042 283
1757649263019 150.95565830517492 284
1757649263082 150.89518356885955 285
1757649263144 150.83473310872066 286
1757649263207 150.77430691499856 287
1757649263271 150.71390497793757 288
1757649263335 150.6535272877859 289
1757649263398 150.59317383479555 290
1757649263464 150.53284460922262 291
1757649263526 150.47253960132707 292
1757649263591 150.4122588013728 293
1757649263655 150.35200219962755 294
1757649263719 150.29176978636312 295
1757649263782 150.2315615518551 296
1757649263846 150.1713774863831 297
1757649263915 150.1112175802306 298
1757649263981 150.0510818236849 299
1757649264044 149.99097020703738 300
1757649264113 149.93088272058324 301
1757649264178 149.87081935462155 302
1757649264243 149.81078009945543 303
1757649264308 149.75076494539172 304
1757649264373 149.6907738827413 305
1757649264438 149.63080690181891 306
1757649264501 149.5708639929432 307
1757649264583 149.51094514643668 308
1757649264650 149.4510503526258 309
1757649264717 149.39117960184086 310
1757649264789 149.33133288441613 311
1757649264855 149.27151019068972 312
1757649264919 149.2117115110036 313
1757649264985 149.1519368357038 314
1757649265081 149.09218615513993 315
1757649265147 149.0324594596658 316
1757649265215 148.9727567396389 317
1757649265284 148.91307798542073 318
1757649265351 148.85342318737653 319
1757649265417 148.79379233587562 320
1757649265483 148.73418542129096 321
1757649265548 148.67460243399964 322
1757649265614 148.61504336438247 323
1757649265680 148.55550820282406 324
1757649265746 148.49599693971305 325
1757649265812 148.43650956544195 326
1757649265878 148.37704607040703 327
1757649265944 148.31760644500852 328
1757649266017 148.25819067965048 329
1757649266084 148.19879876474081 330
1757649266154 148.13943069069126 331
1757649266221 148.08008644791755 332
1757649266288 148.0207660268392 333
1757649266355 147.96146941787947 334
1757649266421 147.90219661146568 335
1757649266487 147.84294759802893 336
1757649266554 147.78372236800405 337
1757649266621 147.7245209118299 338
1757649266687 147.66534321994914 339
1757649266756 147.60618928280817 340
1757649266824 147.54705909085743 341
1757649266890 147.487952634551 342
1757649266956 147.42886990434695 343
1757649267022 147.36981089070716 344
1757649267088 147.3107755840973 345
1757649267153 147.25176397498697 346
1757649267221 147.19277605384954 347
1757649267286 147.13381181116225 348
1757649267351 147.07487123740606 349
1757649267417 147.01595432306598 350
1757649267483 146.95706105863067 351
1757649267548 146.89819143459272 352
1757649267615 146.83934544144853 353
1757649267681 146.78052306969826 354
1757649267747 146.72172430984594 355
1757649267811 146.6629491523995 356
1757649267877 146.6041975878706 357
1757649267942 146.54546960677473 358
1757649268008 146.4867651996312 359
1757649268074 146.4280843569632 360
1757649268140 146.36942706929767 361
1757649268211 146.3107933271654 362
1757649268278 146.25218312110093 363
1757649268345 146.1935964416427 364
1757649268412 146.13503327933296 365
1757649268476 146.07649362471767 366
1757649268544 146.01797746834663 367
1757649268609 145.95948480077357 368
1757649268675 145.9010156125559 369
1757649268741 145.8425698942548 370
1757649268807 145.7841476364354 371
1757649268872 145.72574882966651 372
1757649268938 145.66737346452072 373
1757649269006 145.60902153157454 374
1757649269074 145.5506930214082 375
1757649269143 145.4923879246057 376
1757649269210 145.43410623175484 377
1757649269285 145.37584793344723 378
1757649269353 145.31761302027834 379
1757649269421 145.25940148284727 380
1757649269488 145.20121331175704 381
1757649269566 145.14304849761442 382
1757649269638 145.0849070310299 383
1757649269705 145.0267889026178 384
1757649269779 144.9686941029963 385
1757649269850 144.9106226227872 386
1757649269918 144.85257445261618 387
1757649269990 144.7945495831127 388
1757649270057 144.73654800490993 389
1757649270130 144.67856970864483 390
1757649270200 144.62061468495818 391
1757649270269 144.5626829244945 392
1757649270348 144.50477441790213 393
1757649270416 144.44688915583296 394
1757649270485 144.38902712894296 395
1757649270552 144.33118832789168 396
1757649270622 144.27337274334238 397
1757649270690 144.21558036596227 398
1757649270757 144.15781118642212 399
1757649270824 144.10006519539658 400
1757649270892 144.042342383564 401
1757649270960 143.9846427416066 402
1757649271029 143.92696626021018 403
1757649271096 143.86931293006432 404
1757649271163 143.81168274186248 405
1757649271231 143.75407568630177 406
1757649271297 143.69649175408304 407
1757649271368 143.638930935911 408
1757649271436 143.58139322249386 409
1757649271501 143.52387860454382 410
1757649271568 143.46638707277668 411
1757649271637 143.40891861791212 412
1757649271703 143.35147323067332 413
1757649271771 143.29405090178747 414
1757649271839 143.23665162198523 415
1757649271906 143.17927538200124 416
1757649271972 143.1219221725737 417
1757649272041 143.06459198444458 418
1757649272107 143.00728480835963 419
1757649272174 142.95000063506828 420
1757649272246 142.8927394553237 421
1757649272315 142.83550125988273 422
1757649272383 142.77828603950604 423
1757649272605 142.72109378495796 424
1757649272682 142.6639244870065 425
1757649272752 142.60677813642346 426
1757649272822 142.54965472398433 427
1757649272892 142.4925542404683 428
1757649272961 142.43547667665825 429
1757649273031 142.3784220233409 430
1757649273100 142.3213902713065 431
1757649273168 142.26438141134915 432
1757649273238 142.20739543426652 433
1757649273307 142.15043233086016 434
1757649273377 142.09349209193516 435
1757649273445 142.0365747083005 436
1757649273513 141.9796801707686 437
1757649273582 141.92280847015584 438
1757649273651 141.8659595972821 439
1757649273720 141.80913354297113 440
1757649273788 141.7523302980502 441
1757649273857 141.6955498533504 442
1757649273926 141.6387921997065 443
1757649273995 141.5820573279569 444
1757649274062 141.52534522894373 445
1757649274130 141.46865589351282 446
1757649274197 141.41198931251367 447
1757649274271 141.35534547679944 448
1757649274341 141.298724377227 449
1757649274410 141.24212600465694 450
1757649274477 141.1855503499534 451
1757649274557 141.12899740398436 452
1757649274633 141.0724671576214 453
1757649274702 141.01595960173978 454
1757649274771 140.9594747272184 455
1757649274841 140.90301252493992 456
1757649274910 140.84657298579057 457
1757649274979 140.7901561006604 458
1757649275069 140.73376186044288 459
1757649275139 140.6773902560354 460
1757649275209 140.6210412783389 461
1757649275279 140.564714918258 462
1757649275349 140.50841116670097 463
1757649275419 140.45213001457975 464
1757649275488 140.39587145280993 465
1757649275557 140.33963547231076 466
1757649275627 140.2834220640052 467
1757649275697 140.22723121881978 468
1757649275788 140.17106292768474 469
1757649275859 140.114917181534 470
1757649275930 140.05879397130502 471
1757649276001 140.002693287939 472
1757649276071 139.94661512238076 473
1757649276141 139.8905594655788 474
1757649276210 139.83452630848524 475
1757649276280 139.7785156420558 476
1757649276354 139.7225274572499 477
1757649276424 139.6665617450306 478
1757649276494 139.61061849636457 479
1757649276562 139.55469770222214 480
1757649276630 139.49879935357723 481
1757649276698 139.44292344140752 482
1757649276767 139.38706995669412 483
1757649276835 139.33123889042196 484
1757649276905 139.27543023357947 485
1757649276975 139.21964397715885 486
1757649277042 139.16388011215577 487
1757649277110 139.10813862956965 488
1757649277182 139.05241952040342 489
1757649277250 138.99672277566376 490
1757649277318 138.94104838636088 491
1757649277388 138.88539634350866 492
1757649277456 138.82976663812454 493
1757649277607 138.77415926122967 494
1757649277682 138.71857420384868 495
1757649277755 138.66301145700993 496
1757649277826 138.60747101174536 497
1757649277899 138.55195285909056 498
1757649277970 138.4964569900846 499
