1757643363622 75.04971772301565 0
1757643363715 24.239233940215854 1
1757643363810 16.387010023258085 2
1757643363901 5.586745666319001 3
1757643363991 3.1436435637716533 4
1757643364081 1.9825985754370412 5
1757643364182 0.5052056537086935 6
1757643364278 0.024520736690724354 7
1757643364370 0.06983545346037985 8
1757643364462 0.04851772151359107 9
1757643364554 0.437469043317244 10
1757643364646 7.613638959014457e-05 11
1757643364738 0.12506029029265586 12
1757643364834 0.012022848958342682 13
1757643364927 0.8575720678454862 14
1757643365019 0.09536360592161267 15
1757643365115 0.5327516212151697 16
1757643365208 0.07948354171165595 17
1757643365302 0.1615010925234355 18
1757643365400 0.00972287086899568 19
1757643365493 0.1673913498236884 20
1757643365588 0.08346072695475272 21
1757643365682 0.0008629343287150705 22
1757643365790 0.07748546127511684 23
1757643365892 0.28351679156762233 24
1757643365994 0.15198315261851103 25
1757643366091 0.013661016796576327 26
1757643366190 0.372805936680372 27
1757643366286 0.0954986248710658 28
1757643366381 0.049043054534224285 29
1757643366474 0.18690886470571036 30
1757643366566 0.12829041730445168 31
1757643366658 0.04637014996548546 32
1757643366754 0.5113146322512964 33
1757643366849 0.0851475991145472 34
1757643366944 0.16872721327292495 35
1757643367039 0.0005476029067118109 36
1757643367132 0.0693175127073284 37
1757643367225 0.012981655861533558 38
1757643367319 0.06013199344206028 39
1757643367423 0.2864965579231586 40
1757643367523 0.07195655727249431 41
1757643367619 0.5791310537552441 42
1757643367713 0.011825758228281195 43
1757643367807 0.2536048865708137 44
1757643367901 0.03329006580365758 45
1757643367995 0.023590175660030778 46
1757643368089 0.3170208285234697 47
1757643368297 0.001212416180967773 48
1757643368409 0.0014920284111345167 49
1757643368515 0.10401813239541044 50
1757643368617 0.021890072778673487 51
1757643368713 0.08302122126340647 52
1757643368810 0.05660676022112036 53
1757643368908 0.10994501768498152 54
1757643369004 0.03952809299541937 55
1757643369099 0.020155718914497068 56
1757643369192 0.019450700324601753 57
1757643369286 0.05689300019597854 58
1757643369380 0.05475057506526085 59
1757643369475 0.06973244077823179 60
1757643369570 0.013928200332942757 61
1757643369664 0.006226913551009271 62
1757643369759 0.10645836597070392 63
1757643369856 0.014715643283685192 64
1757643369949 0.0247996270191049 65
1757643370043 0.294109143647675 66
1757643370136 0.0120634104656798 67
1757643370229 0.013657706362109612 68
1757643370330 0.0011408102424395965 69
1757643370426 0.005066565395547241 70
1757643370519 0.516700409293908 71
1757643370613 9.18609778641013e-06 72
1757643370708 0.04370500708889142 73
1757643370801 0.001373441013906762 74
1757643370894 0.07506129693895679 75
1757643370988 0.28597800793515304 76
1757643371084 0.035362121851423525 77
1757643371178 0.0012792133377262545 78
1757643371271 0.0015391569566648078 79
1757643371365 0.004878325877324088 80
1757643371459 0.3095099158859147 81
1757643371553 0.008951354352581587 82
1757643371647 0.00778275047030638 83
1757643371742 0.1589573804140171 84
1757643371838 0.7164695447795579 85
1757643371933 0.04503916586783801 86
1757643372027 1.0523528002551307e-05 87
1757643372121 0.059496341179992696 88
1757643372216 0.004943029561427781 89
1757643372313 0.09299251754627 90
1757643372413 0.15737288446448977 91
1757643372506 0.03298659910266425 92
1757643372600 0.015106971820416117 93
1757643372694 0.007937156110314125 94
1757643372792 0.25920407206668156 95
1757643372889 1.0045890374789577 96
1757643372983 0.312258528731518 97
1757643373077 0.16671185169535616 98
1757643373173 0.0019723849165463325 99
1757643373278 0.07304259851550411 100
1757643373381 0.01871151419913329 101
1757643373492 0.18041167890884327 102
1757643373591 0.6616818456692345 103
1757643373689 0.18513972562302655 104
1757643373794 3.2263826099282736e-05 105
1757643373955 0.0438841480269253 106
1757643374061 0.01358081051391792 107
1757643374166 0.04867343076163034 108
1757643374265 0.017051481304400738 109
1757643374368 0.18675721408545679 110
1757643374467 0.07676661981869408 111
1757643374567 0.00042622026363868195 112
1757643374665 0.03527766598275774 113
1757643374764 0.0031014876760610166 114
1757643374860 0.017470513526988085 115
1757643374955 0.000566567041617734 116
1757643375050 0.020761266272294555 117
1757643375147 0.6682972856259136 118
1757643375250 0.00424890772133221 119
1757643375348 0.010721821950125469 120
1757643375443 0.005826910221622009 121
1757643375537 0.28344204283437824 122
1757643375634 0.09469907637260848 123
1757643375734 0.02865057718381508 124
1757643375839 0.014558649135632668 125
1757643375937 0.030786785179474627 126
1757643376033 0.6412226247555098 127
1757643376129 0.03851480852059768 128
1757643376224 0.23142502931683723 129
1757643376319 0.060301817651084874 130
1757643376419 0.0012385029373560297 131
1757643376517 0.28704437796304744 132
1757643376612 0.025144778026090834 133
1757643376708 0.009051247923558103 134
1757643376803 0.04166727030727345 135
1757643376899 9.52203707371077e-05 136
1757643376994 0.0027778398567161956 137
1757643377089 0.054814857232057736 138
1757643377184 0.07066574573736872 139
1757643377279 0.1284579950469142 140
1757643377375 0.6086345902714878 141
1757643377470 0.0006604277594533907 142
1757643377566 0.04712581173582689 143
1757643377661 0.09349454084939791 144
1757643377756 0.02947152670849658 145
1757643377851 0.15855049801014318 146
1757643377947 0.02442878726989124 147
1757643378045 0.026970703848551193 148
1757643378143 0.15224961175063134 149
1757643378239 1.750488629920374 150
1757643378334 0.03086215315289169 151
1757643378443 0.8071349334162747 152
1757643378543 0.025697957329178078 153
1757643378642 0.05542608159131329 154
1757643378741 0.11186987776988531 155
1757643378841 0.10140297915028278 156
1757643378938 0.0030794149890472767 157
1757643379034 0.06510529302838106 158
1757643379129 0.027069638713949868 159
1757643379225 0.28707378901852193 160
1757643379320 0.042021799376371446 161
1757643379417 0.005404758821120459 162
1757643379515 0.2268869819177064 163
1757643379610 0.3758488650253833 164
1757643379706 0.3045765037616579 165
1757643379802 0.08180780712610072 166
1757643379898 0.00021801343880090395 167
1757643379994 0.04802062701258203 168
1757643380090 0.0017591308978608484 169
1757643380187 0.42820270884620076 170
1757643380283 0.006485892647833572 171
1757643380379 1.8514623887257122e-05 172
1757643380477 0.24850301591258425 173
1757643380576 0.7725659064701842 174
1757643380672 0.18459807155930974 175
1757643380768 0.37470771797143365 176
1757643380864 0.0822501299752487 177
1757643380960 0.03653109401773088 178
1757643381056 0.015005682837256458 179
1757643381153 0.08386877176269349 180
1757643381272 0.19387130034430808 181
1757643381370 0.009389105040194983 182
1757643381467 0.06187304555910095 183
1757643381563 0.02674962744596771 184
1757643381660 0.2397405689510152 185
1757643381756 0.0016294612411105228 186
1757643381853 0.004132861180569257 187
1757643381950 0.046275660732330186 188
1757643382047 0.056718672804338816 189
1757643382143 0.07368491722005502 190
1757643382240 0.03658838530350637 191
1757643382336 0.016775983012912162 192
1757643382434 0.00026968522864207335 193
1757643382536 0.004289500915844257 194
1757643382633 0.023926308286498964 195
1757643382729 0.005870052614155029 196
1757643382826 0.0050896601580801455 197
1757643382922 0.1123295514929155 198
1757643383019 0.10535313345022623 199
1757643383116 0.007816727528768497 200
1757643383211 0.5852380700041517 201
1757643383330 0.02196032655407477 202
1757643383444 0.0019199778413758481 203
1757643383549 0.005516389442189137 204
1757643383649 0.31094594279231996 205
1757643383749 0.0007983494344364139 206
1757643383849 0.04898700219017686 207
1757643383948 0.02793352876187659 208
1757643384046 0.10816064239483829 209
1757643384143 0.08311020466760465 210
1757643384239 0.2572982681587031 211
1757643384338 0.029294674238599747 212
1757643384435 0.37713419844074036 213
1757643384538 0.032424382831923226 214
1757643384638 0.0018761858834193314 215
1757643384738 0.14674669403400217 216
1757643384835 0.004168280107131862 217
1757643384933 0.2945867789979304 218
1757643385031 0.26707806527282246 219
1757643385127 0.004954272745113654 220
1757643385224 0.08135908059273343 221
1757643385323 0.12508358494586605 222
1757643385500 0.5259779207010278 223
1757643385774 0.027470072088834927 224
1757643385885 0.21345203448054964 225
1757643385990 0.0021765631700025076 226
1757643386093 0.07904060108887202 227
1757643386195 0.05269143102485361 228
1757643386296 0.004525744981250696 229
1757643386398 0.011325861566492481 230
1757643386496 0.009909866118935018 231
1757643386604 0.5327499282846203 232
1757643386703 0.02917895821183928 233
1757643386802 0.0041731814591003495 234
1757643386900 0.07098027295570886 235
1757643386997 0.2026245563236496 236
1757643387096 0.15896161936437214 237
1757643387194 0.008266070940094728 238
1757643387292 0.003987385558065167 239
1757643387390 0.030370780715816618 240
1757643387488 0.05787608631741092 241
1757643387586 0.3031441535834865 242
1757643387684 0.01149579758384661 243
1757643387782 0.008943157546828027 244
1757643387881 0.027844674022873623 245
1757643387979 0.0851751555095136 246
1757643388077 0.00033931564875749464 247
1757643388176 3.503563598916292e-05 248
1757643388274 0.31184818377595325 249
1757643388376 0.9192182594209105 250
1757643388491 0.12020076619483687 251
1757643388595 1.21205375488838 252
1757643388699 0.03187091160679616 253
1757643388800 0.00011854465580674015 254
1757643388901 0.27836082393670475 255
1757643389002 0.1481055592283001 256
1757643389100 0.002183499912506299 257
1757643389199 0.08485230078540539 258
1757643389298 0.11210722671899973 259
1757643389397 0.0901449367439648 260
1757643389497 4.805449214663813e-06 261
1757643389660 0.008316277407315406 262
1757643389785 0.11081137894317745 263
1757643389890 0.0025271469433463495 264
1757643389994 0.13144808748499928 265
1757643390096 0.19587025969904864 266
1757643390198 0.18658187892920455 267
1757643390296 0.003766053430157473 268
1757643390394 0.1770376634922539 269
1757643390493 0.0055440362143923914 270
1757643390591 1.309850163552297 271
1757643390700 0.07544792444020595 272
1757643390800 0.05347089118416134 273
1757643390899 0.0004555914694344452 274
1757643390998 0.061823268087247 275
1757643391097 0.0853034382142369 276
1757643391196 0.0633022107614036 277
1757643391294 0.2777686731715732 278
1757643391444 1.1092252986459812 279
1757643391550 0.0004891561597481829 280
1757643391652 0.5028421493067501 281
1757643391754 0.012187840792994113 282
1757643391853 0.0004402952777989616 283
1757643391951 0.034222182487034965 284
1757643392051 0.07906494926793134 285
1757643392152 0.009890038305428216 286
1757643392251 0.17006969491370913 287
1757643392349 0.009475918829832432 288
1757643392449 0.144159160262424 289
1757643392546 0.05245602585931623 290
1757643392646 0.05904300424133202 291
1757643392753 0.08517670196541276 292
1757643392853 0.016772980797593245 293
1757643392952 0.08810540357482345 294
1757643393051 0.004767325301042834 295
1757643393150 0.06133373964071438 296
1757643393257 7.30543497626917e-05 297
1757643393391 0.009058378549689113 298
1757643393503 0.10424729220701012 299
1757643393607 0.005408395805734185 300
1757643393709 0.35601180945432753 301
1757643393811 0.19490313749214458 302
1757643393911 0.03887612739989068 303
1757643394010 0.18208157577601802 304
1757643394109 0.01807445287851175 305
1757643394208 0.2583593543582284 306
1757643394322 0.05262552924833124 307
1757643394425 0.00784043148189699 308
1757643394526 0.05728662285702858 309
1757643394629 0.0481114166302439 310
1757643394733 0.3471756915943006 311
1757643394834 0.01852701884240949 312
1757643394933 3.5691523098067006e-05 313
1757643395037 0.011019192071854438 314
1757643395139 0.10640376734363062 315
1757643395239 0.1380449712594425 316
1757643395340 0.05181194052429349 317
1757643395443 0.009136492516738415 318
1757643395545 0.16072932969314327 319
1757643395646 0.1220922499916088 320
1757643395745 0.005597506477572207 321
1757643395846 0.275219665073364 322
1757643395946 0.0011652897027453275 323
1757643396045 0.027663054644528975 324
1757643396145 0.06473769268314271 325
1757643396244 0.006249752410045911 326
1757643396343 0.2549229694059173 327
1757643396443 0.10452648102964182 328
1757643396543 0.003123145619309829 329
1757643396642 0.0844499045766382 330
1757643396745 0.019419733156555374 331
1757643396847 0.13852823209267953 332
1757643396947 0.08084672014118817 333
1757643397047 0.004219416111213073 334
1757643397146 0.0710891225932245 335
1757643397247 0.0009392912970185488 336
1757643397347 0.000533653490815832 337
1757643397447 0.005231877720508071 338
1757643397547 0.001903644258316322 339
1757643397647 0.12052370813243911 340
1757643397747 0.004413526513130199 341
1757643397848 0.04921369453236158 342
1757643397947 0.0015419758076365422 343
1757643398048 0.027687367530021566 344
1757643398147 0.005625257315849539 345
1757643398247 0.5005869094124316 346
1757643398348 0.05407794471460504 347
1757643398464 0.1459388976774455 348
1757643398569 0.02649836297450035 349
1757643398672 0.28242001653498644 350
1757643398775 0.00906478942708053 351
1757643398879 2.1432489255493046 352
1757643398978 0.1707382217476268 353
1757643399079 0.2639865421221728 354
1757643399178 0.0001734252032811463 355
1757643399279 0.07919629563285434 356
1757643399378 1.1052091583698993 357
1757643399479 0.010354323247150108 358
1757643399580 0.008568787937697157 359
1757643399679 0.00983750346695246 360
1757643399781 0.04668010277681832 361
1757643399881 0.12937838510299982 362
1757643399985 0.01673584944187809 363
1757643400086 0.0005537106319828293 364
1757643400187 0.011623759687088463 365
1757643400287 0.04352506051120696 366
1757643400387 0.009113954491412144 367
1757643400487 0.17621612061807382 368
1757643400588 0.0002376322301716261 369
1757643400688 0.015333725104274706 370
1757643400792 0.011780746206267585 371
1757643400897 0.0022235755388592742 372
1757643400998 0.003760002169584237 373
1757643401099 0.5665402014433237 374
1757643401199 0.004734717015307937 375
1757643401298 0.11160988798072691 376
1757643401399 0.047483724956419074 377
1757643401498 0.008742295386226047 378
1757643401599 0.004545681040497198 379
1757643401699 0.2550514057713768 380
1757643401801 0.001305506729292529 381
1757643401903 0.032386791617433686 382
1757643402007 0.09136734878699933 383
1757643402110 0.0360353568224031 384
1757643402210 0.2607157636267339 385
1757643402311 0.35866264868382797 386
1757643402413 0.00046234844533717665 387
1757643402514 0.3098912006667626 388
1757643402614 0.01873462842914044 389
1757643402715 0.6222151645964008 390
1757643402818 0.005448178732947907 391
1757643402925 0.6139225092673188 392
1757643403025 0.19216561999976084 393
1757643403127 0.0025356558458392016 394
1757643403228 0.0035478824835765365 395
1757643403341 0.31091770045814254 396
1757643403457 0.02273443996078138 397
1757643403562 0.09837114309847195 398
1757643403667 0.028682334537045665 399
1757643403771 0.3641867708511795 400
1757643403874 0.10436963332368146 401
1757643403975 0.15601014099518715 402
1757643404076 0.016991985124321273 403
1757643404177 0.08027573342147566 404
1757643404278 0.04875770094082568 405
1757643404380 0.009245195518338618 406
1757643404482 0.1957495862672174 407
1757643404585 0.0022548639453264705 408
1757643404686 0.33710229239524636 409
1757643404846 0.20410541099590243 410
1757643404952 0.11267782889406405 411
1757643405058 0.10826722314058451 412
1757643405159 0.7834684008481639 413
1757643405264 0.002731619856681183 414
1757643405365 0.0006544817412887277 415
1757643405467 0.2946698969984055 416
1757643405569 0.0024861201131942054 417
1757643405678 0.11867881139419387 418
1757643405871 0.1861392289284727 419
1757643405988 0.0027422471400338233 420
1757643406099 0.2588758355957969 421
1757643406204 0.08967423294455948 422
1757643406308 0.0015219476418618654 423
1757643406413 0.06112126783630335 424
1757643406518 0.06376359788629615 425
1757643406620 0.32259300343587627 426
1757643406723 0.2824474003553124 427
1757643406829 0.08182830728747917 428
1757643406937 0.00045650799578395246 429
1757643407045 0.054485954068951084 430
1757643407155 0.0040622518581473095 431
1757643407262 0.07662621488852246 432
1757643407369 0.018895314282084522 433
1757643407473 0.009316271295809952 434
1757643407578 0.08168050561732985 435
1757643407683 0.003598096954392572 436
1757643407787 0.5817406789569208 437
1757643407892 0.1845597722463002 438
1757643408001 0.7998571751876947 439
1757643408117 0.11348258502544885 440
1757643408225 0.03558097200695537 441
1757643408334 0.00019594513957865286 442
1757643408454 0.9271750151921031 443
1757643408561 0.0379174775903761 444
1757643408667 0.2577291081127975 445
1757643408772 0.2079091505930864 446
1757643408878 0.07620592941379513 447
1757643408987 0.31448585803056484 448
1757643409091 0.08815359938362818 449
1757643409194 0.00010313020070217754 450
1757643409297 0.3932250842849546 451
1757643409400 0.5138265360138121 452
1757643409505 0.00015322928365993775 453
1757643409608 0.010237225511526908 454
1757643409710 0.0002269816013787198 455
1757643409813 0.054798165780312845 456
1757643409916 0.061700189372511816 457
1757643410018 0.013384682298967585 458
1757643410121 0.024563692295290717 459
1757643410224 0.04452641645486833 460
1757643410327 0.7951131428245525 461
1757643410433 0.011629832700293292 462
1757643410546 0.017667352958814404 463
1757643410663 0.2863230020951001 464
1757643410771 0.00023545367175044536 465
1757643410877 2.6837320552724153e-05 466
1757643410986 0.11913202440799275 467
1757643411092 0.045405576652096234 468
1757643411195 0.024402106654845896 469
1757643411298 0.10492291262485649 470
1757643411400 0.00010290018686870174 471
1757643411503 0.36768264033890746 472
1757643411605 0.05429341401223653 473
1757643411708 0.07957793057395321 474
1757643411812 0.5587979105416782 475
1757643411915 6.809957354176946e-05 476
1757643412019 0.006914562505233632 477
1757643412122 0.0017749375197509466 478
1757643412226 0.1778822448580497 479
1757643412329 0.04435737407182873 480
1757643412436 0.11983501208180353 481
1757643412540 0.09819344155356428 482
1757643412643 0.007463410193005556 483
1757643412746 0.29003454452658706 484
1757643412849 0.0015517735081952474 485
1757643412952 0.10729289230301062 486
1757643413062 0.03981288017162768 487
1757643413168 0.015052142162798796 488
1757643413278 6.937448659457806e-05 489
1757643413394 0.6642883414091174 490
1757643413511 0.07489255721281415 491
1757643413618 0.05407439613642962 492
1757643413725 0.1479818926029226 493
1757643413831 0.15413955866509219 494
1757643413935 0.06874027056442068 495
1757643414038 0.01390643569677584 496
1757643414142 0.09838401536084056 497
1757643414245 0.01963532145204156 498
1757643414349 4.940523883343672e-05 499
