1757634107619 30.11303233657552 0
1757634107670 5.994742815425733 1
1757634107714 1.136618288901871 2
1757634107762 0.2421746300106923 3
1757634107825 0.16576403742614212 4
1757634107880 0.19727808767243676 5
1757634108025 0.08374254866947554 6
1757634108084 0.13082167301920794 7
1757634108138 0.10872991836777737 8
1757634108194 0.09061238049322037 9
1757634108249 0.17686617133955032 10
1757634108301 0.07327937025176073 11
1757634108352 0.0926377674860491 12
1757634108402 0.08335725285812172 13
1757634108466 0.1393194543412117 14
1757634108536 0.11888279801954621 15
1757634108597 0.05733601296732253 16
1757634108654 0.10326021485005185 17
