1757629022232 0.0013171680895890953 0
1757629022322 0.0002824673658846779 1
1757629022414 0.20645461933294554 2
1757629022501 0.017561439536525923 3
1757629022586 1.0079035847600044 4
1757629022676 0.2582975501220788 5
1757629022769 0.004129963306470365 6
1757629022860 0.1892302657286732 7
1757629022952 1.0173879474898497 8
1757629023040 0.8421602291077794 9
1757629023162 0.004626568910307773 10
1757629023254 0.028388764122593352 11
1757629023343 0.3860384492199315 12
1757629023436 0.027026029461521387 13
1757629023598 4.170803155704367e-05 14
1757629023767 0.14992679924450508 15
1757629023879 0.10869512664536914 16
1757629023992 0.0011225977686789325 17
1757629024103 0.12605469612131084 18
1757629024199 0.10526176471541315 19
1757629024296 0.32814546883241424 20
1757629024416 0.09938216122431726 21
1757629024531 0.10887004425457562 22
1757629024638 0.00420698623335533 23
1757629024747 0.007162764642141569 24
1757629024857 0.07418539725308068 25
1757629024969 0.013950967836628258 26
1757629025072 0.2243806660234357 27
1757629025213 0.004526912062854678 28
1757629025317 0.550576999889526 29
1757629025419 0.12749647621575522 30
1757629025530 0.047189942730767015 31
1757629025639 4.0422776784332224e-05 32
1757629025743 0.12044419897263603 33
1757629025855 0.014224757028315235 34
1757629025961 0.06461580690477081 35
1757629026069 0.005874161111269315 36
1757629026164 0.002603219394338465 37
1757629026256 0.0250466221103735 38
1757629026346 0.15059929579319414 39
1757629026438 0.5551159470687917 40
1757629026526 0.05482767436592182 41
1757629026631 0.13312740255477157 42
1757629026731 0.21588534768521161 43
1757629026820 0.0007030802100435226 44
1757629026909 0.020707161065042046 45
1757629026996 0.024805593289232104 46
1757629027083 0.12460067323279675 47
1757629027171 0.09995553068730496 48
1757629027261 9.479165934322781e-05 49
1757629027348 0.003345816008604155 50
1757629027435 0.30720876847587947 51
1757629027529 0.045171853965893814 52
1757629027630 0.0181513464523438 53
1757629027731 0.007132618870112336 54
1757629027833 0.054942539500175386 55
1757629027938 0.2237185900665712 56
1757629028038 0.0009894508016982885 57
1757629028136 0.5029503758614343 58
1757629028260 0.26702811630820805 59
1757629028448 0.33644084352117304 60
1757629028572 0.10950912585955053 61
1757629028690 0.4789916673220892 62
1757629028806 0.08517999329967767 63
1757629028919 0.39559210415030316 64
1757629029019 0.11065474855241925 65
1757629029114 0.07893369248521846 66
1757629029211 0.22606315482511155 67
1757629029307 0.00036640241994353653 68
1757629029416 0.21293935091453356 69
1757629029525 0.6404128085173388 70
1757629029626 0.10469515246173032 71
1757629029721 0.036628927490594015 72
1757629029819 0.020106452164488916 73
1757629029916 0.0015960249841612659 74
1757629030013 0.002802518958810887 75
1757629030115 0.009300147399184399 76
1757629030244 0.003772175175612985 77
1757629030346 0.2630650814066799 78
1757629030444 0.025106083330930232 79
1757629030537 0.007331894446630205 80
1757629030628 0.02716693203735005 81
1757629030721 6.31091658827832e-05 82
1757629030813 0.8648510624365088 83
1757629030909 8.200846629126583e-05 84
1757629031010 0.0064750661505126065 85
1757629031106 0.29232022888650466 86
1757629031202 0.0007988401149470909 87
1757629031306 0.6947275890389674 88
1757629031402 0.1909846885687911 89
1757629031500 0.0024169348371566733 90
1757629031597 0.16708393666360097 91
1757629031698 0.012084233574011423 92
1757629031793 0.07968991484747923 93
1757629031886 0.17996116101512022 94
1757629031977 0.08958366711843621 95
1757629032067 0.08321150334335753 96
1757629032156 0.21560467193713703 97
1757629032246 0.05838193665940272 98
1757629032335 0.002588770620058876 99
1757629032445 0.34314194670689185 100
1757629032611 0.6415021304269632 101
1757629032713 0.23196238129876556 102
1757629032811 0.21403401920367524 103
1757629032908 0.0022483739706844704 104
1757629033001 0.010279111393271657 105
1757629033091 0.07123431737373191 106
1757629033180 0.0036166331877696785 107
1757629033270 0.002241915123551832 108
1757629033363 0.05432828971467487 109
1757629033453 0.1253484993293043 110
1757629033542 0.06872439863744262 111
1757629033631 0.021932502112952217 112
1757629033720 0.2799391911267121 113
1757629033808 0.16589273183337433 114
1757629033898 0.1403664689188469 115
1757629033985 0.7109679136644178 116
1757629034072 0.24686433213839953 117
1757629034160 0.011589120961054784 118
1757629034248 0.19876407208318794 119
1757629034350 0.004458403180151656 120
1757629034451 1.882036475851943e-05 121
1757629034548 0.003492242289206837 122
1757629034639 0.05053182046590554 123
1757629034728 0.012021443369546157 124
1757629034818 0.6684322716282936 125
1757629034906 0.05097486394877046 126
1757629035002 0.0030449170831174494 127
1757629035101 0.00297579617526979 128
1757629035215 0.0252573037695327 129
1757629035315 0.15147169344062042 130
1757629035412 0.002292291495767758 131
1757629035506 0.02658950867170331 132
1757629035600 0.107219596471614 133
1757629035702 0.014257589404475132 134
1757629035803 0.3663575524097969 135
1757629035907 0.04900560135818081 136
1757629036002 0.09012575145104919 137
1757629036098 0.1878794629286471 138
1757629036189 0.010108389433201265 139
1757629036287 0.018842617678739088 140
1757629036389 0.6481001093512884 141
1757629036491 0.09423394390169007 142
1757629036603 0.046797093871319535 143
1757629036699 0.023427142151066952 144
1757629036793 0.011548142228261126 145
1757629036884 0.0015420664810397399 146
1757629036979 0.091935503719393 147
1757629037089 0.17073059554197081 148
1757629037186 0.06252529747988661 149
1757629037277 0.18507571212041332 150
1757629037370 0.002934616810965812 151
1757629037467 0.11879739121351532 152
1757629037571 0.20051920065700424 153
1757629037677 0.5063252736001356 154
1757629037788 0.0010827317647231617 155
1757629037894 0.14153766662662975 156
1757629037991 0.05245216012670778 157
1757629038088 0.11635261578539217 158
1757629038189 0.0005798011417542028 159
1757629038374 0.015790579884401735 160
1757629038485 0.02586471195894293 161
1757629038614 0.03295315927579518 162
1757629038730 0.026543079802964435 163
1757629038835 0.0017335165428652383 164
1757629038935 0.3169375335402585 165
1757629039032 0.7707688590410261 166
1757629039135 0.02391110356895766 167
1757629039274 0.005416426629847381 168
1757629039396 0.14754674459407977 169
1757629039509 0.0010073519681249045 170
1757629039611 0.030496649809171335 171
1757629039721 0.0997978539984106 172
1757629039818 0.13042472353350243 173
1757629039924 0.10136965010531464 174
1757629040084 0.006862711841474917 175
1757629040208 0.006483854705331424 176
1757629040324 0.015247669720694213 177
1757629040440 0.3769938740948958 178
1757629040545 0.24089452045432955 179
1757629040646 0.03053661624770158 180
1757629040749 0.5811204932589636 181
1757629040845 6.440995537216179e-07 182
1757629040945 0.0005385073672783243 183
1757629041047 0.10063792908322632 184
1757629041149 0.02720982600657125 185
1757629041246 0.0938583019808965 186
1757629041342 0.28516501403091027 187
1757629041438 0.027262185495651656 188
1757629041533 0.12984619696002442 189
1757629041637 0.00048597587895501606 190
1757629041736 0.0024597366543109307 191
1757629041834 0.1800843993342592 192
1757629041932 0.04092549389234115 193
1757629042030 0.06881694571823284 194
1757629042132 0.004175314005014802 195
1757629042228 0.07966784553026715 196
1757629042320 0.007430875351497171 197
1757629042412 1.3497875101023085 198
1757629042504 0.018998934744168784 199
1757629042597 0.037223588640677874 200
1757629042689 0.11780371701838074 201
1757629042782 0.00983290516090854 202
1757629042873 0.2553107000977879 203
1757629042963 0.07000350671343943 204
1757629043054 0.12825155405782976 205
1757629043147 0.07596905133374741 206
1757629043237 0.06001123241407643 207
1757629043326 0.06986774032863925 208
1757629043415 0.12397872048277324 209
1757629043509 0.031407422977032515 210
1757629043600 0.003736698200038982 211
1757629043689 0.004305003612452481 212
1757629043779 0.07422122698040531 213
1757629043868 0.01660122613209389 214
1757629043957 0.6213650172167517 215
1757629044045 0.43107702826843 216
1757629044135 0.015666093264426924 217
1757629044225 0.012435520495386853 218
1757629044314 0.007821056961465962 219
1757629044404 0.006077614989027242 220
1757629044494 0.7378972931306201 221
1757629044583 0.7571778109078378 222
1757629044671 0.030138434119119106 223
1757629044760 0.06454320604715652 224
1757629044850 0.0419501323018889 225
1757629044942 0.3334121641922092 226
1757629045033 0.05801610092604039 227
1757629045136 0.05724632742271987 228
1757629045253 0.12464518861742975 229
1757629045355 0.11536507256043688 230
1757629045448 0.34281788896480536 231
1757629045547 0.4304388608566278 232
1757629045650 0.07349249841047406 233
1757629045758 0.0005908649859168812 234
1757629045859 7.542960222352022e-05 235
1757629045958 0.10827325637993236 236
1757629046057 0.08040522125240634 237
1757629046159 0.028886619190958796 238
1757629046259 0.1293796824579858 239
1757629046361 0.03102918871381858 240
1757629046462 0.012219342749813282 241
1757629046565 0.04553522615214518 242
1757629046663 0.06473137970743534 243
1757629046759 0.09612997360956341 244
1757629046851 0.3852686712461467 245
1757629046943 0.004311265777474502 246
1757629047036 0.07931460065209972 247
1757629047141 0.12462415932380493 248
1757629047238 0.3551116437119336 249
1757629047331 0.549999354909643 250
1757629047424 0.031061652783924632 251
1757629047519 0.24317864118608465 252
1757629047613 0.14959671808731212 253
1757629047705 0.01666120928726483 254
1757629047800 0.13262477220571584 255
1757629047908 0.3791784764137134 256
1757629048015 0.043302434445194785 257
1757629048120 0.006379480987062142 258
1757629048231 8.410567351790791e-06 259
1757629048330 0.33994456261867967 260
1757629048426 0.0067589632182726705 261
1757629048518 0.1047339302874018 262
1757629048611 0.018811194809856407 263
1757629048703 0.006440251707894146 264
1757629048798 0.025299951182905917 265
1757629048898 0.023298488267304185 266
1757629048992 0.4400092884465255 267
1757629049095 0.658557873125095 268
1757629049197 0.05712133057231903 269
1757629049301 0.003267281741821452 270
1757629049410 0.004800080061153129 271
1757629049513 1.4289185633454047 272
1757629049639 0.017989882705521976 273
1757629049756 0.385535950135879 274
1757629049871 1.2530569203229975 275
1757629049998 0.03196560947804257 276
1757629050111 0.02335758609317812 277
1757629050241 0.007773148874242103 278
1757629050344 0.038484384663454885 279
1757629050444 0.009945303008558042 280
1757629050557 0.04803730398442422 281
1757629050671 0.017734968740173822 282
1757629050791 0.03540742275558461 283
1757629050892 0.0552887749292367 284
1757629050991 0.44421373460496455 285
1757629051089 2.4152608226414683e-05 286
1757629051186 0.0032080683101072317 287
1757629051284 0.03615117486962698 288
1757629051379 0.7471567879149068 289
1757629051474 0.014827347061032628 290
1757629051567 0.08872949730571887 291
1757629051664 0.3630079692642576 292
1757629051758 0.019243514069184748 293
1757629051851 0.046215625911396 294
1757629051951 0.08058508539339242 295
1757629052050 0.09275388294249169 296
1757629052148 0.006074036518082668 297
1757629052253 0.02224615371089729 298
1757629052352 0.06647242490329659 299
1757629052449 0.023290780569298637 300
1757629052543 0.019764286845227522 301
1757629052640 0.37185882099504625 302
1757629052744 0.009329033921857584 303
1757629052838 0.035862559899717324 304
1757629052935 0.3232383583295178 305
1757629053043 0.3609503178141728 306
1757629053219 0.051677576244817815 307
1757629053328 0.03693802625636996 308
1757629053432 0.06273678882508914 309
1757629053538 0.05325528028229495 310
1757629053649 0.0010744039061896837 311
1757629053752 0.06863306291723871 312
1757629053850 0.0687790337049028 313
1757629053967 0.10674610424072428 314
1757629054061 0.5346683340808001 315
1757629054535 0.2944996304362876 316
1757629054630 0.23907836417676676 317
1757629054722 0.676848628755162 318
1757629054816 0.006467262054974345 319
1757629054931 0.07344527974148446 320
1757629055043 0.0399190431132728 321
1757629055164 0.0003806666477732766 322
1757629055294 0.05640497540084277 323
1757629055402 0.008091949201210884 324
1757629055546 0.0035007692288056545 325
1757629055669 0.03817028981620743 326
1757629055786 0.0013122341477259443 327
1757629055907 0.03454807423270596 328
1757629056027 0.15780221656936969 329
1757629056146 0.017369129020877547 330
1757629056270 0.05042623199861599 331
1757629056390 0.0011620888062445732 332
1757629056517 0.10742929866649685 333
1757629056620 0.02434114025579929 334
1757629056721 0.15998835891362292 335
1757629056834 0.1245269343537219 336
1757629056945 0.03754108288586996 337
1757629057058 0.6074945268011659 338
1757629057166 0.00274854269165415 339
1757629057268 0.07610430673482706 340
1757629057371 0.040172759706315044 341
1757629057470 0.11486327216535808 342
1757629057565 0.015878135992293107 343
1757629057660 0.018083841409475408 344
1757629057761 0.17007658479261442 345
1757629057855 0.010236036947956058 346
1757629057952 0.022874890133245857 347
1757629058051 0.0021421371291469276 348
1757629058155 0.9118984591277675 349
1757629058260 0.30754550012830634 350
1757629058355 0.0771052315191792 351
1757629058450 0.36215191053214457 352
1757629058557 0.19400711982659075 353
1757629058654 0.000528674943202888 354
1757629058749 0.04904119188414311 355
1757629058844 0.558542898278838 356
1757629058940 3.0193924245623706e-05 357
1757629059035 0.08066001321049057 358
1757629059127 0.002104011709741244 359
1757629059223 0.4994749389328611 360
1757629059315 0.09408193783331525 361
1757629059417 0.12624340080312774 362
1757629059599 0.027396629572720103 363
1757629059706 0.028142106516846704 364
1757629059821 0.18023849834973735 365
1757629059945 0.17347974822681492 366
1757629060071 0.009703362381661787 367
1757629060184 0.03557272210390879 368
1757629060296 0.03559254054506168 369
1757629060397 0.021748328609514752 370
1757629060511 0.022726858766014334 371
1757629060623 0.0012007957991256614 372
1757629060735 0.28933416840160314 373
1757629060845 0.007880508109466831 374
1757629060948 0.2072885319075704 375
1757629061047 0.07596316011421923 376
1757629061152 0.056415559333048954 377
1757629061263 0.004933520010434231 378
1757629061369 0.0778041087933145 379
1757629061476 1.1752983998135236 380
1757629061578 0.3794652507713327 381
1757629061686 0.8581201867147682 382
1757629061794 0.006743962193034669 383
1757629061899 0.29569228145132703 384
1757629062010 0.004458368160463705 385
1757629062116 0.6289976755562205 386
1757629062219 0.27845905522615627 387
1757629062321 0.08568474449618016 388
1757629062428 0.11069723683763684 389
1757629062534 0.015418684117883098 390
1757629062640 0.08154273215477989 391
1757629062738 0.0296039857162273 392
1757629062836 0.1420994977432619 393
1757629062933 0.11865122976228853 394
1757629063029 0.15146977205973572 395
1757629063126 0.15770763863450038 396
1757629063223 0.3792264961081835 397
1757629063319 0.6126916584325941 398
1757629063413 0.002255957344443283 399
1757629063507 0.02929933511721455 400
1757629063602 0.11039353839796844 401
1757629063702 0.439198849333929 402
1757629063806 0.039317669452794725 403
1757629063906 0.09890350007070862 404
1757629064009 0.10186057917500331 405
1757629064113 0.13794506397553088 406
1757629064218 0.17925294242941545 407
1757629064320 0.03288031301671078 408
1757629064419 0.00022264234104190893 409
1757629064519 0.00012196197484957813 410
1757629064623 0.14800603230043408 411
1757629064736 0.4508045216341557 412
1757629064850 0.10925964343538565 413
1757629064966 0.3904446460512024 414
1757629065081 5.61869708785728e-08 415
1757629065207 0.018894670850551118 416
1757629065323 0.12059511579746175 417
1757629065432 0.21947867123838108 418
1757629065542 0.009343598947016894 419
1757629065650 0.05105395114074861 420
1757629065787 0.0883570648161954 421
1757629065904 0.02479291649080686 422
1757629066005 0.01183320317377332 423
1757629066108 0.05737438715739214 424
1757629066209 0.07621859619645481 425
1757629066309 0.0039060768419490817 426
1757629066406 0.032414791100451486 427
1757629066504 0.01983346312189337 428
1757629066603 0.426280193093492 429
1757629066702 0.12231874523099176 430
1757629066869 0.10425748014920333 431
1757629067227 0.17180703552142623 432
1757629067338 0.0069341857835510615 433
1757629067447 0.03544997200381619 434
1757629067583 0.00995742718447748 435
1757629067717 0.07104574153213404 436
1757629067828 0.00844046344095838 437
1757629067950 0.00719977401066121 438
1757629068055 0.1529403510107132 439
1757629068177 0.0007484324024387864 440
1757629068306 0.09778986666037935 441
1757629068432 0.04281563903453376 442
1757629068559 0.08578794172686838 443
1757629068685 0.027695235418917517 444
1757629068807 0.09685176617452328 445
1757629068922 0.0032975761523969392 446
1757629069033 0.22172495679350623 447
1757629069144 0.011732015527227918 448
1757629069249 0.18312047641950022 449
1757629069350 0.05328702147321113 450
1757629069451 0.0005760561530184798 451
1757629069550 0.03524644739130274 452
1757629069648 0.010917929743360956 453
1757629069762 1.0087237260203552 454
1757629069873 0.13973972355997225 455
1757629069982 0.014868245649863263 456
1757629070183 0.10017086514529279 457
1757629070324 0.15769469301657318 458
1757629070515 0.045703526002324905 459
1757629070655 0.03808300420456084 460
1757629070767 0.035979514350305594 461
1757629070875 0.11592956302694805 462
1757629070981 0.0952660217164772 463
1757629071087 0.16374971227705773 464
1757629071189 0.44712468892682355 465
1757629071292 0.12798689600009946 466
1757629071392 0.3972878204083998 467
1757629071490 0.009965566780677006 468
1757629071589 0.01157977974721012 469
1757629071687 0.23454643187568083 470
1757629071785 0.0007281976799652449 471
1757629071895 6.37189959325887e-05 472
1757629072107 0.095353725464902 473
1757629072222 0.01013797952401622 474
1757629072340 0.028471844047667227 475
1757629072449 0.030511510938354355 476
1757629072570 0.058071675171525255 477
1757629072694 0.10288139333700659 478
1757629072814 0.06831750438433269 479
1757629072932 0.04663984898509922 480
1757629073051 0.2064736356318404 481
1757629073176 0.05455436891101187 482
1757629073297 0.0948890244492892 483
1757629073411 0.04439104812032031 484
1757629073519 0.31294905887199487 485
1757629073641 0.2332431361633543 486
1757629073763 0.05069766633732324 487
1757629073873 0.006815608403513227 488
1757629073982 0.17758430191439945 489
1757629074093 0.10171036209041416 490
1757629074212 0.009271294479910739 491
1757629074319 0.016646133269976257 492
1757629074422 0.026256244425887636 493
1757629074524 0.0010094304113958553 494
1757629074626 0.27326515286902037 495
1757629074763 0.010052754665919423 496
1757629074873 0.0003586843689273832 497
1757629074981 0.025000439033540028 498
1757629075092 0.03621820676865404 499
