1757626250033 5.398071197492655 0
1757626250075 0.27160327548579516 1
1757626250118 0.10660844630711747 2
1757626250160 0.09580697068340385 3
1757626250205 0.20001664575404363 4
1757626250258 0.11082847390616335 5
1757626250311 0.09297632416222698 6
1757626250360 0.14020442280094172 7
1757626250411 0.09571630700154823 8
1757626250458 0.10101767974496542 9
1757626250511 0.09744661475098798 10
1757626250563 0.11801898078808236 11
1757626250613 0.18923225831230966 12
1757626250662 0.10822393730149663 13
1757626250717 0.09360743946389474 14
1757626250768 0.1818280086667343 15
1757626250817 0.13978935229050143 16
1757626250865 0.10980513289636014 17
1757626250932 0.12451633065433959 18
1757626251003 0.11393195344676092 19
1757626251063 0.09652353261525298 20
1757626251115 0.10872997635330339 21
1757626251165 0.12728081556502024 22
1757626251212 0.08792608700328541 23
1757626251258 0.08399958176405062 24
1757626251303 0.3560797530881718 25
1757626251347 0.05792723342336973 26
1757626251389 0.09685533296887369 27
1757626251434 0.23968715563143042 28
1757626251480 0.08773431251215755 29
1757626251870 0.2189753618869675 30
1757626251917 0.04668959531255998 31
1757626251961 0.18853448942931073 32
1757626252005 0.0939193027205634 33
1757626252056 0.09143615294607851 34
1757626252100 0.10789627988838624 35
1757626252144 0.14701388967237922 36
1757626252189 0.10741210322542769 37
1757626252232 0.19035900255926322 38
1757626252283 0.17804047676414295 39
1757626252331 0.09951664457175602 40
1757626252383 0.08448092321367642 41
1757626252437 0.1710176984360394 42
1757626252486 0.15316453744581743 43
1757626252533 0.09543449419134216 44
1757626252580 0.1599688648278404 45
1757626252626 0.09923329827619644 46
1757626252669 0.1326117187290852 47
1757626252713 0.10776013896296804 48
1757626252759 0.1342508725921133 49
1757626252802 0.09933739237588977 50
1757626252847 0.116459876961161 51
1757626252892 0.08422765511559696 52
1757626252935 0.12103916902987728 53
1757626252980 0.09778682036986222 54
1757626253023 0.08509715125507854 55
1757626253067 0.18599371176565266 56
1757626253111 0.06556683632825398 57
1757626253155 0.18467221037413806 58
1757626253201 0.0690671914174407 59
1757626253246 0.14114287571921164 60
1757626253292 0.1328436999616405 61
1757626253336 0.1204744845127819 62
1757626253391 0.1084835130889 63
1757626253441 0.11438759104558795 64
1757626253488 0.13144157263582867 65
1757626253535 0.08638629939905103 66
1757626253581 0.11404377327898176 67
1757626253625 0.10605788267945729 68
1757626253670 0.06882749596426385 69
1757626253714 0.10009888178034135 70
1757626253760 0.10651807584886751 71
1757626253805 0.06817443072930525 72
1757626253851 0.11528389295200787 73
1757626253899 0.11265320213350327 74
1757626253944 0.18200762163213507 75
1757626253990 0.07908007777910711 76
1757626254035 0.1447335514628011 77
1757626254080 0.1172724643887588 78
1757626254128 0.08840490596552585 79
1757626254218 0.06436268195965825 80
1757626254265 0.12793324266838574 81
1757626254316 0.10691453469834204 82
1757626254363 0.09416548856929702 83
1757626254411 0.12249662911930005 84
1757626254457 0.14284395056061455 85
1757626254507 0.15011473506591122 86
1757626254581 0.09803575115287054 87
1757626254650 0.1004476463888898 88
1757626254707 0.11119824269871617 89
1757626254759 0.0553593987073781 90
1757626254809 0.10977352983835606 91
1757626254855 0.14070154931913037 92
1757626254901 0.07382793270472571 93
1757626254953 0.08764520931093805 94
1757626255009 0.08446810205872612 95
1757626255067 0.19903798741759074 96
1757626255122 0.1254398166603703 97
1757626255184 0.07374807313041826 98
1757626255243 0.11258192057661542 99
1757626255303 0.0804851671809721 100
1757626255362 0.13413578099436013 101
1757626255422 0.1554172323581423 102
1757626255483 0.11538591367052006 103
1757626255546 0.06255900664776512 104
1757626255604 0.09246624071457649 105
1757626255656 0.29178866003670617 106
1757626255709 0.08813044686644121 107
1757626255757 0.06749548543047672 108
1757626255804 0.12596273053448626 109
1757626255851 0.14357088442897023 110
1757626255900 0.0854716071853617 111
1757626255971 0.05899439267098557 112
1757626256039 0.07630268332117696 113
1757626256090 0.06636718886771324 114
1757626256144 0.14740200850712054 115
1757626256199 0.08324693329432906 116
1757626256253 0.09493816863091421 117
1757626256309 0.1079240818014369 118
1757626256365 0.13456746213393345 119
1757626256413 0.14948293480447258 120
1757626256461 0.13048705768562646 121
1757626256509 0.10392233492730174 122
1757626256557 0.10495828583192644 123
1757626256605 0.13240704006263365 124
1757626256658 0.12169634869061252 125
1757626256708 0.15323180282876253 126
1757626256761 0.11925706688632767 127
1757626256812 0.14232001530166813 128
1757626256864 0.17887714811045527 129
1757626256916 0.2247597319901793 130
1757626256980 0.08973864643472458 131
1757626257052 0.1574901774930506 132
1757626257165 0.11476597913682625 133
1757626257221 0.082569319246607 134
1757626257277 0.14489325417360666 135
1757626257348 0.15472074405628444 136
1757626257406 0.10851768156971044 137
1757626257464 0.16689915045703996 138
1757626257522 0.12167001478393347 139
1757626257579 0.09595131942839293 140
1757626257632 0.0701618849856539 141
1757626257683 0.08004430888699063 142
1757626257738 0.12692130080479108 143
1757626257796 0.20202825301562927 144
1757626257850 0.13534144976804416 145
1757626257900 0.0745683573513597 146
1757626257948 0.16491381892754908 147
1757626257997 0.14727678624375845 148
1757626258043 0.09197187610298166 149
1757626258092 0.12609556290909596 150
1757626258139 0.1205016119585825 151
1757626258186 0.06821710906518953 152
1757626258235 0.04851622606971934 153
1757626258282 0.19022092572259858 154
1757626258331 0.11559290668116415 155
1757626258384 0.18348824252934334 156
1757626258431 0.07348081454093994 157
1757626258481 0.104382676098987 158
1757626258528 0.23420584412524376 159
1757626258576 0.12799419258759204 160
1757626258623 0.1960502281080957 161
1757626258670 0.14697454228308074 162
1757626258733 0.14620445958088724 163
1757626258796 0.05599771206108605 164
1757626258855 0.09739859835939532 165
1757626258914 0.09824719257768363 166
1757626258974 0.2529849894928349 167
1757626259032 0.055229283923612704 168
1757626259089 0.11933368972152011 169
1757626259148 0.14114432540524646 170
1757626259205 0.08942428454598426 171
1757626259265 0.17046463272955195 172
1757626259321 0.047382896398498735 173
1757626259373 0.08411326910202313 174
1757626259426 0.05875858545863243 175
1757626259632 0.10991482316667152 176
1757626259740 0.17560123613493087 177
1757626259848 0.12134000515839492 178
1757626259935 0.08441728248593595 179
1757626260012 0.05748578980906237 180
1757626260071 0.08121539942341402 181
1757626260128 0.0886932176255918 182
1757626260178 0.1356983017824797 183
1757626260239 0.1150538939544644 184
1757626260367 0.1395434416798642 185
1757626260427 0.10162483471627162 186
1757626260481 0.094454366204557 187
1757626260561 0.11274821702122129 188
1757626260689 0.08257452296575121 189
1757626260742 0.0679756089841882 190
1757626260795 0.1488326748335167 191
1757626260849 0.15353811847049548 192
1757626260910 0.08632071261501073 193
1757626260975 0.24667513407680403 194
1757626261043 0.10318900873238379 195
1757626261100 0.11068010938623891 196
1757626261164 0.14886796039541522 197
1757626261224 0.13373465653761446 198
1757626261287 0.09897427801376914 199
1757626261354 0.08178607259718008 200
1757626261418 0.15468919687130653 201
1757626261479 0.061781137289997776 202
1757626261533 0.09577120081813267 203
1757626261585 0.08033500216350183 204
1757626261634 0.078772310100354 205
1757626261685 0.09106867727363857 206
1757626261740 0.11465552883651876 207
1757626261800 0.1421959273553165 208
1757626261861 0.14997964351932114 209
1757626261919 0.15632806015494477 210
1757626261972 0.11121704229804744 211
1757626262025 0.09771915601404753 212
1757626262081 0.16963683579111385 213
1757626262139 0.059550757330223095 214
1757626262200 0.07301391060617948 215
1757626262259 0.0962121410814111 216
1757626262312 0.13049520832620634 217
1757626262369 0.11579648929619998 218
1757626262471 0.15117295661182606 219
1757626262672 0.09488859302384946 220
1757626262790 0.08052367150825934 221
1757626262847 0.08198341800130143 222
1757626262904 0.14374491367450065 223
1757626262960 0.14062793781644578 224
1757626263015 0.10955043996048758 225
1757626263073 0.3113561212833671 226
1757626263134 0.0878959882066289 227
1757626263193 0.09053787108050612 228
1757626263247 0.04753525744664968 229
1757626263300 0.10899575644402076 230
1757626263354 0.13581769441073466 231
1757626263409 0.07640970728393938 232
1757626263463 0.10291782846995678 233
1757626263525 0.11201051537122597 234
1757626263592 0.10747966151549578 235
1757626263658 0.15082190986649274 236
1757626263720 0.1263738298660944 237
1757626263778 0.1503406525651792 238
1757626263836 0.09692168908320238 239
1757626263899 0.13441066948376085 240
1757626263949 0.08477676295440492 241
1757626264005 0.06442783614117922 242
1757626264060 0.15227702677622812 243
1757626264112 0.07350217761842583 244
1757626264173 0.13617156340419218 245
1757626264230 0.23743930387618184 246
1757626264286 0.09019703391234979 247
1757626264344 0.17798758740809922 248
1757626264402 0.0943787371254999 249
1757626264457 0.15370513624644933 250
1757626264513 0.07753878909203328 251
1757626264578 0.126287692606656 252
1757626264637 0.124488668709923 253
1757626264696 0.11464708197652328 254
1757626264749 0.12369454860274207 255
1757626264805 0.1307415792505277 256
1757626264859 0.11876352063478893 257
1757626264913 0.08493127008254578 258
1757626264970 0.11075039497607678 259
1757626265023 0.11387970304075469 260
1757626265079 0.08871963876744435 261
1757626265135 0.10940108699601384 262
1757626265191 0.11611014763037852 263
1757626265245 0.1076717859136788 264
1757626265300 0.14114505272938188 265
1757626265354 0.107852600027178 266
1757626265465 0.08737834491242563 267
1757626265549 0.11916968453086706 268
1757626265612 0.07127495359643203 269
1757626265672 0.13280954860000285 270
1757626265738 0.09450828003199797 271
1757626265818 0.0676494178177573 272
1757626265884 0.06637333263434528 273
1757626265952 0.07973323659688705 274
1757626266028 0.09088105354607881 275
1757626266084 0.12740387882515786 276
1757626266139 0.17599732464138912 277
1757626266196 0.08169459222331135 278
1757626266259 0.1148346871165361 279
1757626266318 0.07727766522021412 280
1757626266378 0.06696579935160013 281
1757626266430 0.15037826974872553 282
1757626266483 0.09308250422113293 283
1757626266537 0.08089444936320143 284
1757626266595 0.11510274282270497 285
1757626266650 0.07473312648333111 286
1757626266701 0.07687018282544819 287
1757626266753 0.13347130755119554 288
1757626266804 0.11289237005601938 289
1757626266855 0.10152144628080666 290
1757626266908 0.0696419339044943 291
1757626266960 0.13031554406523865 292
1757626267017 0.09243026070259383 293
1757626267080 0.07191591043548881 294
1757626267135 0.07038753304935032 295
1757626267188 0.4086422684854437 296
1757626267240 0.12579959221069512 297
1757626267295 0.1503957483690686 298
1757626267366 0.0867740778559808 299
1757626267427 0.11786175288593351 300
1757626267491 0.21161942580711468 301
1757626267552 0.12171755478475228 302
1757626267613 0.14467450331185877 303
1757626267673 0.11370922837817116 304
1757626267744 0.0947245502489098 305
1757626267821 0.09620296076271899 306
1757626267884 0.13320921190348356 307
1757626267943 0.156964059281791 308
1757626267997 0.138406457917162 309
1757626268052 0.08097893423576435 310
1757626268108 0.2531748301637807 311
1757626268170 0.05656915621283701 312
1757626268230 0.1382471469003303 313
1757626268296 0.16626054743412438 314
1757626268356 0.05244231062585745 315
1757626268441 0.09658895314326693 316
1757626268494 0.16277006974352207 317
1757626268547 0.06078491594198137 318
1757626268599 0.09775510276221414 319
1757626268656 0.11760590568209633 320
1757626268709 0.09031663855118723 321
1757626268760 0.08710461272850385 322
1757626268812 0.12629451590833463 323
1757626268868 0.12829101523024827 324
1757626268932 0.11983409585609249 325
1757626268994 0.137049850555433 326
1757626269058 0.10702327524667377 327
1757626269118 0.21039642083952 328
1757626269176 0.11062871521766998 329
1757626269230 0.1980801002564836 330
1757626269284 0.07277385024754554 331
1757626269344 0.14229119745072794 332
1757626269405 0.13190084597026677 333
1757626269541 0.10994045155858446 334
1757626269614 0.06669961217787776 335
1757626269678 0.18672760536318028 336
1757626269764 0.11386207967356257 337
1757626269829 0.13515676211524397 338
1757626269893 0.10012162855126393 339
1757626269952 0.15819950464870292 340
1757626270013 0.1157227953225664 341
1757626270071 0.05422613063874044 342
1757626270132 0.05985820981767375 343
1757626270197 0.10773808223382234 344
1757626270264 0.12393482235649109 345
1757626270328 0.1590457654313789 346
1757626270391 0.06324676013116144 347
1757626270456 0.13746056592786124 348
1757626270518 0.1241089442499949 349
1757626270575 0.1369375411107635 350
1757626270629 0.07090622449429296 351
1757626270695 0.08820116730892616 352
1757626270754 0.09688607453075718 353
1757626270810 0.05731313606557352 354
1757626270864 0.1554536506402599 355
1757626270919 0.0917466839797128 356
1757626270987 0.07164161856421736 357
1757626271049 0.07254667043373661 358
1757626271103 0.09661989946821084 359
1757626271156 0.06472885297488559 360
1757626271209 0.15114384623056282 361
1757626271262 0.11063383056571945 362
1757626271315 0.15147375656104567 363
1757626271368 0.08133527797952375 364
1757626271421 0.05120970641658322 365
1757626271497 0.09488030957778434 366
1757626271556 0.07795985533920965 367
1757626271611 0.09555132862806542 368
1757626271668 0.08574191636305137 369
1757626271723 0.11791411126449625 370
1757626271780 0.14710332099829965 371
1757626271834 0.08474483164349347 372
1757626271896 0.11539262157791556 373
1757626271958 0.0448859776249079 374
1757626272016 0.12346997408381746 375
1757626272077 0.0662711231795837 376
1757626272145 0.0571602922022026 377
1757626272216 0.11258731683944961 378
1757626272284 0.12015965564808662 379
1757626272344 0.1307981151813865 380
1757626272402 0.16289004201348561 381
1757626272459 0.11795427651209314 382
1757626272516 0.0905016742363017 383
1757626272582 0.08007632025226649 384
1757626272647 0.11838619764996453 385
1757626272722 0.12830634636801852 386
1757626272782 0.07729205026631046 387
1757626272843 0.07474117179104282 388
1757626272902 0.0921207401971037 389
1757626272967 0.12807839097040347 390
1757626273028 0.09626637727112344 391
1757626273083 0.09903323540527532 392
1757626273138 0.13080584127161582 393
1757626273195 0.11354708932862739 394
1757626273248 0.36913541737892364 395
1757626273302 0.08052046566285784 396
1757626273355 0.09790136980864379 397
1757626273409 0.12702086592664355 398
1757626273463 0.15991495576275197 399
1757626273517 0.1504731987508811 400
1757626273570 0.08454844439260845 401
1757626273624 0.13156282900307664 402
1757626273682 0.11606657464915854 403
1757626273766 0.05380522611538145 404
1757626273867 0.1283304678712917 405
1757626273928 0.15543342911653324 406
1757626273993 0.11727094005125469 407
1757626274056 0.12274860349942326 408
1757626274129 0.07412350494222161 409
1757626274197 0.18796017213709387 410
1757626274266 0.08138719626492766 411
1757626274329 0.08739875508337802 412
1757626274401 0.10813910393203441 413
1757626274478 0.10737260536268468 414
1757626274541 0.08863523062130262 415
1757626274602 0.07376280923013406 416
1757626274661 0.09387159216563304 417
1757626274723 0.10058680443296664 418
1757626274793 0.1589279119370721 419
1757626274855 0.1490797552442752 420
1757626274913 0.11636541274482859 421
1757626274969 0.10942927911447514 422
1757626275025 0.11529508873201862 423
1757626275080 0.17380028918363422 424
1757626275135 0.14240313465357168 425
1757626275192 0.1315059747329438 426
1757626275248 0.16357936509856624 427
1757626275303 0.11084761152399064 428
1757626275360 0.10809896782254183 429
1757626275415 0.116985921927629 430
1757626275471 0.07745338783869116 431
1757626275527 0.16276998655279734 432
1757626275582 0.11576105637857972 433
1757626275637 0.2784111422231238 434
1757626275691 0.08439254256602757 435
1757626275745 0.06589310711113762 436
1757626275800 0.12825486486135043 437
1757626275854 0.2343592903509863 438
1757626275909 0.12814737206528148 439
1757626275972 0.10158462146663023 440
1757626276036 0.15839773431058174 441
1757626276096 0.13319346661880882 442
1757626276157 0.16225759935528083 443
1757626276217 0.1063268258290074 444
1757626276277 0.09307362640613072 445
1757626276335 0.15880122145786482 446
1757626276393 0.14153360711127633 447
1757626276457 0.14098267856707442 448
1757626276516 0.06571476953796526 449
1757626276575 0.11538152632392192 450
1757626276633 0.20488002876682104 451
1757626276689 0.16420925038287582 452
1757626276745 0.10854333599711205 453
1757626276847 0.06957896204142662 454
1757626276903 0.09826941901682366 455
1757626276960 0.09008218966014853 456
1757626277016 0.1112185366961167 457
1757626277072 0.1288545785580904 458
1757626277126 0.08857281929235249 459
1757626277181 0.10253979703123502 460
1757626277237 0.26731991450762044 461
1757626277292 0.12621942453854323 462
1757626277358 0.07204228983281606 463
1757626277414 0.1832689734979881 464
1757626277468 0.06584205916041261 465
1757626277523 0.12839738345097235 466
1757626277578 0.11228414216205757 467
1757626277632 0.11193872742094732 468
1757626277686 0.12459997598010739 469
1757626277741 0.10492981986976316 470
1757626277797 0.2444569780581236 471
1757626277852 0.15224948685655215 472
1757626277909 0.08585287495688662 473
1757626277966 0.09425048903652057 474
1757626278028 0.1119415967341344 475
1757626278087 0.08308032458935141 476
1757626278145 0.20974217192865038 477
1757626278201 0.12647517997928612 478
1757626278258 0.08104851937817407 479
1757626278318 0.1611407969088981 480
1757626278375 0.10147292493857019 481
1757626278432 0.07078584384558273 482
1757626278488 0.1346700998827828 483
1757626278544 0.06531476897880859 484
1757626278600 0.11671257479190311 485
1757626278656 0.1577998851204093 486
1757626278711 0.12605323520880415 487
1757626278766 0.18458039266589704 488
1757626278823 0.07245890998762737 489
1757626278885 0.12592525894846188 490
1757626279054 0.12677983059505885 491
1757626279115 0.11156153219124652 492
1757626279174 0.09035561789246646 493
1757626279238 0.1381176724509806 494
1757626279297 0.10209051949570808 495
1757626279356 0.10559449759129066 496
1757626279412 0.11085360302434644 497
1757626279470 0.08286888446894342 498
1757626279529 0.09040529911157336 499
