1757650262081 0.08450378251838572 0
1757650262201 0.14098325876483017 1
1757650262314 0.3883625984588276 2
1757650262422 0.001739557981527676 3
1757650262530 0.002689626603793879 4
1757650262638 0.004680872995877842 5
1757650262744 0.29865905227602024 6
1757650262855 0.0013886264804815263 7
1757650262966 0.14234074421490592 8
1757650263073 0.6835154722385933 9
1757650263180 0.7766760130292475 10
1757650263290 0.003529630735251564 11
1757650263398 0.007596862639674687 12
1757650263504 0.025344206702864382 13
1757650263611 3.565594716083855e-05 14
1757650263717 0.26194038170234374 15
1757650263823 0.0012839583728036514 16
1757650263930 5.011598494582682e-05 17
1757650264038 0.18824251510157997 18
1757650264150 0.05297169830891668 19
1757650264257 0.8050808814028962 20
1757650264363 0.04930621233077204 21
1757650264470 0.008242946134440024 22
1757650264576 0.01006890413807945 23
1757650264684 0.11116003430799419 24
1757650264799 0.843251119925742 25
1757650264914 0.03728358287102884 26
1757650265030 0.12610392496915385 27
1757650265137 0.038205983776256565 28
1757650265245 0.21081382674961024 29
1757650265356 0.02561122231886499 30
1757650265471 0.012664495695104853 31
1757650265583 0.0026492135556701753 32
1757650265812 0.13893227993248936 33
1757650265951 0.37734730147806095 34
1757650266072 0.009833045290159742 35
1757650266191 0.23535175994465315 36
1757650266311 0.033774435818628185 37
1757650266423 0.1303217097246682 38
1757650266536 0.16514120536025406 39
1757650266648 0.3615847960171829 40
1757650266759 0.03308390207419228 41
1757650266869 0.013080141390981254 42
1757650266976 0.006595384177777583 43
1757650267085 0.007742406469380628 44
1757650267192 0.18776376004638587 45
1757650267299 0.06422505803732391 46
1757650267407 0.4581025445928336 47
1757650267517 0.10908863502931625 48
1757650267624 0.13985083613296553 49
1757650267733 0.007814384496722206 50
1757650267841 1.2273832336972756 51
1757650267950 0.6151726173503416 52
1757650268058 0.020053006426876525 53
1757650268166 0.020290991574925483 54
1757650268281 0.0044547142037181745 55
1757650268391 0.00279581184066171 56
1757650268499 0.009543861174016769 57
1757650268608 0.00020998742422504156 58
1757650268717 0.0005870070220081514 59
1757650268825 0.12008918657719382 60
1757650268988 0.18173767741739105 61
1757650269107 0.005420240440622946 62
1757650269220 0.3173897753514473 63
1757650269327 0.26675939849240893 64
1757650269436 0.003347024930948635 65
1757650269544 0.13377609939936808 66
1757650269652 0.08003298133703006 67
1757650269766 0.024694590034940716 68
1757650269892 0.02329270032673489 69
1757650270005 0.003953055415381919 70
1757650270116 0.3020928691825336 71
1757650270225 0.016287677797767464 72
1757650270342 0.10092942605121992 73
1757650270450 0.3130915135821839 74
1757650270559 0.03369232230954565 75
1757650270666 0.02017339954051257 76
1757650270774 0.3156151941053961 77
1757650270883 0.05543165585862114 78
1757650270994 0.5702437916842774 79
1757650271103 0.06076762789398287 80
1757650271213 0.07198172391170866 81
1757650271323 0.005380403653038394 82
1757650271431 0.05688114467303784 83
1757650271539 0.38290087412954843 84
1757650271647 0.031074933484059073 85
1757650271757 0.0966889110461977 86
1757650271866 0.044595656950542364 87
1757650271975 0.0015834016380274394 88
1757650272082 0.11606730878339924 89
1757650272198 0.042616602000134444 90
1757650272349 0.015918388304569785 91
1757650272465 0.05147733740066586 92
1757650272620 0.06990460989058245 93
1757650272738 0.024569022997472358 94
1757650272851 0.000969805302234105 95
1757650272964 0.06517669819607948 96
1757650273077 0.006065172623974665 97
1757650273187 0.0016602144251531609 98
1757650273296 0.10287442356027798 99
1757650273405 0.021320919491099304 100
1757650273516 0.060215825637196206 101
1757650273626 0.04321382150023595 102
1757650273735 0.1661725316555692 103
1757650273844 0.052895593515658285 104
1757650273955 0.009577160614012535 105
1757650274064 0.0852296280323189 106
1757650274171 0.014085345233224548 107
1757650274280 0.002623366693791228 108
1757650274396 0.06189565673860569 109
1757650274506 0.07031457771998832 110
1757650274615 0.05944317505990339 111
1757650274726 0.08769357143879225 112
1757650274852 0.3331635303664763 113
1757650274967 0.07772736513297832 114
1757650275082 0.0035503032403761555 115
1757650275191 0.07498603454729175 116
1757650275302 1.94872330275629e-05 117
1757650275413 0.03975550418432607 118
1757650275541 0.08435689468981833 119
1757650275654 0.0842782358112659 120
1757650275768 0.020172140387521017 121
1757650275880 0.009087453284021411 122
1757650275997 0.009447278226271507 123
1757650276107 0.0486175840670777 124
1757650276217 0.023193578053677104 125
1757650276326 0.23356806202062974 126
1757650276445 0.0009455285361962355 127
1757650276558 0.0021320717493704773 128
1757650276668 0.3514359162956028 129
1757650276778 0.04172707905600994 130
1757650276888 0.24929073612620736 131
1757650276997 0.06133354558702545 132
1757650277105 0.016825751542810716 133
1757650277214 0.36937249450899645 134
1757650277324 0.26915641740924534 135
1757650277436 0.02649982781436143 136
1757650277546 0.005838857213916636 137
1757650277655 0.0027576239428268806 138
1757650277763 0.3872661152516771 139
1757650277873 0.3654931546675154 140
1757650277983 0.05219823594561291 141
1757650278094 0.028573637674580273 142
1757650278204 0.16508037904638725 143
1757650278313 0.004742651655859887 144
1757650278426 0.08919443086735711 145
1757650278536 0.10882190400856012 146
1757650278646 0.09244224353997632 147
1757650278756 0.003612552245367401 148
1757650278867 0.11240563040346907 149
1757650278976 0.0005794428406470703 150
1757650279085 0.052654428255413215 151
1757650279194 0.08417906053344146 152
1757650279303 0.38869173257606904 153
1757650279413 0.2633803261371625 154
1757650279523 0.0002686363007136304 155
1757650279632 0.0014854478219453757 156
1757650279742 0.1483708205651962 157
1757650279869 0.0006751704984691702 158
1757650279985 0.272147862295898 159
1757650280097 0.010710331760229022 160
1757650280207 0.006040615277629723 161
1757650280316 0.13718343141740036 162
1757650280434 0.0009281029354766992 163
1757650280559 0.8593615364411549 164
1757650280685 0.004381359390929263 165
1757650280802 0.1091328231838925 166
1757650280922 0.06931651296759138 167
1757650281038 0.25346296500390514 168
1757650281155 0.16670603778312598 169
1757650281272 0.012087664122582232 170
1757650281388 0.023491026607130195 171
1757650281504 0.007402006910251468 172
1757650281625 0.010348666482373233 173
1757650281741 0.00025088997390417466 174
1757650281857 1.9056304866148124 175
1757650281972 0.45243979897003295 176
1757650282089 0.08183044169791595 177
1757650282207 0.1366028346290341 178
1757650282325 0.03762348570870975 179
1757650282441 0.10964653414947466 180
1757650282563 0.19328197105723446 181
1757650282678 0.010064507016098841 182
1757650282794 0.050831728557101406 183
1757650282910 0.028878623570556653 184
1757650283027 0.0004090531863937126 185
1757650283143 0.035078370878466075 186
1757650283260 0.017481503832593715 187
1757650283376 0.0753648867785664 188
1757650283491 0.37145504449593936 189
1757650283611 0.005988295573132198 190
1757650283727 0.016858375396718486 191
1757650283841 4.441116578944554e-05 192
1757650283954 0.08191324860686666 193
1757650284069 4.707141853742372e-05 194
1757650284184 0.24650419666274798 195
1757650284299 0.26071922461716135 196
1757650284414 0.5490061024370774 197
1757650284533 0.020445129512354686 198
1757650284649 0.08092147195591588 199
1757650284769 0.07296521019584612 200
1757650284895 0.04338112704863558 201
1757650285012 0.02245886074694695 202
1757650285127 0.0007238787172247392 203
1757650285251 0.08851300932887184 204
1757650285383 0.003808034542408927 205
1757650285522 0.04733114735344635 206
1757650285649 0.17829854472551376 207
1757650285767 0.14296973619310074 208
1757650285888 0.689135314100801 209
1757650286004 0.0037542452263618505 210
1757650286122 0.6613524429712295 211
1757650286238 0.028783411920494616 212
1757650286357 0.04546643843971633 213
1757650286475 0.005023002855316932 214
1757650286600 0.05848301297047425 215
1757650286724 0.07427941892989882 216
1757650286840 0.055818693358291135 217
1757650286957 0.05023902146365423 218
1757650287072 0.38587737736683947 219
1757650287189 0.025785536603006212 220
1757650287307 0.10780087821248241 221
1757650287423 0.0010013314995328132 222
1757650287541 0.06114006820263071 223
1757650287657 0.012261238180546133 224
1757650287774 0.021189013102735577 225
1757650287891 0.07180485330309298 226
1757650288011 0.04135898031175514 227
1757650288130 0.02449313528433568 228
1757650288249 0.22561776350409754 229
1757650288365 0.010865197347070744 230
1757650288482 0.14658290617481823 231
1757650288603 0.001090532299603819 232
1757650288725 0.14135324215787728 233
1757650288842 2.6508178194677917e-05 234
1757650288959 0.7240380356849172 235
1757650289076 0.03332875540863932 236
1757650289192 0.01953297797345904 237
1757650289309 0.13282879784074067 238
1757650289425 0.16495597761320818 239
1757650289542 0.06694767992255703 240
1757650289661 0.0043674813033678615 241
1757650289790 0.058644341901906774 242
1757650289920 0.08631390225534115 243
1757650290037 8.086446662023215e-05 244
1757650290153 0.16783281852839627 245
1757650290276 0.025065515015214763 246
1757650290393 0.026343094805696944 247
1757650290511 0.027723725810049418 248
1757650290633 0.02179346156241782 249
1757650290753 0.003617484767575498 250
1757650290872 0.0005519510210665894 251
1757650290994 0.38019856612024433 252
1757650291116 0.06446057475222668 253
1757650291235 0.132281650978291 254
1757650291353 0.051326774400661024 255
1757650291469 0.025657735686823394 256
1757650291588 0.0011118967713220295 257
1757650291797 0.002514839935300368 258
1757650291954 0.039077017930964054 259
1757650292135 0.08623524509059273 260
1757650292314 0.0233750521286797 261
1757650292485 0.002096523901817537 262
1757650292721 0.31796604931152095 263
1757650292941 0.42751035376738405 264
1757650293094 0.2115051150940929 265
1757650293230 3.4491903953595075e-05 266
1757650293361 0.354484810093468 267
1757650293490 0.06203671989577139 268
1757650293619 0.1018961723770176 269
1757650293869 0.09810014912058598 270
1757650294002 0.013566076550357478 271
1757650294141 0.0025472990132152495 272
1757650294280 0.07614722641248772 273
1757650294425 0.05040298701081997 274
1757650294576 0.17275273355605036 275
1757650294713 0.5637745473864375 276
1757650294871 0.16053504926284268 277
1757650295028 0.27370081309400635 278
1757650295186 0.06165388932186676 279
1757650295347 0.03422327173328401 280
1757650295523 0.019494709835225728 281
1757650295656 0.015008771300503303 282
1757650295784 0.003393019523378259 283
1757650295938 0.047372361303264776 284
1757650296064 0.009504356886404249 285
1757650296189 0.0192551224539469 286
1757650296315 0.09158119751875048 287
1757650296441 0.16108812759746108 288
1757650296563 0.01997963236703389 289
1757650296685 0.02081074526741983 290
1757650296809 0.006338873134039096 291
1757650296929 0.07058197777694206 292
1757650297052 0.014625725258852657 293
1757650297171 0.5561525919103101 294
1757650297290 0.0010441604533549306 295
1757650297416 0.051611320321407715 296
1757650297546 0.32128344779061246 297
1757650297675 0.5267731750282952 298
1757650297801 0.7465984791630503 299
1757650297926 0.06746838459852351 300
1757650298053 0.000286460903019528 301
1757650298179 0.06600015626774032 302
1757650298300 0.06220254144285965 303
1757650298420 0.4711221606981661 304
1757650298540 0.03475630216664601 305
1757650298659 0.2903547908746358 306
1757650298778 0.02396677495774627 307
1757650298903 0.0032389805197885414 308
1757650299023 0.0007198213286252646 309
1757650299143 0.03561701687662319 310
1757650299267 0.205395158898899 311
1757650299394 0.10946617531134069 312
1757650299520 0.4767173325530117 313
1757650299643 0.020140502501528126 314
1757650299773 0.013968284578757926 315
1757650299913 0.5709425110085736 316
1757650300041 0.16553455710997786 317
1757650300167 0.22689539536587605 318
1757650300293 0.0361195064141234 319
1757650300419 0.12086066431836924 320
1757650300545 0.5849549639465403 321
1757650300673 0.03325118028722979 322
1757650300799 0.05326167168067317 323
1757650300939 0.4978777950614626 324
1757650301067 0.006088734511475937 325
1757650301194 0.0198019901733773 326
1757650301323 0.13623423950568067 327
1757650301449 0.0022026341678893107 328
1757650301572 0.004601074870570429 329
1757650301693 0.052478337779400634 330
1757650301814 0.19709435824585644 331
1757650301936 0.08267204073804967 332
1757650302056 0.19078186800579428 333
1757650302178 0.4337363673916376 334
1757650302299 0.3113223587560518 335
1757650302420 0.045921985634581615 336
1757650302542 0.07030580012593125 337
1757650302661 0.21167065671129268 338
1757650302782 0.8264894365214028 339
1757650302907 0.0012758572960063113 340
1757650303031 0.07947742024747854 341
1757650303151 0.003563555379031357 342
1757650303271 0.021752882060873228 343
1757650303391 0.14625110324783552 344
1757650303512 0.005757629811494129 345
1757650303632 0.0077402772442472 346
1757650303753 0.018914997891085677 347
1757650303872 0.04675174343294217 348
1757650303993 0.13155272317661015 349
1757650304113 0.5773466527713451 350
1757650304234 0.3085558614260015 351
1757650304354 0.007096730192354039 352
1757650304477 0.0049676680038442285 353
1757650304599 0.37521442616075185 354
1757650304722 0.16920368250294157 355
1757650304859 0.0679563900078383 356
1757650304991 0.02015917968613014 357
1757650305119 0.31028256527083276 358
1757650305245 0.10283285052182199 359
1757650305367 0.030215317845127196 360
1757650305502 0.28687788923970037 361
1757650305633 0.0014863398400507238 362
1757650305760 0.07909750850081596 363
1757650305912 0.35835429256013845 364
1757650306041 0.008741924029970824 365
1757650306169 1.0943422675658279 366
1757650306296 0.003166955890601939 367
1757650306422 0.006604540507421737 368
1757650306545 0.15091445333816284 369
1757650306668 0.005830594797159787 370
1757650306790 0.1016430812259757 371
1757650306911 0.06369619099997285 372
1757650307042 0.008436294100016227 373
1757650307173 0.00036041595453057616 374
1757650307299 0.0850145882202143 375
1757650307426 0.00012333515952349893 376
1757650307553 0.0372472385018412 377
1757650307692 0.14978784797405295 378
1757650307818 0.0029414295799323276 379
1757650307942 0.07760592243143097 380
1757650308067 0.02787067872804293 381
1757650308201 0.10754722582039879 382
1757650308338 0.0012416365942321496 383
1757650308476 0.5088284909140265 384
1757650308608 0.1615537223076761 385
1757650308735 0.020809873383347305 386
1757650308862 0.027573646086833128 387
1757650308991 0.08904633317030687 388
1757650309125 0.052141680487442686 389
1757650309253 0.07665433849269516 390
1757650309376 0.007763321281761682 391
1757650309498 0.015113756386915122 392
1757650309625 0.21320073999038502 393
1757650309758 0.04069985864503134 394
1757650309919 0.007720341710752391 395
1757650310052 0.0029522418874956815 396
1757650310184 0.11810689087557287 397
1757650310310 0.0319644645413166 398
1757650310436 0.0010997318488097472 399
1757650310561 0.0759732962768116 400
1757650310684 0.21730925094994238 401
1757650310807 0.08245946458726529 402
1757650310933 0.12413454448484314 403
1757650311106 0.08516034379646095 404
1757650311241 0.0027772692915756536 405
1757650311370 0.028657018167132623 406
1757650311500 0.005794985081415835 407
1757650311628 0.1046562243075374 408
1757650311856 0.001367331574490783 409
1757650311991 0.001078150275659822 410
1757650312124 0.15367103506542387 411
1757650312254 0.0011528221088812315 412
1757650312383 0.005170330764804847 413
1757650312510 0.009313075190080766 414
1757650312633 0.017908690698757147 415
1757650312756 0.4235138622823588 416
1757650312884 0.005769961141416541 417
1757650313018 0.029235118199140944 418
1757650313149 0.005916439123014326 419
1757650313275 0.6718403194553725 420
1757650313399 0.0074484496064571495 421
1757650313522 0.031346138075427604 422
1757650313646 0.053017536973029335 423
1757650313770 0.09708910557458088 424
1757650313893 0.025451110382511723 425
1757650314016 0.10263872843552115 426
1757650314139 0.019912398017692543 427
1757650314263 0.24758163468935604 428
1757650314386 0.02219933578545665 429
1757650314509 0.0004573211477740023 430
1757650314632 1.087375876505 431
1757650314757 0.12726481096781259 432
1757650314905 0.7856584844452436 433
1757650315034 3.5894725453060985e-05 434
1757650315166 0.0007128572685119043 435
1757650315296 0.0006286825044178888 436
1757650315424 0.08471848207045937 437
1757650315566 0.04973534274187114 438
1757650315695 0.8986402929482219 439
1757650315818 0.002892866157910092 440
1757650315946 0.005848948422386854 441
1757650316071 0.08449089251267691 442
1757650316197 0.00025112245225447156 443
1757650316319 0.03503698630017195 444
1757650316444 0.053902634561542685 445
1757650316573 0.06505247144989351 446
1757650316699 0.16486913288868613 447
1757650316822 0.25203701818255525 448
1757650316946 0.0786038897969124 449
1757650317071 0.004196025619838684 450
1757650317199 0.037989377937765224 451
1757650317327 0.14981867794362141 452
1757650317453 0.002895017253605779 453
1757650317598 0.011930596204637977 454
1757650317731 0.047085099879273916 455
1757650317868 0.11455979071885819 456
1757650317999 0.38887515513833676 457
1757650318129 0.004311774935183173 458
1757650318261 0.0791795497887514 459
1757650318395 0.05320606600277184 460
1757650318567 0.06216366428940643 461
1757650318709 0.09329892177235646 462
1757650318840 0.018874277818215726 463
1757650318970 9.481090092057812e-07 464
1757650319101 0.015588237748640212 465
1757650319236 0.04869196726852422 466
1757650319367 0.014096595354508227 467
1757650319496 0.022333965114948257 468
1757650319877 0.008906468615481819 469
1757650320024 0.10714120618446178 470
1757650320171 0.09306510270575992 471
1757650320309 0.03525186975403861 472
1757650320447 0.06060312905722963 473
1757650320589 0.0510366890612401 474
1757650320721 0.05661701498183107 475
1757650320852 0.30830798046307845 476
1757650320984 0.11262687047883484 477
1757650321116 0.06629038558826632 478
1757650321252 0.02766248782751546 479
1757650321387 0.0667985187944281 480
1757650321517 0.202390471133243 481
1757650321647 0.048303120602094296 482
1757650321775 0.04516784904857932 483
1757650321900 0.2696993379930363 484
1757650322026 0.10133888210620862 485
1757650322155 0.03229546917314812 486
1757650322281 0.21986336657153 487
1757650322406 0.10170376337716983 488
1757650322534 0.034325828190855036 489
1757650322660 0.0588418921741972 490
1757650322787 0.06507496534016527 491
1757650322918 0.004334895434153526 492
1757650323048 0.1622359670700192 493
1757650323179 0.04918479464444615 494
1757650323315 0.05167023328096839 495
1757650323447 0.322952124542257 496
1757650323577 0.0021850048181909277 497
1757650323705 0.0025998123089240564 498
1757650323833 6.526491961196951e-06 499
