1757630297997 30.087997695619446 0
1757630298041 5.508643777614744 1
1757630298087 0.9393000888241694 2
1757630298134 0.33089638621959955 3
1757630298190 0.12179059809824304 4
1757630298238 0.06614433808862609 5
1757630298283 0.14366880247398256 6
1757630298328 0.09334001110598608 7
1757630298376 0.0699719619354507 8
1757630298421 0.1573046187012335 9
1757630298466 0.10136576623473441 10
1757630298523 0.1263359116073809 11
1757630298569 0.06750177311691503 12
1757630298620 0.18902166856451535 13
1757630298670 0.21154644485333457 14
1757630298721 0.11461724212031829 15
1757630298771 0.09682123224824661 16
1757630298825 0.12575628862354846 17
1757630298872 0.06786823432719626 18
1757630298920 0.09115981842838906 19
1757630298967 0.16526239980543964 20
1757630299011 0.19169502364217572 21
1757630299058 0.12103160873291129 22
1757630299103 0.11788248279246544 23
1757630299150 0.10929917205534097 24
1757630299196 0.1525258975819613 25
1757630299250 0.08576438522008104 26
1757630299309 0.11260488216317484 27
1757630299360 0.1118620159739138 28
1757630299410 0.10055921564922252 29
1757630299458 0.2374648899150142 30
1757630299506 0.1981447175853466 31
1757630299555 0.07728898701012786 32
1757630299661 0.07191415874298542 33
1757630299730 0.25789259226353384 34
1757630299779 0.12114945646009936 35
1757630299831 0.16168710164561376 36
1757630299881 0.07451301648858281 37
1757630299932 0.21084657061059078 38
1757630299980 0.19072991958970092 39
1757630300028 0.08895533311818835 40
1757630300075 0.0996185003637883 41
1757630300124 0.159008284103119 42
1757630300172 0.08819238141017173 43
1757630300220 0.10540902522914507 44
1757630300268 0.08940362477087335 45
1757630300316 0.1224140459750089 46
1757630300363 0.11407897323729078 47
1757630300412 0.09092386765328021 48
1757630300464 0.07132245551498506 49
1757630300531 0.08052987186887828 50
1757630300583 0.13695170136847898 51
1757630300633 0.10193838632518094 52
1757630300682 0.08011759065460833 53
1757630300732 0.252332320728996 54
1757630300781 0.16352451013766753 55
1757630300833 0.18421902582341457 56
1757630300885 0.19763084835790992 57
1757630300933 0.08960144645655917 58
1757630300981 0.21063675100021284 59
1757630301030 0.12404400274752017 60
1757630301078 0.11700774323829129 61
1757630301126 0.07307593344720172 62
1757630301176 0.1279353559755882 63
1757630301224 0.11539792571704308 64
1757630301273 0.11062783814749026 65
1757630301321 0.12182957058137192 66
1757630301370 0.1917301889560981 67
1757630301416 0.09811910847290284 68
1757630301474 0.11189166448035706 69
1757630301524 0.12365165192056188 70
1757630301576 0.18144769028373953 71
1757630301625 0.07984675181815898 72
1757630301672 0.09423413641104512 73
1757630301725 0.1715221826418226 74
1757630301780 0.11364586944457752 75
1757630301832 0.1225257352581198 76
1757630301878 0.06135258884566453 77
1757630301928 0.20199341971347962 78
1757630301975 0.1343631185667017 79
1757630302024 0.13613273580633428 80
1757630302071 0.15833348411487497 81
1757630302121 0.11310224653955882 82
1757630302170 0.08512897445569902 83
1757630302226 0.09390790459517362 84
1757630302276 0.13877025807822435 85
1757630302327 0.10673833510255351 86
1757630302378 0.1636969656908587 87
1757630302428 0.13995427453765127 88
1757630302476 0.11835493435517602 89
1757630302527 0.15141136126614355 90
1757630302576 0.1696004016948419 91
1757630302626 0.15494830240023633 92
1757630302681 0.12102644269299742 93
1757630302734 0.10887402137174446 94
1757630302784 0.16562847902822112 95
1757630302838 0.1803453865720613 96
1757630302902 0.10451627701302388 97
1757630302955 0.1398457193259015 98
1757630303004 0.11674022044763406 99
1757630303052 0.12234888794962154 100
1757630303103 0.12168214043466459 101
1757630303151 0.15591454713556077 102
1757630303198 0.1887748817852738 103
1757630303246 0.15636751379327066 104
1757630303293 0.18279434841989714 105
1757630303341 0.15941124883206814 106
1757630303389 0.08487287303317664 107
1757630303438 0.07818892329054929 108
1757630303485 0.16321591905588378 109
1757630303532 0.11691517063088337 110
1757630303579 0.08132494307831 111
1757630303627 0.17429219227546483 112
1757630303675 0.10139772229858933 113
1757630303723 0.10502492235972195 114
1757630303770 0.11487235860480169 115
1757630303819 0.16616728530997066 116
1757630303867 0.0694627592756521 117
1757630303915 0.18681545373028413 118
1757630303964 0.12609241669798554 119
1757630304011 0.08432462359500165 120
1757630304060 0.21842247601924736 121
1757630304110 0.0823971731130487 122
1757630304159 0.2261568066037334 123
1757630304207 0.08546636083713145 124
1757630304258 0.16384836003426587 125
1757630304306 0.06336515180324913 126
1757630304354 0.1131662861307802 127
1757630304401 0.11968570370630197 128
1757630304450 0.15694770277499742 129
1757630304498 0.2900309583126549 130
1757630304545 0.16327135209640514 131
1757630304593 0.2612427201468233 132
1757630304641 0.16855218703884495 133
1757630304690 0.12808499459371922 134
1757630304740 0.12175703275536859 135
1757630304788 0.14962605728097841 136
1757630304838 0.09895737962541579 137
1757630304886 0.09728310715031795 138
1757630304939 0.1466141271869915 139
1757630304988 0.1257577587306775 140
1757630305037 0.09199251781333645 141
1757630305085 0.13145810597782595 142
1757630305134 0.13418542202396377 143
1757630305182 0.08364676710530902 144
1757630305231 0.13909762500116588 145
1757630305280 0.26784733416791273 146
1757630305329 0.13139158336177595 147
1757630305377 0.18341889906336484 148
1757630305426 0.17159267851292256 149
1757630305483 0.1133794452831522 150
1757630305544 0.09198366605636567 151
1757630305595 0.09400917856123285 152
1757630305644 0.1311386639076411 153
1757630305693 0.08934048281005975 154
1757630305740 0.2308732166748774 155
1757630305789 0.07613356053268605 156
1757630305838 0.14204597183711262 157
1757630305887 0.11504727370826709 158
1757630305936 0.10715964450422033 159
1757630305985 0.20734622332035332 160
1757630306034 0.09629376859693022 161
1757630306082 0.10791492513726922 162
1757630306131 0.09532088998935703 163
1757630306179 0.11768845443936242 164
1757630306229 0.13575994763512003 165
1757630306278 0.07776843382739104 166
1757630306327 0.13683602971185385 167
1757630306376 0.08309146919949228 168
1757630306424 0.21935420218680088 169
1757630306475 0.07335714415684028 170
1757630306524 0.11204640285473952 171
1757630306574 0.125165968722704 172
1757630306623 0.09018536085083552 173
1757630306672 0.14239740848441873 174
1757630306721 0.13358657034750876 175
1757630306770 0.1013786225605178 176
1757630306820 0.18263351672854183 177
1757630306869 0.330572591650965 178
1757630306919 0.1303382244716216 179
1757630306974 0.1339137448137628 180
1757630307023 0.12019744227043291 181
1757630307073 0.0967389043197243 182
1757630307122 0.1010614890965081 183
1757630307172 0.13517923803478138 184
1757630307221 0.1106954715464104 185
1757630307271 0.16062463119613404 186
1757630307320 0.09606732796787297 187
1757630307370 0.09815699602409945 188
1757630307419 0.11308627437515682 189
1757630307469 0.139021653141093 190
1757630307520 0.11672902836997073 191
1757630307569 0.10478695652677315 192
1757630307625 0.09853505172557667 193
1757630307675 0.08530096111418718 194
1757630307727 0.11369671626945561 195
1757630307781 0.10286356525385999 196
1757630307834 0.08146945541421423 197
1757630307891 0.15536843302362027 198
1757630307944 0.15378092074508926 199
1757630307996 0.07795203276257108 200
1757630308049 0.091700360421709 201
1757630308101 0.14015936956132727 202
1757630308156 0.1443272458248285 203
1757630308217 0.12251174450503674 204
1757630308289 0.12099977427166257 205
1757630308476 0.10936591415215759 206
1757630308555 0.06531335354426342 207
1757630308627 0.05148859180084925 208
1757630308686 0.15873702582337174 209
1757630308745 0.13199776051339498 210
1757630308802 0.1077273012288753 211
1757630308858 0.15829249971093912 212
1757630308914 0.15686098999177098 213
1757630308981 0.07845473293162109 214
1757630309038 0.1807700775214293 215
1757630309092 0.07272111268692502 216
1757630309149 0.07095863124964423 217
1757630309206 0.1937686500214599 218
1757630309262 0.07391069368397873 219
1757630309318 0.07640445660217458 220
1757630309374 0.10369064918361212 221
1757630309429 0.11860929229849708 222
1757630309483 0.1152229696091212 223
1757630309539 0.2115150859382725 224
1757630309594 0.10419975110468553 225
1757630309647 0.10309306676685849 226
1757630309701 0.20036847004841873 227
1757630309760 0.1594647651905366 228
1757630309825 0.1636523652099914 229
1757630309893 0.05947730230635786 230
1757630309957 0.06877149005130832 231
1757630310017 0.1273630811052943 232
1757630310073 0.09299817975962546 233
1757630310128 0.13293435583482477 234
1757630310183 0.09330175602804919 235
1757630310243 0.1747607856380672 236
1757630310297 0.08698934040965958 237
1757630310355 0.0894209193284386 238
1757630310413 0.14900825475278595 239
1757630310476 0.12000155305653157 240
1757630310564 0.12401404413694098 241
1757630310624 0.09567645287202982 242
1757630310684 0.1485735800864576 243
1757630310748 0.1287680777407502 244
1757630310809 0.10833053821470602 245
1757630310867 0.17884822194521285 246
1757630310922 0.0946513899535815 247
1757630310980 0.16170537544398367 248
1757630311048 0.10794951259577293 249
1757630311106 0.1398697951386635 250
1757630311161 0.13557178185909588 251
1757630311219 0.15627481392767675 252
1757630311281 0.11402904053767021 253
1757630311338 0.11280400045680955 254
1757630311392 0.1508948831912017 255
1757630311447 0.12408203995243347 256
1757630311502 0.1618772088363326 257
1757630311556 0.09370455811654109 258
1757630311611 0.05772218580683834 259
1757630311664 0.16530798179124045 260
1757630311718 0.23621109751962716 261
1757630311772 0.16298226845373293 262
1757630311826 0.08035149491524296 263
1757630311880 0.08588438079106976 264
1757630311931 0.11287288783671967 265
1757630311984 0.17462627575639197 266
1757630312035 0.18080926002951891 267
1757630312088 0.11397787492414535 268
1757630312139 0.08788555075677967 269
1757630312246 0.19468519230520687 270
1757630312304 0.1813500643701532 271
1757630312359 0.10884027920551598 272
1757630312415 0.130126778285871 273
1757630312471 0.08608046268120971 274
1757630312525 0.16820660288588452 275
1757630312579 0.10120900048892777 276
1757630312632 0.07294862056317415 277
1757630312686 0.15296239196486525 278
1757630312738 0.15928442089115386 279
1757630312792 0.11392914352235109 280
1757630312846 0.11792745976559037 281
1757630312900 0.08739754342750529 282
1757630312955 0.16703465512602592 283
1757630313007 0.11182901833865118 284
1757630313064 0.16311899788450523 285
1757630313121 0.28254396866957676 286
1757630313174 0.15327446377830198 287
1757630313226 0.09206553647002394 288
1757630313287 0.12009871911736736 289
1757630313340 0.08894119179784517 290
1757630313393 0.14941461317992746 291
1757630313445 0.13982769980708257 292
1757630313498 0.11227082574069583 293
1757630313550 0.10078991136283778 294
1757630313608 0.0798604994872168 295
1757630313665 0.17644774666922095 296
1757630313720 0.1584140848996398 297
1757630313775 0.09158807822407951 298
1757630313828 0.08856004690371445 299
1757630313881 0.10923385275464145 300
1757630313933 0.10959939945755266 301
1757630313986 0.11595182251091468 302
1757630314040 0.09263816170200437 303
1757630314093 0.09662488422012355 304
1757630314145 0.13061688099497604 305
1757630314198 0.1300465850730531 306
1757630314251 0.15032224428216145 307
1757630314304 0.1138339166008176 308
1757630314357 0.12671644254645176 309
1757630314412 0.10538102156672559 310
1757630314464 0.13823878498725606 311
1757630314516 0.1106395736989306 312
1757630314571 0.08048838295638709 313
1757630314626 0.08741494413285641 314
1757630314693 0.10606987800884062 315
1757630314749 0.07410344977803487 316
1757630314803 0.11127165327869555 317
1757630314860 0.16678846403586897 318
1757630314931 0.10827301105995633 319
1757630314984 0.07837975324154914 320
1757630315038 0.08286432309156179 321
1757630315099 0.17795650193220863 322
1757630315153 0.16562286968219608 323
1757630315206 0.13302340315460578 324
1757630315260 0.13502915607983604 325
1757630315313 0.13840390145278983 326
1757630315366 0.13345573753850004 327
1757630315418 0.1656574060182337 328
1757630315479 0.1348577748558002 329
1757630315549 0.10446579186507836 330
1757630315606 0.16683161941484292 331
1757630315662 0.17088624636194616 332
1757630315718 0.10550409761071118 333
1757630315774 0.13504244539427526 334
1757630315827 0.11725812337811027 335
1757630315880 0.13008582178574524 336
1757630315934 0.09576114814631115 337
1757630315987 0.2046150378130738 338
1757630316041 0.07233323780826334 339
1757630316094 0.09122135396832966 340
1757630316147 0.1258164026408777 341
1757630316200 0.09471459313342973 342
1757630316254 0.11649254548734152 343
1757630316308 0.11176069650069065 344
1757630316362 0.17305060772825828 345
1757630316415 0.19481013116812976 346
1757630316469 0.1198083222617797 347
1757630316523 0.1597223270960385 348
1757630316579 0.113504206726523 349
1757630316632 0.13793933848663173 350
1757630316687 0.13182349749583616 351
1757630316742 0.0633759765183512 352
1757630316797 0.10638581244756712 353
1757630316849 0.13841507613541185 354
1757630316903 0.08465807439049068 355
1757630316957 0.11279822325997164 356
1757630317011 0.13234366816496837 357
1757630317065 0.10935380816125621 358
1757630317122 0.16776923293269985 359
1757630317177 0.11551938006410514 360
1757630317230 0.14322122174594215 361
1757630317285 0.10663965216900627 362
1757630317339 0.09053115305454765 363
1757630317394 0.16353233381327253 364
1757630317447 0.12222076087978925 365
1757630317501 0.09598333537707464 366
1757630317555 0.08696228434747609 367
1757630317609 0.12192443888827911 368
1757630317663 0.11177857894277246 369
1757630317718 0.15001683551032546 370
1757630317773 0.09709557002161752 371
1757630317826 0.11173883643117408 372
1757630317879 0.12373935745784813 373
1757630317932 0.1568149814103565 374
1757630317986 0.09701423336954408 375
1757630318039 0.05886828448073031 376
1757630318092 0.15875784148298716 377
1757630318145 0.14006799865492472 378
1757630318198 0.08712527096816865 379
1757630318252 0.0785108230009704 380
1757630318304 0.1256036571303896 381
1757630318358 0.12524077117720367 382
1757630318412 0.12919477878068314 383
1757630318468 0.16485505790341823 384
1757630318539 0.07080116384407416 385
1757630318595 0.12099710416013837 386
1757630318650 0.10844264364640303 387
1757630318706 0.10531311123730423 388
1757630318761 0.11326090749110908 389
1757630318815 0.1392038802641643 390
1757630318870 0.08867011567708542 391
1757630318924 0.22292581307528478 392
1757630318979 0.07953791992995003 393
1757630319033 0.19118124433629022 394
1757630319087 0.13128424804383856 395
1757630319143 0.09039302436976343 396
1757630319200 0.13450254319178623 397
1757630319255 0.1688050531430932 398
1757630319310 0.09762939505349424 399
1757630319364 0.04312569205358478 400
1757630319420 0.09201690277523174 401
1757630319476 0.08432401899614458 402
1757630319535 0.08924282007920926 403
1757630319590 0.13045357794525822 404
1757630319647 0.07488377172099596 405
1757630319702 0.14512757204084642 406
1757630319760 0.13338685934090214 407
1757630319815 0.10037224840038185 408
1757630319870 0.14140192350968997 409
1757630319925 0.07914882581762618 410
1757630319980 0.11661695028699415 411
1757630320034 0.06323418192753362 412
1757630320093 0.09987072429003767 413
1757630320150 0.10735301969338461 414
1757630320207 0.07656111855777241 415
1757630320263 0.1741414519278488 416
1757630320319 0.19190663887255893 417
1757630320375 0.09298985110474692 418
1757630320429 0.15824195440031227 419
1757630320490 0.11733465715282829 420
1757630320556 0.09401130348215031 421
1757630320612 0.08044275263483605 422
1757630320669 0.08572380424310434 423
1757630320725 0.09875670358794528 424
1757630320781 0.1419410282708319 425
1757630320837 0.09621326373398899 426
1757630320892 0.1421350860906265 427
1757630320948 0.138048577440311 428
1757630321008 0.18927673912453294 429
1757630321070 0.09127967546685414 430
1757630321128 0.13025861603849592 431
1757630321189 0.06590850916188233 432
1757630321249 0.15677695906360659 433
1757630321305 0.1434387865969065 434
1757630321361 0.19514742682604053 435
1757630321416 0.11653529070504565 436
1757630321472 0.09620785142685861 437
1757630321528 0.04780312251147982 438
1757630321586 0.14532471529072322 439
1757630321643 0.11605005671098657 440
1757630321699 0.09486424387627779 441
1757630321757 0.11460267213258156 442
1757630321813 0.08738960128706783 443
1757630321868 0.15263760158482315 444
1757630321924 0.10313779274381424 445
1757630321979 0.18420656852535397 446
1757630322036 0.05399173266044706 447
1757630322094 0.09197809650867844 448
1757630322150 0.1064775077095333 449
1757630322207 0.10588528686245312 450
1757630322328 0.10240679985716686 451
1757630322388 0.14537737676137466 452
1757630322447 0.07293388911559791 453
1757630322506 0.13186212229381525 454
1757630322563 0.1482220234338329 455
1757630322619 0.11640974807405549 456
1757630322677 0.11563775201650546 457
1757630322733 0.10660771974420777 458
1757630322791 0.12489612567811557 459
1757630322848 0.11134421141216021 460
1757630322904 0.08609863468833155 461
1757630322961 0.21125929439560728 462
1757630323016 0.05974622854269671 463
1757630323075 0.08881416496294049 464
1757630323132 0.09583757500168004 465
1757630323189 0.10047568108160732 466
1757630323249 0.10514959253894633 467
1757630323307 0.17937401803451777 468
1757630323365 0.17749622481666755 469
1757630323421 0.10417189498717862 470
1757630323478 0.11941293099930748 471
1757630323535 0.18985906544312256 472
1757630323591 0.10978448763354366 473
1757630323647 0.0925770852939557 474
1757630323703 0.1181095194214337 475
1757630323761 0.061026586218881636 476
1757630323817 0.088342531766982 477
1757630323874 0.09712160153153072 478
1757630323930 0.16228398706424957 479
1757630323986 0.11718864252726059 480
1757630324042 0.10309008936280867 481
1757630324099 0.10684499974842906 482
1757630324158 0.1283891141253096 483
1757630324214 0.23197878712882117 484
1757630324272 0.1067598717033707 485
1757630324330 0.11995476876072596 486
1757630324388 0.06139267361782913 487
1757630324445 0.12470805473475574 488
1757630324503 0.09058119882297118 489
1757630324559 0.07942883752309012 490
1757630324615 0.117916865633454 491
1757630324671 0.07493859385219626 492
1757630324728 0.2204705029418289 493
1757630324784 0.13076717003671198 494
1757630324840 0.07844682455517776 495
1757630324897 0.0909587578562606 496
1757630324953 0.059775318511246046 497
1757630325009 0.18528004485802735 498
1757630325066 0.16580202491121748 499
