1757645908879 5.627193356404902 0
1757645908930 0.33985668687835957 1
1757645908982 0.13096004188775298 2
1757645909053 0.1397128245252027 3
1757645909107 0.14585392720736534 4
1757645909159 0.08041005837722279 5
1757645909211 0.16807694321332592 6
1757645909261 0.1278445729236038 7
1757645909320 0.22607603411705415 8
1757645909374 0.10390957761758787 9
1757645909427 0.13510571211546188 10
1757645909479 0.1005373909153286 11
1757645909533 0.17091597790551294 12
1757645909585 0.14553155363892378 13
1757645909638 0.16910734405156574 14
1757645909689 0.17184325742612255 15
1757645909741 0.22646064179748182 16
1757645909794 0.21929048342316926 17
1757645909845 0.13249264436098535 18
1757645909905 0.22761584997952253 19
1757645909956 0.09834294338039513 20
1757645910009 0.13133966996367247 21
1757645910063 0.13144061251547803 22
1757645910118 0.10220179543096308 23
1757645910168 0.1930721684922077 24
1757645910220 0.08766920855530877 25
1757645910271 0.10226307082872552 26
1757645910322 0.15497818455924614 27
1757645910374 0.10205689568184892 28
1757645910425 0.09906406237271981 29
1757645910478 0.11811792704221984 30
1757645910531 0.09874404138149677 31
1757645910583 0.16876306742820568 32
1757645910635 0.12458074180125887 33
1757645910687 0.08754821942077458 34
1757645910741 0.1267453428896108 35
1757645910797 0.12578244576595654 36
1757645910850 0.1068936554907779 37
1757645910905 0.12804106134578414 38
1757645910957 0.24926220254376774 39
1757645911010 0.08891953852485576 40
1757645911063 0.14606589176730242 41
1757645911202 0.07192710340119178 42
1757645911256 0.11502511741483798 43
1757645911310 0.10517209250879075 44
1757645911371 0.10823134296449853 45
1757645911424 0.17437487048218633 46
1757645911477 0.17594669342452585 47
1757645911531 0.11714399452893497 48
1757645911583 0.10941375215536267 49
1757645911636 0.12902720748585456 50
1757645911689 0.15739390005093035 51
1757645911740 0.1451333168306737 52
1757645911794 0.09255721077038674 53
1757645911848 0.15705789406993148 54
1757645911900 0.09796556899644557 55
1757645911952 0.17122102132434228 56
1757645912007 0.168519953871233 57
1757645912061 0.13290651551126773 58
1757645912114 0.19252521106067919 59
1757645912167 0.2885855557890471 60
1757645912220 0.11751328439253908 61
1757645912273 0.11012664006714781 62
1757645912326 0.18282364131878692 63
1757645912378 0.10567356175070203 64
1757645912431 0.12040884927125245 65
