1757624416096 177.86499442187596 0
1757624416147 174.28602831722537 1
1757624416202 167.62407014822443 2
1757624416246 158.4333787477048 3
1757624416292 147.2901625716912 4
1757624416336 134.7625744949353 5
1757624416379 121.38706313502034 6
1757624416420 107.65083427370327 7
1757624416463 93.97996012663495 8
1757624416506 80.73251710414198 9
1757624416551 68.19603247454994 10
1757624416593 56.58847231282034 11
1757624416634 46.062000446808604 12
1757624416676 36.708772536766645 13
1757624416720 28.56809200724265 14
1757624416764 21.634336380755823 15
1757624416834 15.865155324678195 16
1757624416879 11.18953813760869 17
1757624416971 7.515442508696494 18
1757624417020 4.736763672423587 19
1757624417068 2.73950048849998 20
1757624417113 1.4070407720225329 21
1757624417161 0.6245417962260056 22
1757624417206 0.2824236081272983 23
1757624417250 0.27902360745890725 24
1757624417296 0.5224821206521129 25
1757624417344 0.9319420253008803 26
1757624417389 1.4381524345196308 27
1757624417439 1.9835685118470099 28
1757624417484 2.5220379406607742 29
1757624417540 3.018160471507985 30
1757624417584 3.446401135719178 31
1757624417629 3.7900307504340027 32
1757624417674 4.039959679108175 33
1757624417717 4.193522751282236 34
1757624417762 4.2532649961824145 35
1757624417807 4.225769566233343 36
1757624417855 4.120561056185223 37
1757624417899 3.9491094944133573 38
1757624417945 3.7239527318102703 39
1757624417989 3.457947920514192 40
1757624418035 3.1636563961400945 41
1757624418080 2.852860676679723 42
1757624418124 2.536207568494737 43
1757624418171 2.222967591438411 44
1757624418216 1.9208981282220619 45
1757624418263 1.6361958526899532 46
1757624418307 1.3735230418843782 47
1757624418353 1.1360922360132346 48
1757624418399 0.9257942589189699 49
1757624418447 0.7433557111072944 50
1757624418492 0.5885135512802872 51
1757624418535 0.4601961457301713 52
1757624418580 0.3567020533013014 53
1757624418624 0.27586970944982475 54
1757624418669 0.21523298044569908 55
1757624418718 0.17215920615182811 56
1757624418765 0.1439677893334588 57
1757624418811 0.1280285957209165 58
1757624418861 0.12184039600292491 59
1757624418910 0.12309031789511787 60
1757624418959 0.12969580386810978 61
1757624419006 0.1398309154396268 62
1757624419052 0.1519390187443053 63
1757624419097 0.16473395912419822 64
1757624419144 0.17719181330377318 65
1757624419190 0.18853522126876435 66
1757624419245 0.1982121668596723 67
1757624419308 0.20587091248828454 68
1757624419355 0.2113326114079397 69
1757624419402 0.21456292935655394 70
1757624419449 0.2156438123182686 71
1757624419493 0.21474634302531684 72
1757624419539 0.2121054389968347 73
1757624419591 0.2079969622114795 74
1757624419637 0.2027176375774089 75
1757624419682 0.1965680168060575 76
1757624419730 0.1898385786860495 77
1757624419776 0.18279892850068938 78
1757624419822 0.1756899505009021 79
1757624419868 0.16871867945376942 80
1757624419916 0.16205559113586415 81
1757624419963 0.15583396720064066 82
1757624420007 0.15015096622217008 83
1757624420054 0.14507002818020923 84
1757624420102 0.14062425177145726 85
1757624420147 0.13682040974065093 86
1757624420192 0.13364330362887056 87
1757624420240 0.13106020253816345 88
1757624420286 0.129025157425496 89
1757624420337 0.12748303007642575 90
1757624420386 0.12637312172274381 91
1757624420432 0.12563232824831577 92
1757624420525 0.12519778564324413 93
1757624420626 0.1250089999631529 94
1757624420678 0.1250094802016131 95
1757624420727 0.12514791031469005 96
1757624420777 0.1253789086268166 97
1757624420828 0.12566342972474562 98
1757624420885 0.12596886658406614 99
1757624420934 0.12626890999447538 100
1757624420982 0.12654321925282339 101
1757624421030 0.12677695338900855 102
1757624421078 0.12696020656840315 103
1757624421125 0.1270873853234286 104
1757624421178 0.12715655931053882 105
1757624421222 0.12716881163907676 106
1757624421268 0.12712760963433037 107
1757624421314 0.12703821224962625 108
1757624421360 0.12690712623991096 109
1757624421408 0.1267416196219668 110
1757624421455 0.12654929782582983 111
1757624421501 0.12633774523664185 112
1757624421550 0.12611423249146433 113
1757624421603 0.12588548789873025 114
1757624421653 0.12565752966890506 115
1757624421701 0.12543555427397343 116
1757624421748 0.12522387518737116 117
1757624421793 0.12502590549339831 118
1757624421841 0.12484417739157058 119
1757624421886 0.12468039144586987 120
1757624421933 0.12453548852187464 121
1757624421980 0.12440973768728852 122
1757624422029 0.12430283388584844 123
1757624422076 0.12421399988665029 124
1757624422123 0.12414208781228997 125
1757624422171 0.12408567641072041 126
1757624422220 0.12404316111046071 127
1757624422269 0.12401283474485769 128
1757624422317 0.12399295761367386 129
1757624422367 0.12398181624308792 130
1757624422415 0.12397777079095414 131
1757624422463 0.12397929151449558 132
1757624422512 0.12398498507204901 133
1757624422560 0.1239936116753178 134
1757624422608 0.12400409425508198 135
1757624422658 0.12401552086611393 136
1757624422708 0.12402714155240395 137
1757624422754 0.12403836083822815 138
1757624422804 0.1240487269195602 139
1757624422854 0.12405791851752054 140
1757624422904 0.12406573023226923 141
1757624422955 0.12407205711075685 142
1757624423013 0.12407687902130163 143
