1757640291677 32.11210478264534 0
1757640291729 5.492020578304943 1
1757640291781 1.3036649548877364 2
1757640291854 0.3716350190471987 3
1757640291919 0.13717038571644094 4
1757640291971 0.11631148259678124 5
1757640292022 0.17448268517332652 6
1757640292076 0.1429456009816136 7
1757640292134 0.08966552324704648 8
1757640292186 0.17947489866955704 9
1757640292237 0.13984569110151254 10
1757640292299 0.14064497716551932 11
1757640292357 0.05971753436872928 12
1757640292408 0.09518231821756555 13
1757640292459 0.16174701308263936 14
1757640292512 0.14729422086346233 15
1757640292565 0.11883976105056875 16
1757640292616 0.12429718111988285 17
1757640292668 0.13128681798581024 18
1757640292720 0.13273657968533464 19
1757640292800 0.13579117143141015 20
1757640292863 0.09055760205683004 21
1757640292919 0.12033020622932535 22
1757640292973 0.1529633625863897 23
1757640293025 0.12771385412828493 24
1757640293077 0.2239009324103154 25
1757640293129 0.2036926115919089 26
1757640293184 0.1788767886988553 27
1757640293236 0.10793419038003842 28
1757640293288 0.11290893972162366 29
1757640293341 0.08386690648547755 30
1757640293395 0.09877215123029766 31
1757640293447 0.1537580236095077 32
1757640293498 0.13887258897859195 33
1757640293549 0.19299507280423855 34
1757640293598 0.0751834119269882 35
1757640293648 0.19535528075247935 36
1757640293698 0.1260205788810542 37
1757640293750 0.10552355755216271 38
1757640293799 0.15929240507663017 39
1757640293850 0.12375665746604093 40
1757640293901 0.12523600650546307 41
1757640293952 0.137569078728421 42
1757640294002 0.1243706632568236 43
1757640294052 0.1533837029720765 44
1757640294102 0.09222068428787432 45
1757640294158 0.13083717141431758 46
1757640294210 0.11103743743478996 47
1757640294263 0.19595605483424883 48
1757640294316 0.09085700540927676 49
1757640294366 0.16516615083335764 50
1757640294416 0.18644824590432627 51
1757640294467 0.1129524688388937 52
1757640294517 0.20725300743314723 53
1757640294567 0.12644411482042214 54
1757640294618 0.07988271776735756 55
1757640294668 0.1077155547748972 56
1757640294717 0.1285075783817736 57
1757640294768 0.09395589832054985 58
1757640294822 0.1522560229950954 59
1757640294872 0.13024339103184893 60
1757640294923 0.1176706438337217 61
1757640294972 0.11984500019002253 62
1757640295024 0.23367515746049675 63
1757640295074 0.1378936126405683 64
1757640295125 0.12837511903719992 65
1757640295175 0.1186502054269425 66
1757640295225 0.1454337527606753 67
1757640295275 0.13869423507490988 68
1757640295328 0.12690881944049995 69
1757640295380 0.08471398368571574 70
1757640295431 0.15497583752459942 71
1757640295483 0.0862888843820612 72
1757640295533 0.09261821835322476 73
1757640295583 0.1812767877513193 74
1757640295634 0.10128545565947204 75
1757640295685 0.14111936406728726 76
1757640295734 0.13542463033022184 77
1757640295788 0.12774383031915854 78
1757640295839 0.07239463272321287 79
1757640295890 0.1695797121404685 80
1757640296109 0.15323927065724338 81
1757640296197 0.12607938533959845 82
1757640296255 0.13469669605641404 83
1757640296311 0.0720066393231626 84
1757640296370 0.10780052314073522 85
1757640296422 0.07834072416724024 86
1757640296475 0.06421464814252238 87
1757640296531 0.13368078044421078 88
1757640296586 0.14007908337200972 89
1757640296639 0.13630479246137553 90
1757640296693 0.18643718232310902 91
1757640296747 0.12511550230077043 92
1757640296800 0.12731903113142387 93
1757640296853 0.11544302729054426 94
1757640296906 0.13382375535190225 95
1757640296958 0.14189987375216112 96
1757640297010 0.10313351899062538 97
1757640297062 0.16778817710130672 98
1757640297115 0.16006703022742216 99
1757640297166 0.19481202541316336 100
1757640297219 0.11133433459242488 101
1757640297270 0.12493201956195552 102
1757640297331 0.10882064123879708 103
1757640297388 0.18364924194849785 104
1757640297440 0.18517442291212716 105
1757640297491 0.13147964118973818 106
1757640297545 0.07679001278406257 107
1757640297599 0.13316318966619362 108
1757640297650 0.13681455758255598 109
1757640297702 0.08398884436256215 110
1757640297760 0.13314055771515595 111
1757640297831 0.14715071369267796 112
1757640297886 0.11061955721027651 113
1757640297939 0.18139911664496353 114
1757640297993 0.13448015290522217 115
1757640298046 0.18258023809389876 116
1757640298101 0.1507097259819778 117
1757640298155 0.1281096235506043 118
1757640298210 0.15707938615304703 119
1757640298275 0.11113631174762907 120
1757640298330 0.10143964476440123 121
1757640298382 0.18348484132981152 122
1757640298435 0.12174342155066867 123
1757640298487 0.13445600732878227 124
1757640298538 0.10776256550727556 125
1757640298590 0.1703717786564892 126
1757640298642 0.09971630532561777 127
1757640298695 0.155543178687935 128
1757640298747 0.15588155030537748 129
1757640298801 0.12839066717398484 130
1757640298855 0.13434699866893177 131
1757640298908 0.08910177024260539 132
1757640298962 0.11692276602831844 133
1757640299015 0.13711088327982748 134
1757640299066 0.1334333649628291 135
1757640299119 0.11887125728427365 136
1757640299171 0.11727855959613394 137
1757640299224 0.1451506485913765 138
1757640299276 0.09807493389343308 139
1757640299329 0.20097057100799662 140
1757640299382 0.20674494484586642 141
1757640299434 0.15030044162315323 142
1757640299486 0.0843857228692489 143
1757640299539 0.18408098656006497 144
1757640299590 0.09309764698056136 145
1757640299643 0.16350966556998667 146
1757640299696 0.1654075531105716 147
1757640299749 0.12027385015855825 148
1757640299801 0.09504262993799928 149
1757640299854 0.1601143634170858 150
1757640299907 0.0963778173898018 151
1757640299960 0.09453526304126456 152
1757640300013 0.18618750055321212 153
1757640300073 0.11327316014004542 154
1757640300127 0.08807463229499776 155
1757640300180 0.15247948538498496 156
1757640300233 0.1460279707653143 157
1757640300295 0.12792149888423784 158
1757640300349 0.15386397936855745 159
1757640300403 0.1604538073102659 160
1757640300456 0.134186612383015 161
1757640300509 0.12558051909108195 162
1757640300562 0.10581044969798242 163
1757640300616 0.13236846706161998 164
1757640300668 0.08626870366605388 165
1757640300722 0.2643776395852261 166
1757640300775 0.14042994660271657 167
1757640300829 0.08837491657759576 168
1757640300884 0.1409840298572677 169
1757640300937 0.10819212508523969 170
1757640300990 0.17327552127700946 171
1757640301044 0.1055333030790548 172
1757640301097 0.1944477212000014 173
1757640301151 0.06424999485079148 174
1757640301204 0.07286029607251843 175
1757640301257 0.06504514337924484 176
1757640301310 0.08616009727153837 177
1757640301364 0.2542230313990854 178
1757640301418 0.1217555600103557 179
1757640301472 0.10474741271252946 180
1757640301525 0.14636848098325125 181
1757640301579 0.13344408897512072 182
1757640301633 0.15497197429843773 183
1757640301687 0.11775863967369081 184
1757640301740 0.0971237051824193 185
1757640301793 0.10060134806813609 186
1757640301848 0.18398762905740482 187
1757640301914 0.12247658658715391 188
1757640301984 0.14035703359287707 189
1757640302042 0.14675094645851364 190
1757640302174 0.11164106505958628 191
1757640302252 0.20517677539236676 192
1757640302336 0.08199323489721587 193
1757640302397 0.35049542341337026 194
1757640302459 0.11766260856290411 195
1757640302515 0.17277180313414361 196
1757640302576 0.13270185082472236 197
1757640302632 0.12137823237893282 198
1757640302688 0.1371291041463364 199
1757640302746 0.13073462787157875 200
1757640302817 0.14581918226353205 201
1757640302876 0.11814947860803493 202
1757640302933 0.10681113396528717 203
1757640302990 0.08958266432825174 204
1757640303047 0.11495047081860528 205
1757640303103 0.1757241789488953 206
1757640303160 0.10298401780332513 207
1757640303221 0.122383889306571 208
1757640303280 0.1778173340784218 209
1757640303337 0.12257290700003604 210
1757640303393 0.14608613878243631 211
1757640303448 0.11955073754057774 212
1757640303502 0.07516982714350888 213
1757640303557 0.14699604408758432 214
1757640303611 0.13872425681301426 215
1757640303665 0.20743829840705721 216
1757640303720 0.08658097333448087 217
1757640303774 0.13946612562129118 218
1757640303829 0.16426451105256995 219
1757640303886 0.15564877772234126 220
1757640303940 0.0531170343520069 221
1757640303994 0.1378264964329413 222
1757640304049 0.19744408473588618 223
1757640304104 0.10804293046728773 224
1757640304159 0.20551143761352816 225
1757640304214 0.1794886339052266 226
1757640304268 0.21072986101579125 227
1757640304322 0.1749977779506724 228
1757640304384 0.09531981098825805 229
1757640304441 0.11459335168491293 230
1757640304495 0.1467822067336038 231
1757640304552 0.09087681724095471 232
1757640304608 0.08720233463514095 233
1757640304664 0.10725390189391845 234
1757640304719 0.0601796103460149 235
1757640304773 0.14427957916503067 236
1757640304827 0.11879909048884718 237
1757640304885 0.1349229249525569 238
1757640304943 0.06280302243885 239
1757640304998 0.10974798880145838 240
1757640305055 0.08942152794289235 241
1757640305111 0.09714997885299323 242
1757640305167 0.07206714683458278 243
1757640305222 0.13999894924587086 244
1757640305278 0.14364075292121575 245
1757640305334 0.09233300989378364 246
1757640305388 0.13900713384192195 247
1757640305444 0.19013507082512485 248
1757640305498 0.09327998628919427 249
1757640305552 0.14145097071911175 250
1757640305608 0.08211418684235247 251
1757640305663 0.11282739861488 252
1757640305719 0.0776087518093421 253
1757640305774 0.11318938149291004 254
1757640305830 0.06610613801724137 255
1757640305897 0.118898949424588 256
1757640305958 0.09807413673179517 257
1757640306016 0.09518713107272508 258
1757640306075 0.14115484965771982 259
1757640306134 0.10197480565018988 260
1757640306191 0.10941361837357014 261
1757640306247 0.09387680339034186 262
1757640306304 0.12883578246724642 263
1757640306359 0.15590171248597703 264
1757640306421 0.12917939975934545 265
1757640306478 0.09560430099407867 266
1757640306535 0.12939517272554552 267
1757640306590 0.08563083658554706 268
1757640306650 0.09050483085951073 269
1757640306710 0.1222571444938155 270
1757640306766 0.17719093896422844 271
1757640306822 0.1901820116007871 272
1757640306878 0.1419407575135164 273
1757640306937 0.11198418039110988 274
1757640306993 0.10674021928171369 275
1757640307049 0.12462873813563521 276
1757640307105 0.1564222547343444 277
1757640307162 0.1755011473368833 278
1757640307219 0.08252266214084483 279
1757640307275 0.09760455735736574 280
1757640307332 0.14432869763615394 281
1757640307388 0.15037924870377672 282
1757640307444 0.08145628210922125 283
1757640307499 0.12059963071685972 284
1757640307555 0.16269588232096338 285
1757640307611 0.11545376869395636 286
1757640307667 0.317526961109848 287
1757640307724 0.1433189965477653 288
1757640307791 0.1347164106236542 289
1757640307856 0.22378450509275277 290
1757640307915 0.18734952061382779 291
1757640307972 0.1032050669325638 292
1757640308030 0.2027722437931531 293
1757640308088 0.15982921355356475 294
1757640308146 0.17316850152083615 295
1757640308204 0.13319572179014563 296
1757640308262 0.17080718507693388 297
1757640308318 0.09109944333922113 298
1757640308375 0.06695166683441002 299
1757640308436 0.10456293852856022 300
1757640308497 0.12567277325991946 301
1757640308554 0.08652771961891596 302
1757640308612 0.15530260052445422 303
1757640308667 0.19874068138391873 304
1757640308724 0.17363898619561718 305
1757640308780 0.10368172253178366 306
1757640308840 0.12565380091235512 307
1757640308898 0.19491042390900115 308
1757640308954 0.12171192143993954 309
1757640309012 0.1277156682761937 310
1757640309067 0.14942022075452183 311
1757640309125 0.1673552269935536 312
1757640309181 0.1244938660680285 313
1757640309237 0.18853261085384967 314
1757640309294 0.10559316956292991 315
1757640309351 0.17885158942800047 316
1757640309407 0.07148336999915506 317
1757640309464 0.16212551810799408 318
1757640309520 0.08440873207692819 319
1757640309577 0.2464642656277396 320
1757640309633 0.13308871746761078 321
1757640309689 0.14463049454031665 322
1757640309745 0.09140708367478542 323
1757640309802 0.14212738743150263 324
1757640309859 0.14049275275538825 325
1757640309915 0.12847135796112438 326
1757640309972 0.09191609277378576 327
1757640310029 0.1089494259887738 328
1757640310091 0.12270261884193215 329
1757640310150 0.13121183346081072 330
1757640310208 0.17554020271086954 331
1757640310264 0.15040468749224115 332
1757640310320 0.14270095236145633 333
1757640310377 0.12454361404838707 334
1757640310435 0.10446220664269594 335
1757640310574 0.129373864965073 336
1757640310631 0.12454601186238085 337
1757640310688 0.15554527101713944 338
1757640310745 0.15008938563362126 339
1757640310802 0.14711722311685088 340
1757640310859 0.11545768669233944 341
1757640310917 0.07658220735471827 342
1757640310974 0.19119548278965495 343
1757640311032 0.15840600035383576 344
1757640311089 0.10511334946696037 345
1757640311146 0.4121895381360611 346
1757640311203 0.19620299648910158 347
1757640311260 0.11702715537814705 348
1757640311316 0.10627611503282679 349
1757640311374 0.13572698388319915 350
1757640311430 0.15009311505208817 351
1757640311488 0.21834450926454993 352
1757640311546 0.06059442839128827 353
1757640311604 0.09249444858460326 354
1757640311660 0.12033883165431943 355
1757640311717 0.16710810121386094 356
1757640311776 0.18294833490571505 357
1757640311833 0.15798400390815123 358
1757640311891 0.10970557819720905 359
1757640311949 0.14745829109143468 360
1757640312007 0.13876789331420503 361
1757640312065 0.09782290320351045 362
1757640312123 0.12530024987313865 363
1757640312179 0.14445769627035535 364
1757640312237 0.11579979548848145 365
1757640312298 0.14517459547183253 366
1757640312364 0.08791830364732929 367
1757640312433 0.10445128959101542 368
1757640312493 0.17980463625089163 369
1757640312559 0.09239124506511655 370
1757640312618 0.09096614021710538 371
1757640312676 0.22591551176936345 372
1757640312734 0.19720711192638363 373
1757640312806 0.10763255920010355 374
1757640312870 0.07099262090678242 375
1757640312930 0.1054291157110519 376
1757640312990 0.1863149288968826 377
1757640313051 0.16888951294490057 378
1757640313112 0.06314229761415914 379
1757640313170 0.43345413459296267 380
1757640313229 0.08169748019717339 381
1757640313287 0.12846439877596166 382
1757640313348 0.07723435054235996 383
1757640313406 0.12278602603339307 384
1757640313464 0.1118807637904268 385
1757640313522 0.1439733056293614 386
1757640313580 0.17683921467641744 387
1757640313639 0.1152666419694663 388
1757640313697 0.1044720082037051 389
1757640313755 0.22865450444460866 390
1757640313813 0.15744218821931846 391
1757640313874 0.14329542802135273 392
1757640313932 0.18509831066203447 393
1757640313990 0.10063217465702542 394
1757640314049 0.14619004584267786 395
1757640314108 0.13278714828769914 396
1757640314166 0.141003879305733 397
1757640314225 0.05848477180629224 398
1757640314283 0.11397509811339329 399
1757640314342 0.14833666728004827 400
1757640314401 0.0579583221859383 401
1757640314458 0.08088785974079636 402
1757640314516 0.10920215531053398 403
1757640314583 0.08678814911629651 404
1757640314644 0.09664525437844325 405
1757640314703 0.17990752997711187 406
1757640314762 0.15556175579009762 407
1757640314819 0.19741918947956225 408
1757640314880 0.14135923653093393 409
1757640314939 0.12144874779872333 410
1757640314997 0.14801061614275998 411
1757640315056 0.10521522471649754 412
1757640315115 0.08077757440459746 413
1757640315174 0.15084145627080972 414
1757640315233 0.10936402389595719 415
1757640315291 0.1308355480724887 416
1757640315350 0.12725678639333196 417
1757640315410 0.07781686132125029 418
1757640315468 0.1406439072762836 419
1757640315527 0.10313936401992123 420
1757640315587 0.07200170508994681 421
1757640315646 0.13616563964953127 422
1757640315704 0.129482520575749 423
1757640315764 0.1334530282964171 424
1757640315822 0.12612140370759845 425
1757640315880 0.12718579240004219 426
1757640315940 0.1247683309856587 427
1757640315998 0.14620644413869704 428
1757640316056 0.09320545386289977 429
1757640316115 0.11838614514962106 430
1757640316175 0.2106255791555199 431
1757640316235 0.10299540440058713 432
1757640316294 0.08938133073581105 433
1757640316353 0.1258645391278583 434
1757640316412 0.10308798502869596 435
1757640316477 0.13756931626577723 436
1757640316536 0.098458605765055 437
1757640316601 0.11424500250438697 438
1757640316664 0.11615669832339594 439
1757640316726 0.155806513538563 440
1757640316786 0.14799508012760915 441
1757640316845 0.1010842386688258 442
1757640316906 0.16014133214955703 443
1757640316966 0.0985221619767651 444
1757640317026 0.09125634654836365 445
1757640317084 0.1287796392285168 446
1757640317144 0.10545650942436581 447
1757640317203 0.134634609028677 448
1757640317263 0.12446789648831975 449
1757640317323 0.1081281674013388 450
1757640317382 0.11132452700096683 451
1757640317442 0.11118419266890261 452
1757640317501 0.09868624888337374 453
1757640317560 0.06323834352058155 454
1757640317619 0.0767687649892467 455
1757640317680 0.08385861246840844 456
1757640317740 0.1894586233113559 457
1757640317816 0.11888403587839981 458
1757640317879 0.21094031893998388 459
1757640317941 0.11072507185818302 460
1757640318004 0.1317870007942842 461
1757640318066 0.23040629148146444 462
1757640318127 0.12042352110047755 463
1757640318187 0.10388148257126475 464
1757640318248 0.11389307102453909 465
1757640318308 0.11391649472546737 466
1757640318367 0.1449271258005257 467
1757640318427 0.11344074536212626 468
1757640318487 0.08528837528865581 469
1757640318547 0.1329093828191126 470
1757640318610 0.1441262738858955 471
1757640318674 0.17174485731735722 472
1757640318734 0.18875922762374284 473
1757640318795 0.3507953547300525 474
1757640318856 0.1405798921538578 475
1757640318918 0.14071287478659714 476
1757640318978 0.13370035736750463 477
1757640319039 0.19046710114500584 478
1757640319099 0.08443087490827732 479
1757640319158 0.10956270699823836 480
1757640319218 0.12378266387506842 481
1757640319279 0.07544076310858727 482
1757640319339 0.09983013142595468 483
1757640319399 0.08885518079630236 484
1757640319459 0.16479334860295058 485
1757640319518 0.1245211242394074 486
1757640319579 0.15371123820668178 487
1757640319638 0.10936994758589152 488
1757640319699 0.0779130644691725 489
1757640319760 0.15768819384803162 490
1757640319821 0.12184682663428821 491
1757640319882 0.10359909865339906 492
1757640319943 0.16097766213324127 493
1757640320003 0.09864960888133911 494
1757640320063 0.06866570727897814 495
1757640320123 0.09658863308959784 496
1757640320185 0.11527886358510693 497
1757640320245 0.09603727317401128 498
1757640320306 0.14623759560288072 499
