1757639636012 143.7955747285465 0
1757639636059 123.91555456999099 1
1757639636105 101.29894583648422 2
1757639636152 84.11762295334775 3
1757639636201 72.6806950243581 4
1757639636250 59.510591772693616 5
1757639636303 50.200708152749684 6
1757639636348 43.57623006338121 7
1757639636394 35.652488511909574 8
1757639636439 29.692806836012924 9
1757639636484 25.052060864107382 10
1757639636530 21.456989192315753 11
1757639636578 18.14828297401127 12
1757639636624 16.7750134507489 13
1757639636669 12.472316852049664 14
1757639636718 10.772897047116153 15
1757639636765 8.940898681389662 16
1757639636813 7.28769898526693 17
1757639636861 6.184527890354019 18
1757639636908 5.964302728473241 19
1757639636958 4.371230513197615 20
1757639637009 4.405799247328682 21
1757639637060 3.3603162774297206 22
1757639637114 3.263866890960381 23
1757639637168 2.3119501638378783 24
1757639637223 1.7630683940261966 25
1757639637282 1.975220065517956 26
1757639637332 1.5793951611607653 27
1757639637382 1.0943228019481965 28
1757639637433 1.1954949270221296 29
1757639637483 0.9899168091243274 30
1757639637534 1.046196776736242 31
1757639637585 0.6755914457390839 32
1757639637639 0.7033935059320015 33
1757639637709 0.4814096440630345 34
1757639637766 0.4554397709147348 35
1757639637820 0.5210595006174458 36
1757639637874 0.34554814102576636 37
1757639637927 0.32819245761627813 38
1757639637981 0.24539416688559001 39
1757639638034 0.2542095640663951 40
1757639638085 0.19156501715659302 41
1757639638136 0.21601724142005518 42
1757639638189 0.20090245758941142 43
1757639638240 0.19543889527189776 44
1757639638292 0.13109251680018458 45
1757639638355 0.16112547478038147 46
1757639638408 0.09993837934192455 47
1757639638461 0.13648766107412788 48
1757639638514 0.173860887070481 49
1757639638567 0.1272124804219825 50
1757639638618 0.1996260488134707 51
1757639638669 0.1284345553035753 52
1757639638721 0.12373504802954363 53
1757639638779 0.18713428775557459 54
1757639638831 0.10780642732252582 55
1757639638885 0.08050388628168283 56
1757639638939 0.19087203540430406 57
1757639638992 0.12481047142382283 58
1757639639046 0.11240584538581666 59
1757639639102 0.08508154777576764 60
1757639639155 0.07450846813897656 61
1757639639206 0.10745907977215163 62
1757639639257 0.09559741620700683 63
1757639639316 0.07680350333066072 64
1757639639368 0.14209955004543448 65
1757639639422 0.08066607324710763 66
1757639639475 0.15350446428135947 67
1757639639537 0.1453099268486905 68
1757639639592 0.16653064913616034 69
1757639639646 0.13249338281616946 70
1757639639698 0.11704994352591654 71
1757639639749 0.12072293934388023 72
1757639639802 0.14721021046241195 73
1757639639853 0.13669854834770226 74
1757639639907 0.17760030185030637 75
1757639639960 0.11441419793036091 76
1757639640018 0.06799757234037161 77
1757639640073 0.1400922818442336 78
1757639640127 0.06437339952479197 79
1757639640177 0.12438419283422693 80
1757639640229 0.1052359298124071 81
1757639640280 0.13331429231514064 82
1757639640331 0.11364474864069897 83
1757639640391 0.0726006050249478 84
1757639640444 0.20032754460070043 85
1757639640496 0.13904147014950918 86
1757639640549 0.07140210917293782 87
1757639640602 0.14359790436342545 88
1757639640653 0.13173922503864316 89
1757639640704 0.14291146450721845 90
1757639640757 0.15625925804390506 91
1757639640808 0.1605908504553686 92
1757639640859 0.07769516300266525 93
1757639640912 0.09818035949370936 94
1757639640964 0.13873057011194156 95
1757639641015 0.2397357439182016 96
1757639641068 0.1864009916588451 97
1757639641120 0.10572193620077568 98
1757639641171 0.13491376974737787 99
1757639641223 0.14819900651085985 100
1757639641275 0.17055136878126753 101
1757639641327 0.0805330980417997 102
1757639641380 0.08455555137923011 103
1757639641432 0.09655277845385904 104
1757639641485 0.1284720644017759 105
1757639641537 0.1218935917664298 106
1757639641593 0.09717655906036345 107
1757639641645 0.07303429311151727 108
1757639641697 0.12044706795333869 109
1757639641749 0.14421103431711033 110
1757639641800 0.07397323626943282 111
1757639641851 0.09311659144375997 112
1757639641904 0.12579947166997252 113
1757639641957 0.12182169936303672 114
1757639642009 0.10056891711334004 115
1757639642061 0.1671511510831529 116
1757639642119 0.14646999817319092 117
1757639642187 0.13293751680032612 118
1757639642244 0.0805891489730756 119
1757639642302 0.12865105338211513 120
1757639642354 0.10232836032568685 121
1757639642413 0.13914707452033084 122
1757639642466 0.19003927566918616 123
1757639642519 0.15019351771047412 124
1757639642573 0.11867613717749731 125
1757639642626 0.1094836259451947 126
1757639642692 0.11121416569115278 127
1757639642752 0.1351900475516165 128
1757639642808 0.13567281738222334 129
1757639642861 0.1301893165668612 130
1757639642914 0.11428157838658874 131
1757639642968 0.1681377698009592 132
1757639643021 0.11110665289991538 133
1757639643075 0.18979365719433844 134
1757639643129 0.15342703165940325 135
1757639643183 0.13422470693662222 136
1757639643236 0.09186440690859657 137
