1757627765023 53.912920415873145 0
1757627765108 27.746861070665467 1
1757627765201 12.211307630659958 2
1757627765289 5.9545800899084185 3
1757627765377 3.288814958008177 4
1757627765461 0.5427707210669219 5
1757627765552 1.7257606392158722 6
1757627765639 0.0415506781115201 7
1757627765726 0.0016447611444072568 8
1757627765837 0.019058899555161518 9
1757627765929 2.341848676466925e-05 10
1757627766021 0.012963136653515898 11
1757627766109 0.24589419944276406 12
1757627766201 0.29996176678071135 13
1757627766296 0.05934356035384528 14
1757627766382 0.012712513310667636 15
1757627766470 0.3956968593737114 16
1757627766558 0.0006441056861732091 17
1757627766644 0.30060683054445486 18
1757627766730 0.03893850664570248 19
1757627766814 0.6081391179450966 20
1757627766900 0.053624883500776474 21
1757627766987 0.2654017173250237 22
1757627767078 1.0486551755658289 23
1757627767165 0.19846024283158123 24
1757627767256 0.06273098995265514 25
1757627767342 0.000695525927619012 26
1757627767429 0.004954964360697857 27
1757627767515 0.0033233145831351256 28
1757627767600 3.7004344429330427e-07 29
1757627767689 0.0002812897809917002 30
1757627767776 0.06577874309162528 31
1757627767887 0.002149018447185796 32
1757627767976 0.004122517385838989 33
1757627768063 0.003143607101644209 34
1757627768151 0.23435339786296228 35
1757627768242 0.15840756666697886 36
1757627768335 0.04689086217194941 37
1757627768422 0.0894188669092361 38
1757627768509 0.7761328634827614 39
1757627768596 0.009706953628696762 40
1757627768686 0.0969940974134561 41
1757627768776 0.3396350968834996 42
1757627768869 0.6829477380672112 43
1757627768955 0.06440789947899314 44
1757627769042 0.6537009642848942 45
1757627769130 0.05978335018256285 46
1757627769224 0.03852577340143013 47
1757627769318 0.00568563118433909 48
1757627769405 0.05323787244789556 49
1757627769495 0.027084633109081067 50
1757627769586 0.0148905901836225 51
1757627769674 0.02303575065117943 52
1757627769761 0.024352153466275124 53
1757627769853 0.24951620481665215 54
1757627769980 0.23077688303452637 55
1757627770075 0.0002634474038660554 56
1757627770169 0.03727500575033456 57
1757627770257 0.06616108042322458 58
1757627770346 0.023555439546703118 59
1757627770432 0.5041606249257246 60
1757627770520 0.05493293195814306 61
1757627770605 0.055161177635860925 62
1757627770691 0.0012801067801977675 63
1757627770779 0.005346844059114197 64
1757627770863 0.018022663140488938 65
1757627770948 0.0030112799711145394 66
1757627771037 0.0016777261068168924 67
1757627771124 0.23764022003204127 68
1757627771210 0.039411756948583586 69
1757627771304 0.06674452568162394 70
1757627771392 0.00017035338143962437 71
1757627771481 0.023304470320082055 72
1757627771566 0.051022524524044204 73
1757627771652 0.11439450265629343 74
1757627771737 0.10286144987245503 75
1757627771824 0.03650517749711591 76
1757627771910 0.022677487716836333 77
1757627771996 0.002222663629455752 78
1757627772089 0.036466924482123755 79
1757627772177 0.04078124150486411 80
1757627772265 0.014298466072204948 81
1757627772352 0.0009451207278868837 82
1757627772437 0.0006140577901693818 83
1757627772523 0.0008905221412690139 84
1757627772611 0.2771729123639396 85
1757627772699 0.15032928972420195 86
1757627772784 0.027869728973118877 87
1757627772870 0.002799689215475894 88
1757627772956 0.5567407430053227 89
1757627773043 0.060554645243726606 90
1757627773129 0.005101528485987769 91
1757627773215 0.03570842654152059 92
1757627773305 0.03859252253862594 93
1757627773395 0.05077938342313769 94
1757627773480 0.0004039033864512396 95
1757627773567 0.16347883263186133 96
1757627773655 0.001118902278967849 97
1757627773742 0.10632449868358042 98
1757627773829 0.26215364077601033 99
1757627773915 0.018955517064795025 100
1757627774004 0.06010211694945117 101
1757627774090 0.005287573065741085 102
1757627774179 0.13031475424343764 103
1757627774266 0.24814245620906833 104
1757627774352 0.074375363150369 105
1757627774439 0.010980460662917026 106
1757627774526 0.002111215892648887 107
1757627774611 0.02086957441641534 108
1757627774698 0.00748871811341197 109
1757627774785 0.0019742452576677373 110
1757627774879 0.0029870381015523447 111
1757627774979 0.12897316189257835 112
1757627775067 0.0025177252607355228 113
1757627775156 0.002112271749380077 114
1757627775392 0.45936208159126074 115
1757627775483 0.0009553478256389874 116
1757627775575 0.026275288719757685 117
1757627775662 0.01894989504762894 118
1757627775751 0.0027160916148285716 119
1757627775839 0.020125100111407477 120
1757627775925 0.05999899362799104 121
1757627776016 0.09847858957220329 122
1757627776104 0.2778307316316798 123
1757627776192 0.1510371170801117 124
1757627776280 0.0008827782697604573 125
1757627776368 0.057421235731396306 126
1757627776456 0.0023148620071415374 127
1757627776544 2.5176622468831597e-05 128
1757627776631 0.057693716981690714 129
1757627776720 0.10037691332651968 130
1757627776807 0.38142189155347617 131
1757627776896 0.07191208376194319 132
1757627776982 0.135431720085933 133
1757627777070 1.1143846154540655 134
1757627777156 0.008585122431235662 135
1757627777245 0.0007420243939214527 136
1757627777417 0.0040172894742883675 137
1757627777518 0.1602331538786917 138
1757627777612 0.021583776596866493 139
1757627777708 0.008578701087792908 140
1757627777859 0.0059923810187821605 141
1757627777964 0.0021654610410991957 142
1757627778058 0.05335942763276311 143
1757627778147 0.01709740861670145 144
1757627778245 0.054794208542458665 145
1757627778341 0.0007301452880002371 146
1757627778429 0.0579142701992963 147
1757627778518 0.020901955183270867 148
1757627778606 0.006892466617158174 149
1757627778694 0.012636074405405954 150
1757627778781 0.002745351305982329 151
1757627778871 0.05369638339302585 152
1757627778964 0.013327955656859859 153
1757627779063 0.030439457906792172 154
1757627779160 0.03892711806865539 155
1757627779255 0.059730402790602447 156
1757627779346 0.003652432244829161 157
1757627779439 0.3096995661750181 158
1757627779533 0.0074193157343576425 159
1757627779621 0.09344160172352875 160
1757627779709 0.056132733198750354 161
1757627779799 0.06668307559882741 162
1757627779897 0.34852933146640563 163
1757627779996 0.021039189996837404 164
1757627780092 1.0873663093827777 165
1757627780193 0.14449824034278483 166
1757627780300 0.016801860654874823 167
1757627780401 0.20944776760020492 168
1757627780502 0.07971297559383533 169
1757627780597 0.056561918067519514 170
1757627780695 0.018919219436865364 171
1757627780789 0.005497665332237317 172
1757627780881 0.024580549804427226 173
1757627780975 0.00012046741258850542 174
1757627781073 0.3831397579398629 175
1757627781173 0.024102359987724243 176
1757627781269 0.591630355788514 177
1757627781366 0.0002062659250990979 178
1757627781459 0.3694823157743801 179
1757627781560 0.011203864386999834 180
1757627781651 0.05273297450851726 181
1757627781741 0.009128701489553245 182
1757627781835 0.006140741556385837 183
1757627781926 0.02039322121101921 184
1757627782015 0.0007354322424548926 185
1757627782105 0.0030934768740144255 186
1757627782195 0.05069160057273022 187
1757627782292 0.048329310909154176 188
1757627782394 0.0002597884986686324 189
1757627782495 0.04462781625173967 190
1757627782596 0.17117858713070966 191
1757627782693 0.00010594476451927635 192
1757627782792 0.0001445493175971743 193
1757627782891 0.2560846533975993 194
1757627782989 0.007627485358035824 195
1757627783092 0.08527536053913644 196
1757627783190 0.002376981232105618 197
1757627783289 0.04600138551123781 198
1757627783388 0.03829207278424683 199
1757627783480 0.08265596235114095 200
1757627783580 0.04174098540262274 201
1757627783669 0.008119293091467156 202
1757627783759 0.0749291731726326 203
1757627783853 0.04999268908767918 204
1757627783951 0.14553787583372452 205
1757627784046 0.006382603790289863 206
1757627784139 0.5996021641133514 207
1757627784241 1.7185067557881377 208
1757627784342 0.011284185501125175 209
1757627784449 0.03325137354854397 210
1757627784554 0.007711711035995382 211
1757627784651 0.25887158936497895 212
1757627784747 0.022412069769713782 213
1757627784852 0.009763333295120332 214
1757627784982 4.806262510910442e-05 215
1757627785089 0.013260711154127016 216
1757627785193 0.00015723547548858734 217
1757627785298 5.666893650083012e-06 218
1757627785403 0.06519133818398339 219
1757627785500 0.16116656003289995 220
1757627785600 0.32530415735869 221
1757627785692 0.7020201472820612 222
1757627785789 0.000894928451745267 223
1757627785895 0.07611338306817611 224
1757627785998 0.0011112275468599555 225
1757627786101 0.061707386805083274 226
1757627786205 0.11803592483206946 227
1757627786305 0.029992648168058827 228
1757627786410 0.31476472837244884 229
1757627786512 0.10425503970591156 230
1757627786615 0.020703747043852427 231
1757627786723 0.32179774634967434 232
1757627786826 0.12387237747300886 233
1757627786927 0.021620394791200523 234
1757627787024 0.03591338786738572 235
1757627787118 0.09855296506700638 236
1757627787214 0.08951646226072205 237
1757627787316 0.00796151247756602 238
1757627787413 0.618182125651103 239
1757627787508 0.0024239855654823316 240
1757627787602 1.4671385927254361e-07 241
1757627787695 1.719298377248332 242
1757627787789 0.005955879139139203 243
1757627787903 0.001662088562972774 244
1757627788004 0.03928407431070662 245
1757627788108 0.06889086977152462 246
1757627788213 0.054678525715145844 247
1757627788316 1.1333165709290073e-07 248
1757627788414 0.14744754420572642 249
1757627788510 0.5068419649794405 250
1757627788611 0.03324733422935914 251
1757627788713 0.03606340163150842 252
1757627788809 0.15437101161153707 253
1757627788903 0.11088028859569407 254
1757627788997 0.07750120680187013 255
1757627789096 0.07242736096769956 256
1757627789198 0.05772466549401033 257
1757627789298 0.25045602349754376 258
1757627789394 0.005975058921851389 259
1757627789490 0.3872845533225717 260
1757627789584 0.037078226214282466 261
1757627789696 0.08087595501629577 262
1757627789839 0.012830607083439733 263
1757627789973 0.06479271775379218 264
1757627790116 0.0319766055270962 265
1757627790225 0.039213297681578455 266
1757627790343 0.022122783137165588 267
1757627790458 0.01839240051811287 268
1757627790563 0.2945152599701992 269
1757627790668 1.1358661627332531 270
1757627790773 0.012366500014144955 271
1757627790873 0.029087844204785815 272
1757627790980 0.00037913096614402636 273
1757627791083 0.03316635164569196 274
1757627791180 0.09234647921421316 275
1757627791273 0.012708177726793739 276
1757627791365 0.14748035920599328 277
1757627791454 0.025706141499578547 278
1757627791544 0.03884453555937382 279
1757627791636 0.19871604463576947 280
1757627791733 0.32486135259408533 281
1757627791826 0.30287844904911976 282
1757627791931 0.07487352711741994 283
1757627792032 0.00046892894422870523 284
1757627792133 0.002221595579024291 285
1757627792230 0.014952346153457993 286
1757627792323 0.011053996182080313 287
1757627792418 0.08978126565427282 288
1757627792510 0.029728262267930104 289
1757627792611 0.7654712766055434 290
1757627792714 0.10119983911008947 291
1757627792811 0.005881349524970169 292
1757627792906 1.6866500370298332 293
1757627792997 0.08485073949955198 294
1757627793087 0.041821250589393295 295
1757627793178 0.35470316202719915 296
1757627793271 0.1689557132407612 297
1757627793364 0.21966170621548656 298
1757627793466 0.17731054037908614 299
1757627793576 0.4222106699367939 300
1757627793682 0.049132631871003675 301
1757627793787 0.012044616819806515 302
1757627793892 0.44599713378328404 303
1757627793994 0.11777017473812432 304
1757627794093 0.025217368657122798 305
1757627794188 0.012748377858785619 306
1757627794285 0.7164600827444846 307
1757627794382 0.0031383266008529914 308
1757627794489 0.03731571057725195 309
1757627794603 0.5945721361779197 310
1757627794703 0.012434324133014716 311
1757627794802 0.020596205403919467 312
1757627794906 0.04107534205529239 313
1757627795013 0.010376900526993457 314
1757627795114 0.006218221791426307 315
1757627795209 0.02985578636447872 316
1757627795305 0.27777239093593287 317
1757627795399 0.32823238580755837 318
1757627795490 0.07117602731203011 319
1757627795584 0.07495376319748631 320
1757627795692 0.06470578225034397 321
1757627795811 0.4136324247407501 322
1757627795916 0.0022927495421235147 323
1757627796021 0.020218826084534867 324
1757627796123 0.28183542317213506 325
1757627796229 0.0026836763863635196 326
1757627796326 0.00905845449594646 327
1757627796421 0.3609754925098281 328
1757627796521 0.020050260101169257 329
1757627796614 0.11606149827356606 330
1757627796712 0.14892612479526568 331
1757627796806 1.2068134336036935 332
1757627796898 0.1632389612812685 333
1757627796987 0.015456257593570237 334
1757627797079 0.0008419581012763928 335
1757627797170 0.12585483176933043 336
1757627797260 1.4762449416579446 337
1757627797350 0.007103482196303457 338
1757627797440 0.06877315558355639 339
1757627797529 0.0068285076424523024 340
1757627797619 0.14031832316899714 341
1757627797708 0.22298705641322367 342
1757627797807 0.02436077519376485 343
1757627797908 0.0414211990628459 344
1757627797999 0.018905569932778258 345
1757627798089 0.013801331101934412 346
1757627798179 0.046144634153500515 347
1757627798268 0.3657128568188902 348
1757627798357 0.02575401713747714 349
1757627798447 0.21652576333801457 350
1757627798537 0.002519534928301197 351
1757627798629 0.035443083178888404 352
1757627798724 0.0002858827813889349 353
1757627798817 0.046588852736297974 354
1757627798909 0.001964752601639715 355
1757627798999 0.1851449208959643 356
1757627799091 9.399245448940752e-05 357
1757627799183 0.04340562761211962 358
1757627799278 0.25700343664780334 359
1757627799374 0.01172430240263821 360
1757627799477 5.099446295203688e-06 361
