1757641157087 168.268670100269 0
1757641157152 168.23473055222593 1
1757641157216 168.18383120844618 2
1757641157282 168.12446487217335 3
1757641157349 168.06087867381353 4
1757641157425 167.9951963570059 5
1757641157492 167.92847983409192 6
1757641157555 167.86126006713747 7
1757641157610 167.79380253434425 8
1757641157666 167.72623996976745 9
1757641157723 167.65863873482013 10
1757641157781 167.59103200444542 11
1757641157839 167.52343636031193 12
1757641157910 167.45586008744095 13
1757641157985 167.3883073225285 14
1757641158047 167.32078012810896 15
1757641158111 167.25327952963784 16
1757641158187 167.1858060340334 17
1757641158253 167.11835988894785 18
1757641159017 167.05094121240282 19
1757641159087 166.98355005760723 20
1757641159155 166.9161864453662 21
1757641159219 166.8488503802855 22
1757641159283 166.78154185887388 23
1757641159340 166.7142608735941 24
1757641159399 166.64700741488844 25
1757641159455 166.57978147219168 26
1757641159510 166.51258303443726 27
1757641159563 166.44541209031067 28
1757641159617 166.37826862837585 29
1757641159669 166.31115263713863 30
1757641159731 166.24406410507842 31
1757641159785 166.17700302066385 32
1757641159839 166.10996937236078 33
1757641159892 166.04296314863623 34
1757641159944 165.9759843379605 35
1757641159995 165.90903292880796 36
1757641160047 165.84210890965753 37
1757641160098 165.77521226899307 38
1757641160148 165.7083429953036 39
1757641160198 165.64150107708295 40
1757641160250 165.57468650283016 41
1757641160300 165.5078992610494 42
1757641160349 165.4411393402499 43
1757641160399 165.37440672894593 44
1757641160449 165.30770141565702 45
1757641160499 165.2410233889077 46
1757641160550 165.17437263722763 47
1757641160600 165.1077491491516 48
1757641160651 165.04115291321946 49
1757641160701 164.97458391797616 50
1757641160753 164.90804215197176 51
1757641160803 164.8415276037614 52
1757641160855 164.77504026190533 53
1757641160904 164.70858011496887 54
1757641160959 164.6421471515224 55
1757641161009 164.57574136014142 56
1757641161065 164.5093627294065 57
1757641161117 164.44301124790329 58
1757641161167 164.3766869042225 59
1757641161220 164.31038968695998 60
1757641161270 164.2441195847165 61
1757641161323 164.17787658609797 62
1757641161373 164.11166067971544 63
1757641161423 164.04547185418494 64
1757641161474 163.9793100981276 65
1757641161525 163.91317540016954 66
1757641161575 163.847067748942 67
1757641161631 163.78098713308134 68
1757641161682 163.7149335412287 69
1757641161736 163.64890696203062 70
1757641161786 163.58290738413845 71
1757641161843 163.51693479620855 72
1757641161893 163.45098918690252 73
1757641161944 163.3850705448869 74
1757641161995 163.31917885883317 75
1757641162045 163.253314117418 76
1757641162100 163.187476309323 77
1757641162151 163.12166542323476 78
1757641162208 163.05588144784497 79
1757641162260 162.99012437185036 80
1757641162311 162.92439418395264 81
1757641162362 162.85869087285857 82
1757641162412 162.79301442727981 83
1757641162462 162.72736483593314 84
1757641162512 162.6617420875404 85
1757641162583 162.59614617082832 86
1757641162634 162.53057707452865 87
1757641162684 162.46503478737822 88
1757641162737 162.39951929811875 89
1757641162789 162.33403059549704 90
1757641162840 162.2685686682649 91
1757641162896 162.203133505179 92
1757641162963 162.13772509500117 93
1757641163016 162.07234342649812 94
1757641163074 162.0069884884416 95
1757641163130 161.9416602696083 96
1757641163182 161.87635875877987 97
1757641163232 161.811083944743 98
1757641163287 161.74583581628931 99
1757641163359 161.68061436221547 100
1757641163413 161.61541957132297 101
1757641163467 161.55025143241843 102
1757641163519 161.4851099343133 103
1757641163570 161.41999506582408 104
1757641163623 161.3549068157722 105
1757641163674 161.2898451729841 106
1757641163726 161.22481012629103 107
1757641163777 161.1598016645293 108
1757641163834 161.09481977654028 109
1757641163891 161.02986445117003 110
1757641163948 160.9649356772698 111
1757641164003 160.90003344369558 112
1757641164054 160.83515773930844 113
1757641164106 160.7703085529743 114
1757641164160 160.7054858735641 115
1757641164212 160.64068968995375 116
1757641164263 160.57591999102382 117
1757641164315 160.51117676566017 118
1757641164366 160.44646000275335 119
1757641164418 160.3817696911989 120
1757641164470 160.3171058198973 121
1757641164521 160.2524683777539 122
1757641164573 160.18785735367905 123
1757641164625 160.1232727365879 124
1757641164677 160.0587145154006 125
1757641164729 159.99418267904215 126
1757641164781 159.92967721644254 127
1757641164834 159.86519811653656 128
1757641164885 159.80074536826402 129
1757641164938 159.73631896056946 130
1757641164990 159.67191888240248 131
1757641165042 159.60754512271754 132
1757641165096 159.54319767047392 133
1757641165153 159.47887651463586 134
1757641165205 159.41458164417242 135
1757641165257 159.35031304805764 136
1757641165310 159.28607071527037 137
1757641165362 159.2218546347943 138
1757641165413 159.15766479561816 139
1757641165466 159.0935011867354 140
1757641165518 159.0293637971444 141
1757641165570 158.96525261584839 142
1757641165622 158.90116763185551 143
1757641165675 158.8371088341787 144
1757641165728 158.77307621183581 145
1757641165779 158.7090697538496 146
1757641165830 158.64508944924756 147
1757641165882 158.58113528706215 148
1757641165934 158.51720725633066 149
1757641165985 158.45330534609516 150
1757641166037 158.3894295454026 151
1757641166088 158.32557984330492 152
1757641166140 158.26175622885862 153
1757641166191 158.19795869112534 154
1757641166243 158.1341872191714 155
1757641166294 158.07044180206785 156
1757641166346 158.0067224288909 157
1757641166398 157.94302908872126 158
1757641166451 157.87936177064464 159
1757641166503 157.81572046375155 160
1757641166555 157.75210515713738 161
1757641166607 157.68851583990218 162
1757641166658 157.624952501151 163
1757641166710 157.56141512999355 164
1757641166762 157.49790371554454 165
1757641166814 157.43441824692334 166
1757641166866 157.37095871325417 167
1757641166917 157.30752510366605 168
1757641166970 157.2441174072929 169
1757641167022 157.18073561327333 170
1757641167074 157.11737971075078 171
1757641167126 157.0540496888735 172
1757641167185 156.99074553679455 173
1757641167251 156.92746724367177 174
1757641167326 156.8642147986678 175
1757641167382 156.80098819095005 176
1757641167435 156.73778740969078 177
1757641167567 156.6746124440669 178
1757641167626 156.61146328326026 179
1757641167684 156.5483399164574 180
1757641167743 156.48524233284962 181
1757641167799 156.42217052163312 182
1757641167854 156.35912447200872 183
1757641167917 156.29610417318207 184
1757641167980 156.23310961436368 185
1757641168035 156.17014078476865 186
1757641168091 156.10719767361698 187
1757641168146 156.04428027013336 188
1757641168199 155.9813885635473 189
1757641168253 155.91852254309305 190
1757641168306 155.85568219800956 191
1757641168360 155.79286751754063 192
1757641168413 155.73007849093466 193
1757641168467 155.66731510744498 194
1757641168520 155.60457735632954 195
1757641168573 155.54186522685106 196
1757641168627 155.47917870827703 197
1757641168680 155.4165177898796 198
1757641168733 155.3538824609358 199
1757641168786 155.29127271072727 200
1757641168840 155.22868852854046 201
1757641168894 155.16612990366644 202
1757641168948 155.10359682540113 203
1757641169003 155.04108928304507 204
1757641169055 154.9786072659036 205
1757641169108 154.9161507632868 206
1757641169163 154.85371976450932 207
1757641169221 154.7913142588907 208
1757641169275 154.72893423575513 209
1757641169329 154.66657968443144 210
1757641169382 154.6042505942533 211
1757641169434 154.54194695455897 212
1757641169487 154.4796687546914 213
1757641169540 154.41741598399844 214
1757641169598 154.3551886318324 215
1757641169652 154.2929866875504 216
1757641169705 154.23081014051425 217
1757641169758 154.16865898009047 218
1757641169812 154.10653319565017 219
1757641169866 154.04443277656932 220
1757641169918 153.9823577122284 221
1757641169972 153.92030799201268 222
1757641170024 153.8582836053121 223
1757641170078 153.7962845415212 224
1757641170131 153.73431079003933 225
1757641170183 153.67236234027038 226
1757641170236 153.610439181623 227
1757641170289 153.54854130351046 228
1757641170342 153.48666869535077 229
1757641170395 153.42482134656652 230
1757641170449 153.36299924658496 231
1757641170502 153.30120238483812 232
1757641170555 153.23943075076252 233
1757641170614 153.17768433379945 234
1757641170667 153.11596312339486 235
1757641170721 153.0542671089993 236
1757641170774 152.99259628006794 237
1757641170827 152.9309506260607 238
1757641170884 152.86933013644207 239
1757641170938 152.8077348006812 240
1757641170991 152.74616460825183 241
1757641171044 152.6846195486325 242
1757641171100 152.62309961130615 243
1757641171154 152.5616047857605 244
1757641171210 152.50013506148795 245
1757641171266 152.4386904279854 246
1757641171320 152.37727087475443 247
1757641171377 152.31587639130126 248
1757641171430 152.25450696713668 249
1757641171483 152.1931625917762 250
1757641171536 152.13184325473986 251
1757641171590 152.07054894555233 252
1757641171643 152.00927965374288 253
1757641171697 151.94803536884544 254
1757641171751 151.88681608039855 255
1757641171805 151.8256217779453 256
1757641171859 151.76445245103343 257
1757641171914 151.7033080892152 258
1757641171967 151.64218868204765 259
1757641172021 151.5810942190922 260
1757641172075 151.52002468991503 261
1757641172130 151.4589800840868 262
1757641172184 151.39796039118283 263
1757641172238 151.33696560078303 264
1757641172292 151.27599570247182 265
1757641172349 151.21505068583835 266
1757641172404 151.15413054047616 267
1757641172458 151.0932352559835 268
1757641172668 151.0323648219632 269
1757641172774 150.97151922802263 270
1757641172834 150.91069846377368 271
1757641172903 150.84990251883292 272
1757641172980 150.78913138282144 273
1757641173040 150.72838504536483 274
1757641173098 150.66766349609333 275
1757641173155 150.60696672464172 276
1757641173212 150.54629472064937 277
1757641173279 150.48564747376014 278
1757641173337 150.42502497362244 279
1757641173394 150.36442720988936 280
1757641173450 150.30385417221837 281
1757641173505 150.24330585027158 282
1757641173560 150.18278223371567 283
1757641173620 150.12228331222178 284
1757641173675 150.06180907546567 285
1757641173733 150.00135951312762 286
1757641173788 149.94093461489246 287
1757641173843 149.88053437044945 288
1757641173898 149.82015876949256 289
1757641173954 149.75980780172011 290
1757641174011 149.69948145683512 291
1757641174067 149.639179724545 292
1757641174122 149.57890259456173 293
1757641174176 149.5186500566018 294
1757641174230 149.45842210038634 295
1757641174285 149.3982187156408 296
1757641174343 149.33803989209525 297
1757641174397 149.27788561948427 298
1757641174451 149.21775588754699 299
1757641174505 149.15765068602698 300
1757641174560 149.0975700046723 301
1757641174614 149.03751383323558 302
1757641174670 148.97748216147394 303
1757641174725 148.91747497914898 304
1757641174780 148.85749227602682 305
1757641174835 148.797534041878 306
1757641174890 148.73760026647773 307
1757641174944 148.67769093960547 308
1757641174999 148.61780605104536 309
1757641175055 148.55794559058597 310
1757641175137 148.49810954802032 311
1757641175191 148.43829791314593 312
1757641175267 148.3785106757649 313
1757641175332 148.31874782568357 314
1757641175388 148.25900935271306 315
1757641175445 148.1992952466687 316
1757641175501 148.1396054973704 317
1757641175557 148.0799400946426 318
1757641175614 148.02029902831418 319
1757641175671 147.96068228821835 320
1757641175727 147.90108986419295 321
1757641175781 147.8415217460802 322
1757641175838 147.78197792372677 323
1757641175892 147.72245838698387 324
1757641175947 147.66296312570708 325
1757641176003 147.60349212975646 326
1757641176058 147.54404538899652 327
1757641176114 147.48462289329623 328
1757641176169 147.425224632529 329
1757641176224 147.3658505965726 330
1757641176279 147.30650077530944 331
1757641176335 147.24717515862622 332
1757641176392 147.18787373641408 333
1757641176448 147.1285964985686 334
1757641176503 147.0693434349899 335
1757641176558 147.01011453558232 336
1757641176613 146.95090979025485 337
1757641176672 146.8917291889208 338
1757641176748 146.83257272149788 339
1757641176804 146.77344037790832 340
1757641176860 146.71433214807868 341
1757641176915 146.65524802193994 342
1757641176970 146.59618798942753 343
1757641177026 146.53715204048135 344
1757641177081 146.47814016504557 345
1757641177137 146.41915235306888 346
1757641177193 146.36018859450434 347
1757641177248 146.30124887930944 348
1757641177304 146.24233319744607 349
1757641177367 146.18344153888046 350
1757641177423 146.12457389358332 351
1757641177480 146.0657302515297 352
1757641177535 146.00691060269907 353
1757641177590 145.9481149370753 354
1757641177646 145.88934324464662 355
1757641177701 145.8305955154057 356
1757641177759 145.77187173934956 357
1757641177815 145.7131719064796 358
1757641177871 145.6544960068016 359
1757641177943 145.5958440303257 360
1757641178003 145.53721596706652 361
1757641178061 145.47861180704294 362
1757641178117 145.4200315402783 363
1757641178174 145.36147515680022 364
1757641178231 145.3029426466407 365
1757641178288 145.24443399983625 366
1757641178346 145.1859492064276 367
1757641178494 145.12748825645986 368
1757641178550 145.06905113998252 369
1757641178605 145.0106378470495 370
1757641178660 144.95224836771897 371
1757641178715 144.89388269205344 372
1757641178771 144.83554081011988 373
1757641178826 144.7772227119896 374
1757641178882 144.71892838773815 375
1757641178937 144.6606578274455 376
1757641178994 144.602411021196 377
1757641179055 144.54418795907827 378
1757641179110 144.48598863118528 379
1757641179166 144.42781302761438 380
1757641179221 144.36966113846722 381
1757641179278 144.31153295384985 382
1757641179335 144.2534284638725 383
1757641179397 144.19534765864992 384
1757641179455 144.13729052830107 385
1757641179512 144.0792570629492 386
1757641179569 144.02124725272205 387
1757641179625 143.96326108775145 388
1757641179682 143.90529855817377 389
1757641179739 143.8473596541296 390
1757641179796 143.7894443657638 391
1757641179852 143.7315526832256 392
1757641179909 143.67368459666855 393
1757641179965 143.61584009625045 394
1757641180022 143.55801917213353 395
1757641180081 143.50022181448415 396
1757641180137 143.44244801347313 397
1757641180194 143.3846977592754 398
1757641180250 143.32697104207048 399
1757641180307 143.26926785204193 400
1757641180371 143.21158817937769 401
1757641180428 143.15393201427 402
1757641180485 143.0962993469154 403
1757641180542 143.03869016751472 404
1757641180599 142.98110446627297 405
1757641180655 142.92354223339962 406
1757641180711 142.86600345910836 407
1757641180773 142.80848813361703 408
1757641180830 142.75099624714792 409
1757641180889 142.69352778992751 410
1757641180945 142.63608275218658 411
1757641181002 142.5786611241602 412
1757641181062 142.52126289608765 413
1757641181119 142.4638880582125 414
1757641181176 142.40653660078257 415
1757641181233 142.34920851405008 416
1757641181291 142.2919037882713 417
1757641181347 142.23462241370692 418
1757641181411 142.17736438062175 419
1757641181470 142.12012967928504 420
1757641181528 142.06291829997014 421
1757641181585 142.00573023295465 422
1757641181644 141.94856546852048 423
1757641181701 141.89142399695385 424
1757641181759 141.83430580854505 425
1757641181818 141.7772108935888 426
1757641181876 141.72013924238396 427
1757641181933 141.66309084523363 428
1757641181990 141.60606569244507 429
1757641182048 141.54906377432997 430
1757641182106 141.49208508120412 431
1757641182163 141.43512960338757 432
1757641182220 141.37819733120457 433
1757641182278 141.32128825498367 434
1757641182337 141.26440236505758 435
1757641182394 141.20753965176323 436
1757641182451 141.1507001054418 437
1757641182509 141.09388371643868 438
1757641182589 141.0370904751035 439
1757641182649 140.98032037179004 440
1757641182709 140.92357339685637 441
1757641182768 140.86684954066476 442
1757641182828 140.8101487935816 443
1757641182889 140.75347114597753 444
1757641182960 140.6968165882275 445
1757641183021 140.64018511071058 446
1757641183082 140.58357670380997 447
1757641183142 140.52699135791315 448
1757641183202 140.47042906341179 449
1757641183262 140.41388981070182 450
1757641183323 140.35737359018313 451
1757641183383 140.30088039226013 452
1757641183448 140.24441020734113 453
1757641183508 140.1879630258388 454
1757641183568 140.13153883816992 455
1757641183627 140.07513763475552 456
1757641183685 140.0187594060207 457
1757641183743 139.96240414239483 458
1757641183801 139.90607183431143 459
1757641183867 139.84976247220823 460
1757641183926 139.793476046527 461
1757641183987 139.73721254771382 462
1757641184045 139.68097196621895 463
1757641184105 139.6247542924967 464
1757641184164 139.5685595170056 465
1757641184223 139.5123876302084 466
1757641184282 139.4562386225719 467
1757641184341 139.40011248456713 468
1757641184400 139.3440092066693 469
1757641184459 139.2879287793577 470
1757641184517 139.23187119311586 471
1757641184577 139.17583643843136 472
1757641184636 139.11982450579598 473
1757641184694 139.0638353857057 474
1757641184752 139.0078690686605 475
1757641184811 138.9519255451647 476
1757641184870 138.8960048057266 477
1757641184929 138.84010684085865 478
1757641184987 138.78423164107758 479
1757641185047 138.7283791969041 480
1757641185106 138.67254949886308 481
1757641185164 138.6167425374836 482
1757641185223 138.56095830329878 483
1757641185282 138.5051967868459 484
1757641185342 138.44945797866643 485
1757641185401 138.39374186930584 486
1757641185467 138.33804844931382 487
1757641185528 138.28237770924414 488
1757641185588 138.22672963965465 489
1757641185648 138.1711042311074 490
1757641185749 138.11550147416847 491
1757641185815 138.05992135940818 492
1757641185882 138.00436387740072 493
1757641185943 137.9488290187246 494
1757641186004 137.89331677396245 495
1757641186064 137.83782713370084 496
1757641186124 137.7823600885305 497
1757641186183 137.72691562904637 498
1757641186243 137.67149374584736 499
