1757640362697 158.41886845254322 0
1757640362751 132.4462715318137 1
1757640362816 107.40858823643663 2
1757640362873 94.23276218954544 3
1757640362925 77.92013146526236 4
1757640362979 62.58031288428276 5
1757640363030 54.02079153526627 6
1757640363081 43.00513295976223 7
1757640363132 38.85781999274357 8
1757640363183 33.266279607812606 9
1757640363232 27.394740658541707 10
1757640363281 21.785977099638167 11
1757640363330 18.616401629690706 12
1757640363380 17.641751516232876 13
1757640363430 14.656977680702985 14
1757640363482 11.665442152823656 15
1757640363531 10.550624455122161 16
1757640363579 9.027217271826434 17
1757640363637 5.763958863226982 18
1757640363688 5.9513600318295286 19
1757640363738 4.5875746521529805 20
1757640363786 4.256153376596124 21
1757640363843 3.7251560838731628 22
1757640363895 3.1263500990759012 23
1757640363947 2.353137439582221 24
1757640363998 1.8676414325702675 25
1757640364047 1.696824994399985 26
1757640364100 1.5054911433584923 27
1757640364149 1.3920237562721594 28
1757640364198 1.0234713565987934 29
1757640364247 1.0066508532034772 30
1757640364296 0.948955170853367 31
1757640364348 0.6051830095024295 32
1757640364399 0.6936270837437417 33
1757640364449 0.4300486678593156 34
1757640364499 0.5899201654265739 35
1757640364549 0.3766054325272592 36
1757640364599 0.4059466016263274 37
1757640364647 0.3315472078729762 38
1757640364697 0.26980488183769336 39
1757640364748 0.2884571529928288 40
1757640364796 0.2786133970010429 41
1757640364846 0.2340052773902311 42
1757640364897 0.20338282885774034 43
1757640364948 0.1834891075935349 44
1757640364998 0.23805194401632793 45
1757640365048 0.24087062141942128 46
1757640365098 0.18154727564031567 47
1757640365147 0.1955565562923705 48
1757640365197 0.1575702901657779 49
1757640365247 0.11258003483581708 50
1757640365296 0.14015624329926332 51
1757640365346 0.1804749722118908 52
1757640365396 0.11169769685721567 53
1757640365447 0.09800175064689949 54
1757640365497 0.12407862223282719 55
1757640365548 0.19319100034191727 56
1757640365598 0.17343583043694286 57
1757640365653 0.11161164109150783 58
1757640365706 0.15490878002759795 59
1757640365774 0.11682510618376145 60
1757640365829 0.11759661460371958 61
1757640365885 0.14444527448547373 62
1757640365938 0.08273922311374046 63
1757640365991 0.10288461587908632 64
1757640366044 0.06480048713865894 65
1757640366096 0.1367660343726359 66
1757640366147 0.20021415151416794 67
1757640366198 0.19657126498575908 68
1757640366249 0.14735283920494532 69
1757640366299 0.1521119928287839 70
1757640366350 0.10928864256263088 71
1757640366400 0.21215376412208464 72
1757640366450 0.16296889580252139 73
1757640366501 0.09063275712287817 74
1757640366552 0.08875248037876671 75
1757640366602 0.07642297440238181 76
1757640366653 0.10597282706184229 77
1757640366703 0.07941796645575289 78
1757640366755 0.11650460604316998 79
1757640366805 0.16060272953096338 80
1757640366857 0.13960807884931117 81
1757640366907 0.1706164292071752 82
1757640366958 0.12199907980643913 83
1757640367008 0.1426635026509479 84
1757640367061 0.1039204017319655 85
1757640367112 0.1567007589583801 86
1757640367164 0.10329755441829241 87
1757640367215 0.12791587763680062 88
1757640367266 0.1530735375628045 89
1757640367316 0.08301403513221112 90
1757640367368 0.12895704701305866 91
1757640367419 0.11062251723236866 92
1757640367470 0.12621641093778696 93
1757640367520 0.0512679287754689 94
