1757646602718 175.51683862099188 0
1757646602789 172.9246120506395 1
1757646602846 171.96457166109 2
1757646602904 167.60137983639422 3
1757646602959 158.40343324643592 4
1757646603015 166.3364887078717 5
1757646603071 154.60663631550935 6
1757646603126 155.3838284825198 7
1757646603181 150.94121331499645 8
1757646603239 147.65793664807836 9
1757646603294 144.2460819171705 10
1757646603348 144.24699354125568 11
1757646603402 138.17386061963268 12
1757646603457 137.60493787560614 13
1757646603511 136.8771275153951 14
1757646603566 136.65525849865833 15
1757646603621 132.18118763835204 16
1757646603678 134.2224525754915 17
1757646603733 125.49875688455049 18
1757646603788 128.72813347600064 19
1757646603844 126.18103279800114 20
1757646603899 117.7673940572092 21
1757646603955 119.9963459736197 22
1757646604011 115.21050307874481 23
1757646604069 116.40009970653864 24
1757646604124 116.85129816868591 25
1757646604200 116.62582030367156 26
1757646604274 107.97385545239956 27
1757646604333 109.9753149022383 28
1757646604391 101.90661608817268 29
1757646604449 103.33356281301394 30
1757646604508 99.69761586993921 31
1757646604565 101.51387915009211 32
1757646604622 99.51910854254398 33
1757646604678 96.7684364466427 34
1757646604733 97.47188041611936 35
1757646604789 93.07212885786461 36
1757646604851 90.36492807081441 37
1757646604907 91.23922119216279 38
1757646604963 91.25210980686029 39
1757646605018 89.02040572060724 40
1757646605074 85.9160916833413 41
1757646605130 81.88132270647779 42
1757646605186 82.8830958875713 43
1757646605245 81.70541367053546 44
1757646605302 76.8465225550543 45
1757646605357 76.60284786411448 46
1757646605412 78.09356071661448 47
1757646605468 73.97934116242423 48
1757646605523 75.56261725537996 49
1757646605579 76.18030450712345 50
1757646605634 71.82708817784824 51
1757646605690 71.24624236558567 52
1757646605746 71.74060188055954 53
1757646605804 69.21071927887701 54
1757646605882 68.2647072287423 55
1757646605941 65.27472235091496 56
1757646606003 66.66316460773783 57
1757646606062 64.73975562339044 58
1757646606118 62.3562059611469 59
1757646606174 60.16075858519666 60
1757646606231 60.660757154210984 61
1757646606285 59.528586253179824 62
1757646606341 58.872365353702634 63
1757646606400 59.52248445741715 64
1757646606456 55.86646642554025 65
1757646606513 54.9965039357665 66
1757646606569 55.165450919765604 67
1757646606625 57.11027739559077 68
1757646606681 51.94440142206338 69
1757646606738 53.910243647810674 70
1757646606797 49.876338419475346 71
1757646606860 49.48444063626779 72
1757646606918 47.04310644226073 73
1757646606974 53.10304357481763 74
1757646607029 50.59075409170616 75
1757646607086 46.95640619319957 76
1757646607143 47.9484195464328 77
1757646607211 44.53974118542008 78
1757646607270 44.349808890522326 79
1757646607326 43.707663608043404 80
1757646607382 45.14988318352211 81
1757646607438 42.44236143025098 82
1757646607494 43.26815560319806 83
1757646607551 40.89586817462651 84
1757646607608 40.01040831987454 85
1757646607663 38.33133521536617 86
1757646607723 38.05186427674298 87
1757646607780 39.32830936301892 88
1757646607837 36.83418873522115 89
1757646607894 37.00749321881587 90
1757646607951 35.792490021165406 91
1757646608008 35.83511344645195 92
1757646608064 35.82831541850871 93
1757646608120 33.47015118423188 94
1757646608176 33.25932104490611 95
1757646608234 33.58754204126397 96
1757646608290 32.791233572405666 97
1757646608346 30.580982402246118 98
1757646608403 31.765666880672285 99
1757646608460 33.209888764038524 100
1757646608518 30.79475967323061 101
1757646608576 29.71107494424143 102
1757646608633 29.142801835442135 103
1757646608690 29.82500057466539 104
1757646608747 27.87402674287253 105
1757646608803 28.012411210575152 106
1757646608862 29.412246661043568 107
1757646608922 26.630443886397234 108
1757646608978 26.687719253963547 109
1757646609035 27.42469693225921 110
1757646609093 26.22088479108944 111
1757646609154 25.669418934384638 112
1757646609227 25.490331555643717 113
1757646609288 24.505004775867747 114
1757646609348 26.187589630653072 115
1757646609405 22.752079138143046 116
1757646609462 23.70414988621397 117
1757646609519 23.129538502196887 118
1757646609577 23.37134616060607 119
1757646609634 22.430590306802927 120
1757646609691 21.082924264651563 121
1757646609748 20.655655155446226 122
1757646609806 21.28513326180635 123
1757646609864 20.664533598241146 124
1757646609922 19.991170541304157 125
1757646609980 19.028838475164633 126
1757646610037 18.94472491035871 127
1757646610094 18.60412997657866 128
1757646610151 20.04643324060114 129
1757646610208 17.178917397071707 130
1757646610268 18.601041653734598 131
1757646610326 17.78102978031732 132
1757646610382 19.061463722617617 133
1757646610441 17.564419988328353 134
1757646610499 17.1473801707979 135
1757646610557 16.823935440500353 136
1757646610615 16.404161557095467 137
1757646610672 16.64034524702233 138
1757646610730 16.974955494157673 139
1757646610787 15.919807846382962 140
1757646610844 15.610579314277429 141
1757646610905 16.28915118003177 142
1757646610965 14.724908606258577 143
1757646611022 14.524906756112873 144
1757646611079 14.207814414032756 145
1757646611138 14.171713156649993 146
1757646611197 14.817637594447808 147
1757646611255 15.163847021893478 148
1757646611313 14.082131817786188 149
1757646611371 13.160398793035814 150
1757646611428 12.60955902454837 151
1757646611485 12.151579861353287 152
1757646611543 12.794234830741729 153
1757646611602 12.037905467001156 154
1757646611659 12.604037179397297 155
1757646611722 11.726871396712657 156
1757646611781 12.6717297438111 157
1757646611840 11.086881123595361 158
1757646611899 11.88218656816776 159
1757646611962 10.76930494212534 160
1757646612021 11.045903302360228 161
1757646612078 10.082699893079855 162
1757646612136 10.63498041803584 163
1757646612194 11.884979238681897 164
1757646612255 10.260920610015607 165
1757646612314 10.99657592700726 166
1757646612373 9.68081661862051 167
1757646612431 10.122452484343174 168
1757646612490 9.612325753954789 169
1757646612549 9.827059283212773 170
1757646612608 9.223017933373754 171
1757646612666 8.498649960710173 172
1757646612724 9.034518055611134 173
1757646612783 8.881641200472547 174
1757646612841 8.663389799952327 175
1757646612910 8.067087641872 176
1757646613067 8.064645975615822 177
1757646613132 8.06413974429773 178
1757646613196 7.175696320632794 179
1757646613261 8.248715912326954 180
1757646613325 8.098360367892838 181
1757646613387 7.724142450423227 182
1757646613449 7.402845459697817 183
1757646613507 7.997505899266614 184
1757646613566 7.4733696744007805 185
1757646613625 7.390439915081922 186
1757646613684 7.400857788433317 187
1757646613742 6.818794755030329 188
1757646613800 7.22986934633545 189
1757646613860 6.233207108370893 190
1757646613920 6.372020271105222 191
1757646613979 6.666979641936887 192
1757646614038 6.827166308652897 193
1757646614097 6.100068971701327 194
1757646614159 6.390552974859164 195
1757646614263 5.855741010362237 196
1757646614325 5.975941761221935 197
1757646614388 6.152745597990683 198
1757646614449 6.078758441758053 199
1757646614510 5.939094147334042 200
1757646614572 4.961267669571916 201
1757646614635 5.833936318972419 202
1757646614695 5.724998845670311 203
1757646614753 5.374997126094575 204
1757646614812 4.63012471133454 205
1757646614872 5.011730184111656 206
1757646614931 4.8249218245787215 207
1757646614996 4.592580756847033 208
1757646615058 4.7149439187254085 209
1757646615117 4.435472721769746 210
1757646615180 4.952776206016248 211
1757646615239 5.136100600274382 212
1757646615304 4.756346499969384 213
1757646615364 4.836221720005042 214
1757646615427 4.665492677924049 215
1757646615487 3.8502504592337368 216
1757646615547 4.169178901626465 217
1757646615606 4.34949048222852 218
1757646615665 3.8779809430701486 219
1757646615727 3.912212654809909 220
1757646615786 4.021887688038136 221
1757646615845 4.306525613548004 222
1757646615905 3.9530958279877777 223
1757646615964 3.6223459368798148 224
1757646616024 3.932150411730651 225
1757646616084 3.689857132537206 226
1757646616144 3.749222434007735 227
1757646616204 3.50791948949227 228
1757646616264 3.2909814979169942 229
1757646616324 3.2364063933774503 230
1757646616384 3.478569406948031 231
1757646616445 2.8304615764696877 232
1757646616504 3.017821166026817 233
1757646616565 3.183859292677745 234
1757646616625 3.4940912119725227 235
1757646616686 3.232900421668248 236
1757646616746 3.3361352131485544 237
1757646616808 3.04568386743516 238
1757646616868 2.9302802805239345 239
1757646616928 3.071497843643975 240
1757646616989 2.888115237587826 241
1757646617054 2.9735359658555702 242
1757646617114 2.669951140040466 243
1757646617175 2.691293683900825 244
1757646617236 2.764923370694668 245
1757646617297 2.362288087688759 246
1757646617358 2.5886710046133508 247
1757646617419 2.466641250023909 248
1757646617479 2.6021621466909592 249
1757646617539 2.676689099318381 250
1757646617598 2.969282944420993 251
1757646617658 2.39691502779825 252
1757646617719 2.5715067877441675 253
1757646617778 2.272480233379426 254
1757646617830 2.195857296615654 255
1757646617890 1.8932566137337081 256
1757646617951 2.20324479282013 257
1757646618012 2.2512073879861587 258
1757646618072 1.9747557479458486 259
1757646618133 1.8690136147409877 260
1757646618193 2.647198081512166 261
1757646618253 2.145421910738595 262
1757646618313 2.0727103514920473 263
1757646618374 1.841220807112982 264
1757646618435 2.16445506556515 265
1757646618495 1.7286872664589523 266
1757646618556 1.7433363468046077 267
1757646618619 2.1929399906546907 268
1757646618681 1.9865205893129576 269
1757646618742 1.96862778101005 270
1757646618802 1.8973675116184856 271
1757646618862 1.6496870531339878 272
1757646618923 1.7365348403397594 273
1757646618984 1.786433197455647 274
1757646619049 1.596202602966736 275
1757646619110 1.7142756603943772 276
1757646619179 1.7227611859279262 277
1757646619251 1.5349535223116684 278
1757646619315 1.5537436742869741 279
1757646619378 1.7667022858275034 280
1757646619441 1.3273331907597794 281
1757646619502 1.359614572784618 282
1757646619563 1.5982799429731407 283
1757646619623 1.4934653265226854 284
1757646619685 1.604155188396098 285
1757646619746 1.3976966184300097 286
1757646619807 1.2651566546221522 287
1757646619869 1.5191688922342168 288
1757646619931 1.3787119158999792 289
1757646619993 1.3026430929562574 290
1757646620054 1.1578952125009465 291
1757646620120 1.0809254060803672 292
1757646620181 1.28817340103743 293
1757646620243 1.1807846709171965 294
1757646620305 1.1431467259529513 295
1757646620367 1.1435934593013475 296
1757646620428 1.1707573501281074 297
1757646620488 1.2363726627334128 298
1757646620550 0.9934847741375372 299
1757646620612 1.1909920782259849 300
1757646620674 1.2556537625431408 301
1757646620736 1.0484155981159655 302
1757646620798 1.4682036557009228 303
1757646620859 0.9158088637165305 304
1757646620920 1.0282717252743598 305
1757646620981 1.2229852260694407 306
1757646621043 1.1631724396027496 307
1757646621109 0.889410228336093 308
1757646621170 1.0508109354475557 309
1757646621232 0.9816145273972907 310
1757646621294 0.7787057446399633 311
1757646621357 0.7601254059571747 312
1757646621419 1.185894503661126 313
1757646621480 0.929270258596919 314
1757646621542 0.872096677438694 315
1757646621603 0.8595927150057079 316
1757646621665 1.058876028147286 317
1757646621727 0.8621785942421105 318
1757646621788 0.773057685336745 319
1757646621850 0.7609884578578869 320
1757646621912 0.7621663331271545 321
1757646621976 0.7556548808958669 322
1757646622051 0.9628057021836576 323
1757646622115 0.7625907997425709 324
1757646622177 0.7681895489982361 325
1757646622238 0.8284612509847735 326
1757646622304 0.8765603110776354 327
1757646622366 0.8052382809441209 328
1757646622428 0.7846443005283918 329
1757646622490 0.8354453345148043 330
1757646622552 0.6819815816853492 331
1757646622617 0.7656886661720128 332
1757646622680 0.5822000654064255 333
1757646622742 0.7802231735854146 334
1757646622804 0.5289733985569557 335
1757646622866 0.5572247416601843 336
1757646622928 0.7234513762941407 337
1757646622990 0.6910076109368195 338
1757646623053 0.5621455407937743 339
1757646623121 0.7193625750676642 340
1757646623185 0.721254508429197 341
1757646623248 0.8180104862553299 342
1757646623311 0.649875961153981 343
1757646623374 0.6295519804618316 344
1757646623437 0.5604478206926296 345
1757646623499 0.8971150640446146 346
1757646623562 0.5791158647145334 347
1757646623624 0.4158773076529407 348
1757646623687 0.5122632522528898 349
1757646623749 0.7149156591764958 350
1757646623812 0.4241907044530066 351
1757646623874 0.5344173032111762 352
1757646623940 0.5830559580475925 353
1757646624004 0.36080774736946486 354
1757646624068 0.5724843081141929 355
1757646624131 0.5295268329883689 356
1757646624233 0.4889309398858295 357
1757646624303 0.6567867098039157 358
1757646624368 0.4608993289068993 359
1757646624434 0.46179548208968646 360
1757646624500 0.5126119855353594 361
1757646624564 0.3134767370354254 362
1757646624628 0.48990327008552303 363
1757646624694 0.4604069612395204 364
1757646624759 0.43196293913953804 365
1757646624822 0.42583794211000936 366
1757646624885 0.632900301063622 367
1757646624948 0.3694570057288699 368
1757646625012 0.4983609228048461 369
1757646625077 0.4478795412139316 370
1757646625147 0.3446581934766021 371
1757646625216 0.5047040934047262 372
1757646625287 0.32129949731577445 373
1757646625357 0.30142285576012007 374
1757646625421 0.3494313373564607 375
1757646625485 0.38018215929778254 376
1757646625549 0.3988099438270066 377
1757646625613 0.33311375882633143 378
1757646625676 0.5164700608791959 379
1757646625740 0.4164669388171778 380
1757646625804 0.3791333424216333 381
1757646625867 0.35939619976333315 382
1757646625930 0.36658922825287954 383
1757646625999 0.38114817048405236 384
1757646626069 0.36652135152244053 385
1757646626135 0.38968621304527434 386
1757646626199 0.4359462640391323 387
1757646626265 0.3644386183889713 388
1757646626328 0.3365400722073197 389
1757646626391 0.517229998421191 390
1757646626455 0.3025008129112503 391
1757646626518 0.40832184831342905 392
1757646626581 0.3055955673783419 393
1757646626644 0.31876572803634606 394
1757646626710 0.4035155193209129 395
1757646626777 0.3263788938343192 396
1757646626842 0.3386323377345646 397
1757646626906 0.28324224084269917 398
1757646626969 0.2683657743734402 399
1757646627035 0.27859851204953956 400
1757646627101 0.3241570976426712 401
1757646627169 0.2222152493174161 402
1757646627240 0.5037117963846931 403
1757646627312 0.2630947712073757 404
1757646627379 0.3390929289592125 405
1757646627445 0.22153120487629657 406
1757646627510 0.3287237794107176 407
1757646627578 0.22020755718634538 408
1757646627644 0.23252633751904783 409
1757646627709 0.2610427483204621 410
1757646627775 0.3010880945659954 411
1757646627840 0.2014725483343488 412
1757646627908 0.20401326918043255 413
1757646627974 0.29488544807057326 414
1757646628039 0.30450365125954226 415
1757646628105 0.1640945273072698 416
1757646628170 0.2941412256368571 417
1757646628241 0.2877751480680879 418
1757646628307 0.22946428991736204 419
1757646628375 0.16322279500571793 420
1757646628440 0.28805370651069984 421
1757646628506 0.2480431323985992 422
1757646628573 0.21048204265545312 423
1757646628638 0.3835773285432691 424
1757646628704 0.23119270417205123 425
1757646628770 0.30603853999859454 426
1757646628836 0.29995089809195 427
1757646628990 0.1994695114870513 428
1757646629061 0.3140435105356031 429
1757646629128 0.17411966336867202 430
1757646629216 0.18867005202058257 431
1757646629291 0.30384802099488556 432
1757646629360 0.193181122965521 433
1757646629427 0.22294943859423394 434
1757646629494 0.21775735189982348 435
1757646629563 0.2381928786898467 436
1757646629632 0.24257617454076805 437
1757646629699 0.29755338052290936 438
1757646629766 0.21575327180348064 439
1757646629831 0.2862291430178918 440
1757646629895 0.2685212739411421 441
1757646629965 0.19627401343413559 442
1757646630034 0.30172127655326664 443
1757646630098 0.28564480278796 444
1757646630165 0.2789079081590841 445
1757646630231 0.2526742262688274 446
1757646630298 0.1692134708224869 447
1757646630364 0.18656551586043896 448
1757646630429 0.2057340178384815 449
1757646630495 0.21867948198305756 450
1757646630559 0.26608037909060245 451
1757646630624 0.3249625768854858 452
1757646630690 0.24427944510984173 453
1757646630755 0.2026177604731363 454
1757646630821 0.17955888384542767 455
1757646630886 0.12721250442148282 456
1757646630952 0.2138895201457814 457
1757646631019 0.21947582954713757 458
1757646631084 0.17254855284213716 459
1757646631150 0.17284803235983834 460
1757646631214 0.1665296030965846 461
1757646631285 0.19361301686990737 462
1757646631351 0.15511130034308315 463
1757646631416 0.22536985584480895 464
1757646631481 0.16923320577421902 465
1757646631548 0.22478923976455562 466
1757646631613 0.26432083753735336 467
1757646631679 0.191154453391222 468
1757646631745 0.25033290831524313 469
1757646631811 0.2214510642691202 470
1757646631877 0.17496460339863287 471
1757646631942 0.11611220957395876 472
1757646632008 0.10990545194355553 473
1757646632075 0.11772905656864704 474
1757646632142 0.19064390276280654 475
1757646632209 0.27654322765331235 476
1757646632275 0.16613385360924549 477
1757646632342 0.1421849461853698 478
1757646632407 0.15650526276888166 479
1757646632473 0.26478026037010005 480
1757646632539 0.1692061197462499 481
1757646632607 0.150543200922831 482
1757646632673 0.10920106587120229 483
1757646632738 0.1748422610220549 484
1757646632805 0.1644589905280458 485
1757646632872 0.22636614747653241 486
1757646632939 0.21908586295641702 487
1757646633011 0.17610282328571464 488
1757646633077 0.1553718076585957 489
1757646633143 0.1777834138988814 490
1757646633209 0.15769572229923698 491
1757646633277 0.18498725237269736 492
1757646633352 0.14119023182823098 493
1757646633418 0.1381527686851513 494
1757646633486 0.16219721201458454 495
1757646633553 0.16062932276180986 496
1757646633620 0.20092198571862602 497
1757646633686 0.12483434700412419 498
1757646633753 0.16873075326500328 499
