1757641943807 169.35337134490706 0
1757641943858 169.31938625464753 1
1757641943909 169.28540800355427 2
1757641943965 169.251436590247 3
1757641944023 169.21747201334583 4
1757641944085 169.18351427147095 5
1757641944138 169.14956336324298 6
1757641944193 169.11561928728278 7
1757641944250 169.08168204221153 8
1757641944304 169.0477516266506 9
1757641944364 169.01382803922175 10
1757641944425 168.97991127854687 11
1757641944483 168.94600134324824 12
1757641944540 168.91209823194853 13
1757641944594 168.87820194327037 14
1757641944652 168.84431247583694 15
1757641944707 168.81042982827162 16
1757641944761 168.77655399919806 17
1757641944818 168.74268498724015 18
1757641944872 168.70882279102213 19
1757641944925 168.67496740916852 20
1757641944980 168.64111884030405 21
1757641945036 168.60727708305376 22
1757641945092 168.573442136043 23
1757641945146 168.5396139978974 24
1757641945201 168.50579266724273 25
1757641945255 168.47197814270527 26
1757641945312 168.43817042291144 27
1757641945365 168.4043695064879 28
1757641945420 168.37057539206165 29
1757641945479 168.33678807826 30
1757641945534 168.3030075637105 31
1757641945588 168.269233847041 32
1757641945643 168.23546692687955 33
1757641945697 168.20170680185458 34
1757641945755 168.1679534705947 35
1757641945813 168.13420693172893 36
1757641945867 168.1004671838864 37
1757641945921 168.06673422569668 38
1757641945976 168.0330080557895 39
1757641946030 167.99928867279496 40
1757641946103 167.96557607534334 41
1757641946166 167.93187026206525 42
1757641946225 167.8981712315916 43
1757641946282 167.86447898255352 44
1757641946337 167.83079351358245 45
1757641946392 167.79711482331018 46
1757641946449 167.76344291036858 47
1757641946504 167.72977777339005 48
1757641946559 167.69611941100706 49
1757641946621 167.6624678218524 50
1757641946679 167.62882300455928 51
1757641946735 167.59518495776098 52
1757641946791 167.5615536800912 53
1757641946856 167.5279291701839 54
1757641946912 167.49431142667322 55
1757641946971 167.46070044819368 56
1757641947027 167.42709623338004 57
1757641947083 167.3934987808673 58
1757641947141 167.35990808929088 59
1757641947199 167.32632415728628 60
1757641947254 167.29274698348942 61
1757641947310 167.25917656653638 62
1757641947372 167.22561290506366 63
1757641947428 167.19205599770785 64
1757641947485 167.15850584310607 65
1757641947540 167.12496243989546 66
1757641947594 167.09142578671356 67
1757641947649 167.05789588219815 68
1757641947703 167.02437272498742 69
1757641947758 166.99085631371958 70
1757641947812 166.95734664703335 71
1757641947868 166.92384372356761 72
1757641947923 166.89034754196152 73
1757641947979 166.85685810085457 74
1757641948042 166.82337539888647 75
1757641948113 166.78989943469722 76
1757641948177 166.75643020692712 77
1757641948236 166.72296771421676 78
1757641948294 166.6895119552069 79
1757641948350 166.65606292853872 80
1757641948404 166.62262063285354 81
1757641948458 166.58918506679308 82
1757641948514 166.55575622899923 83
1757641948569 166.5223341181142 84
1757641948625 166.4889187327805 85
1757641948681 166.4555100716409 86
1757641948736 166.42210813333838 87
1757641948793 166.3887129165163 88
1757641948848 166.35532441981823 89
1757641948902 166.32194264188803 90
1757641948960 166.28856758136982 91
1757641949015 166.25519923690803 92
1757641949069 166.2218376071473 93
1757641949128 166.18848269073266 94
1757641949185 166.15513448630932 95
1757641949240 166.12179299252273 96
1757641949296 166.08845820801875 97
1757641949352 166.05513013144338 98
1757641949407 166.02180876144294 99
1757641949462 165.98849409666408 100
1757641949517 165.95518613575365 101
1757641949574 165.92188487735882 102
1757641949639 165.888590320127 103
1757641949695 165.85530246270588 104
1757641949751 165.8220213037435 105
1757641949808 165.788746841888 106
1757641949864 165.755479075788 107
1757641949920 165.72221800409224 108
1757641949978 165.68896362544982 109
1757641950034 165.65571593851 110
1757641950089 165.62247494192255 111
1757641950145 165.58924063433727 112
1757641950206 165.55601301440433 113
1757641950262 165.52279208077414 114
1757641950318 165.48957783209744 115
1757641950377 165.4563702670252 116
1757641950434 165.4231693842087 117
1757641950491 165.38997518229948 118
1757641950548 165.3567876599493 119
1757641950604 165.32360681581022 120
1757641950660 165.2904326485347 121
1757641950715 165.25726515677525 122
1757641950771 165.22410433918483 123
1757641950826 165.19095019441653 124
1757641950882 165.1578027211239 125
1757641950936 165.12466191796057 126
1757641950992 165.09152778358055 127
1757641951049 165.05840031663814 128
1757641951104 165.0252795157878 129
1757641951159 164.9921653796844 130
1757641951213 164.95905790698296 131
1757641951270 164.9259570963389 132
1757641951327 164.89286294640775 133
1757641951383 164.8597754558455 134
1757641951439 164.8266946233082 135
1757641951494 164.7936204474524 136
1757641951549 164.76055292693482 137
1757641951604 164.72749206041235 138
1757641951660 164.6944378465423 139
1757641951787 164.66139028398217 140
1757641951924 164.6283493713898 141
1757641951986 164.5953151074232 142
1757641952046 164.56228749074074 143
1757641952104 164.52926652000107 144
1757641952161 164.49625219386303 145
1757641952223 164.46324451098582 146
1757641952283 164.4302434700288 147
1757641952340 164.39724906965174 148
1757641952398 164.3642613085146 149
1757641952456 164.33128018527762 150
1757641952513 164.29830569860127 151
1757641952571 164.2653378471464 152
1757641952627 164.23237662957402 153
1757641952685 164.1994220445455 154
1757641952741 164.16647409072243 155
1757641952814 164.13353276676662 156
1757641952872 164.1005980713403 157
1757641952929 164.06767000310586 158
1757641952987 164.034748560726 159
1757641953055 164.00183374286357 160
1757641953125 163.96892554818191 161
1757641953186 163.9360239753445 162
1757641953244 163.90312902301503 163
1757641953300 163.87024068985767 164
1757641953358 163.8373589745366 165
1757641953415 163.80448387571647 166
1757641953472 163.7716153920621 167
1757641953529 163.73875352223865 168
1757641953585 163.70589826491147 169
1757641953643 163.67304961874626 170
1757641953701 163.64020758240886 171
1757641953759 163.60737215456558 172
1757641953819 163.57454333388284 173
1757641953876 163.54172111902741 174
1757641953934 163.50890550866632 175
1757641954003 163.47609650146677 176
1757641954083 163.44329409609634 177
1757641954210 163.4104982912229 178
1757641954280 163.37770908551448 179
1757641954345 163.34492647763952 180
1757641954410 163.31215046626656 181
1757641954472 163.2793810500646 182
1757641954532 163.24661822770267 183
1757641954592 163.21386199785033 184
1757641954652 163.1811123591773 185
1757641954710 163.14836931035347 186
1757641954767 163.1156328500491 187
1757641954825 163.0829029769348 188
1757641954884 163.05017968968127 189
1757641954942 163.01746298695963 190
1757641955000 162.9847528674411 191
1757641955059 162.95204932979738 192
1757641955116 162.9193523727003 193
1757641955176 162.88666199482196 194
1757641955234 162.8539781948348 195
1757641955305 162.8213009714115 196
1757641955364 162.78863032322496 197
1757641955422 162.75596624894843 198
1757641955480 162.72330874725537 199
1757641955538 162.6906578168195 200
1757641955597 162.65801345631488 201
1757641955655 162.6253756644157 202
1757641955714 162.59274443979666 203
1757641955775 162.56011978113247 204
1757641955833 162.52750168709824 205
1757641955890 162.4948901563693 206
1757641955949 162.46228518762138 207
1757641956007 162.42968677953024 208
1757641956063 162.39709493077217 209
1757641956120 162.36450964002347 210
1757641956178 162.33193090596092 211
1757641956235 162.29935872726148 212
1757641956293 162.26679310260235 213
1757641956355 162.23423403066107 214
1757641956413 162.20168151011535 215
1757641956479 162.16913553964332 216
1757641956536 162.1365961179232 217
1757641956594 162.10406324363362 218
1757641956650 162.07153691545338 219
1757641956706 162.0390171320616 220
1757641956767 162.00650389213766 221
1757641956824 161.97399719436117 222
1757641956881 161.94149703741212 223
1757641956938 161.90900341997065 224
1757641957000 161.87651634071713 225
1757641957058 161.84403579833238 226
1757641957115 161.81156179149733 227
1757641957172 161.77909431889327 228
1757641957229 161.74663337920163 229
1757641957286 161.71417897110427 230
1757641957343 161.6817310932832 231
1757641957402 161.6492897444207 232
1757641957459 161.61685492319944 233
1757641957516 161.5844266283022 234
1757641957573 161.55200485841215 235
1757641957631 161.5195896122126 236
1757641957687 161.4871808883873 237
1757641957745 161.45477868562003 238
1757641957802 161.42238300259507 239
1757641957860 161.38999383799685 240
1757641957917 161.35761119051006 241
1757641957973 161.32523505881974 242
1757641958039 161.29286544161107 243
1757641958109 161.26050233756962 244
1757641958170 161.2281457453811 245
1757641958229 161.19579566373162 246
1757641958288 161.16345209130748 247
1757641958353 161.13111502679524 248
1757641958413 161.09878446888177 249
1757641958472 161.06646041625413 250
1757641958531 161.03414286759974 251
1757641958592 161.00183182160626 252
1757641958652 160.96952727696154 253
1757641958710 160.93722923235381 254
1757641958768 160.90493768647147 255
1757641958824 160.87265263800325 256
1757641958883 160.84037408563813 257
1757641958940 160.80810202806532 258
1757641958998 160.77583646397431 259
1757641959056 160.7435773920549 260
1757641959115 160.71132481099716 261
1757641959173 160.67907871949123 262
1757641959230 160.64683911622785 263
1757641959289 160.61460599989778 264
1757641959347 160.5823793691921 265
1757641959404 160.55015922280222 266
1757641959462 160.51794555941967 267
1757641959520 160.48573837773642 268
1757641959578 160.45353767644463 269
1757641959635 160.42134345423665 270
1757641959693 160.3891557098052 271
1757641959752 160.35697444184325 272
1757641959808 160.32479964904397 273
1757641959868 160.29263133010087 274
1757641959925 160.2604694837077 275
1757641959983 160.22831410855844 276
1757641960041 160.19616520334736 277
1757641960100 160.16402276676897 278
1757641960160 160.13188679751818 279
1757641960219 160.09975729428996 280
1757641960277 160.06763425577967 281
1757641960335 160.03551768068286 282
1757641960405 160.00340756769543 283
1757641960466 159.97130391551346 284
1757641960527 159.93920672283343 285
1757641960587 159.9071159883519 286
1757641960646 159.8750317107658 287
1757641960704 159.84295388877234 288
1757641960763 159.81088252106895 289
1757641960823 159.7788176063533 290
1757641960882 159.7467591433234 291
1757641960941 159.7147071306774 292
1757641960998 159.68266156711397 293
1757641961057 159.65062245133169 294
1757641961117 159.61858978202966 295
1757641961175 159.5865635579072 296
1757641961234 159.55454377766378 297
1757641961293 159.52253043999926 298
1757641961353 159.49052354361376 299
1757641961412 159.45852308720754 300
1757641961471 159.4265290694812 301
1757641961531 159.39454148913572 302
1757641961589 159.36256034487215 303
1757641961647 159.33058563539183 304
1757641961707 159.29861735939647 305
1757641961768 159.26665551558804 306
1757641961828 159.23470010266863 307
1757641961887 159.20275111934075 308
1757641961948 159.1708085643071 309
1757641962008 159.13887243627062 310
1757641962069 159.10694273393452 311
1757641962128 159.07501945600237 312
1757641962188 159.0431026011779 313
1757641962247 159.01119216816514 314
1757641962306 158.9792881556683 315
1757641962372 158.94739056239197 316
1757641962439 158.91549938704105 317
1757641962502 158.88361462832052 318
1757641962563 158.85173628493564 319
1757641962622 158.81986435559213 320
1757641962682 158.7879988389958 321
1757641962741 158.75613973385276 322
1757641962817 158.72428703886942 323
1757641962879 158.6924407527524 324
1757641962940 158.66060087420857 325
1757641963003 158.6287674019452 326
1757641963080 158.59694033466963 327
1757641963145 158.56511967108955 328
1757641963207 158.53330540991294 329
1757641963268 158.50149754984807 330
1757641963329 158.46969608960327 331
1757641963392 158.43790102788742 332
1757641963454 158.40611236340942 333
1757641963514 158.37433009487862 334
1757641963574 158.34255422100446 335
1757641963634 158.31078474049679 336
1757641963693 158.27902165206558 337
1757641963753 158.24726495442115 338
1757641963815 158.21551464627413 339
1757641963875 158.18377072633533 340
1757641963935 158.15203319331576 341
1757641963995 158.12030204592688 342
1757641964056 158.0885772828802 343
1757641964117 158.05685890288765 344
1757641964176 158.02514690466134 345
1757641964238 157.9934412869137 346
1757641964298 157.96174204835737 347
1757641964358 157.9300491877052 348
1757641964419 157.89836270367044 349
1757641964486 157.8666825949665 350
1757641964547 157.8350088603071 351
1757641964608 157.8033414984062 352
1757641964669 157.77168050797795 353
1757641964728 157.7400258877369 354
1757641964788 157.70837763639776 355
1757641964850 157.6767357526755 356
1757641964910 157.64510023528544 357
1757641964971 157.61347108294305 358
1757641965031 157.5818482943641 359
1757641965092 157.5502318682647 360
1757641965152 157.51862180336107 361
1757641965212 157.4870180983698 362
1757641965273 157.45542075200777 363
1757641965336 157.42382976299194 364
1757641965396 157.39224513003975 365
1757641965457 157.36066685186873 366
1757641965518 157.3290949271968 367
1757641965579 157.29752935474204 368
1757641965640 157.2659701332228 369
1757641965784 157.23441726135778 370
1757641965872 157.20287073786582 371
1757641965936 157.1713305614661 372
1757641966000 157.1397967308781 373
1757641966068 157.10826924482137 374
1757641966133 157.07674810201593 375
1757641966197 157.04523330118192 376
1757641966262 157.01372484103985 377
1757641966322 156.98222272031038 378
1757641966384 156.95072693771453 379
1757641966444 156.9192374919735 380
1757641966515 156.8877543818088 381
1757641966579 156.85627760594213 382
1757641966644 156.82480716309553 383
1757641966706 156.7933430519913 384
1757641966770 156.76188527135187 385
1757641966831 156.7304338199001 386
1757641966893 156.698988696359 387
1757641966960 156.6675498994519 388
1757641967020 156.63611742790232 389
1757641967081 156.60469128043414 390
1757641967142 156.57327145577133 391
1757641967207 156.5418579526383 392
1757641967266 156.51045076975964 393
1757641967327 156.4790499058602 394
1757641967391 156.44765535966505 395
1757641967452 156.4162671298996 396
1757641967513 156.38488521528947 397
1757641967574 156.35350961456047 398
1757641967635 156.32214032643887 399
1757641967695 156.29077734965097 400
1757641967757 156.2594206829235 401
1757641967820 156.2280703249833 402
1757641967880 156.19672627455756 403
1757641967942 156.16538853037372 404
1757641968005 156.1340570911595 405
1757641968087 156.1027319556428 406
1757641968167 156.07141312255186 407
1757641968233 156.0401005906151 408
1757641968297 156.0087943585613 409
1757641968362 155.97749442511937 410
1757641968425 155.9462007890186 411
1757641968486 155.91491344898844 412
1757641968556 155.88363240375864 413
1757641968621 155.85235765205923 414
1757641968684 155.82108919262046 415
1757641968745 155.78982702417284 416
1757641968808 155.75857114544715 417
1757641968871 155.72732155517443 418
1757641968932 155.69607825208595 419
1757641968994 155.6648412349133 420
1757641969056 155.63361050238825 421
1757641969118 155.60238605324287 422
1757641969181 155.57116788620948 423
1757641969244 155.53995600002065 424
1757641969306 155.50875039340926 425
1757641969369 155.4775510651083 426
1757641969430 155.44635801385118 427
1757641969491 155.4151712383715 428
1757641969553 155.38399073740308 429
1757641969615 155.35281650968008 430
1757641969677 155.32164855393685 431
1757641969738 155.290486868908 432
1757641969803 155.25933145332846 433
1757641969866 155.2281823059333 434
1757641969933 155.19703942545803 435
1757641969995 155.16590281063816 436
1757641970058 155.13477246020963 437
1757641970123 155.10364837290868 438
1757641970186 155.07253054747173 439
1757641970250 155.04141898263535 440
1757641970311 155.01031367713657 441
1757641970373 154.97921462971246 442
1757641970481 154.9481218391006 443
1757641970551 154.91703530403856 444
1757641970623 154.88595502326444 445
1757641970688 154.85488099551634 446
1757641970753 154.82381321953275 447
1757641970818 154.7927516940524 448
1757641970883 154.76169641781425 449
1757641970948 154.73064738955756 450
1757641971012 154.6996046080218 451
1757641971079 154.66856807194668 452
1757641971142 154.63753778007222 453
1757641971205 154.6065137311387 454
1757641971266 154.5754959238866 455
1757641971330 154.54448435705666 456
1757641971393 154.51347902938994 457
1757641971456 154.48247993962772 458
1757641971519 154.4514870865115 459
1757641971581 154.42050046878302 460
1757641971643 154.38952008518436 461
1757641971707 154.35854593445782 462
1757641971769 154.32757801534598 463
1757641971832 154.29661632659156 464
1757641971896 154.26566086693765 465
1757641971958 154.23471163512755 466
1757641972023 154.20376862990486 467
1757641972086 154.17283185001338 468
1757641972150 154.14190129419714 469
1757641972217 154.11097696120052 470
1757641972287 154.0800588497681 471
1757641972360 154.0491469586447 472
1757641972433 154.0182412865754 473
1757641972503 153.98734183230556 474
1757641972567 153.9564485945808 475
1757641972644 153.92556157214693 476
1757641972710 153.89468076375002 477
1757641972855 153.8638061681365 478
1757641972928 153.83293778405303 479
1757641972997 153.80207561024636 480
1757641973085 153.77121964546365 481
1757641973162 153.7403698884523 482
1757641973230 153.70952633795997 483
1757641973297 153.67868899273446 484
1757641973364 153.64785785152395 485
1757641973430 153.6170329130768 486
1757641973495 153.58621417614174 487
1757641973560 153.5554016394676 488
1757641973626 153.52459530180346 489
1757641973692 153.49379516189882 490
1757641973763 153.4630012185033 491
1757641973830 153.43221347036686 492
1757641973898 153.40143191623966 493
1757641973965 153.370656554872 494
1757641974031 153.33988738501463 495
1757641974096 153.30912440541852 496
1757641974163 153.27836761483476 497
1757641974249 153.2476170120148 498
1757641974315 153.21687259571033 499
