1757624403283 169.31915516585417 0
1757624403351 165.87383046443694 1
1757624403404 159.46435861052683 2
1757624403455 150.63019990662832 3
1757624403502 139.93253437456525 4
1757624403552 127.92401218790754 5
1757624403606 115.12497049341019 6
1757624403707 102.00594050030634 7
1757624403759 88.97600135409058 8
1757624403815 76.37633819110948 9
1757624403871 64.4782319795358 10
1757624403923 53.484644533761575 11
1757624404009 43.53455581539562 12
1757624404060 34.70925198240819 13
1757624404112 27.039839832530475 14
1757624404164 20.51536422002582 15
1757624404218 15.091018310782728 16
1757624404301 10.696052237240188 17
1757624404399 7.241095831698834 18
1757624404449 4.6247098518022325 19
1757624404503 2.739063851357183 20
1757624404558 1.474705976659558 21
1757624404641 0.7244405373032862 22
1757624404691 0.3863645311904304 23
1757624404737 0.3661365535861469 24
1757624404783 0.5785632779413574 25
1757624404851 0.9485926312397145 26
1757624404896 1.4118013776066063 27
1757624404938 1.9144601748625474 28
1757624404985 2.413252910536585 29
1757624405028 2.8747203918334616 30
1757624405071 3.274491935125773 31
1757624405141 3.5963623720578757 32
1757624405182 3.831266480144866 33
1757624405231 3.9761977026648108 34
1757624405277 4.033113018580824 35
1757624405322 4.007860737124734 36
1757624405369 3.90916266490896 37
1757624405445 3.747676461281771 38
1757624405489 3.535158097546295 39
1757624405559 3.2837382965691595 40
1757624405600 3.0053208476162463 41
1757624405644 2.711104999480202 42
1757624405688 2.4112289687193944 43
1757624405733 2.114527167935433 44
1757624405922 1.8283902201569815 45
1757624405979 1.5587142732689645 46
1757624406025 1.3099245859872155 47
1757624406071 1.085057779054434 48
1757624406118 0.8858874286487503 49
1757624406165 0.7130786760564428 50
1757624406217 0.5663590641879186 51
1757624406263 0.44469470373757924 52
1757624406311 0.346462942298301 53
1757624406358 0.26961480044555863 54
1757624406407 0.2118224200943554 55
1757624406453 0.17060854628505512 56
1757624406499 0.14345657276340748 57
1757624406543 0.12790089577901376 58
1757624406588 0.12159823899862317 59
1757624406632 0.12238125671483732 60
1757624406676 0.12829612894124112 61
1757624406722 0.13762607495986748 62
1757624406766 0.1489027779713594 63
1757624406821 0.1609076765394419 64
1757624406866 0.17266497630123864 65
1757624406911 0.1834280977478805 66
1757624406956 0.1926611240432058 67
1757624407003 0.20001666009843908 68
1757624407049 0.20531136698131325 69
1757624407099 0.2085002957317888 70
1757624407147 0.20965101017035825 71
1757624407191 0.20891835631540986 72
1757624407236 0.20652060361548388 73
1757624407286 0.20271754845896212 74
1757624407333 0.1977910330884265 75
1757624407381 0.19202819463262985 76
1757624407430 0.18570762254726517 77
1757624407484 0.17908847249176385 78
1757624407538 0.17240246521901292 79
1757624407589 0.16584859493251528 80
1757624407641 0.15959028657455424 81
1757624407691 0.15375467830331235 82
1757624407742 0.14843366523320176 83
1757624407793 0.14368632308482648 84
1757624407847 0.13954233403638464 85
1757624407899 0.13600605891394216 86
1757624407954 0.13306093616552667 87
1757624408008 0.13067393460533033 88
1757624408057 0.1287998393527691 89
1757624408104 0.12738520462770087 90
1757624408155 0.12637185951799396 91
1757624408208 0.12569990064646921 92
1757624408263 0.12531014679348537 93
1757624408317 0.12514606378640894 94
1757624408370 0.1251551929443904 95
1757624408422 0.1252901333377298 96
1757624408475 0.12550913788001195 97
1757624408527 0.12577638696581725 98
1757624408574 0.12606200233030102 99
1757624408621 0.12634185940672252 100
1757624408672 0.12659724997274896 101
1757624408726 0.12681443940679865 102
1757624408780 0.12698415529131074 103
1757624408833 0.1271010370192057 104
1757624408888 0.1271630698592499 105
1757624408943 0.12717102178000436 106
1757624408999 0.12712789721718903 107
1757624409054 0.1270384187749381 108
1757624409107 0.12690854538961036 109
1757624409155 0.12674503354482522 110
1757624409205 0.12655504651020813 111
1757624409274 0.1263458151232303 112
1757624409337 0.12612435223353619 113
1757624409390 0.1258972215264874 114
1757624409446 0.1256703600308936 115
1757624409503 0.12544895222754188 116
1757624409563 0.12523735236789663 117
1757624409616 0.12503905045466757 118
1757624409666 0.1248566763937951 119
1757624409715 0.12469203615352105 120
1757624409765 0.12454617339294546 121
1757624409816 0.12441944995829793 122
1757624409868 0.12431163887464731 123
1757624409921 0.12422202394754692 124
1757624409972 0.1241495007807933 125
1757624410027 0.12409267485087122 126
1757624410076 0.12404995319020314 127
1757624410124 0.12401962715707628 128
1757624410170 0.123999944654661 129
1757624410217 0.12398917096052496 130
