1757646974313 164.35516681727776 0
1757646974371 162.51683367302007 1
1757646974428 162.64352936329556 2
1757646974484 159.32588564238256 3
1757646974541 151.71348216863313 4
1757646974661 154.39095382097764 5
1757646974723 155.8165057867065 6
1757646974783 152.43989668657508 7
1757646974843 144.41438767434408 8
1757646974903 145.65692274398435 9
1757646974960 138.95763099123354 10
1757646975018 137.2319379187719 11
1757646975075 135.28778377168004 12
1757646975133 135.87677329722476 13
1757646975189 126.8291144373793 14
1757646975244 130.4555959680343 15
1757646975302 122.50270980405209 16
1757646975356 126.10941057091992 17
1757646975411 120.72359328611694 18
1757646975466 122.9958610919192 19
1757646975522 116.08098241404025 20
1757646975577 114.67887198512089 21
1757646975634 112.45778282092161 22
1757646975690 114.14175567872732 23
1757646975746 108.90366325519003 24
1757646975808 109.10386545163078 25
1757646975865 107.17183062753358 26
1757646975920 104.65163978276823 27
1757646975976 101.12203843009418 28
1757646976031 102.90834902988485 29
1757646976086 94.89460101630513 30
1757646976141 98.51233535835267 31
1757646976197 95.41779674251872 32
1757646976253 91.65856299977195 33
1757646976309 95.28474227114998 34
1757646976365 92.4265461852878 35
1757646976420 90.37638661323658 36
1757646976476 89.92154978710883 37
1757646976532 85.4388248082675 38
1757646976587 81.76145102902643 39
1757646976642 82.15455879336784 40
1757646976698 80.93638349863463 41
1757646976754 78.80444384836399 42
1757646976811 77.64493494136254 43
1757646976868 81.30570381037887 44
1757646976993 77.17897316951584 45
1757646977075 75.43772157688724 46
1757646977138 72.0256386069241 47
1757646977198 73.7280278151407 48
1757646977258 73.5339751410547 49
1757646977317 71.75287359504871 50
1757646977376 70.4219211274839 51
1757646977434 68.68523245865796 52
1757646977492 66.94337508840138 53
1757646977552 65.14200224080639 54
1757646977611 65.44121783231702 55
1757646977669 64.80590041619777 56
1757646977726 62.71675711543473 57
1757646977783 61.112526918473854 58
1757646977845 61.01446486973541 59
1757646977907 59.08723521571001 60
1757646977963 57.681288386720894 61
1757646978019 56.35076047864883 62
1757646978077 56.91303460325302 63
1757646978133 54.028789422505675 64
1757646978190 54.22955565947156 65
1757646978252 54.48223582112921 66
1757646978308 51.65049484467758 67
1757646978364 52.49790709247689 68
1757646978421 52.24467608396375 69
1757646978479 48.12345558425421 70
1757646978536 47.20383700073049 71
1757646978594 46.52425950767183 72
1757646978651 49.12118754379384 73
1757646978708 45.32178984657607 74
1757646978766 47.41195793901677 75
1757646978822 45.341171758230814 76
1757646978879 44.92240441691112 77
1757646978936 43.94790547163214 78
1757646978993 43.66264906410831 79
1757646979049 39.7249003955021 80
1757646979105 41.30727625967256 81
1757646979163 41.500831618787394 82
1757646979233 38.481615175652266 83
1757646979296 37.8965202903891 84
1757646979355 39.1041977195957 85
1757646979411 37.907729350434096 86
1757646979469 38.781581610515985 87
1757646979525 35.365350124469046 88
1757646979582 36.68391497825023 89
1757646979638 36.06360534873798 90
1757646979696 34.57997174736581 91
1757646979754 34.90661458631379 92
1757646979811 34.17016978823583 93
1757646979874 33.29123203034827 94
1757646979932 31.85098154100135 95
1757646979993 33.58720584832763 96
1757646980057 31.202504819835077 97
1757646980115 31.15476220456464 98
1757646980172 29.863946834248882 99
1757646980230 28.52132456989129 100
1757646980289 28.394868238387126 101
1757646980347 28.118518208108902 102
1757646980404 29.497622335049535 103
1757646980461 30.699811768834905 104
1757646980518 25.867498709672667 105
1757646980575 26.681884404603778 106
1757646980632 25.359338801175877 107
1757646980688 26.881202188029995 108
1757646980746 25.876447909895056 109
1757646980803 25.54898807199008 110
1757646980861 24.906008730811276 111
1757646980919 23.423311272503646 112
1757646980976 24.47875024308307 113
1757646981033 22.956055035643026 114
1757646981091 23.22932746363982 115
1757646981149 21.041667125476813 116
1757646981207 22.77134503147323 117
1757646981264 22.799149544339954 118
1757646981322 21.076272263766135 119
1757646981380 21.58465563168612 120
1757646981438 21.591223829469108 121
1757646981496 19.395391500117608 122
1757646981554 20.311314189065556 123
1757646981611 21.174423485157348 124
1757646981669 20.750704025697807 125
1757646981726 20.39440988491537 126
1757646981784 19.319826965601806 127
1757646981842 17.32841736295602 128
1757646981906 18.478946603088783 129
1757646981965 18.05463132864547 130
1757646982023 18.243096553920612 131
1757646982080 16.275607526101346 132
1757646982138 16.902491090189613 133
1757646982196 16.59763774076715 134
1757646982253 16.695763984552705 135
1757646982309 15.14779212131824 136
1757646982367 17.232886062844514 137
1757646982425 15.336615722691775 138
1757646982482 16.077047741991038 139
1757646982541 14.867988598507255 140
1757646982599 13.944779862475883 141
1757646982657 13.93073458852235 142
1757646982715 13.790305477445234 143
1757646982773 12.95282776719777 144
1757646982830 14.345306748985422 145
1757646982887 12.647584477480866 146
1757646982946 13.733393904933287 147
1757646983004 13.336050610717175 148
1757646983061 13.167073673966968 149
1757646983119 12.805435968982529 150
1757646983176 12.80562147980014 151
1757646983234 11.827356708447343 152
1757646983292 12.00648245890045 153
1757646983349 12.28887707213979 154
1757646983406 10.425539993384259 155
1757646983465 12.675479806778384 156
1757646983522 11.993778469554393 157
1757646983580 11.364724489889225 158
1757646983638 11.19597203669463 159
1757646983696 11.503546271416617 160
1757646983754 10.736062640052886 161
1757646983813 9.946273849614006 162
1757646983870 9.7279714435003 163
1757646983933 10.154086615300063 164
1757646983993 9.9613676074211 165
1757646984053 9.260943587423391 166
1757646984112 9.22290339622472 167
1757646984170 9.69271598267123 168
1757646984242 9.0792845543506 169
1757646984313 8.426126775097824 170
1757646984375 9.047870918174471 171
1757646984434 9.230665459518434 172
1757646984501 8.719818236481636 173
1757646984632 8.23710474194558 174
1757646984698 7.986235404586165 175
1757646984763 8.498453645834951 176
1757646984828 7.403768598517321 177
1757646984890 7.427689376787858 178
1757646984951 7.791283998534205 179
1757646985012 7.683703325154192 180
1757646985071 7.129866408953414 181
1757646985131 7.369103459275127 182
1757646985190 7.637629977955509 183
1757646985250 6.832241753984222 184
1757646985312 6.912708161382956 185
1757646985370 7.310793878285615 186
1757646985429 7.040433204179976 187
1757646985489 7.30156969454475 188
1757646985547 6.022712118694107 189
1757646985606 7.261724757878444 190
1757646985666 6.44818345972654 191
1757646985726 6.1534154377831225 192
1757646985786 5.825647088900066 193
1757646985846 6.046932674688579 194
1757646985905 6.268543207380807 195
1757646985969 6.317572503619716 196
1757646986030 5.89786590272967 197
1757646986089 6.20461288150477 198
1757646986148 5.114996419574607 199
1757646986208 5.446202090665557 200
1757646986268 5.563470976667941 201
1757646986329 4.83923705953625 202
1757646986389 5.092740598757652 203
1757646986448 4.994923172883477 204
1757646986507 5.202961001529603 205
1757646986567 4.204555603889808 206
1757646986627 4.784513254560412 207
1757646986686 5.343065216573754 208
1757646986747 4.959724069204977 209
1757646986808 4.615071066914286 210
1757646986869 4.267747859546407 211
1757646986928 4.876626824070449 212
1757646986988 4.678883159814511 213
1757646987048 4.5438753109059675 214
1757646987107 4.763162802120622 215
1757646987165 3.8046739822804936 216
1757646987223 4.470012922336265 217
1757646987284 3.838373411269597 218
1757646987343 4.120645771818948 219
1757646987403 3.817156500378733 220
1757646987462 3.904842114023988 221
1757646987522 4.02887805108042 222
1757646987582 3.5532212708459334 223
1757646987641 3.525810228731291 224
1757646987700 3.728666683414507 225
1757646987764 4.0395519471922965 226
1757646987825 3.292744868100467 227
1757646987886 3.37518883209705 228
1757646987945 3.2257052064254186 229
1757646988011 2.8467056781388944 230
1757646988076 3.4524232810131954 231
1757646988136 3.2050682051128536 232
1757646988196 3.0905708697410685 233
1757646988256 3.2355690059145497 234
1757646988316 2.7465020217106 235
1757646988380 3.1895636532918776 236
1757646988439 2.4646549507872852 237
1757646988498 3.306758001540766 238
1757646988559 2.576839958477036 239
1757646988618 2.430577722689942 240
1757646988677 2.7352662247218795 241
1757646988737 2.4977520159525373 242
1757646988797 2.5322728488232085 243
1757646988856 2.372648542085233 244
1757646988917 2.7748490015140215 245
1757646988977 2.6374616943421465 246
1757646989042 2.730945717280387 247
1757646989103 2.5594927538956407 248
1757646989163 2.431696577052987 249
1757646989239 2.3350940043739836 250
1757646989303 2.0776258353026478 251
1757646989363 2.249724037292422 252
1757646989426 2.1344083517674433 253
1757646989487 2.4922043837069245 254
1757646989550 2.2131858794115877 255
1757646989611 2.143966327465523 256
1757646989672 2.1533793944901243 257
1757646989734 2.1477277417123277 258
1757646989796 2.034591535002055 259
1757646989856 2.0582608801379556 260
1757646989917 1.8259728733393659 261
1757646989984 1.7592280918222625 262
1757646990049 1.9263030398090557 263
1757646990111 1.890679189582704 264
1757646990173 1.7795678593242037 265
1757646990234 1.8505550711255956 266
1757646990297 1.669966570811198 267
1757646990358 1.773221170303254 268
1757646990419 1.6732920149913175 269
1757646990481 1.8720935127048615 270
1757646990543 1.6365672632571582 271
1757646990605 2.0537459016831674 272
1757646990667 1.7845334752316973 273
1757646990728 1.6344669542486099 274
1757646990789 1.3542078436578557 275
1757646990851 1.5984789397780346 276
1757646990911 1.5216568923874103 277
1757646990970 1.514713580279403 278
1757646991031 1.750806882432329 279
1757646991092 1.5423889616954163 280
1757646991152 1.4956194687116322 281
1757646991212 1.2100069432755838 282
1757646991274 1.395408908024529 283
1757646991335 1.3133831996356755 284
1757646991396 1.4562087812505167 285
1757646991456 1.1146780334721225 286
1757646991516 1.240852466527399 287
1757646991578 1.3618716994474207 288
1757646991639 1.3117990853927786 289
1757646991699 1.3758531004615635 290
1757646991761 1.3929603803326107 291
1757646991822 1.1654611339881646 292
1757646991883 1.2953124034777646 293
1757646991944 1.1024570581239028 294
1757646992004 1.3039590724914127 295
1757646992071 1.2020684547384488 296
1757646992134 1.1275817811864597 297
1757646992196 1.317392552536473 298
1757646992259 1.2202346558458785 299
1757646992321 0.8879696118863931 300
1757646992384 0.9779263914367502 301
1757646992445 0.8510209672737084 302
1757646992507 1.0480687633354422 303
1757646992567 1.0950142119989974 304
1757646992629 1.035099907724609 305
1757646992690 1.1092820240440897 306
1757646992752 1.0212106118850366 307
1757646992813 1.1077311883457204 308
1757646992875 1.0223761842415977 309
1757646992936 0.8969207830783559 310
1757646992998 1.065862311848815 311
1757646993059 1.0578268203519823 312
1757646993120 0.8280245324807026 313
1757646993181 0.684223292022467 314
1757646993243 0.8969426209872498 315
1757646993304 0.6840291781060844 316
1757646993367 0.6838304260781974 317
1757646993429 0.9371156166925484 318
1757646993491 0.583749341461989 319
1757646993553 0.986861726803139 320
1757646993613 0.8231024008068121 321
1757646993674 0.7965077946313694 322
1757646993737 0.7142073520179019 323
1757646993798 0.921558972268954 324
1757646993861 0.7831062097961026 325
1757646993922 0.7520937468198075 326
1757646993984 0.7546155950513516 327
1757646994047 0.8318249981779162 328
1757646994114 0.8649328385456464 329
1757646994177 0.8390483701266489 330
1757646994254 0.6475974420021472 331
1757646994329 0.6452885910776467 332
1757646994394 0.6644505474754024 333
1757646994458 0.7911548489385811 334
1757646994520 0.49343916624163836 335
1757646994583 0.6744266744765434 336
1757646994646 0.6025560636444798 337
1757646994708 0.6632010896425065 338
1757646994771 0.5952257668533458 339
1757646994836 0.47975151470861793 340
1757646994900 0.5405353641130164 341
1757646994963 0.640891635319963 342
1757646995026 0.5661296217807772 343
1757646995089 0.7318174791091603 344
1757646995153 0.3795846270383775 345
1757646995216 0.5623655727257469 346
1757646995280 0.4801334565019115 347
1757646995345 0.6103584652777532 348
1757646995409 0.510838247035518 349
1757646995473 0.6128055591022716 350
1757646995536 0.6125161711150217 351
1757646995605 0.42696324193216606 352
1757646995668 0.6043498433491981 353
1757646995731 0.5180581338378318 354
1757646995795 0.5737886278816233 355
1757646995859 0.45023584432935737 356
1757646995923 0.4334123647919391 357
1757646995987 0.6005767302346792 358
1757646996050 0.3977226148564893 359
1757646996118 0.3677341781805704 360
1757646996181 0.4772168085310184 361
1757646996245 0.503167736441279 362
1757646996309 0.4336850229871768 363
1757646996372 0.47106147328063075 364
1757646996435 0.41838287199345897 365
1757646996497 0.520384898926417 366
1757646996560 0.43918925125116715 367
1757646996623 0.3864225459292777 368
1757646996686 0.3811833607854375 369
1757646996749 0.3937098014791347 370
1757646996813 0.3992781617281961 371
1757646996876 0.4444949615847229 372
1757646996938 0.34388319308926263 373
1757646997002 0.36664430771228373 374
1757646997064 0.3072922358980847 375
1757646997127 0.44719204212504465 376
1757646997191 0.44634020404356617 377
1757646997253 0.3805452892514528 378
1757646997317 0.40791485278649686 379
1757646997380 0.28006676423149335 380
1757646997442 0.33463931296910665 381
1757646997506 0.4274605305070095 382
1757646997568 0.35205501018606383 383
1757646997631 0.4039027505180255 384
1757646997694 0.48536547378732786 385
1757646997758 0.4828889386779689 386
1757646997821 0.3537348787546815 387
1757646997885 0.43415333338803835 388
1757646997947 0.30189539054950354 389
1757646998010 0.45072528445325827 390
1757646998073 0.33398125320510574 391
1757646998141 0.3015920234466815 392
1757646998211 0.6310380277605224 393
1757646998275 0.328909271102281 394
1757646998340 0.4189118484815817 395
1757646998405 0.3340231460590423 396
1757646998471 0.2682124137221445 397
1757646998534 0.2986082916303743 398
1757646998599 0.21006454577490635 399
1757646998662 0.2979617309004578 400
1757646998728 0.39843346368223886 401
1757646998792 0.16027426192257385 402
1757646998856 0.2617724178654814 403
1757646998920 0.3174901652987301 404
1757646998983 0.23695979385674754 405
1757646999072 0.20431377668955025 406
1757646999136 0.15982296060668366 407
1757646999205 0.3181143608788113 408
1757646999278 0.21316541587778945 409
1757646999343 0.33395088377536664 410
1757646999408 0.2731361677481979 411
1757646999472 0.2313843010544846 412
1757646999537 0.3474675545995362 413
1757646999602 0.3290861987886404 414
1757646999668 0.26560757629327014 415
1757646999733 0.29545636186272306 416
1757646999800 0.23109133043573593 417
1757646999866 0.26315070696525994 418
1757646999930 0.3935356830762299 419
1757646999996 0.28427030600881814 420
1757647000060 0.34483013183129996 421
1757647000124 0.3140891359355241 422
1757647000196 0.19119323397201687 423
1757647000263 0.2718226967377282 424
1757647000330 0.32709845813394733 425
1757647000394 0.2835370192281761 426
1757647000460 0.23175020048716302 427
1757647000525 0.2277508869548236 428
1757647000590 0.2229578187877877 429
1757647000653 0.21035729627179114 430
1757647000718 0.3175728592074639 431
1757647000782 0.11422651357328956 432
1757647000846 0.21918005861186282 433
1757647000911 0.3010472700590868 434
1757647000975 0.22572277068004104 435
1757647001039 0.30387187686657646 436
1757647001104 0.23226971548681177 437
1757647001167 0.17448816970723158 438
1757647001231 0.2651606878727491 439
1757647001296 0.25135416586253556 440
1757647001362 0.21538233268647028 441
1757647001426 0.2751770816993437 442
1757647001490 0.1674911512234963 443
1757647001556 0.1936820935165096 444
1757647001621 0.19064230198387552 445
1757647001684 0.21929015226357723 446
1757647001749 0.2605686107981872 447
1757647001816 0.19627230960783232 448
1757647001883 0.1741997851471504 449
1757647001947 0.21808912609770217 450
1757647002012 0.2841373923153665 451
1757647002077 0.1560982753069728 452
1757647002141 0.24064054591089343 453
1757647002216 0.23245172429872699 454
1757647002282 0.2655016785150839 455
1757647002348 0.18688582372742824 456
1757647002415 0.2466211487539746 457
1757647002482 0.15422428641545893 458
1757647002547 0.21710012217873642 459
1757647002613 0.15455432989029927 460
1757647002680 0.13306752470828304 461
1757647002749 0.1766829070304471 462
1757647002816 0.19556207009517346 463
1757647002882 0.18708304266903106 464
1757647002949 0.24920663530029052 465
1757647003015 0.23109717590716736 466
1757647003082 0.19825019055711834 467
1757647003147 0.19869879259960044 468
1757647003213 0.16589055683049614 469
1757647003278 0.15912269642095478 470
1757647003342 0.1608585578935821 471
1757647003407 0.2196401897925338 472
1757647003474 0.2104996200633138 473
1757647003539 0.17368048665123914 474
1757647003603 0.20688411506246285 475
1757647003669 0.2571588901823858 476
1757647003754 0.2038979037078731 477
1757647003883 0.2321459652080528 478
1757647003953 0.24792018782512562 479
1757647004022 0.09702339620941194 480
1757647004089 0.2144800093739063 481
1757647004156 0.19059390055411116 482
1757647004240 0.12122295773222382 483
1757647004324 0.17083525642775932 484
1757647004394 0.14400400537089317 485
1757647004463 0.12596540774887222 486
1757647004533 0.17497784529021274 487
1757647004603 0.15338786541273333 488
1757647004671 0.21256729617888984 489
1757647004738 0.36851389943314095 490
1757647004804 0.1634926915910623 491
1757647004871 0.15151656552574091 492
1757647004938 0.15645820138985317 493
1757647005004 0.16575350197949767 494
1757647005070 0.18749430437304682 495
1757647005138 0.18655900929957145 496
1757647005205 0.11684608721843844 497
1757647005273 0.2295658113468994 498
1757647005342 0.16045341727064621 499
