1757636049185 169.84645442499672 0
1757636049231 166.4601940230198 1
1757636049275 163.14183264295957 2
1757636049322 159.88999427705568 3
1757636049368 156.7033314563066 4
1757636049414 153.58052462905627 5
1757636049462 150.52028155442144 6
1757636049509 147.52133671015125 7
1757636049556 144.5824507145207 8
1757636049600 141.70240976187551 9
1757636049646 138.88002507145686 10
1757636049695 136.11413234914684 11
1757636049741 133.40359126178754 12
1757636049786 130.74728492373615 13
1757636049832 128.144119395332 14
1757636049878 125.59302319295843 15
1757636049925 123.09294681039503 16
1757636049971 120.64286225116368 17
1757636050015 118.24176257158203 18
1757636050060 115.88866143424616 19
1757636050106 113.582592671673 20
1757636050155 111.32260985984165 21
1757636050201 109.10778590138023 22
1757636050248 106.93721261815242 23
1757636050294 104.8100003530059 24
1757636050345 102.72527758045126 25
1757636050393 100.68219052604746 26
1757636050442 98.67990279427582 27
1757636050489 96.71759500469166 28
1757636050535 94.79446443614837 29
1757636050580 92.90972467889485 30
1757636050627 91.06260529435278 31
1757636050674 89.25235148238615 32
1757636050719 87.47822375588056 33
1757636050764 85.73949762245459 34
1757636050821 84.03546327313165 35
1757636050866 82.36542527780416 36
1757636050913 80.7287022873279 37
1757636050959 79.12462674208774 38
1757636051004 77.55254458688123 39
1757636051051 76.01181499197013 40
1757636051097 74.50181008015468 41
1757636051144 73.02191465972828 42
1757636051190 71.57152596317572 43
1757636051238 70.15005339147993 44
1757636051286 68.75691826390755 45
1757636051333 67.39155357314561 46
1757636051379 66.05340374566612 47
1757636051427 64.74192440719784 48
1757636051472 63.45658215318827 49
1757636051518 62.19685432414128 50
1757636051565 60.9622287857194 51
1757636051613 59.75220371350242 52
1757636051659 58.5662873822964 53
1757636051707 57.40399795989058 54
1757636051763 56.26486330516161 55
1757636051821 55.148420770427634 56
1757636051868 54.054217007956645 57
1757636051917 52.981807780536506 58
1757636051967 51.93075777601596 59
1757636052015 50.900640425728284 60
1757636052061 49.8910377267115 61
1757636052107 48.90154006764123 62
1757636052154 47.93174605839406 63
1757636052201 46.98126236316166 64
1757636052247 46.04970353703766 65
1757636052295 45.136691866000945 66
1757636052345 44.2418572102215 67
1757636052397 43.36483685061595 68
1757636052446 42.50527533858235 69
1757636052493 41.66282434884494 70
1757636052540 40.83714253534164 71
1757636052588 40.02789539008831 72
1757636052636 39.23475510495565 73
1757636052683 38.45740043629595 74
1757636052733 37.69551657235829 75
1757636052780 36.94879500343254 76
1757636052829 36.21693339466357 77
1757636052878 35.49963546147852 78
1757636052926 34.79661084757154 79
1757636052974 34.10757500539131 80
1757636053023 33.43224907907815 81
1757636053070 32.7703597897987 82
1757636053117 32.12163932342739 83
1757636053163 31.485825220524863 84
1757636053213 30.86266026856493 85
1757636053260 30.251892396362493 86
1757636053309 29.65327457065613 87
1757636053357 29.0665646947999 88
1757636053404 28.491525509520134 89
1757636053453 27.92792449569376 90
1757636053501 27.37553377910588 91
1757636053549 26.834130037145112 92
1757636053596 26.303494407396144 93
1757636053644 25.783412398090032 94
1757636053691 25.27367380037329 95
1757636053738 24.77407260235803 96
1757636053786 24.28440690491603 97
1757636053835 23.80447883918049 98
1757636053882 23.334094485720072 99
1757636053932 22.873063795350397 100
1757636053981 22.42120051154924 101
1757636054028 21.97832209444216 102
1757636054076 21.54424964632606 103
1757636054125 21.118807838698935 104
1757636054173 20.70182484076475 105
1757636054220 20.29313224938303 106
1757636054267 19.89256502043337 107
1757636054315 19.499961401565674 108
1757636054362 19.115162866307912 109
1757636054417 18.738014049503047 110
1757636054467 18.36836268404832 111
1757636054518 18.00605953890984 112
1757636054566 17.65095835838648 113
1757636054616 17.302915802597443 114
1757636054663 16.96179138916855 115
1757636054710 16.627447436092577 116
1757636054757 16.299749005739756 117
1757636054806 15.978563849994956 118
1757636054855 15.66376235649847 119
1757636054906 15.355217495967958 120
1757636054957 15.052804770579506 121
1757636055004 14.756402163386161 122
1757636055051 14.465890088752987 123
1757636055098 14.181151343787711 124
1757636055147 13.902071060746888 125
1757636055196 13.628536660397788 126
1757636055243 13.36043780631643 127
1757636055292 13.097666360102854 128
1757636055341 12.840116337495102 129
1757636055390 12.58768386536346 130
1757636055441 12.340267139567358 131
1757636055491 12.097766383657271 132
1757636055542 11.860083808404625 133
1757636055591 11.62712357214287 134
1757636055641 11.398791741903308 135
1757636055691 11.174996255329715 136
1757636055739 10.955646883355803 137
1757636055787 10.740655193630378 138
1757636055836 10.52993451467479 139
1757636055885 10.323399900758147 140
1757636055936 10.12096809747568 141
1757636055986 9.922557508016029 142
1757636056036 9.728088160103686 143
1757636056086 9.537481673602885 144
1757636056137 9.350661228769622 145
1757636056186 9.167551535138795 146
1757636056236 8.988078801033543 147
1757636056285 8.81217070368448 148
1757636056334 8.639756359946285 149
1757636056382 8.47076629759983 150
1757636056438 8.305132427227964 151
1757636056487 8.142788014653423 152
1757636056538 7.983667653927639 153
1757636056587 7.827707240859241 154
1757636056637 7.67484394707153 155
1757636056697 7.525016194578251 156
1757636056752 7.378163630867201 157
1757636056815 7.23422710448157 158
1757636056867 7.093148641088964 159
1757636056916 6.95487142002831 160
1757636056971 6.819339751325114 161
1757636057021 6.686499053165615 162
1757636057070 6.556295829820639 163
1757636057119 6.428677650010202 164
1757636057170 6.3035931256999085 165
1757636057224 6.1809918913205975 166
1757636057274 6.060824583402684 167
1757636057323 5.943042820616927 168
1757636057373 5.827599184213475 169
1757636057427 5.714447198851158 170
1757636057478 5.603541313809312 171
1757636057529 5.494836884574376 172
1757636057578 5.38829015479382 173
1757636057631 5.283858238590007 174
1757636057680 5.181499103226868 175
1757636057732 5.081171552122193 176
1757636057781 4.98283520819876 177
1757636057832 4.886450497567438 178
1757636057882 4.791978633535674 179
1757636057934 4.699381600934771 180
1757636057985 4.6086221407597305 181
1757636058034 4.5196637351152695 182
1757636058082 4.4324705924619385 183
1757636058131 4.347007633156385 184
1757636058181 4.263240475279794 185
1757636058234 4.181135420748859 186
1757636058283 4.100659441703523 187
1757636058333 4.02178016716605 188
1757636058382 3.9444658699659425 189
1757636058435 3.8686854539254534 190
1757636058490 3.7944084413004178 191
1757636058542 3.721604960471367 192
1757636058593 3.6502457338799084 193
1757636058645 3.5803020662054372 194
1757636058695 3.5117458327774562 195
1757636058747 3.444549468218724 196
1757636058796 3.3786859553146527 197
1757636058846 3.314128814104474 198
1757636058895 3.2508520911896728 199
1757636058948 3.1888303492554475 200
1757636058999 3.128038656800832 201
1757636059051 3.0684525780734386 202
1757636059100 3.010048163204611 203
1757636059153 2.952801938541133 204
1757636059203 2.896690897169421 205
1757636059253 2.841692489628472 206
1757636059303 2.787784614807778 207
1757636059355 2.734945611026446 208
1757636059421 2.683154247290033 209
1757636059558 2.6323897147214352 210
1757636059635 2.5826316181624467 211
1757636059691 2.5338599679425178 212
1757636059747 2.4860551718114263 213
1757636059802 2.43919802703259 214
1757636059855 2.393269712633762 215
1757636059908 2.3482517818120643 216
1757636059960 2.304126154490201 217
1757636060012 2.2608751100208755 218
1757636060064 2.2184812800364497 219
1757636060115 2.176927641440966 220
1757636060165 2.136197509541656 221
1757636060215 2.096274531317197 222
1757636060266 2.0571426788199783 223
1757636060317 2.018786242709685 224
1757636060368 1.9811898259156089 225
1757636060421 1.9443383374251155 226
1757636060474 1.9082169861957539 227
1757636060530 1.872811275188525 228
1757636060582 1.838106995519937 229
1757636060634 1.8040902207304352 230
1757636060685 1.7707473011669086 231
1757636060737 1.7380648584770308 232
1757636060798 1.706029780213125 233
1757636060850 1.6746292145434738 234
1757636060902 1.6438505650688582 235
1757636060956 1.6136814857422603 236
1757636061008 1.5841098758896606 237
1757636061061 1.555123875329946 238
1757636061113 1.5267118595919107 239
1757636061165 1.4988624352264541 240
1757636061218 1.471564435212058 241
1757636061270 1.444806914451695 242
1757636061321 1.4185791453593393 243
1757636061372 1.3928706135343216 244
1757636061425 1.3676710135217256 245
1757636061477 1.3429702446571623 246
1757636061529 1.3187584069942357 247
1757636061580 1.2950257973130168 248
1757636061632 1.2717629052079715 249
1757636061684 1.2489604092536861 250
1757636061737 1.2266091732469218 251
1757636061802 1.2047002425234186 252
1757636061939 1.1832248403479873 253
1757636061993 1.1621743643764113 254
1757636062047 1.1415403831877733 255
1757636062101 1.121314632885738 256
1757636062154 1.1014890137674709 257
1757636062208 1.0820555870588355 258
1757636062260 1.063006571714522 259
1757636062312 1.0443343412818635 260
1757636062363 1.0260314208270112 261
1757636062417 1.0080904839222917 262
1757636062469 0.9905043496934818 263
1757636062527 0.9732659799258301 264
1757636062581 0.956368476227636 265
1757636062633 0.9398050772502746 266
1757636062686 0.9235691559635072 267
1757636062740 0.9076542169850013 268
1757636062793 0.8920538939629726 269
1757636062849 0.8767619470108865 270
1757636062904 0.8617722601932015 271
1757636062958 0.8470788390611138 272
1757636063011 0.8326758082373197 273
1757636063061 0.8185574090488311 274
1757636063114 0.8047179972068691 275
1757636063166 0.7911520405329064 276
1757636063218 0.7778541167299498 277
1757636063270 0.7648189111981413 278
1757636063326 0.7520412148938175 279
1757636063379 0.739515922231147 280
1757636063433 0.7272380290255072 281
1757636063485 0.7152026304777631 282
1757636063538 0.7034049191986504 283
1757636063590 0.6918401832724368 284
1757636063644 0.6805038043590993 285
1757636063697 0.6693912558342602 286
1757636063751 0.6584981009661046 287
1757636063804 0.6478199911285564 288
1757636063857 0.6373526640500031 289
1757636063910 0.6270919420968373 290
1757636063964 0.6170337305911467 291
1757636064018 0.6071740161618567 292
1757636064071 0.5975088651286546 293
1757636064124 0.588034421918083 294
1757636064176 0.5787469075110984 295
1757636064230 0.5696426179215263 296
1757636064282 0.5607179227047712 297
1757636064337 0.5519692634961768 298
1757636064389 0.54339315257846 299
1757636064444 0.5349861714776333 300
1757636064497 0.5267449695868462 301
1757636064553 0.5186662628175934 302
1757636064608 0.5107468322777509 303
1757636064661 0.5029835229758888 304
1757636064714 0.4953732425513631 305
1757636064768 0.4879129600296531 306
1757636064820 0.4805997046024507 307
1757636064874 0.47343056443200165 308
1757636064929 0.4664026854792352 309
1757636064982 0.45951327035518913 310
1757636065036 0.45275957719526405 311
1757636065089 0.44613891855588733 312
1757636065143 0.4396486603330877 313
1757636065196 0.43328622070258954 314
1757636065250 0.42704906908098567 315
1757636065302 0.4209347251075524 316
1757636065355 0.41494075764631505 317
1757636065409 0.4090647838079649 318
1757636065464 0.403304467991206 319
1757636065518 0.3976575209431784 320
1757636065573 0.39212169883855974 321
1757636065627 0.3866948023769658 322
1757636065687 0.38137467589831475 323
1757636065742 0.3761592065157613 324
1757636065797 0.37104632326588527 325
1757636065851 0.3660339962757668 326
1757636065906 0.3611202359466292 327
1757636065962 0.35630309215369926 328
1757636066016 0.3515806534619931 329
1757636066068 0.3469510463576786 330
1757636066123 0.3424124344947246 331
1757636066180 0.3379630179565293 332
1757636066234 0.33360103253222556 333
1757636066288 0.3293247490073696 334
1757636066344 0.32513247246874283 335
1757636066398 0.3210225416229597 336
1757636066454 0.316993328128632 337
1757636066508 0.3130432359418062 338
1757636066563 0.30917070067441155 339
1757636066622 0.305374188965464 340
1757636066677 0.3016521978647726 341
1757636066733 0.2980032542288867 342
1757636066801 0.29442591412906427 343
1757636066858 0.2909187622710019 344
1757636066914 0.287480411426098 345
1757636066969 0.2841095018740261 346
1757636067025 0.2808047008563878 347
1757636067081 0.2775647020412224 348
1757636067136 0.27438822499816196 349
1757636067190 0.2712740146840255 350
1757636067244 0.268220840938627 351
1757636067298 0.2652274979906143 352
1757636067353 0.26229280397312277 353
1757636067408 0.2594156004490656 354
1757636067463 0.25659475194585163 355
1757636067517 0.25382914549935187 356
1757636067571 0.2511176902069353 357
1757636067625 0.24845931678938493 358
1757636067679 0.24585297716151727 359
1757636067734 0.24329764401134454 360
1757636067787 0.24079231038759508 361
1757636067844 0.23833598929543168 362
1757636067899 0.23592771330020482 363
1757636067954 0.23356653413908873 364
1757636068010 0.23125152234042196 365
1757636068064 0.22898176685062696 366
1757636068118 0.22675637466853302 367
1757636068173 0.22457447048697654 368
1757636068228 0.22243519634151548 369
1757636068284 0.22033771126612944 370
1757636068339 0.21828119095575987 371
1757636068394 0.21626482743556102 372
1757636068450 0.21428782873671584 373
1757636068506 0.2123494185787026 374
1757636068562 0.2104488360578669 375
1757636068622 0.20858533534218968 376
1757636068677 0.20675818537211899 377
1757636068733 0.20496666956734225 378
1757636068788 0.20321008553939066 379
1757636068845 0.2014877448099505 380
1757636068899 0.1997989725347741 381
1757636068956 0.198143107233078 382
1757636069012 0.1965195005223117 383
1757636069068 0.1949275168582036 384
1757636069124 0.1933665332799686 385
1757636069180 0.19183593916058028 386
1757636069236 0.19033513596200058 387
1757636069295 0.18886353699527858 388
1757636069361 0.18742056718541203 389
1757636069418 0.18600566284087997 390
1757636069474 0.18461827142775922 391
1757636069531 0.1832578513483221 392
1757636069585 0.18192387172403623 393
1757636069641 0.18061581218287937 394
1757636069696 0.17933316265086888 395
1757636069752 0.178075423147747 396
1757636069808 0.176842103586711 397
1757636069863 0.17563272357813228 398
1757636069921 0.17444681223717 399
1757636069976 0.17328390799520854 400
1757636070032 0.1721435584150378 401
1757636070091 0.17102532000970863 402
1757636070145 0.16992875806498503 403
1757636070200 0.16885344646532116 404
1757636070258 0.1677989675232999 405
1757636070315 0.1667649118124541 406
1757636070371 0.16575087800341343 407
1757636070428 0.1647564727033015 408
1757636070483 0.16378131029832677 409
1757636070539 0.16282501279949663 410
1757636070594 0.16188720969140016 411
1757636070655 0.16096753778398823 412
1757636070711 0.16006564106730506 413
1757636070768 0.15918117056909742 414
1757636070835 0.1583137842152587 415
1757636070892 0.15746314669303807 416
1757636070948 0.15662892931697292 417
1757636071003 0.1558108098974781 418
1757636071058 0.15500847261204878 419
1757636071113 0.15422160787902067 420
1757636071168 0.1534499122338341 421
1757636071225 0.15269308820775948 422
1757636071281 0.1519508442090281 423
1757636071337 0.1512228944063261 424
1757636071392 0.15050895861459815 425
1757636071454 0.14980876218312367 426
1757636071515 0.14912203588581088 427
1757636071574 0.14844851581367272 428
1757636071631 0.1477879432694344 429
1757636071687 0.1471400646642376 430
1757636071747 0.14650463141639183 431
1757636071819 0.14588139985213952 432
1757636071876 0.1452701311083883 433
1757636071959 0.1446705910373765 434
1757636072015 0.14408255011323176 435
1757636072070 0.14350578334038105 436
1757636072125 0.1429400701637852 437
1757636072180 0.1423851943809503 438
1757636072235 0.1418409440556875 439
1757636072290 0.1413071114335862 440
1757636072346 0.1407834928591623 441
1757636072401 0.14026988869465637 442
1757636072457 0.13976610324043676 443
1757636072512 0.1392719446569887 444
1757636072567 0.138787224888448 445
1757636072622 0.13831175958765568 446
1757636072682 0.1378453680426976 447
1757636072739 0.13738787310490283 448
1757636072794 0.13693910111827343 449
1757636072852 0.13649888185031142 450
1757636072907 0.1360670484242204 451
1757636072962 0.13564343725245379 452
1757636073017 0.13522788797157884 453
1757636073069 0.1348202433784368 454
1757636073124 0.13442034936756775 455
1757636073179 0.13402805486987865 456
1757636073234 0.13364321179252697 457
1757636073289 0.13326567495999922 458
1757636073347 0.1328953020563559 459
1757636073402 0.132531953568626 460
1757636073457 0.13217549273132184 461
1757636073513 0.13182578547205642 462
1757636073569 0.13148270035823992 463
1757636073624 0.13114610854483216 464
1757636073679 0.1308158837231331 465
1757636073735 0.1304919020705896 466
1757636073790 0.13017404220159717 467
1757636073846 0.12986218511927808 468
1757636073902 0.12955621416821606 469
1757636073958 0.1292560149881291 470
1757636074013 0.12896147546846 471
1757636074068 0.12867248570386952 472
1757636074123 0.12838893795061196 473
1757636074179 0.12811072658377412 474
1757636074235 0.1278377480553652 475
1757636074291 0.12756990085323675 476
1757636074347 0.1273070854608166 477
1757636074404 0.12704920431764288 478
1757636074459 0.12679616178068073 479
1757636074515 0.1265478640864043 480
1757636074570 0.12630421931363348 481
1757636074626 0.1260651373471055 482
1757636074681 0.12583052984176932 483
1757636074743 0.12560031018778994 484
1757636074799 0.12537439347624393 485
1757636074855 0.1251526964654971 486
1757636074914 0.12493513754824759 487
1757636074969 0.12472163671922364 488
1757636075034 0.1245121155435214 489
1757636075091 0.1243064971255702 490
1757636075150 0.1241047060787125 491
1757636075206 0.12390666849538955 492
1757636075266 0.12371231191791483 493
1757636075322 0.12352156530982773 494
1757636075379 0.12333435902781835 495
1757636075435 0.12315062479420334 496
1757636075492 0.12297029566995195 497
1757636075548 0.12279330602824486 498
1757636075604 0.12261959152855631 499
