1757646700760 5.472960254191069 0
1757646700818 0.22934243380400904 1
1757646700874 0.10265564531348578 2
1757646700935 0.07923621074783677 3
1757646701001 0.1165499215795 4
1757646701112 0.10221624819065847 5
1757646701175 0.09352934261563065 6
1757646701237 0.09840801776829655 7
1757646701297 0.13334514857798047 8
1757646701356 0.15038291711255589 9
1757646701413 0.1415167200891176 10
1757646701469 0.12445458172611717 11
1757646701527 0.13731591143986216 12
1757646701584 0.15952224803607243 13
1757646701641 0.1041599620584894 14
1757646701697 0.17363065207093198 15
1757646701758 0.1192700277494124 16
1757646701816 0.12549398632091863 17
1757646701873 0.17890996278953408 18
1757646701930 0.1255779627700983 19
1757646701988 0.09238747169483782 20
1757646702047 0.122346051874224 21
1757646702104 0.16730025768575324 22
1757646702161 0.13005140399830648 23
1757646702219 0.0785889264058319 24
1757646702276 0.09170557790913472 25
1757646702333 0.17321147569780837 26
1757646702391 0.08520921639354112 27
1757646702447 0.09067930913996748 28
1757646702504 0.11590387698748258 29
1757646702569 0.12716197405875293 30
1757646702628 0.15077496233246002 31
1757646702686 0.09063112550650827 32
1757646702743 0.17321470167122868 33
1757646702800 0.2398899685200707 34
1757646702856 0.10739175125481353 35
1757646702914 0.1734467151363145 36
1757646702971 0.17834960790931886 37
1757646703029 0.1395104591540029 38
1757646703087 0.25318753291327967 39
1757646703144 0.11115488210415461 40
1757646703201 0.16431523647438082 41
1757646703259 0.14840640147546894 42
1757646703316 0.0691429007788334 43
1757646703375 0.16709770994894094 44
1757646703433 0.17413510935247434 45
1757646703490 0.1429554747539971 46
1757646703548 0.21779108546821663 47
1757646703606 0.07168701290400906 48
1757646703664 0.1080768102712078 49
1757646703721 0.05544441260364309 50
1757646703780 0.11992804355933939 51
1757646703838 0.126260903756668 52
1757646703897 0.1476001679695081 53
1757646703955 0.15572986077459888 54
1757646704013 0.1710563663616529 55
1757646704072 0.23555842902084845 56
1757646704129 0.1548433343568332 57
1757646704201 0.1435657292051781 58
1757646704294 0.10804387126029741 59
1757646704357 0.11175198740439757 60
1757646704423 0.12456427562210609 61
1757646704486 0.08994979040538588 62
1757646704547 0.12003033836151186 63
1757646704615 0.11055379197436584 64
1757646704677 0.12225341020166074 65
1757646704736 0.19811685222605913 66
1757646704795 0.21105343410060287 67
1757646704853 0.09186021146793881 68
1757646704911 0.11744414609749101 69
1757646704970 0.13962932157182897 70
1757646705028 0.16200089878332535 71
1757646705086 0.11481831659877469 72
1757646705144 0.2665771400735616 73
1757646705203 0.11696596323740395 74
1757646705264 0.13153871948951504 75
1757646705324 0.15015002581217346 76
1757646705382 0.09387445713548842 77
1757646705440 0.12094861564790407 78
1757646705498 0.20629832705005396 79
1757646705557 0.10084017050374912 80
1757646705615 0.18122865832621826 81
1757646705673 0.09734270799164113 82
1757646705754 0.10447586374340606 83
1757646705821 0.2155647673406857 84
1757646705884 0.21189539782319067 85
1757646705943 0.11641299980053532 86
1757646706002 0.07449836229930915 87
1757646706061 0.20399729291352542 88
1757646706120 0.06697886696506836 89
1757646706178 0.1534666551304127 90
1757646706238 0.12845169144587715 91
1757646706303 0.13187004292642954 92
1757646706363 0.07431036901183463 93
1757646706422 0.11997326352089001 94
1757646706481 0.1477240697843362 95
1757646706540 0.1719746576435306 96
1757646706609 0.1338818020773384 97
1757646706673 0.10282435006569259 98
1757646706733 0.10855905458522372 99
1757646706795 0.1883238992705022 100
1757646706857 0.13491142874582318 101
1757646706916 0.12693429842469373 102
1757646706975 0.12926300150605613 103
1757646707035 0.19701383785444856 104
1757646707095 0.21238394084751527 105
1757646707153 0.14649365414996035 106
1757646707212 0.1555806746372619 107
1757646707271 0.15640071865466462 108
1757646707331 0.1298664338418588 109
1757646707391 0.15494668610914739 110
1757646707451 0.13133877203239408 111
1757646707510 0.11118399551249515 112
1757646707570 0.12701746235003092 113
1757646707630 0.09737071310171931 114
1757646707689 0.16570423961407332 115
1757646707748 0.10514899471470152 116
1757646707809 0.18347429997450476 117
1757646707870 0.1311060546417341 118
1757646707930 0.07490325791892452 119
1757646707989 0.13103394595515921 120
1757646708051 0.12723397716955648 121
1757646708109 0.12977910725381292 122
1757646708169 0.14071555992695245 123
1757646708229 0.1041738043715395 124
1757646708289 0.1675964248539207 125
1757646708350 0.0728390672256053 126
1757646708411 0.16758963554010528 127
1757646708472 0.24088033024787198 128
1757646708532 0.18258124837944023 129
1757646708592 0.10519460792636269 130
1757646708655 0.06963046158845831 131
1757646708717 0.17153001354168193 132
1757646708775 0.2041834468643029 133
1757646708835 0.14281956687069408 134
1757646708896 0.11602631950100645 135
1757646709176 0.11361174400022461 136
1757646709268 0.15510006995887196 137
1757646709339 0.07865490138440304 138
1757646709406 0.13477283632376977 139
1757646709469 0.1529795151758388 140
1757646709533 0.11969155659524922 141
1757646709599 0.16950352549209385 142
1757646709669 0.21842795531690767 143
1757646709733 0.12471256590963575 144
1757646709796 0.13278707464841966 145
1757646709860 0.1935436170524086 146
1757646709921 0.1344038669627098 147
1757646709981 0.14875050660176242 148
1757646710041 0.1976785848657 149
1757646710102 0.30455656373331735 150
1757646710164 0.20478493283934313 151
1757646710224 0.14022193329856972 152
1757646710286 0.0920459995735945 153
1757646710346 0.14280373550898057 154
1757646710406 0.16679830958108605 155
1757646710466 0.07658370854320537 156
1757646710527 0.10046462329105688 157
1757646710588 0.09793114672272968 158
1757646710650 0.161772121034616 159
1757646710734 0.17569699836224256 160
1757646710818 0.09187784368233898 161
1757646710882 0.1861833346041844 162
1757646710956 0.1403705494192205 163
1757646711039 0.16133267287129066 164
1757646711220 0.15400660228376103 165
1757646711291 0.14948980181878324 166
1757646711358 0.10465099561261532 167
1757646711424 0.11031494797974357 168
1757646711489 0.13671151465551318 169
1757646711553 0.12471204586395943 170
1757646711617 0.09112452978919207 171
1757646711684 0.09598702751816982 172
1757646711748 0.18723539725567978 173
1757646711812 0.15591821992416388 174
1757646711873 0.1826396535020556 175
1757646711936 0.13595681384874214 176
1757646712002 0.13333696303860568 177
1757646712066 0.14986953147608761 178
1757646712126 0.1925796852616038 179
1757646712192 0.19026688193470404 180
1757646712255 0.21018049776544928 181
1757646712318 0.1915991727595857 182
1757646712387 0.17571001475006576 183
1757646712458 0.1376604773317346 184
1757646712526 0.1413886757044186 185
1757646712592 0.13438026863167601 186
1757646712662 0.09220931084235207 187
1757646712739 0.08300522319054202 188
1757646712805 0.07859906069296596 189
1757646712873 0.0909426302792662 190
1757646712939 0.09422034252017189 191
1757646713011 0.16763170080230494 192
1757646713078 0.22105882541470026 193
1757646713143 0.10177250121947842 194
1757646713209 0.1261557312888849 195
1757646713274 0.06349096096072189 196
1757646713338 0.07929321799976058 197
1757646713402 0.12203325253455814 198
1757646713465 0.127770152109404 199
1757646713528 0.06986010897597215 200
1757646713590 0.16364641750932732 201
1757646713652 0.11093989072241714 202
1757646713715 0.10284838197080384 203
1757646713776 0.17165668087103125 204
1757646713837 0.1865969499755447 205
1757646713898 0.17006761516365027 206
1757646713961 0.213976916681972 207
1757646714024 0.12113853922898603 208
1757646714085 0.13222916508596377 209
1757646714148 0.12452230460054008 210
1757646714247 0.1436654247876403 211
1757646714313 0.16534858259018786 212
1757646714377 0.09139255107233889 213
1757646714442 0.15207809966096536 214
1757646714507 0.16403228452862426 215
1757646714573 0.13951066992887357 216
1757646714638 0.12886052180612143 217
1757646714700 0.15335875381720257 218
1757646714767 0.15507755239058008 219
1757646714838 0.1711252327696624 220
1757646714902 0.07063968783697439 221
1757646714963 0.1402354053071614 222
1757646715024 0.1821654360766731 223
1757646715086 0.18742057579845828 224
1757646715148 0.1068451269717117 225
1757646715211 0.1215588164138348 226
1757646715279 0.14735666749077714 227
1757646715343 0.13279014699597488 228
1757646715406 0.13288664964542662 229
1757646715467 0.11869613894993769 230
1757646715530 0.07246827850906642 231
1757646715593 0.2501391377376484 232
1757646715655 0.18567505204872808 233
1757646715718 0.22880070461164695 234
1757646715780 0.17038056495806836 235
1757646715850 0.13009837329745527 236
1757646715913 0.18326901138283852 237
1757646715973 0.1287833860186067 238
1757646716037 0.1615897566447358 239
1757646716107 0.11693212055266981 240
1757646716170 0.19266448333357097 241
1757646716232 0.13971958644676058 242
1757646716295 0.09722800935261554 243
1757646716357 0.0904484204665025 244
1757646716420 0.1360686286390579 245
1757646716481 0.14667690406615372 246
1757646716546 0.15878307589950194 247
1757646716611 0.2126737053949333 248
1757646716674 0.12065106180109114 249
1757646716737 0.1974806222576947 250
1757646716805 0.06968443225511545 251
1757646716876 0.06448542811983063 252
1757646716941 0.11171350007295108 253
1757646717004 0.10342728116898321 254
1757646717066 0.1585150289670012 255
1757646717129 0.20097440530844563 256
1757646717195 0.0929769183929862 257
1757646717257 0.1637703863353217 258
1757646717321 0.0799036816539729 259
1757646717395 0.15520255492725737 260
1757646717461 0.1881081812554735 261
1757646717529 0.12729242010565756 262
1757646717592 0.16849597654584988 263
1757646717657 0.061053699691563046 264
1757646717720 0.10580700930364732 265
1757646717783 0.21379371522236174 266
1757646717845 0.16479335626788538 267
1757646717908 0.10779664945396651 268
1757646717970 0.06359100596652653 269
1757646718033 0.16558309107021518 270
1757646718096 0.12334773910527855 271
1757646718159 0.11893823428134973 272
1757646718223 0.17231678134585876 273
1757646718286 0.13284436620423073 274
1757646718349 0.08596721666361118 275
1757646718412 0.1396089107912518 276
1757646718475 0.10219231098384976 277
1757646718539 0.08279999193646762 278
1757646718601 0.127499393219069 279
1757646718665 0.16012213425475352 280
1757646718729 0.1433471068342995 281
1757646718793 0.09083877066906515 282
1757646718872 0.10129224025963578 283
1757646718942 0.1430163522572596 284
1757646719015 0.12601609034903688 285
1757646719081 0.11417641399781985 286
1757646719148 0.17946010507730972 287
1757646719234 0.21079217953021911 288
1757646719304 0.1636798149895784 289
1757646719378 0.1469727542295566 290
1757646719443 0.14913025155174625 291
