1757648344868 172.68075673049643 0
1757648344930 172.33366490142146 1
1757648344989 171.9872766501876 2
1757648345051 171.64159052765874 3
1757648345108 171.2966050877861 4
1757648345165 170.95231888760085 5
1757648345223 170.60873048720723 6
1757648345281 170.26583844977557 7
1757648345344 169.92364134153533 8
1757648345515 169.58213773176792 9
1757648345591 169.24132619280013 10
1757648345656 168.90120529999686 11
1757648345719 168.56177363175436 12
1757648345784 168.22302976949334 13
1757648345882 167.88517710340133 14
1757648345951 167.54800772319476 15
1757648346016 167.2115202285453 16
1757648346081 166.8757132220763 17
1757648346148 166.54058530935575 18
1757648346212 166.20613509889 19
1757648346273 165.87236120211708 20
1757648346333 165.53926223340036 21
1757648346390 165.20683681002177 22
1757648346448 164.8750835521754 23
1757648346506 164.54400108296113 24
1757648346564 164.21358802837796 25
1757648346630 163.8838430173177 26
1757648346689 163.55476468155848 27
1757648346747 163.2263516557583 28
1757648346806 162.89860257744868 29
1757648346865 162.5715160870282 30
1757648346924 162.24509082775614 31
1757648346982 161.91932544574624 32
1757648347040 161.59421858996012 33
1757648347098 161.2697689122012 34
1757648347156 160.94597506710818 35
1757648347215 160.6228357121489 36
1757648347276 160.300349507614 37
1757648347335 159.97851511661048 38
1757648347394 159.65733120505584 39
1757648347452 159.33679644167142 40
1757648347511 159.01690949797657 41
1757648347569 158.697669048282 42
1757648347627 158.37907376968397 43
1757648347686 158.06112234205798 44
1757648347744 157.74381344805263 45
1757648347803 157.42714577308337 46
1757648347861 157.11111800532652 47
1757648347917 156.79572883571302 48
1757648347973 156.4809769579224 49
1757648348032 156.16686106837682 50
1757648348092 155.85337986623463 51
1757648348148 155.5405320533848 52
1757648348205 155.22831633444042 53
1757648348263 154.91673141673306 54
1757648348321 154.6057760103064 55
1757648348396 154.2954488279106 56
1757648348456 153.98574858499606 57
1757648348513 153.6766739997074 58
1757648348571 153.36822379287784 59
1757648348634 153.06058257808624 60
1757648348695 152.75356218523365 61
1757648348754 152.44716134873138 62
1757648348813 152.1413788056258 63
1757648348872 151.83621329559247 64
1757648348929 151.53166356093044 65
1757648348987 151.22772834655657 66
1757648349044 150.92440639999987 67
1757648349103 150.62169647139586 68
1757648349160 150.31959731348073 69
1757648349217 150.01810768158586 70
1757648349277 149.71722633363225 71
1757648349337 149.41695203012466 72
1757648349399 149.1172835341462 73
1757648349482 148.81821961135262 74
1757648349543 148.5197590299669 75
1757648349609 148.2219005607735 76
1757648349667 147.92464297711282 77
1757648349727 147.62798505487584 78
1757648349785 147.33192557249833 79
1757648349844 147.03646331095564 80
1757648349907 146.74159705375686 81
1757648349967 146.44732558693957 82
1757648350028 146.15364769906432 83
1757648350087 145.86056218120913 84
1757648350146 145.56806782696404 85
1757648350205 145.2761634324257 86
1757648350264 144.98484779619187 87
1757648350324 144.69411971935614 88
1757648350383 144.40397800550244 89
1757648350440 144.11442146069965 90
1757648350501 143.82544889349623 91
1757648350563 143.53705911491497 92
1757648350625 143.24925093844735 93
1757648350690 142.96202318004865 94
1757648350758 142.6753746581322 95
1757648350818 142.38930419356421 96
1757648350877 142.10381060965867 97
1757648350938 141.81889273217175 98
1757648350997 141.53454938929676 99
1757648351056 141.25077941165875 100
1757648351114 140.96758163230925 101
1757648351172 140.68495488672124 102
1757648351231 140.40289801278362 103
1757648351289 140.12140985079625 104
1757648351348 139.84048924346465 105
1757648351484 139.56013503589466 106
1757648351541 139.28034607558763 107
1757648351599 139.00112121243484 108
1757648351658 138.72245929871272 109
1757648351715 138.44435918907735 110
1757648351774 138.16681974055967 111
1757648351833 137.88983981256007 112
1757648351891 137.61341826684352 113
1757648351950 137.33755396753435 114
1757648352008 137.06224578111116 115
1757648352069 136.78749257640177 116
1757648352127 136.5132932245783 117
1757648352186 136.2396465991518 118
1757648352245 135.9665515759675 119
1757648352304 135.69400703319982 120
1757648352362 135.42201185134707 121
1757648352423 135.15056491322662 122
1757648352484 134.87966510397004 123
1757648352544 134.60931131101788 124
1757648352603 134.3395024241149 125
1757648352662 134.0702373353049 126
1757648352728 133.80151493892606 127
1757648352789 133.53333413160578 128
1757648352849 133.2656938122558 129
1757648352911 132.99859288206738 130
1757648352968 132.7320302445064 131
1757648353027 132.46600480530836 132
1757648353088 132.2005154724736 133
1757648353147 131.93556115626237 134
1757648353206 131.67114076919003 135
1757648353265 131.40725322602228 136
1757648353326 131.14389744377013 137
1757648353385 130.88107234168527 138
1757648353444 130.61877684125517 139
1757648353504 130.35700986619827 140
1757648353563 130.09577034245928 141
1757648353622 129.83505719820434 142
1757648353682 129.57486936381633 143
1757648353741 129.31544353557544 144
1757648353801 129.05653978857836 145
1757648353861 128.79815706465166 146
1757648353921 128.540294307798 147
1757648353980 128.28295046419157 148
1757648354040 128.0261244821734 149
1757648354099 127.7698153122469 150
1757648354159 127.51402190707323 151
1757648354217 127.2587432214667 152
1757648354277 127.00397821239027 153
1757648354338 126.74972583895088 154
1757648354402 126.4959850623951 155
1757648354477 126.24275484610448 156
1757648354538 125.99003415559102 157
1757648354599 125.73782195849263 158
1757648354660 125.4861172245688 159
1757648354722 125.23491892569601 160
1757648354807 124.9842260358631 161
1757648354867 124.73403753116719 162
1757648354929 124.48435238980875 163
1757648354991 124.23516959208749 164
1757648355075 123.98648812039788 165
1757648355155 123.7383069592245 166
1757648355220 123.4906250951379 167
1757648355281 123.24344151679009 168
1757648355394 122.99675521490998 169
1757648355462 122.7505651822994 170
1757648355553 122.50487041382807 171
1757648355633 122.25966990642998 172
1757648355698 122.0149626590985 173
1757648355765 121.77074767288221 174
1757648355828 121.52702395088059 175
1757648355890 121.28379049823957 176
1757648355951 121.04104632214741 177
1757648356014 120.79879043183017 178
1757648356075 120.55702183854757 179
1757648356137 120.31573955558858 180
1757648356199 120.07494259826723 181
1757648356261 119.8346299839183 182
1757648356324 119.59480073189307 183
1757648356387 119.35545386355506 184
1757648356449 119.11658840227568 185
1757648356511 118.87820337343027 186
1757648356572 118.6402978043936 187
1757648356634 118.40287072453575 188
1757648356696 118.16592116521794 189
1757648356757 117.92944815978832 190
1757648356826 117.69345074357773 191
1757648356888 117.45792795389556 192
1757648356950 117.22287883002566 193
1757648357013 116.98830241322199 194
1757648357073 116.75419774670462 195
1757648357133 116.52056387565555 196
1757648357193 116.28739984721466 197
1757648357254 116.05470471047535 198
1757648357319 115.82247751648067 199
1757648357379 115.59071731821916 200
1757648357439 115.35942317062066 201
1757648357502 115.12859413055229 202
1757648357562 114.89822925681439 203
1757648357622 114.66832761013642 204
1757648357684 114.43888825317292 205
1757648357745 114.20991025049942 206
1757648357805 113.98139266860849 207
1757648357866 113.75333457590558 208
1757648357927 113.52573504270514 209
1757648357988 113.29859314122645 210
1757648358049 113.07190794558973 211
1757648358112 112.8456785318121 212
1757648358174 112.6199039778036 213
1757648358234 112.39458336336328 214
1757648358296 112.16971577017505 215
1757648358358 111.94530028180388 216
1757648358419 111.72133598369184 217
1757648358479 111.49782196315402 218
1757648358541 111.27475730937479 219
1757648358602 111.05214111340368 220
1757648358661 110.82997246815164 221
1757648358725 110.60825046838698 222
1757648358788 110.38697421073157 223
1757648358856 110.16614279365689 224
1757648358919 109.94575531748022 225
1757648358981 109.72581088436065 226
1757648359044 109.5063085982953 227
1757648359105 109.28724756511549 228
1757648359167 109.06862689248281 229
1757648359228 108.85044568988525 230
1757648359288 108.63270306863356 231
1757648359351 108.41539814185718 232
1757648359420 108.19853002450066 233
1757648359493 107.98209783331957 234
1757648359556 107.76610068687701 235
1757648359619 107.55053770553963 236
1757648359687 107.33540801147389 237
1757648359751 107.12071072864232 238
1757648359814 106.90644498279967 239
1757648359877 106.69260990148923 240
1757648359944 106.47920461403916 241
1757648360008 106.26622825155849 242
1757648360072 106.05367994693366 243
1757648360134 105.84155883482464 244
1757648360196 105.62986405166129 245
1757648360261 105.41859473563957 246
1757648360323 105.207750026718 247
1757648360386 104.99732906661374 248
1757648360446 104.7873309987991 249
1757648360510 104.57775496849777 250
1757648360574 104.36860012268119 251
1757648360636 104.15986561006488 252
1757648360698 103.95155058110478 253
1757648360760 103.74365418799363 254
1757648360823 103.53617558465729 255
1757648360890 103.32911392675116 256
1757648360955 103.12246837165657 257
1757648361018 102.9162380784771 258
1757648361080 102.71042220803506 259
1757648361141 102.50501992286783 260
1757648361205 102.3000303872243 261
1757648361267 102.09545276706132 262
1757648361329 101.89128623004004 263
1757648361393 101.6875299455225 264
1757648361454 101.48418308456785 265
1757648361516 101.28124481992904 266
1757648361579 101.07871432604912 267
1757648361641 100.87659077905776 268
1757648361702 100.67487335676773 269
1757648361765 100.47356123867137 270
1757648361829 100.27265360593712 271
1757648361891 100.0721496414059 272
1757648361952 99.87204852958779 273
1757648362016 99.67234945665841 274
1757648362081 99.47305161045549 275
1757648362143 99.2741541804754 276
1757648362206 99.07565635786968 277
1757648362268 98.8775573354416 278
1757648362330 98.67985630764261 279
1757648362395 98.4825524705691 280
1757648362458 98.2856450219588 281
1757648362520 98.08913316118736 282
1757648362583 97.89301608926506 283
1757648362646 97.69729300883328 284
1757648362709 97.50196312416114 285
1757648362771 97.30702564114205 286
1757648362834 97.11247976729035 287
1757648362900 96.91832471173811 288
1757648362966 96.7245596852314 289
1757648363032 96.5311839001272 290
1757648363096 96.33819657038995 291
1757648363159 96.1455969115882 292
1757648363223 95.95338414089126 293
1757648363285 95.76155747706586 294
1757648363352 95.57011614047288 295
1757648363415 95.37905935306391 296
1757648363478 95.18838633837805 297
1757648363540 94.99809632153853 298
1757648363604 94.80818852924948 299
1757648363667 94.61866218979247 300
1757648363730 94.42951653302352 301
1757648363793 94.24075079036945 302
1757648363856 94.05236419482495 303
1757648363919 93.86435598094906 304
1757648363982 93.67672538486208 305
1757648364046 93.48947164424223 306
1757648364109 93.30259399832242 307
1757648364171 93.11609168788705 308
1757648364236 92.9299639552687 309
1757648364299 92.74421004434504 310
1757648364463 92.55882920053541 311
1757648364540 92.37382067079787 312
1757648364610 92.18918370362576 313
1757648364678 92.00491754904465 314
1757648364757 91.82102145860908 315
1757648364826 91.63749468539945 316
1757648364892 91.45433648401877 317
1757648364964 91.27154611058948 318
1757648365030 91.08912282275043 319
1757648365096 90.90706587965356 320
1757648365160 90.72537454196083 321
1757648365225 90.54404807184108 322
1757648365291 90.3630857329669 323
1757648365356 90.18248679051142 324
1757648365420 90.00225051114538 325
1757648365486 89.8223761630338 326
1757648365554 89.64286301583299 327
1757648365620 89.46371034068747 328
1757648365685 89.2849174102268 329
1757648365753 89.10648349856254 330
1757648365818 88.92840788128517 331
1757648365883 88.75068983546102 332
1757648365948 88.57332863962914 333
1757648366013 88.39632357379837 334
1757648366079 88.21967391944412 335
1757648366144 88.0433789595055 336
1757648366209 87.86743797838214 337
1757648366273 87.69185026193122 338
1757648366338 87.51661509746447 339
1757648366403 87.34173177374505 340
1757648366467 87.16719958098464 341
1757648366532 86.99301781084037 342
1757648366595 86.81918575641188 343
1757648366658 86.64570271223823 344
1757648366725 86.47256797429502 345
1757648366791 86.29978083999131 346
1757648366855 86.12734060816675 347
1757648366919 85.9552465790885 348
1757648366990 85.78349805444836 349
1757648367056 85.61209433735972 350
1757648367122 85.44103473235477 351
1757648367187 85.27031854538136 352
1757648367251 85.0999450838002 353
1757648367318 84.92991365638186 354
1757648367384 84.76022357330389 355
1757648367448 84.5908741461479 356
1757648367513 84.42186468789659 357
1757648367578 84.25319451293095 358
1757648367643 84.08486293702724 359
1757648367707 83.9168692773542 360
1757648367772 83.74921285247011 361
1757648367837 83.58189298231989 362
1757648367901 83.41490898823227 363
1757648367967 83.24826019291696 364
1757648368034 83.08194592046168 365
1757648368098 82.91596549632938 366
1757648368164 82.75031824735534 367
1757648368228 82.58500350174441 368
1757648368294 82.42002058906812 369
1757648368360 82.2553688402618 370
1757648368425 82.09104758762184 371
1757648368489 81.92705616480282 372
1757648368556 81.76339390681476 373
1757648368620 81.6000601500202 374
1757648368685 81.43705423213152 375
1757648368751 81.27437549220805 376
1757648368816 81.11202327065338 377
1757648368881 80.94999690921246 378
1757648368946 80.78829575096887 379
1757648369017 80.62691914034217 380
1757648369084 80.46586642308489 381
1757648369152 80.30513694628 382
1757648369217 80.14473005833806 383
1757648369282 79.98464510899444 384
1757648369348 79.82488144930663 385
1757648369421 79.66543843165151 386
1757648369496 79.50631540972256 387
1757648369563 79.34751173852725 388
1757648369630 79.18902677438417 389
1757648369697 79.03085987492047 390
1757648369765 78.873010399069 391
1757648369832 78.7154777070658 392
1757648369900 78.55826116044723 393
1757648369967 78.40136012204731 394
1757648370032 78.24477395599517 395
1757648370104 78.08850202771222 396
1757648370171 77.93254370390953 397
1757648370236 77.77689835258522 398
1757648370307 77.6215653430217 399
1757648370373 77.46654404578311 400
1757648370438 77.31183383271258 401
1757648370506 77.15743407692965 402
1757648370572 77.00334415282767 403
1757648370639 76.849563436071 404
1757648370708 76.69609130359262 405
1757648370774 76.54292713359133 406
1757648370840 76.3900703055292 407
1757648370905 76.23752020012894 408
1757648370971 76.08527619937132 409
1757648371045 75.93333768649259 410
1757648371114 75.7817040459818 411
1757648371181 75.63037466357832 412
1757648371248 75.47934892626921 413
1757648371314 75.32862622228659 414
1757648371380 75.17820594110518 415
1757648371446 75.02808747343967 416
1757648371510 74.87827021124215 417
1757648371577 74.7287535476996 418
1757648371643 74.57953687723125 419
1757648371709 74.43061959548618 420
1757648371776 74.28200109934065 421
1757648371841 74.13368078689567 422
1757648371908 73.98565805747437 423
1757648371975 73.83793231161961 424
1757648372041 73.69050295109128 425
1757648372107 73.54336937886397 426
1757648372173 73.39653099912438 427
1757648372240 73.24998721726878 428
1757648372305 73.10373743990066 429
1757648372372 72.95778107482805 430
1757648372438 72.81211753106119 431
1757648372504 72.66674621880996 432
1757648372570 72.52166654948147 433
1757648372636 72.37687793567748 434
1757648372701 72.23237979119213 435
1757648372768 72.08817153100931 436
1757648372836 71.9442525713002 437
1757648372904 71.800622329421 438
1757648372970 71.65728022391033 439
1757648373037 71.51422567448682 440
1757648373109 71.37145810204672 441
1757648373177 71.2289769286614 442
1757648373244 71.08678157757507 443
1757648373310 70.9448714732022 444
1757648373376 70.80324604112516 445
1757648373445 70.66190470809194 446
1757648373510 70.52084690201349 447
1757648373576 70.38007205196162 448
1757648373644 70.23957958816635 449
1757648373710 70.09936894201374 450
1757648373776 69.95943954604336 451
1757648373844 69.8197908339459 452
1757648373910 69.68042224056099 453
1757648373975 69.5413332018746 454
1757648374043 69.40252315501688 455
1757648374112 69.26399153825957 456
1757648374178 69.12573779101395 457
1757648374245 68.98776135382825 458
1757648374311 68.85006166838535 459
1757648374378 68.71263817750062 460
1757648374460 68.57549032511932 461
1757648374529 68.43861755631451 462
1757648374599 68.30201931728453 463
1757648374668 68.16569505535094 464
1757648374745 68.02964421895585 465
1757648374819 67.89386625765998 466
1757648374887 67.75836062214013 467
1757648374956 67.62312676418695 468
1757648375025 67.48816413670271 469
1757648375095 67.35347219369879 470
1757648375168 67.21905039029376 471
1757648375237 67.08489818271079 472
1757648375307 66.9510150282755 473
1757648375377 66.81740038541369 474
1757648375444 66.68405371364909 475
1757648375513 66.55097447360104 476
1757648375581 66.41816212698235 477
1757648375649 66.28561613659693 478
1757648375722 66.1533359663376 479
1757648375791 66.02132108118383 480
1757648375860 65.88957094719957 481
1757648375929 65.758085031531 482
1757648375995 65.62686280240418 483
1757648376083 65.49590372912304 484
1757648376152 65.36520728206698 485
1757648376221 65.2347729326888 486
1757648376289 65.1046001535124 487
1757648376356 64.97468841813055 488
1757648376422 64.84503720120287 489
1757648376490 64.71564597845347 490
1757648376557 64.58651422666875 491
1757648376624 64.45764142369542 492
1757648376693 64.32902704843804 493
1757648376761 64.20067058085709 494
1757648376830 64.07257150196666 495
1757648376898 63.94472929383233 496
1757648376965 63.817143439569016 497
1757648377032 63.689813423338826 498
1757648377101 63.562738730348826 499
