1757628688808 0.18851489047284534 0
1757628688905 0.21429316243716973 1
1757628689007 0.11403032338990886 2
1757628689098 0.07468822326460932 3
1757628689189 0.0009388175516498807 4
1757628689279 0.25882324227485004 5
1757628689367 0.008827730456983512 6
1757628689456 1.1591591191683568 7
1757628689557 0.023715404946728653 8
1757628689647 0.3200522995040779 9
1757628689734 1.3329291156725014 10
1757628689822 0.07213857536974619 11
1757628689908 0.011826646783599841 12
1757628690032 0.07296483191392901 13
1757628690152 0.46123996369771614 14
1757628690258 0.1463572163855013 15
1757628690360 0.3923360670659317 16
1757628690460 0.016860035949519528 17
1757628690552 0.021887288158610175 18
1757628690645 0.03379893948736555 19
1757628690737 0.03378430163207643 20
1757628690841 0.7184113770651319 21
1757628690937 0.05473021109311205 22
1757628691038 0.10922749654417545 23
1757628691147 0.12677637690658333 24
1757628691255 0.11961509731753948 25
1757628691362 0.16709378072298486 26
1757628691469 0.04381394318787436 27
1757628691572 0.07597173068317173 28
1757628691666 0.11074714110254551 29
1757628691758 0.03006574251886032 30
1757628691907 0.01983424283358881 31
1757628692000 0.4036960288160718 32
1757628692090 0.05557080766856483 33
1757628692187 0.09756312503309665 34
1757628692279 0.3351800066133938 35
1757628692371 0.13820742610298586 36
1757628692461 0.00839087668993524 37
1757628692547 0.2881424031902224 38
1757628692635 0.052933564220772625 39
1757628692726 0.3452013846911993 40
1757628692813 0.00321089578270789 41
1757628692901 0.22554972073746468 42
1757628692990 0.0013959273621773863 43
1757628693086 0.20619305442751706 44
1757628693185 0.0633438266427317 45
1757628693282 0.22653938246929214 46
1757628693370 0.0007124160112130212 47
1757628693459 0.06296875393763235 48
1757628693546 0.030146184829219335 49
1757628693634 0.03367921619511942 50
1757628693724 0.0013071023573286375 51
1757628693826 0.03503395292318483 52
1757628693923 0.0034305885157552385 53
1757628694011 0.07118302062231954 54
1757628694099 0.09456156316066248 55
1757628694187 0.18088258017749173 56
1757628694276 0.05541269995894402 57
1757628694366 0.01696524184009541 58
1757628694453 0.07853084972948038 59
1757628694542 0.0034721514863105284 60
1757628694632 0.0010413118160279386 61
1757628694720 0.02874743548854565 62
1757628694808 0.07407853046003887 63
1757628694897 0.08503611782622385 64
1757628694987 0.10545125652385232 65
1757628695115 0.3205918538725262 66
1757628695212 0.35140688851228596 67
1757628695304 0.015733401197096028 68
1757628695397 0.04421843238848635 69
1757628695494 0.36046316159445924 70
1757628695596 0.0063757847720597545 71
1757628695691 0.008104793810571134 72
1757628695779 0.04184513191140782 73
1757628695867 0.23733234241928333 74
1757628695959 0.3372025293629733 75
1757628696046 0.028269740352300097 76
1757628696135 0.041013279337554914 77
1757628696222 0.00012557960057662338 78
1757628696310 0.11142035747306067 79
1757628696399 0.00920813772651328 80
1757628696494 0.007078682746049675 81
1757628696597 0.18156484334568085 82
1757628696701 0.06306525851515661 83
1757628696800 0.43818635979383846 84
1757628696897 0.0017047999333103477 85
1757628696993 0.000858966057428671 86
1757628697154 0.06653334763948608 87
1757628697256 0.04728576443430756 88
1757628697362 0.0019577079767070975 89
1757628697459 0.05053754664815235 90
1757628697557 0.0005371696825777812 91
1757628697648 0.1369449274212825 92
1757628697744 0.07316137567174721 93
1757628697842 0.2868667770289797 94
1757628697940 0.24890766482677612 95
1757628698050 0.34264651814675456 96
1757628698154 0.20959744519203616 97
1757628698253 0.0765748790226919 98
1757628698346 0.6291617443689939 99
1757628698443 0.06862606481390263 100
1757628698536 0.02459276071534873 101
1757628698627 0.2564414864217687 102
1757628698732 0.08250302163542464 103
1757628698853 0.020750196381358242 104
1757628699037 0.3854192642170681 105
1757628699184 0.08277080456220377 106
1757628699308 0.1479715434495574 107
1757628699419 0.04827931072937908 108
1757628699526 0.003085942221196681 109
1757628699659 2.05206903256674e-05 110
1757628699771 0.006169426981649542 111
1757628699883 0.10874213036747717 112
1757628699988 0.096480949452299 113
1757628700090 0.1443837472453786 114
1757628700196 0.14107436435060616 115
1757628700292 0.0682228856819593 116
1757628700405 0.09565622838691319 117
1757628700517 0.43840689544380196 118
1757628700638 0.5095493322362357 119
1757628700756 0.12855372589994682 120
1757628700858 0.0012658115447367344 121
1757628700958 0.0009940466934798607 122
1757628701084 0.002173098865348781 123
1757628701211 0.07701898434478617 124
1757628701331 0.11626449456439689 125
1757628701447 0.1243791427846373 126
1757628701556 0.34364231000393364 127
1757628701663 0.07504759227575863 128
1757628701765 0.045250893256118606 129
1757628701877 0.0884866900059769 130
1757628701989 4.5168347791382745e-06 131
1757628702089 0.0037863624917627834 132
1757628702188 0.10833932876946172 133
1757628702297 0.9257056441342294 134
1757628702409 0.043621922208127405 135
1757628702524 0.08206829563490751 136
1757628702627 0.06475487501805927 137
1757628702723 0.14383046134264907 138
1757628702817 0.2098736076276061 139
1757628702914 3.571105341945916e-05 140
1757628703019 0.02812537052022465 141
1757628703121 0.003411498971170272 142
1757628703217 0.23413949375716794 143
1757628703317 0.11023521064011184 144
1757628703411 0.09514563796349743 145
1757628703505 0.00358145913611901 146
1757628703595 0.04025510170940635 147
1757628703694 0.6608738038031146 148
1757628703790 0.4787882061221076 149
1757628703893 0.0065866638556426275 150
1757628704000 0.07419642441460896 151
1757628704098 0.05960643144263117 152
1757628704194 0.025473826119585208 153
1757628704292 0.09402112558391011 154
1757628704400 0.0010274806497579958 155
1757628704507 0.009200024453868697 156
1757628704617 0.04298023662296979 157
1757628704722 0.00332359676331675 158
1757628704829 0.0023608482678208215 159
1757628704935 0.2645232730998616 160
1757628705045 0.005619559706239333 161
1757628705171 0.3835839604410386 162
1757628705281 0.0005701781846832301 163
1757628705390 0.03900362036965584 164
1757628705496 0.6429854288091071 165
1757628705592 0.3821275817300552 166
1757628705690 0.00016186151775900162 167
1757628705802 5.678158575759947e-05 168
1757628705906 0.05117504736649318 169
1757628706016 0.3718655324065334 170
1757628706116 0.29905859056451384 171
1757628706213 0.210672716631228 172
1757628706308 0.06071159405084219 173
1757628706453 0.0045418447074816425 174
1757628706555 0.35625004388219456 175
1757628706653 0.0008304738310735254 176
1757628706748 0.15095032612265422 177
1757628706841 0.0008825247486901445 178
1757628706934 0.00026408738382104237 179
1757628707025 0.016405264028580398 180
1757628707123 0.006070365486651392 181
1757628707215 0.0368764345123325 182
1757628707316 0.08922814045353064 183
1757628707412 0.010097497268865708 184
1757628707504 0.0013762814070140284 185
1757628707595 0.0007509296555109009 186
1757628707687 0.020969144138212353 187
1757628707778 0.0009619152126354056 188
1757628707869 0.20932818194656236 189
1757628707960 0.03594400515270431 190
1757628708057 0.1234252514259525 191
1757628708154 0.02307453909035185 192
1757628708249 0.025126495091902245 193
1757628708341 0.08807035048301606 194
1757628708438 0.02889986718687379 195
1757628708543 0.1432832066702485 196
1757628708640 0.7224890429567224 197
1757628708734 0.3878661141159989 198
1757628708827 0.11782147673848324 199
1757628708919 0.06848883240640428 200
1757628709010 0.0008139098472649874 201
1757628709102 0.08420813973936016 202
1757628709194 0.1971300100547948 203
1757628709286 0.021095283741246577 204
1757628709383 0.008344283518149904 205
1757628709481 0.29714534767888917 206
1757628709577 0.0076083394212659375 207
1757628709673 0.00020699013828913236 208
1757628709794 0.3083372089237816 209
1757628709890 0.04050185275642755 210
1757628709985 0.15354321408229535 211
1757628710085 0.08128849146886687 212
1757628710229 0.2666614875940891 213
1757628710330 1.2987697720567903 214
1757628710427 0.008792218260570809 215
1757628710522 0.2179857467582188 216
1757628710619 0.02800707233025931 217
1757628710714 0.0027918830700300544 218
1757628710807 0.05143188812631134 219
1757628710898 0.007714967613997183 220
1757628710989 0.03817474497836821 221
1757628711090 0.029431847716403465 222
1757628711201 0.0031185176106709577 223
1757628711307 0.02389201239347255 224
1757628711418 0.06472763394247483 225
1757628711526 0.02020875031187383 226
1757628711632 0.8525963464688022 227
1757628711733 0.07757377716733824 228
1757628711833 0.15926412521031902 229
1757628711925 0.835811750534913 230
1757628712017 0.026589135248931525 231
1757628712111 0.02105458779348345 232
1757628712205 0.015324034851679973 233
1757628712298 0.02065067287666413 234
1757628712390 0.1771233397393559 235
1757628712483 0.14904998711477702 236
1757628712575 0.05117116197331836 237
1757628712667 0.16799607630610658 238
1757628712760 0.2900992985987773 239
1757628712853 1.1657032993075254 240
1757628712946 0.09608825738001446 241
1757628713038 0.0007562723437283658 242
1757628713130 0.18485235006702047 243
1757628713222 0.003381980039994524 244
1757628713315 0.0005879889075835381 245
1757628713410 0.06849116118068195 246
1757628713504 0.08258944705953926 247
1757628713597 0.10933016207501796 248
1757628713690 0.0003610270310953159 249
1757628713783 0.0073921521131621905 250
1757628713883 0.001028870665041803 251
1757628713990 0.00020903861812633176 252
1757628714103 0.00015453415257586707 253
1757628714204 0.005123873508536047 254
1757628714300 0.00019741542265060206 255
1757628714392 0.7315641989016811 256
1757628714487 0.2802721589541871 257
1757628714580 0.0032554134110123413 258
1757628714673 0.08985652373511882 259
1757628714767 0.4063374710455946 260
1757628714860 0.2696801442533494 261
1757628714954 0.008258264000160845 262
1757628715050 0.2850339604628467 263
1757628715158 0.00269574962655531 264
1757628715256 0.0007189484040078741 265
1757628715351 0.004818534951753245 266
1757628715447 0.1400288215353414 267
1757628715558 0.09096224816908685 268
1757628715672 0.028715520111337975 269
1757628715782 0.034316748273407915 270
1757628715891 0.6025782879320654 271
1757628715998 0.017461219811004243 272
1757628716095 0.028888221535794577 273
1757628716191 0.09837368341303535 274
1757628716294 0.08910175392957798 275
1757628716401 0.004331239153898679 276
1757628716506 0.2590703305695116 277
1757628716603 0.23333485368599047 278
1757628716697 0.07681377438935497 279
1757628716791 0.03619962058951586 280
1757628716884 0.2915134647711877 281
1757628716977 0.04359504798613279 282
1757628717071 0.7492953912731577 283
1757628717164 0.058175909744870954 284
1757628717257 0.16450225243335992 285
1757628717351 0.1258522563291494 286
1757628717444 0.1262574894666559 287
1757628717543 0.014893333692464688 288
1757628717637 0.17649274403184395 289
1757628717733 0.00448374320627609 290
1757628717827 0.04545647026707882 291
1757628717928 0.6038303338569198 292
1757628718024 0.02299176328958446 293
1757628718132 0.0848279171394811 294
1757628718231 0.06080063913436651 295
1757628718342 0.10773730741953265 296
1757628718470 0.010238149653268651 297
1757628718585 0.046993622124999 298
1757628718751 0.47995511699485643 299
1757628718859 0.0461550628539579 300
1757628718963 0.2590899901645567 301
1757628719064 0.013624579023702678 302
1757628719162 0.12060593444275836 303
1757628719260 0.10393351870365669 304
1757628719368 0.009528000710164465 305
1757628719476 0.7591936462508291 306
1757628719589 0.19509783321700466 307
1757628719689 0.11441983732745731 308
1757628719787 0.257338327403586 309
1757628719881 0.011787203282149886 310
1757628719982 0.13374778280476948 311
1757628720091 0.11352211445758528 312
1757628720219 4.825343496163772e-06 313
1757628720322 0.5763055525455169 314
1757628720420 0.038692540675256036 315
1757628720518 2.066711891787512e-05 316
1757628720618 0.0013155107222411677 317
1757628720721 0.02513953288673223 318
1757628720825 0.16348894718536633 319
1757628720930 0.17720577481065372 320
1757628721031 0.0775627402701757 321
1757628721131 0.033297917070001765 322
1757628721234 0.28864914952809917 323
1757628721342 8.507193757876318e-05 324
1757628721444 0.16582996995043497 325
1757628721550 0.0015086907720312825 326
1757628721652 0.09585982889039847 327
1757628721750 0.015840753962364996 328
1757628721850 0.24915515688070117 329
1757628721947 0.002201798970157185 330
1757628722048 0.06572037904226315 331
1757628722156 0.6251336408119289 332
1757628722258 0.1288841052155157 333
1757628722363 0.0817882323952292 334
1757628722468 0.1553030994856378 335
1757628722576 0.046263533307475145 336
1757628722681 0.02990185974843299 337
1757628722779 0.20234839135760743 338
1757628722892 0.001099711853242239 339
1757628722988 0.07504877707421508 340
1757628723085 0.009899680869398854 341
1757628723192 0.6628086802778563 342
1757628723298 0.09053342025745054 343
1757628723394 0.0031724067625601145 344
1757628723499 0.0016979137127217595 345
1757628723611 0.091328126090132 346
1757628723714 0.2564375532111986 347
1757628723811 0.40479655224604805 348
1757628723907 0.09228522955405086 349
1757628724001 0.008984687674277526 350
1757628724095 0.2060048778815008 351
1757628724190 0.03903591336133664 352
1757628724285 0.10545093030913795 353
1757628724382 0.21986182715037933 354
1757628724477 0.1251270325696624 355
1757628724572 0.12208676823647019 356
1757628724681 0.000912395704109574 357
1757628724793 0.03133012908774056 358
1757628724905 0.06135142288554227 359
1757628725017 0.05487583480347296 360
1757628725137 0.0792941109173777 361
1757628725240 0.17415974650435848 362
1757628725341 0.05659162341773313 363
1757628725440 0.2023615120467251 364
1757628725539 0.020939711392750446 365
1757628725637 0.020773919446353237 366
1757628725736 0.0016788798458780895 367
1757628725834 0.018986230956329085 368
1757628725935 0.07486079798107913 369
1757628726030 0.0011427899977835242 370
1757628726126 0.17060122572439262 371
1757628726223 0.23151703270537569 372
1757628726319 0.4943142998384291 373
1757628726425 0.05458725892715138 374
1757628726537 0.22011587792905332 375
1757628726637 0.0006538351280049678 376
1757628726741 0.009693115643136048 377
1757628726845 0.034539946298753156 378
1757628726942 0.37106968367783455 379
1757628727039 0.05206663017667409 380
1757628727138 0.008113986558881112 381
1757628727247 0.06461929160175453 382
1757628727356 0.09287191371352051 383
1757628727466 0.08161809736494016 384
1757628727565 0.10108009463942583 385
1757628727663 0.9931216060827273 386
1757628727763 0.06740206273636043 387
1757628727859 0.002306130364352315 388
1757628727956 0.007831184752590635 389
1757628728057 0.00025823965691448055 390
1757628728158 0.12365997731398044 391
1757628728256 0.0057530736559628535 392
1757628728363 0.03255111792928307 393
1757628728474 0.04214201785124696 394
1757628728581 0.01010598115287435 395
1757628728688 0.024543536499161297 396
1757628728797 0.022118887477281947 397
1757628728907 0.0004580773473873551 398
1757628729023 0.027442042855339407 399
1757628729138 0.1583532073672434 400
1757628729246 0.00020703704757549276 401
1757628729402 0.12889999252652667 402
1757628729507 0.07019489511642278 403
1757628729614 0.0703096040460688 404
1757628729721 0.04058242191667291 405
1757628729832 0.03641786849855671 406
1757628729940 0.1379316876477684 407
1757628730043 0.016663531940474707 408
1757628730160 0.09069454807734874 409
1757628730265 0.3574829299338677 410
1757628730368 0.21706724892287468 411
1757628730474 0.023597905195631045 412
1757628730578 0.019757983251966364 413
1757628730682 0.03292405481363048 414
1757628730791 0.11389214299815838 415
1757628730965 0.021341209018870547 416
1757628731084 0.01552606816511006 417
1757628731198 0.32806982211354996 418
1757628731312 0.03919466052803587 419
1757628731417 0.7046386347113109 420
1757628731521 0.00019982535124786664 421
1757628731620 0.03584372342230468 422
1757628731721 0.02530224093136653 423
1757628731821 0.05263494282164163 424
1757628731921 0.02924213667844895 425
1757628732018 0.26909212914281694 426
1757628732115 0.02810903973169267 427
1757628732212 0.15967973311787848 428
1757628732309 0.18231543581475973 429
1757628732406 0.7614065647902338 430
1757628732503 0.09397337428286488 431
1757628732602 1.4037156163962423 432
1757628732700 0.10226200299364463 433
1757628732796 0.07515825701112043 434
1757628732895 0.049956937606981854 435
1757628732992 0.058491631729567235 436
1757628733089 1.192827852707849e-06 437
1757628733202 0.22907730614943547 438
1757628733319 0.07073028151441528 439
1757628733434 0.38876802797153875 440
1757628733550 0.19455336988757352 441
1757628733656 0.00229246526816811 442
1757628733760 0.07529237978991365 443
1757628733860 0.06266764333802842 444
1757628733958 0.15614635996912968 445
1757628734055 0.00033244204002007705 446
1757628734153 0.02686043176655346 447
1757628734253 0.2764734524631271 448
1757628734362 0.027094886058102063 449
1757628734462 0.11085809423585648 450
1757628734561 0.013782403405754512 451
1757628734661 0.025299793593421046 452
1757628734760 0.00026632840903682473 453
1757628734858 0.0013787485928210155 454
1757628734956 0.0033684269082033293 455
1757628735055 0.03938072172319394 456
1757628735170 0.003123138503211512 457
1757628735273 0.0012409540461529882 458
1757628735376 0.12629697247706365 459
1757628735476 0.029193123957067232 460
1757628735573 0.02055345038741713 461
1757628735672 0.013694556154620518 462
1757628735771 0.023233873410091234 463
1757628735870 0.0017815024045466975 464
1757628735968 0.010140197237862662 465
1757628736066 0.20600513205271082 466
1757628736175 0.8426766330851503 467
1757628736288 1.0051798424751845 468
1757628736409 0.26204203406141724 469
1757628736525 0.05501545180714636 470
1757628736642 0.026913778785035355 471
1757628736848 0.02730847821457468 472
1757628737039 0.002623643634834264 473
1757628737351 0.42656389853292165 474
1757628737527 0.393147866740019 475
1757628737973 0.00011857170326772323 476
1757628738358 0.06398476698920941 477
1757628738509 0.06612989170325098 478
1757628738649 0.45996824252955176 479
1757628738780 0.0052896551618565255 480
1757628738908 0.0028024913410128038 481
1757628739027 0.0734682950557958 482
1757628739140 0.0029171898639208426 483
1757628739244 0.19868752772096593 484
1757628739352 0.03399650671567431 485
1757628739455 0.029209893531853697 486
1757628739557 0.011183680271957064 487
1757628739666 0.002253374113741425 488
1757628739774 0.13650117556734506 489
1757628739880 0.33944065805713264 490
1757628739989 0.006620190149899116 491
1757628740098 0.002242839553331313 492
1757628740212 0.12899520988801108 493
1757628740322 0.00019254212551725913 494
1757628740425 0.12528022596345154 495
1757628740528 0.1757282542162184 496
1757628740632 0.1576843938170752 497
1757628740733 0.20388475220070973 498
1757628740834 0.24267643291615884 499
