1757630275226 173.35340538223008 0
1757630275271 152.29606962777507 1
1757630275316 154.5649043050611 2
1757630275360 150.64426338354554 3
1757630275406 143.34628389175123 4
1757630275452 134.12468402784032 5
1757630275511 131.48430274092155 6
1757630275566 133.11402662703824 7
1757630275612 125.41765785492723 8
1757630275659 118.36675700748135 9
1757630275704 112.38002315608963 10
1757630275752 112.75529181041583 11
1757630275798 107.99680700325099 12
1757630275844 107.91016423488152 13
1757630275890 99.33343398478297 14
1757630275936 98.37934300803474 15
1757630275983 94.2407250917491 16
1757630276030 91.70137691917648 17
1757630276079 86.9054664272559 18
1757630276124 86.24200500631363 19
1757630276169 79.10729549618236 20
1757630276214 78.71788807599832 21
1757630276259 76.06551234275675 22
1757630276304 74.33947080484921 23
1757630276350 73.11025394401763 24
1757630276395 69.23632399375522 25
1757630276446 65.98633532318426 26
1757630276495 64.64127106336919 27
1757630276543 61.75461893923706 28
1757630276591 59.238846482809265 29
1757630276639 57.17145453848676 30
1757630276686 57.564790670439336 31
1757630276734 53.90927990988267 32
1757630276780 51.18463967188114 33
1757630276826 49.112924172245386 34
1757630276871 49.40620347210122 35
1757630276917 48.22587654355594 36
1757630276964 45.83064259430844 37
1757630277010 43.160260681092744 38
1757630277057 42.406932443681974 39
1757630277102 41.76476273160435 40
1757630277148 42.403759160168704 41
1757630277194 39.39623172640727 42
1757630277240 36.85963283861757 43
1757630277287 35.096840879191745 44
1757630277332 34.09798850545616 45
1757630277380 33.96557723547331 46
1757630277429 31.478846810353918 47
1757630277476 32.249429654876636 48
1757630277523 30.925447690422196 49
1757630277570 28.621196670562156 50
1757630277616 28.523677294164788 51
1757630277665 27.165820458161566 52
1757630277718 27.00366974019558 53
1757630277774 27.744396216150992 54
1757630277824 24.992921956064727 55
1757630277874 23.438438791965655 56
1757630277923 23.51221103473914 57
1757630277972 21.557546450407283 58
1757630278021 22.104219885826602 59
1757630278070 21.417678594740444 60
1757630278118 21.795732747658533 61
1757630278166 18.871800198130764 62
1757630278214 19.78435892551608 63
1757630278263 18.65486510516679 64
1757630278310 18.23774400684976 65
1757630278357 16.625100008263466 66
1757630278404 16.497473895947902 67
1757630278451 15.15423637890227 68
1757630278513 14.538348797445943 69
1757630278565 14.273643523953552 70
1757630278613 14.884337565527627 71
1757630278662 15.201011268314325 72
1757630278711 12.785589832099216 73
1757630278760 12.466863472390878 74
1757630278808 12.138954927780977 75
1757630278855 12.64176680662014 76
1757630278901 11.827450797074968 77
1757630278949 10.868594750354102 78
1757630278996 11.057755445910644 79
1757630279042 10.325519503576945 80
1757630279090 9.905437228426852 81
1757630279137 10.718375247063818 82
1757630279184 9.800339611562825 83
1757630279233 10.338063247221895 84
1757630279287 8.951623687899945 85
1757630279337 7.909639981696174 86
1757630279386 8.67860630958026 87
1757630279435 8.308947034379718 88
1757630279484 7.874510370358789 89
1757630279534 7.7481472023155735 90
1757630279581 7.131770344400941 91
1757630279629 6.933454091330873 92
1757630279677 6.546600120694508 93
1757630279724 6.974229444509248 94
1757630279771 6.6565850001790245 95
1757630279876 6.043552872688027 96
1757630279927 6.281463927614147 97
1757630279977 5.58853311642153 98
1757630280032 5.812232136379712 99
1757630280082 5.340478319446491 100
1757630280132 5.285642539189329 101
1757630280183 4.960733135888136 102
1757630280234 4.871210806465002 103
1757630280284 4.713631628275046 104
1757630280336 5.055303144027549 105
1757630280400 4.171163542359168 106
1757630280451 4.350455770098996 107
1757630280519 4.045423279132979 108
1757630280578 3.8875536760011826 109
1757630280630 3.8255009004813516 110
1757630280679 3.5726624049161697 111
1757630280727 3.1963296864444595 112
1757630280777 3.08003243975112 113
1757630280827 3.329293679988255 114
1757630280876 3.209514086598161 115
1757630280925 3.108027042174774 116
1757630280975 3.3234336252552126 117
1757630281025 2.592338116611805 118
1757630281076 3.068503516408696 119
1757630281126 2.7881160982429782 120
1757630281175 2.577791064521521 121
1757630281225 2.383912379984666 122
1757630281273 2.2891373675839417 123
1757630281322 2.377256705296544 124
1757630281370 2.1004511970515445 125
1757630281418 2.686708508232134 126
1757630281467 2.014027131627914 127
1757630281515 2.4442897743954526 128
1757630281565 1.8442516136318758 129
1757630281615 1.9829050006917046 130
1757630281664 1.9654286079319205 131
1757630281712 2.0564689024482736 132
1757630281761 1.5662651824006542 133
1757630281809 1.8485016250605595 134
1757630281857 1.5721322199711172 135
1757630281905 1.5227427817952393 136
1757630281953 1.3569558112260387 137
1757630282002 1.378624472570365 138
1757630282052 1.4409756980380752 139
1757630282101 1.223717253957825 140
1757630282150 1.6402914830372133 141
1757630282205 1.3919611640500362 142
1757630282254 1.4871589333274364 143
1757630282302 1.2531426350997348 144
1757630282351 1.052657012299399 145
1757630282400 1.1510593358696612 146
1757630282453 1.2527947405693203 147
1757630282502 1.2152297102459513 148
1757630282557 1.0343972666333643 149
1757630282609 1.0843884606215544 150
1757630282658 1.0862029279437209 151
1757630282707 0.881926626469361 152
1757630282757 1.1061675298082754 153
1757630282806 0.8683652665302017 154
1757630282858 0.7745057437546232 155
1757630282907 0.9420720804446052 156
1757630282955 0.9344477730259808 157
1757630283005 0.7294506419741824 158
1757630283054 0.8558902813548512 159
1757630283104 0.8957965623985653 160
1757630283153 0.565168655336017 161
1757630283206 0.7068332646659945 162
1757630283258 0.6176800093216877 163
1757630283308 0.6916235469461233 164
1757630283357 0.7039633582746657 165
1757630283406 0.6944620182523888 166
1757630283456 0.621093426706774 167
1757630283505 0.6322840070700013 168
1757630283554 0.5167522731380247 169
1757630283603 0.48214276936097306 170
1757630283653 0.6345331328921665 171
1757630283704 0.6642242410323039 172
1757630283756 0.5622199910847752 173
1757630283806 0.37710444066038923 174
1757630283857 0.5923217394730436 175
1757630283907 0.7349840211426915 176
1757630283957 0.48105817543167734 177
1757630284006 0.5613093561956136 178
1757630284056 0.4635101271408747 179
1757630284106 0.2961431697881016 180
1757630284155 0.4077426546955971 181
1757630284204 0.4291728294468653 182
1757630284255 0.396418388554877 183
1757630284304 0.3867867495889082 184
1757630284355 0.2981515319682784 185
1757630284405 0.44276794337374453 186
1757630284459 0.3951552162747253 187
1757630284514 0.39423751205544316 188
1757630284569 0.34517767718826164 189
1757630284622 0.43637650098823155 190
1757630284673 0.2819536775844181 191
1757630284724 0.37410807710132543 192
1757630284774 0.31029724943568615 193
1757630284824 0.21652754435681532 194
1757630284874 0.3824942220812825 195
1757630284923 0.2801343192050465 196
1757630284973 0.34605868371556 197
1757630285023 0.3693285009723878 198
1757630285073 0.3270908685860969 199
1757630285123 0.3443639049601619 200
1757630285173 0.23899416061934997 201
1757630285222 0.27855553496562047 202
1757630285273 0.2644930950950629 203
1757630285323 0.32939732815727973 204
1757630285373 0.20092594868602956 205
1757630285433 0.3432260786289643 206
1757630285578 0.3456846656268845 207
1757630285657 0.2425931462435438 208
1757630285714 0.22615240138015935 209
1757630285771 0.22721561501017024 210
1757630285834 0.2572506483462742 211
1757630285913 0.21014290458564427 212
1757630285971 0.20195924236886945 213
1757630286028 0.29370314644969586 214
1757630286086 0.32516939719556154 215
1757630286141 0.17304309406022855 216
1757630286196 0.24723277244953326 217
1757630286250 0.2117935036421616 218
1757630286303 0.28986903437695766 219
1757630286355 0.16271932000941192 220
1757630286408 0.2560349592053503 221
1757630286460 0.24131073433864164 222
1757630286512 0.17466605867816046 223
1757630286564 0.3067663869960058 224
1757630286621 0.2169803962053722 225
1757630286676 0.19442431126903367 226
1757630286728 0.2222879523233463 227
1757630286781 0.2243741400327977 228
1757630286838 0.2121850916956182 229
1757630286895 0.18318587399238434 230
1757630286946 0.1530935343317359 231
1757630286997 0.19850489321292478 232
1757630287048 0.1084121493079508 233
1757630287099 0.1403693711582527 234
1757630287150 0.24221441884352513 235
1757630287201 0.20992776035772548 236
1757630287252 0.077974838949233 237
1757630287303 0.055768982718927315 238
1757630287354 0.16081797162516837 239
1757630287405 0.1688045233949219 240
1757630287458 0.17573544812823716 241
1757630287510 0.12761521178938268 242
1757630287561 0.10756674654914607 243
1757630287612 0.21324407754911384 244
1757630287666 0.13835866505232283 245
1757630287717 0.23891714558866267 246
1757630287767 0.18571660968179782 247
1757630287818 0.10583369334070583 248
1757630287871 0.14346917594208294 249
1757630287925 0.17242432429185137 250
1757630287978 0.13885026259605102 251
1757630288028 0.14895871829509505 252
1757630288080 0.1312271608562151 253
1757630288132 0.1668195952902058 254
1757630288183 0.09744574808236303 255
1757630288234 0.10118817683831768 256
1757630288286 0.2048395337433854 257
1757630288337 0.16635732199248204 258
1757630288388 0.17111764021755155 259
1757630288440 0.16151677284768742 260
1757630288492 0.12738114633775 261
1757630288556 0.17054593248031558 262
1757630288611 0.2026060323959892 263
1757630288670 0.1387665957698408 264
1757630288724 0.1664137794338615 265
1757630288777 0.1398882004407822 266
1757630288829 0.09696530214386485 267
1757630288880 0.1353602913155149 268
1757630288932 0.15307269067725723 269
1757630288983 0.13605244872806918 270
1757630289036 0.2161772460168126 271
1757630289087 0.13861701637979745 272
1757630289139 0.10442207866433466 273
1757630289193 0.13193135462490946 274
1757630289246 0.1227959310331853 275
1757630289297 0.10896487691256448 276
1757630289349 0.15972222370861466 277
1757630289401 0.13570079531920792 278
1757630289452 0.10558395758222386 279
1757630289505 0.1124762730139735 280
1757630289558 0.15232883634472738 281
1757630289610 0.19347730983599967 282
1757630289662 0.1520817622966091 283
1757630289714 0.15876650129559172 284
1757630289766 0.11794045831424184 285
1757630289818 0.09081854486754035 286
1757630289871 0.15109640660897727 287
1757630289923 0.1923656970911382 288
1757630289976 0.0707031864624603 289
1757630290028 0.17527576187488791 290
1757630290081 0.1312165650080133 291
1757630290133 0.09524128615607104 292
1757630290185 0.1913896653596373 293
1757630290237 0.10974841050698365 294
1757630290289 0.10211332581473088 295
1757630290341 0.1266430394433911 296
1757630290393 0.17744728982747165 297
1757630290445 0.19313345177458932 298
1757630290510 0.14743542452168698 299
1757630290572 0.4016287337757255 300
1757630290626 0.07670214412009684 301
1757630290685 0.14290731615389868 302
1757630290739 0.15530329616013028 303
1757630290792 0.1970421866234917 304
1757630290844 0.16675618142039833 305
1757630290896 0.09337949992879646 306
1757630290949 0.09760337498217156 307
1757630291006 0.17796669716452596 308
1757630291060 0.1846773776931696 309
1757630291114 0.15955257632095993 310
1757630291167 0.16926516040806033 311
1757630291219 0.24261882334919077 312
1757630291276 0.12682399121700608 313
1757630291329 0.1207988513509499 314
1757630291381 0.11585492293725952 315
1757630291433 0.12954447550567988 316
1757630291488 0.08183803400932971 317
1757630291540 0.13476583652974974 318
1757630291595 0.14968620781816727 319
1757630291648 0.18206774971417417 320
1757630291700 0.09063639521693326 321
1757630291754 0.16261633939201603 322
1757630291808 0.19407540911282087 323
1757630291862 0.13039014425301934 324
1757630291915 0.09618314370126582 325
1757630291969 0.05240741859822132 326
1757630292023 0.11272565498982706 327
1757630292077 0.16479577569124415 328
1757630292130 0.12384145375265568 329
1757630292184 0.0925494417004404 330
1757630292237 0.1545926722746877 331
1757630292290 0.1416574734979072 332
1757630292344 0.14759808416725526 333
1757630292398 0.12061332830940971 334
1757630292451 0.11815727489764914 335
1757630292505 0.155088736266439 336
1757630292558 0.10873408455631729 337
1757630292612 0.09378909570170146 338
1757630292667 0.12750854461970595 339
1757630292727 0.1923864144924305 340
1757630292781 0.12118027630532766 341
1757630292835 0.12206855390767646 342
1757630292888 0.13110022838451055 343
1757630292942 0.13415727073995812 344
1757630292995 0.1409944470932437 345
1757630293048 0.14029841357562178 346
1757630293102 0.20672678926296298 347
1757630293155 0.07903979931190655 348
1757630293208 0.08063892879609043 349
1757630293261 0.18058948338165792 350
1757630293314 0.1617637027166287 351
1757630293367 0.13540656714550664 352
1757630293420 0.1873397101340219 353
1757630293473 0.09044783709230522 354
1757630293527 0.11622629073197402 355
1757630293581 0.13605694566761817 356
1757630293635 0.09819146097084074 357
1757630293688 0.14860664591719477 358
1757630293742 0.14978365122603177 359
1757630293795 0.15326461272210895 360
1757630293849 0.165018357209114 361
1757630293902 0.07747582741755372 362
1757630293955 0.11252383539559113 363
1757630294009 0.16276815289376795 364
1757630294062 0.15187111506254028 365
1757630294115 0.22190068359443096 366
1757630294169 0.09181706448919866 367
1757630294223 0.16070069039501184 368
1757630294277 0.12565422467707468 369
1757630294331 0.12478782821919611 370
1757630294384 0.0928488447733303 371
1757630294437 0.11364330924498328 372
1757630294490 0.1644359643130287 373
1757630294544 0.16034478407738317 374
1757630294597 0.07703826075365576 375
1757630294658 0.06171924312589809 376
1757630294712 0.09231457370397242 377
1757630294770 0.16141070079183906 378
1757630294825 0.14395153715893372 379
1757630294879 0.13911269684843292 380
1757630294933 0.14132897950787482 381
