1757644707135 41.35216208488581 0
1757644707236 5.873478938772032 1
1757644707341 0.7943593144464612 2
1757644707445 0.00335961792290171 3
1757644707547 0.1151838327577905 4
1757644707649 0.11002696442800121 5
1757644707750 0.15015216711384566 6
1757644707855 0.012580753136225196 7
1757644707962 0.3041048691924675 8
1757644708065 0.0005110955804086344 9
1757644708166 0.0906311268655901 10
1757644708268 0.00689317501602759 11
1757644708381 0.1651639678412837 12
1757644708484 0.28752937028638836 13
1757644708586 0.7831020309660354 14
1757644708692 0.06463848783102026 15
1757644708811 0.48497550484091306 16
1757644708914 0.15716136413697643 17
1757644709017 0.09439826462798297 18
1757644709129 0.10060557364208325 19
1757644709234 0.05491291620772628 20
1757644709336 0.3926049648433766 21
1757644709438 0.0043964022501745414 22
1757644709540 0.529906769580265 23
1757644709642 0.005451859451485442 24
1757644709746 0.08848761269632595 25
1757644709890 0.14094872863581567 26
1757644709998 0.02399775463560842 27
1757644710102 0.0388204855252597 28
1757644710204 0.10984530638099704 29
1757644710314 0.6509614604769418 30
1757644710418 0.03254442783395748 31
1757644710524 0.010516490585285044 32
1757644710628 0.002872005310500163 33
1757644710732 0.07957306375269985 34
1757644710834 7.592263682924865e-06 35
1757644710937 0.03485981468644274 36
1757644711040 0.8369415626362248 37
1757644711142 0.21292172945563498 38
1757644711245 0.048389200141344346 39
1757644711347 0.0012085943144729636 40
1757644711450 0.005566128629993375 41
1757644711551 0.04770133529199579 42
1757644711653 0.1314026379792282 43
1757644711756 0.20269607760537717 44
1757644711859 0.0989163998132101 45
1757644711968 0.005480736887406427 46
1757644712072 0.024950555773356583 47
1757644712176 0.5971001963460477 48
1757644712279 0.040468797089036494 49
1757644712382 0.007067243327563275 50
1757644712485 0.20539586367294269 51
1757644712586 0.1354050889819277 52
1757644712688 0.05791529360783026 53
1757644712790 0.040177295221414284 54
1757644712891 0.001557282996341511 55
1757644712993 0.0032253264851537376 56
1757644713093 0.04559276125619027 57
1757644713196 0.240155911063663 58
1757644713297 0.010233106502117693 59
1757644713401 0.000935915301484198 60
1757644713502 1.814840860589363 61
1757644713603 0.3517149054616359 62
1757644713719 0.18253815512484242 63
1757644713847 0.0007144180606551395 64
1757644713951 0.13164063349267904 65
1757644714066 0.2116065264264666 66
1757644714169 0.15862660478895307 67
1757644714272 0.15835044433758955 68
1757644714377 0.06152277913572158 69
1757644714481 0.028334867982871378 70
1757644714584 0.37147342736584527 71
1757644714688 0.014638750969494229 72
1757644714795 0.07558996125929089 73
1757644714904 0.278529238124788 74
1757644715008 0.4378505077037624 75
1757644715116 1.5398805666425661 76
1757644715220 0.014559424590166565 77
1757644715322 0.18702180159938142 78
1757644715426 0.0688302793638828 79
1757644715554 0.29730213691852636 80
1757644715659 0.09805468336845022 81
1757644715764 0.40116180896537335 82
1757644715868 0.06768644611650787 83
1757644715971 0.044591676364469486 84
1757644716084 0.13445508684552493 85
1757644716192 0.014699212867654174 86
1757644716296 0.10123618539101256 87
1757644716400 0.06673707322797358 88
1757644716504 0.013134471022790493 89
1757644716608 0.0035469138994404874 90
1757644716713 1.6453579198168713 91
1757644716817 0.00529686290968458 92
1757644716921 0.2807122384500539 93
1757644717023 0.2067589626190245 94
1757644717126 0.020777822933049778 95
1757644717229 0.00983983249095741 96
1757644717354 0.001653564430245284 97
1757644717519 0.09823949839563877 98
1757644717631 0.008822353591949527 99
1757644717735 0.20239988417916221 100
1757644717840 0.1575277227938994 101
1757644717945 0.028865528207161435 102
1757644718057 0.5110548681334215 103
1757644718163 0.015575749697454863 104
1757644718267 0.0004566313215095265 105
1757644718372 0.3029623720714147 106
1757644718477 0.1287943302174136 107
1757644718581 0.0056376347442781355 108
1757644718688 0.008566657625360324 109
1757644718813 0.28128604728299966 110
1757644718926 0.010557692322000494 111
1757644719036 0.02032713953395126 112
1757644719141 0.03920269228259299 113
1757644719246 0.006372725345381571 114
1757644719351 0.061090370614048164 115
1757644719456 0.38822497895035996 116
1757644719562 0.05153291196337342 117
1757644719667 0.09739121620993765 118
1757644719773 0.008489009750389393 119
1757644719876 0.2635449726466976 120
1757644719981 0.05353011392615202 121
1757644720088 4.7055171409461544e-05 122
1757644720198 0.010761875322841116 123
1757644720302 0.03947043479805757 124
1757644720406 0.3682509046323663 125
1757644720512 0.07245989067098402 126
1757644720617 0.004217858855575258 127
1757644720723 0.0006965485543662196 128
1757644720830 0.0038271309473892016 129
1757644720934 0.44950551258471677 130
1757644721039 0.5095565292230488 131
1757644721143 0.4442585045303742 132
1757644721250 0.04698871666799883 133
1757644721356 0.25700769868453893 134
1757644721462 0.2931328796461845 135
1757644721566 0.016687524584758077 136
1757644721670 0.013711099783948407 137
1757644721775 0.4800744193936376 138
1757644721884 0.004241103896027295 139
1757644721991 0.22617484080151654 140
1757644722096 0.15709878459761994 141
1757644722206 0.24751895589355738 142
1757644722312 0.022436530326892763 143
1757644722419 0.010747068586890344 144
1757644722525 0.1479688843364482 145
1757644722630 0.17935267364734134 146
1757644722736 0.006542801477016571 147
1757644722841 0.06194912950246016 148
1757644722947 0.011367556434414105 149
1757644723052 0.003849122389680124 150
1757644723156 0.0027053224472309992 151
1757644723262 0.12066290746766173 152
1757644723367 0.08758245931520522 153
1757644723472 0.7759192444096268 154
1757644723577 0.21534895619777722 155
1757644723686 0.21882847678948222 156
1757644723827 0.24897006125538718 157
1757644723935 1.919463428478937e-05 158
1757644724041 0.035388717475539413 159
1757644724148 0.6026489436634466 160
1757644724261 0.04264301860660061 161
1757644724370 0.00026421871688846757 162
1757644724476 1.5423517607536517 163
1757644724581 0.43851531261135296 164
1757644724688 0.07526274758022428 165
1757644724798 0.0026251181590244144 166
1757644724904 0.18331233801110675 167
1757644725010 0.02135039158100179 168
1757644725116 0.2911958779234127 169
1757644725222 0.0007899107485284931 170
1757644725330 0.013080686250693488 171
1757644725438 0.15068565351096594 172
1757644725545 0.011470611837452 173
1757644725651 0.09483065870517775 174
1757644725805 0.5122762663087844 175
1757644725914 0.08286117681100753 176
1757644726022 0.10120535651467584 177
1757644726133 0.3158922780429882 178
1757644726250 0.23465729657055912 179
1757644726360 0.1044217254533422 180
1757644726468 0.20150851030654993 181
1757644726577 0.07073705629587765 182
1757644726684 0.15213700370444908 183
1757644726791 0.04637702174908543 184
1757644726898 0.1657428282251517 185
1757644727008 0.21659599717276382 186
1757644727115 0.013274568402720016 187
1757644727223 0.14911997597043042 188
1757644727330 0.36767453746226164 189
1757644727437 0.06416204639928078 190
1757644727545 0.014005844393479483 191
1757644727730 0.0849123621768621 192
1757644727844 0.025704977937273967 193
1757644727957 0.00030988367977740695 194
1757644728068 0.0426354558986404 195
1757644728177 0.4451865165197136 196
1757644728290 0.002832038657348601 197
1757644728402 0.31957457976791404 198
1757644728508 0.13679008694683456 199
1757644728614 0.2982100492876721 200
1757644728730 0.12874710701046016 201
1757644728853 0.3465936613677435 202
1757644728966 0.44765275607863475 203
1757644729073 0.2857631524424485 204
1757644729180 0.18893301201060145 205
1757644729289 0.08019065178770995 206
1757644729396 0.0679922050473179 207
1757644729503 0.10632829812297816 208
1757644729610 0.003727231221035022 209
1757644729717 0.02405975278424662 210
1757644729824 0.256890730085046 211
1757644729932 0.0059024286357473536 212
1757644730039 0.10134497080969622 213
1757644730145 0.11906208923754577 214
1757644730252 0.029938341200873898 215
1757644730364 0.049465320243731806 216
1757644730472 0.2785993004859244 217
1757644730580 0.31224731528892385 218
1757644730730 0.01102458339258436 219
1757644730846 0.24366435802250277 220
1757644730957 0.393405676903068 221
1757644731066 0.030183008016846893 222
1757644731174 0.06992559964016203 223
1757644731282 0.1098781080747308 224
1757644731388 0.013769525707391074 225
1757644731496 0.05920634509389412 226
1757644731603 0.06806846380793148 227
1757644731712 0.01515263256577893 228
1757644731820 0.029864561742825528 229
1757644731927 0.3312907666157166 230
1757644732035 0.15144044173443524 231
1757644732142 0.07123919657165124 232
1757644732250 0.001009234596327299 233
1757644732365 0.002342387763923855 234
1757644732479 0.10775057327605148 235
1757644732593 0.07424311551826901 236
1757644732708 0.07331928959250278 237
1757644732821 0.05245379980178839 238
1757644732935 0.654543594666899 239
1757644733046 0.002146077026909575 240
1757644733159 0.30782622182033015 241
1757644733273 0.0025625990476448317 242
1757644733386 0.14018818270295239 243
1757644733500 0.14246345554283954 244
1757644733609 0.006331699282259342 245
1757644733728 0.12533050790721617 246
1757644733853 0.016626848284326916 247
1757644733967 0.10405186787406172 248
1757644734081 0.15053655239102534 249
1757644734194 0.11185248641404938 250
1757644734306 0.30584539370281294 251
1757644734424 0.011523299617558809 252
1757644734534 0.7743401045379688 253
1757644734643 0.0068774611224583235 254
1757644734752 0.28749034561633136 255
1757644734923 0.024630713173524114 256
1757644735039 0.048351602083239104 257
1757644735153 0.2783041142544944 258
1757644735267 0.34120911591190783 259
1757644735376 0.04949114734721523 260
1757644735485 0.10403786253847322 261
1757644735594 0.24168021176059873 262
1757644735702 0.05140599904819302 263
1757644735813 0.1280193020432012 264
1757644735921 0.504095180864716 265
1757644736029 0.07253877345359415 266
1757644736141 0.036230180938449985 267
1757644736250 0.02403822887545784 268
1757644736360 0.0057411508929148935 269
1757644736476 0.12032503701020188 270
1757644736583 0.14919155940164983 271
1757644736697 0.09149460812215562 272
1757644736811 0.32856824925443834 273
1757644736928 0.000860886373078332 274
1757644737078 8.978593118496543e-05 275
1757644737267 0.07267303171452037 276
1757644737391 0.0038430109947669524 277
1757644737507 0.251586848630905 278
1757644737622 0.0008447494320020867 279
1757644737737 0.14638009481625888 280
1757644737851 0.004944761378202492 281
1757644737963 0.022255463206437957 282
1757644738085 0.050775345206987336 283
1757644738201 0.1301310341065594 284
1757644738312 0.0025984258970632988 285
1757644738424 3.005119193565281e-05 286
1757644738538 0.18654516119403172 287
1757644738648 1.8080537690393563 288
1757644738768 0.03766474870376625 289
1757644738885 0.011337365861416666 290
1757644739000 0.015826455558163352 291
1757644739110 0.028473678857117685 292
1757644739221 0.37558932995195254 293
1757644739330 0.0009323652823133732 294
1757644739436 0.011404515950368834 295
1757644739542 1.7612236608964071 296
1757644739648 0.04995609088219253 297
1757644739754 0.07457496711608946 298
1757644739863 6.679783296047821e-05 299
1757644739968 0.053309737073077505 300
1757644740075 0.004801231906605292 301
1757644740181 0.0016314009131866642 302
1757644740286 0.15783177383972888 303
1757644740389 0.20354531692786723 304
1757644740498 0.17411650421579491 305
1757644740605 1.0739567054579107 306
1757644740709 0.004536570019933722 307
1757644740814 0.00013516200787646836 308
1757644740918 0.02221579336952521 309
1757644741023 0.5175347455463365 310
1757644741127 0.011709683702555023 311
1757644741231 0.07260405296223998 312
1757644741335 0.05703645833434441 313
1757644741438 0.10079558240210695 314
1757644741543 0.0057976155427131165 315
1757644741646 0.006593130599010952 316
1757644741750 0.8285839953760484 317
1757644741854 0.2876065730815639 318
1757644741959 0.0976761632233887 319
1757644742063 0.4957350765654383 320
1757644742168 0.07592478692781005 321
1757644742273 0.3930142716359663 322
1757644742378 0.09176454580375072 323
1757644742485 0.06283118271806994 324
1757644742593 0.06916589703308959 325
1757644742699 0.5157024306923297 326
1757644742803 0.024393010357877568 327
1757644742909 0.017139319854642666 328
1757644743013 0.05200099225606406 329
1757644743117 0.9407957135782604 330
1757644743221 0.08372624191039338 331
1757644743327 0.06589070819757513 332
1757644743431 0.29710966190632815 333
1757644743535 0.006235115804933553 334
1757644743640 0.08394075847788872 335
1757644743753 0.3872816974761172 336
1757644743869 0.11260734673444756 337
1757644743976 1.3109272107520342 338
1757644744082 8.509348513409674e-08 339
1757644744190 0.2478986301702137 340
1757644744297 1.9585164108545604e-05 341
1757644744404 0.009577626527160118 342
1757644744513 0.002749820909933159 343
1757644744623 0.04470202175922194 344
1757644744730 3.551086990396766 345
1757644744838 0.06118117185210102 346
1757644744943 0.05348291316913786 347
1757644745048 0.07840507656367443 348
1757644745153 0.1351475152537502 349
1757644745257 1.0470623123413136 350
1757644745362 0.08233006047813105 351
1757644745467 0.002543139353760238 352
1757644745572 0.1762858822777594 353
1757644745678 0.5457680860675395 354
1757644745792 0.027210396628013226 355
1757644745906 0.03439651213588973 356
1757644746017 0.024570162020309733 357
1757644746126 0.8004751503952642 358
1757644746235 0.24954713960944672 359
1757644746343 0.0034097756850392587 360
1757644746450 0.2143285523485065 361
1757644746558 0.17636930452728458 362
1757644746667 0.020402442770541783 363
1757644746773 0.0699516060563924 364
1757644746880 0.03696222225513966 365
1757644746988 0.6225356732548809 366
1757644747093 0.1193608358808826 367
1757644747197 0.5039888637913663 368
1757644747305 0.001569435081385722 369
1757644747411 0.0003639728442998483 370
1757644747516 0.0038309668787558726 371
1757644747621 0.31350857531388715 372
1757644747729 0.00796340046414177 373
1757644747834 0.07475703272955533 374
1757644747939 0.09788096346589742 375
1757644748044 0.04995227384068353 376
1757644748151 0.013632137219766098 377
1757644748256 0.33497101738830765 378
1757644748362 0.07912441207324727 379
1757644748468 0.05936877991380794 380
1757644748576 0.021899070586166348 381
1757644748686 0.7948301545693215 382
1757644748806 0.08768569974874904 383
1757644748916 0.09213510483137942 384
1757644749025 0.010131991155887716 385
1757644749132 0.3168445473007132 386
1757644749240 0.026540178744429797 387
1757644749347 0.30643018001378375 388
1757644749452 0.8371602251201181 389
1757644749556 0.32249520003138765 390
1757644749662 0.10376408217175186 391
1757644749767 0.03069760462295441 392
1757644749877 0.13480510490354528 393
1757644749982 0.01886302312556047 394
1757644750088 0.1994865946979965 395
1757644750193 0.004878315644625106 396
1757644750299 0.8324607169590014 397
1757644750406 0.31128960819121293 398
1757644750512 0.0890179999858247 399
1757644750621 0.11407346294939467 400
1757644750731 0.0996721421928255 401
1757644750838 0.059520421499621036 402
1757644750945 0.0010959552364516753 403
1757644751050 2.103225747025799e-05 404
1757644751155 0.5987191901715041 405
1757644751261 0.00414518592573551 406
1757644751368 0.04534336273119322 407
1757644751473 0.0531039869376159 408
1757644751580 0.18397611038631398 409
1757644751687 0.024052310253675085 410
1757644751793 0.020832493004854312 411
1757644751901 0.15706903588683643 412
1757644752006 0.084797683737941 413
1757644752113 0.003384470070868891 414
1757644752218 0.0004233395357775065 415
1757644752326 0.16503300347576635 416
1757644752432 0.03099775042474135 417
1757644752539 0.0671951702974651 418
1757644752647 0.21161446361782266 419
1757644752759 0.3787156337496732 420
1757644752866 0.003183924281438563 421
1757644752972 0.022370378448037968 422
1757644753078 0.13977578672796548 423
1757644753183 0.030503113844576015 424
1757644753288 0.002338945036169473 425
1757644753442 0.09178556094359352 426
1757644753558 0.08360961857535426 427
1757644753668 0.05944805595883132 428
1757644753800 0.15293089555488007 429
1757644753914 0.06068402284906382 430
1757644754024 0.2410220281812369 431
1757644754133 0.025042471872126975 432
1757644754243 0.09865561867091213 433
1757644754353 0.019944449273221136 434
1757644754462 4.665133845658235e-06 435
1757644754569 0.014354504564647671 436
1757644754678 0.046497538065508215 437
1757644754792 0.029333674297415898 438
1757644754902 0.045602402107300544 439
1757644755009 0.014534240099796602 440
1757644755116 0.05239547013813747 441
1757644755222 0.010701115383588306 442
1757644755329 0.9671346442184501 443
1757644755442 1.1499604369342116 444
1757644755574 0.10250944026042783 445
1757644755685 0.016451913208571835 446
1757644755796 0.4654553698811216 447
1757644755906 0.04442309343526862 448
1757644756017 0.11945544464590332 449
1757644756126 0.05736818321227764 450
1757644756237 1.413616860952429 451
1757644756345 0.7753076933352437 452
1757644756453 0.018899961068579902 453
1757644756632 0.15737839410895968 454
1757644756751 0.1391438557167163 455
1757644756866 0.0002475416977690918 456
1757644756975 0.006277550120775217 457
1757644757084 0.004282963773506304 458
1757644757193 0.02511973182342436 459
1757644757301 0.7770326158769079 460
1757644757411 0.06263852533313193 461
1757644757519 0.1081826050442076 462
1757644757626 0.28745798506319525 463
1757644757737 0.10118737951858385 464
1757644757844 0.10332288783410412 465
1757644757951 0.1591466797499045 466
1757644758064 0.9110750771303611 467
1757644758170 0.0463951573724019 468
1757644758276 0.03933183128866173 469
1757644758386 0.37603726463234594 470
1757644758493 0.0026611905584490517 471
1757644758599 0.002831670726086406 472
1757644758710 0.17990690227462516 473
1757644758838 0.030429112660012723 474
1757644758948 0.18503881112799164 475
1757644759057 0.12962452317365394 476
1757644759167 0.5106729830616735 477
1757644759275 0.0350158730210333 478
1757644759385 0.00028051827237286965 479
1757644759491 0.00015988896008491298 480
1757644759597 0.06307668165943364 481
1757644759704 0.3501024161016774 482
1757644759812 0.18487942755283268 483
1757644759920 0.00027769797086885095 484
1757644760027 0.10195327235112674 485
1757644760133 0.0045581307712090876 486
1757644760239 0.006384970478455302 487
1757644760346 0.025001305161291922 488
1757644760454 0.01909051303378359 489
1757644760560 0.08470902218226935 490
1757644760667 0.0016501989209938425 491
1757644760775 0.2884286910407729 492
1757644760887 0.015144961296581761 493
1757644760995 0.2678919527277912 494
1757644761103 0.0003957292065110106 495
1757644761210 0.26215834382857617 496
1757644761317 0.028110649289573197 497
1757644761423 0.000757505038895833 498
1757644761530 0.005093799153865411 499
