1757638543619 0.0700388247974142 0
1757638543710 0.1124233589071773 1
1757638543809 0.05179674330769044 2
1757638543903 0.8374665110775351 3
1757638543999 0.15438069030259138 4
1757638544098 0.14742594871874046 5
1757638544200 0.004530137782506898 6
1757638544293 0.0015794326891924737 7
1757638544386 0.0753940314506147 8
1757638544475 0.41627319997242895 9
1757638544570 0.023381072382594577 10
1757638544666 0.06094493247313982 11
1757638544763 0.03757690928772975 12
1757638544872 0.10696069510430649 13
1757638544968 0.0003333413132771979 14
1757638545107 0.03290953876454018 15
1757638545206 0.2921246362231577 16
1757638545305 0.003750441052193898 17
1757638545402 0.1693399605163222 18
1757638545496 0.003012515533437971 19
1757638545600 0.09898376428002621 20
1757638545698 0.030871367502092382 21
1757638545830 0.022625953696609264 22
1757638545935 0.054591769130544886 23
1757638546029 0.09602702906573798 24
1757638546126 0.060380374234978294 25
1757638546221 0.019419149821128554 26
1757638546318 0.41945239250713307 27
1757638546411 0.016894811801771287 28
1757638546509 0.012471002837098013 29
1757638546604 0.2170725554715204 30
1757638546700 0.009885844596654808 31
1757638546793 0.05659145359850532 32
1757638546898 0.022461176057086352 33
1757638546993 0.029432212654132244 34
1757638547086 0.1474002670963288 35
1757638547177 0.0459839414746244 36
1757638547271 0.0018469016069743848 37
1757638547369 0.052603171612931314 38
1757638547467 0.18250946416175234 39
1757638547579 0.7465541174058977 40
1757638547676 0.22605433565704688 41
1757638547770 0.1449567151897294 42
1757638547865 0.00032501620947123384 43
1757638547959 0.010207011690040825 44
1757638548053 0.02470270375057759 45
1757638548146 0.23124058598706507 46
1757638548241 0.24461416638958416 47
1757638548335 0.07193291550776267 48
1757638548428 0.0342352411155678 49
1757638548522 0.0969016218902702 50
1757638548618 0.3681708166459995 51
1757638548710 0.009337535035700475 52
1757638548802 0.03670397131273703 53
1757638548894 0.17368256268950774 54
1757638548985 0.11168418547130868 55
1757638549078 0.2247003684569119 56
1757638549169 0.08227136780777305 57
1757638549263 0.1722799454775907 58
1757638549354 0.00015202530662098416 59
1757638549446 0.32398029461675293 60
1757638549539 0.05486954288943876 61
1757638549632 0.13755428384779733 62
1757638549727 0.031203253428315467 63
1757638549822 0.06487927896887602 64
1757638549915 0.2303240154134958 65
1757638550006 0.5607925199089249 66
1757638550104 0.024662430179414038 67
1757638550200 0.006719406966042943 68
1757638550315 0.0059046867658063785 69
1757638550439 0.0038170622828800397 70
1757638550537 0.04638461933148073 71
1757638550634 0.05858599621050381 72
1757638550728 0.047391168655206484 73
1757638550825 0.09533764625111625 74
1757638550919 0.023536880285311087 75
1757638551014 0.21721022058343126 76
1757638551108 0.414178139065622 77
1757638551201 0.0696793440748039 78
1757638551292 0.4351906666377533 79
1757638551384 0.03844856406674811 80
1757638551477 0.5799517441091241 81
1757638551569 0.38990077349680824 82
1757638551666 0.02339888770887503 83
1757638551763 0.6111426674781358 84
1757638551870 0.14830925104314963 85
1757638551965 0.49959278649894723 86
1757638552061 0.039640526684096886 87
1757638552156 0.03750063161874416 88
1757638552249 0.09632254291314045 89
1757638552342 0.011608369711554904 90
1757638552433 0.022347521153499927 91
1757638552541 0.029568591718077096 92
1757638552636 0.06927479185316181 93
1757638552732 0.09763219872490299 94
1757638552828 0.07175692423697407 95
1757638552922 0.06259101731640396 96
1757638553015 0.0523600506338791 97
1757638553108 0.0624486394838853 98
1757638553198 0.005743098839499158 99
1757638553295 6.0068725626569493e-05 100
1757638553397 0.4971991015559874 101
1757638553492 0.6220962286951237 102
1757638553586 0.10193327991936574 103
1757638553684 0.024709931301553134 104
1757638553781 0.00015906750208140915 105
1757638553962 0.034889684311000195 106
1757638554065 0.08668996942685672 107
1757638554167 0.00017459788151230791 108
1757638554264 0.0022255763508999805 109
1757638554361 0.008757898592931012 110
1757638554455 0.010096366386315258 111
1757638554550 0.0009668056128114936 112
1757638554647 0.06754489597214451 113
1757638554742 0.07776418782233631 114
1757638554836 0.019872313209066423 115
1757638554929 0.006465250436914378 116
1757638555020 0.0009640208029154274 117
1757638555114 0.12979845769160048 118
1757638555209 0.0175798540444723 119
1757638555302 0.02190393003571541 120
1757638555396 0.3886828831062028 121
1757638555489 0.2948538997623327 122
1757638555583 0.019707889970046275 123
1757638555682 0.025948172610501467 124
1757638555779 0.3989449448321436 125
1757638555876 0.0042964615883354 126
1757638555969 0.23317001488706365 127
1757638556061 0.003144230994206037 128
1757638556155 0.13571845692154924 129
1757638556248 0.00022664901120998 130
1757638556343 0.07536100156734528 131
1757638556438 0.012535860567932352 132
1757638556531 0.1898739477481569 133
1757638556624 0.06788409324288097 134
1757638556716 0.0027606070002810334 135
1757638556810 0.10205000672608187 136
1757638556904 5.950577442703941e-06 137
1757638556997 0.23808020281987755 138
1757638557091 0.11025378427650816 139
1757638557183 0.044516027541791764 140
1757638557277 0.2176798821882924 141
1757638557370 0.022392025973340286 142
1757638557471 0.0734944403342222 143
1757638557582 0.005225942903778345 144
1757638557678 0.5285246941160904 145
1757638557782 0.14476904665227375 146
1757638557877 0.12097577216702407 147
1757638557974 0.18617550733353716 148
1757638558069 0.11675907035151839 149
1757638558163 0.027950556925247276 150
1757638558256 0.28430883515305294 151
1757638558350 0.325960193747138 152
1757638558444 0.08737496771636735 153
1757638558536 0.03977308905632561 154
1757638558760 0.2717189564523442 155
1757638558867 0.42102184111881436 156
1757638558970 0.09607980749094991 157
1757638559067 0.3205850469874214 158
1757638559162 0.009511586431203341 159
1757638559262 0.2564703772736128 160
1757638559359 0.018042784524083963 161
1757638559455 0.03393194066079633 162
1757638559550 0.7874353340220137 163
1757638559644 0.01902692089832314 164
1757638559742 0.04225562458127632 165
1757638559843 0.1295040756422832 166
1757638559939 0.2267143363106406 167
1757638560032 0.05608741338651415 168
1757638560126 5.698207305307914e-05 169
1757638560221 0.5598192379218964 170
1757638560315 0.01840647640468634 171
1757638560407 0.06999526761880055 172
1757638560501 0.11506188133989137 173
1757638560595 0.051189685452572777 174
1757638560690 0.34285870020674836 175
1757638560784 0.008215880092246408 176
1757638560882 9.317032079149493e-07 177
1757638560977 0.0010473202520354845 178
1757638561072 0.004639478202268011 179
1757638561486 0.000597974475775172 180
1757638561579 0.02326587265483258 181
1757638561674 0.018262313533979942 182
1757638561771 0.03089773318131835 183
1757638561891 0.08439516393869236 184
1757638561985 0.038455240153546 185
1757638562079 0.020289353084230962 186
1757638562174 0.005401696462597078 187
1757638562266 0.12469225204082982 188
1757638562362 0.16221175777317293 189
1757638562462 0.13967630463664102 190
1757638562587 0.613498708325659 191
1757638562687 0.2004681438674223 192
1757638562785 0.001401398548819335 193
1757638562884 0.15562236809320504 194
1757638562983 0.02762224941839061 195
1757638563083 0.688585372692202 196
1757638563181 0.13244391103197356 197
1757638563276 0.016634166517351542 198
1757638563373 0.01220123173901194 199
1757638563469 0.0226514568285651 200
1757638563567 0.007942064060543328 201
1757638563666 0.020755705858729278 202
1757638563763 0.06684966752521991 203
1757638563863 0.016435427816522973 204
1757638563961 6.23926218741503e-06 205
1757638564056 0.8434630644460476 206
1757638564153 0.23952964257740786 207
1757638564246 0.10526942124791482 208
1757638564345 0.016363898995305808 209
1757638564443 0.01568213670559558 210
1757638564539 0.009196538385179132 211
1757638564634 0.017845735870789414 212
1757638564731 0.1006559370837471 213
1757638564826 0.0024281027336412004 214
1757638564923 0.026564719457715193 215
1757638565019 0.06291502037831694 216
1757638565114 0.022440901922848283 217
1757638565209 0.08227209901263188 218
1757638565305 0.1677197588556192 219
1757638565403 0.10131665839915274 220
1757638565500 0.0248395483310085 221
1757638565595 0.12362005731039712 222
1757638565692 0.13020490897271733 223
1757638565788 0.10074149210299864 224
1757638565912 0.0008635865771771578 225
1757638566015 0.000711297534558744 226
1757638566116 0.03410524971242411 227
1757638566214 0.39912547072738264 228
1757638566313 0.0023296656292911993 229
1757638566411 0.022977431142730508 230
1757638566516 0.0923446292204955 231
1757638566612 0.02849676610639807 232
1757638566710 0.10685606195728167 233
1757638566806 0.0018731056205982613 234
1757638566902 0.2098056324559759 235
1757638566996 1.2481826772734375 236
1757638567093 0.00032540099452233904 237
1757638567189 0.0011073406574061194 238
1757638567286 0.010924625624285826 239
1757638567383 0.008765747803000087 240
1757638567485 1.3716905661877046 241
1757638567595 0.14866556583133672 242
1757638567694 0.0010654536670735744 243
1757638567794 0.14557333890729796 244
1757638567894 0.05434595260005963 245
1757638567998 0.0052876694945053065 246
1757638568097 0.08061226341229806 247
1757638568193 0.2482551171223066 248
1757638568295 0.5851589379499217 249
1757638568391 0.20346069811575435 250
1757638568488 0.0031404686299643376 251
1757638568587 0.10444661998174472 252
1757638568684 0.19712243884667552 253
1757638568780 0.0878916341490293 254
1757638568877 0.10737147292909549 255
1757638568974 0.006175816340634786 256
1757638569070 0.26509401990373777 257
1757638569167 0.0022333124225264005 258
1757638569314 0.09539593023163227 259
1757638569415 0.27111135190276553 260
1757638569516 0.07926963319183673 261
1757638569615 0.021898045203159598 262
1757638569712 0.06369315147994567 263
1757638569808 0.25572601730666744 264
1757638569905 0.06380633369066323 265
1757638570008 0.08998308956849545 266
1757638570106 0.04022223170422722 267
1757638570202 0.053613710812881146 268
1757638570299 0.10121224867498291 269
1757638570395 0.05869622555035318 270
1757638570492 0.026291736590707458 271
1757638570587 0.3859082407797957 272
1757638570685 0.20287302884403582 273
1757638570781 0.0008770619535707867 274
1757638570878 0.07667614786868164 275
1757638570975 0.05086042313121568 276
1757638571073 0.398495442147441 277
1757638571170 0.03274680030463455 278
1757638571268 0.0035223168065962912 279
1757638571370 0.09362787618556516 280
1757638571468 0.16481750371671897 281
1757638571565 0.032754452145831364 282
1757638571662 0.07461074063210722 283
1757638571763 0.00440871297167097 284
1757638571875 0.26400188633972466 285
1757638571980 0.029722269939832402 286
1757638572081 0.09923096735022503 287
1757638572180 0.31121058407281466 288
1757638572282 0.019061429493930086 289
1757638572379 0.0048005079178064505 290
1757638572482 0.030340614519673206 291
1757638572593 2.0606588557282682e-05 292
1757638572692 0.0008066352089443887 293
1757638572791 0.10505266073349714 294
1757638572892 0.05178543119005028 295
1757638572993 0.1651635118405388 296
1757638573090 0.016814316842214336 297
1757638573188 0.002250236403114217 298
1757638573286 0.0027510215841504296 299
1757638573384 0.5443380731744777 300
1757638573481 0.4685103708007018 301
1757638573578 0.18868918261175907 302
1757638573677 0.047399593199535225 303
1757638573775 0.08786049560175495 304
1757638573874 0.045621684581790785 305
1757638573972 0.1437845441097321 306
1757638574074 0.48404188029019557 307
1757638574175 0.2614658909228007 308
1757638574272 0.24527391252036337 309
1757638574373 0.18220051862280923 310
1757638574472 0.09937757308634282 311
1757638574569 0.08059100866194537 312
1757638574666 0.2680615025129815 313
1757638574764 0.13201033078019864 314
1757638574863 0.04037912983077872 315
1757638574961 0.016742433199812588 316
1757638575058 0.018160276107479046 317
1757638575157 0.048205211522247736 318
1757638575255 0.0980854539401108 319
1757638575353 0.00040592542647816687 320
1757638575452 0.004883876320639444 321
1757638575550 0.8502682827675379 322
1757638575648 0.05709523487041991 323
1757638575747 0.004610640989720207 324
1757638575844 0.06691819704034999 325
1757638575944 0.22290322512235436 326
1757638576045 0.3206354741513173 327
1757638576145 0.0045301637798343735 328
1757638576244 0.13645533231819568 329
1757638576341 0.026905298874420457 330
1757638576438 0.0009153019048266157 331
1757638576539 0.3843978756012248 332
1757638576636 0.10531701972016226 333
1757638576735 0.02766198953153464 334
1757638576832 0.002068652547065611 335
1757638576931 0.040651816634128715 336
1757638577028 0.030209675968710135 337
1757638577128 0.02465519225720958 338
1757638577227 0.004585369183176564 339
1757638577326 0.11878400994922539 340
1757638577424 0.08629843198015859 341
1757638577532 0.050394829819362684 342
1757638577633 0.04442688383966412 343
1757638577734 0.020772584188914287 344
1757638577835 0.026290125728041486 345
1757638577935 0.3077962583825415 346
1757638578034 0.003629188270523498 347
1757638578139 0.00939749412747826 348
1757638578238 0.01635849902423256 349
1757638578337 0.21295552408090054 350
1757638578437 0.0024076505017090804 351
1757638578537 0.025388326509288812 352
1757638578636 0.13169073250966093 353
1757638578832 0.024580311269429497 354
1757638578934 0.06196535241743658 355
1757638579032 0.004610379212122945 356
1757638579129 0.012707219118094292 357
1757638579227 0.06406859352467147 358
1757638579326 0.013824521167367466 359
1757638579426 0.4367973697111433 360
1757638579527 0.061635663803215945 361
1757638579630 0.3500139568348672 362
1757638579739 0.40640227672094326 363
1757638579842 0.153600181398655 364
1757638579944 0.0673867970700062 365
1757638580044 0.010869742983045987 366
1757638580150 0.0034033313438882897 367
1757638580253 0.004881361298852243 368
1757638580355 0.0020563169577342026 369
1757638580457 0.21287244093599586 370
1757638580556 0.0005227774222662705 371
1757638580655 0.2125905276224734 372
1757638580754 0.17314044935371584 373
1757638580854 0.047624099198544656 374
1757638580954 0.00233679611456157 375
1757638581053 0.014005335593035613 376
1757638581152 0.03656430043615024 377
1757638581252 0.0018193337548560132 378
1757638581351 0.0012868720658181796 379
1757638581450 0.14980590082447068 380
1757638581550 0.09096282751207938 381
1757638581649 0.08529055881516023 382
1757638581749 0.03540462482000663 383
1757638581863 0.0001635261570117057 384
1757638581964 0.00265189371546475 385
1757638582069 0.504930191307487 386
1757638582226 0.08490971401517913 387
1757638582336 0.3737142854051713 388
1757638582438 0.012615708704940649 389
1757638582560 0.24696107898069625 390
1757638582664 0.008053230283438951 391
1757638582767 0.07060356981744298 392
1757638582871 0.09636268049263455 393
1757638582974 0.09161516572910683 394
1757638583075 0.24236026619015583 395
1757638583177 0.0029091080428305374 396
1757638583279 0.12483530755464184 397
1757638583380 0.7023373735779881 398
1757638583482 0.7321539735839852 399
1757638583583 0.02154201545742321 400
1757638583685 0.004070540311831077 401
1757638583784 0.0609380767128694 402
1757638583886 0.0328287395676168 403
1757638583986 0.19552856620313752 404
1757638584086 0.019397735787514025 405
1757638584187 0.02826711096145649 406
1757638584293 0.06683081159673804 407
1757638584401 0.04873758909201368 408
1757638584504 0.459935683815026 409
1757638584603 9.687137170953634e-06 410
1757638584772 0.07071875863860538 411
1757638584879 0.21883359106882255 412
1757638584984 0.00579446175359454 413
1757638585086 0.01708470338645303 414
1757638585190 0.10988972062601586 415
1757638585292 0.0726817905101274 416
1757638585394 0.42795237839522476 417
1757638585496 0.0019297888732878023 418
1757638585598 0.5736645107231704 419
1757638585700 0.005245823374186615 420
1757638585800 0.07428976667479212 421
1757638585902 0.0416908773989936 422
1757638586003 0.019300165816386806 423
1757638586103 0.2676302581713243 424
1757638586203 0.30488087127965735 425
1757638586311 0.10176551498419473 426
1757638586413 0.046998025773912266 427
1757638586514 0.4794089283581841 428
1757638586613 0.014605886469587293 429
1757638586713 0.08165973695949484 430
1757638586814 0.012232793125401879 431
1757638586915 0.29521583861004985 432
1757638587015 0.09878949183176101 433
1757638587116 0.003978544796761631 434
1757638587217 0.08593450401142358 435
1757638587317 0.05868878382737836 436
1757638587418 0.2065151178421673 437
1757638587529 0.06709824722285877 438
1757638587632 0.030669191875562336 439
1757638587734 0.25842177082904677 440
1757638587837 0.08814321856988692 441
1757638587939 0.16047832814343346 442
1757638588042 0.0007524417116129243 443
1757638588144 0.04875601586453416 444
1757638588247 0.00022354429291683247 445
1757638588353 0.045761313388618836 446
1757638588455 0.22577465030391655 447
1757638588557 0.061130380439754155 448
1757638588659 0.0011442941610094787 449
1757638588759 0.06792742630714298 450
1757638588861 0.007928922684617487 451
1757638588962 0.04133591496437862 452
1757638589064 0.08495496220259643 453
1757638589164 0.16940574530230526 454
1757638589265 0.030025634205834886 455
1757638589366 0.09209789208443261 456
1757638589469 0.11797332571525845 457
1757638589574 0.03869555377831474 458
1757638589675 0.00044670090672978784 459
1757638589776 0.11058037476454803 460
1757638589877 0.2864082536331803 461
1757638589980 0.07074945792049916 462
1757638590080 0.00525347485501204 463
1757638590181 0.0032749440243925094 464
1757638590283 0.05817413392361096 465
1757638590388 0.0378857576456405 466
1757638590491 0.0004332480556515692 467
1757638590593 0.1325174664883705 468
1757638590694 0.3164057900182067 469
1757638590794 0.004405382194359869 470
1757638590895 0.011415711898280606 471
1757638590997 0.5556153836751172 472
1757638591098 0.007534492695650732 473
1757638591199 0.0004044371615928885 474
1757638591300 0.009963563870921151 475
1757638591401 0.015353763894312538 476
1757638591502 0.03369356668603183 477
1757638591605 0.005659992910664406 478
1757638591707 0.08711195437804094 479
1757638591816 0.004495353282862914 480
1757638591920 1.9387925741101157 481
1757638592023 0.005880944351249853 482
1757638592126 0.15339271306824948 483
1757638592229 0.15062453364339792 484
1757638592333 0.011111560066544564 485
1757638592438 0.0020147945386877835 486
1757638592554 0.6362354381930965 487
1757638592658 0.22916037800472458 488
1757638592761 0.9415564151095206 489
1757638592870 2.183052852306882e-05 490
1757638592975 0.23092319243473308 491
1757638593080 0.04840879212194635 492
1757638593184 0.25106278531438225 493
1757638593284 0.000984013007198759 494
1757638593387 0.05496101720760096 495
1757638593490 0.286505607227224 496
1757638593594 0.11059617394268922 497
1757638593695 0.009553077710605254 498
1757638593796 0.020819109733310363 499
