1757624515076 168.94526642700015 0
1757624515119 165.57195504278016 1
1757624515160 159.2897280972825 2
1757624515202 150.61614357728976 3
1757624515243 140.08901745562665 4
1757624515285 128.23929900423187 5
1757624515327 115.56963592376786 6
1757624515369 102.53834180631242 7
1757624515410 89.54832878079439 8
1757624515449 76.94046335114501 9
1757624515491 64.99073900753618 10
1757624515532 53.91063002994357 11
1757624515573 43.84999147918403 12
1757624515615 34.90189504928086 13
1757624515657 27.108833736464486 14
1757624515702 20.46978498577978 15
1757624515743 14.947687388699205 16
1757624515785 10.476955963414603 17
1757624515828 6.970732005065658 18
1757624515873 4.3276325314582476 19
1757624515913 2.4378291830244447 20
1757624515956 1.1883453727226176 21
1757624515996 0.46751238013424645 22
1757624516038 0.16856929110311245 23
1757624516079 0.1924279682361012 24
1757624516122 0.4496527170436269 25
1757624516163 0.8617253849883267 26
1757624516204 1.361680904125204 27
1757624516246 1.8942065168586444 28
1757624516288 2.41530095243033 29
1757624516330 2.8915885323771806 30
1757624516372 3.2993784572623386 31
1757624516415 3.6235522092411863 32
1757624516455 3.8563528782040595 33
1757624516497 3.996139985531196 34
1757624516538 4.046162648758506 35
1757624516579 4.013393214263917 36
1757624516622 3.9074531957913456 37
1757624516662 3.7396538104486914 38
1757624516704 3.5221648270874524 39
1757624516745 3.2673179797167533 40
1757624516787 2.987044924605321 41
1757624516845 2.692444647435704 42
1757624516886 2.3934713205756335 43
1757624516928 2.0987307962413735 44
1757624516970 1.8153720970961689 45
1757624517012 1.5490593111157964 46
1757624517054 1.3040090815268255 47
1757624517101 1.0830792712242991 48
1757624517151 0.8878952428520989 49
1757624517194 0.719001406427034 50
1757624517234 0.5760271323653071 51
1757624517277 0.45785770833756234 52
1757624517317 0.36280264717522215 53
1757624517359 0.28875525859673246 54
1757624517401 0.23333892308502296 55
1757624517447 0.1940369091615807 56
1757624517490 0.16830382587633003 57
1757624517532 0.1536578824662567 58
1757624517573 0.1477540287602589 59
1757624517615 0.14843877334129074 60
1757624517658 0.15378802877867528 61
1757624517699 0.16212972662945113 62
1757624517742 0.17205319527736726 63
1757624517784 0.18240741928838763 64
1757624517827 0.1922903192685104 65
1757624517870 0.2010311258922269 66
1757624517913 0.20816778993520776 67
1757624517954 0.2134211897116785 68
1757624517998 0.21666768456539265 69
1757624518040 0.21791133233459903 70
1757624518082 0.21725685224200733 71
1757624518125 0.214884182527057 72
1757624518166 0.211025262295815 73
1757624518209 0.20594346546067377 74
1757624518252 0.1999159353823096 75
1757624518295 0.19321891437561864 76
1757624518338 0.18611603365188722 77
1757624518381 0.1788494264155445 78
1757624518424 0.1716334486453158 79
1757624518465 0.16465073677550865 80
1757624518509 0.15805029674902013 81
1757624518551 0.15194730210734536 82
1757624518594 0.14642427711703182 83
1757624518638 0.1415333515804363 84
1757624518681 0.13729929419787762 85
1757624518724 0.1337230585638905 86
1757624518767 0.13078560775039094 87
1757624518810 0.1284518178873046 88
1757624518856 0.12667429642866113 89
1757624518902 0.12539698542862182 90
1757624518945 0.12455845298915758 91
1757624518989 0.12409480620824258 92
1757624519032 0.12394218584826096 93
1757624519076 0.12403882618894738 94
1757624519120 0.12432668296265513 95
1757624519167 0.1247526478989998 96
1757624519210 0.125269380376733 97
1757624519264 0.12583579524591487 98
1757624519319 0.12641725137329768 99
1757624519362 0.12698548825909436 100
1757624519406 0.12751835858170213 101
1757624519450 0.12799940316313976 102
1757624519494 0.12841731201688325 103
1757624519538 0.1287653112238055 104
1757624519582 0.12904051073094394 105
1757624519625 0.12924324309268007 106
1757624519669 0.12937641794231527 107
1757624519717 0.12944491181691828 108
1757624519761 0.12945500803809587 109
1757624519805 0.1294138968117666 110
1757624519849 0.1293292416472054 111
1757624519894 0.12920881467005454 112
1757624519938 0.1290602004448711 113
1757624519982 0.12889056553298814 114
1757624520027 0.1287064891722578 115
1757624520079 0.12851384914110195 116
1757624520123 0.12831775601232184 117
1757624520167 0.12812252855612585 118
1757624520211 0.12793170295599868 119
1757624520255 0.1277480686929602 120
1757624520300 0.12757372437211734 121
1757624520346 0.12741014735197284 122
1757624520390 0.12725827173817778 123
1757624520435 0.12711857007156444 124
1757624520479 0.12699113483408087 125
1757624520525 0.12687575668122056 126
1757624520569 0.12677199705801212 127
1757624520615 0.1266792535465125 128
1757624520660 0.1265968169110637 129
1757624520704 0.12652391934387325 130
1757624520749 0.12645977386319177 131
1757624520793 0.12640360517903412 132
