1757634995004 170.13161383071352 0
1757634995048 166.7474337096529 1
1757634995092 160.4444758133069 2
1757634995139 151.74115360326917 3
1757634995194 141.1760423838673 4
1757634995239 129.28080787102115 5
1757634995283 116.55881900097387 6
1757634995327 103.46915474434772 7
1757634995372 90.41556587313168 8
1757634995425 77.73984846979974 9
1757634995472 65.71902216615797 10
1757634995517 54.56567757660794 11
1757634995565 44.43085863073316 12
1757634995610 35.408870857042025 13
1757634995658 27.54345057620844 14
1757634995713 20.834787191821196 15
1757634995757 15.246956546401268 16
1757634995802 10.715393436417058 17
1757634995847 7.154102280446482 18
1757634995895 4.4623736946112045 19
1757634995940 2.5308390835126415 20
1757634995986 1.2467536537823298 21
1757634996034 0.4984494147660848 22
1757634996078 0.17894315712904837 23
1757634996123 0.18871992779167823 24
1757634996167 0.43774032576793576 25
1757634996221 0.8467404736206947 26
1757634996276 1.3479074149047239 27
1757634996322 1.8850207211817815 28
1757634996368 2.413154108108833 29
1757634996416 2.8980297285092704 30
1757634996461 3.3151133864044433 31
1757634996517 3.648532009886008 32
1757634996580 3.8898860755349376 33
1757634996632 4.0370199541097636 34
1757634996680 4.0928029175150895 35
1757634996730 4.063963288405354 36
1757634996778 3.960008311773637 37
1757634996826 3.792253080243482 38
1757634996873 3.5729734680205967 39
1757634996918 3.314690666036858 40
1757634996964 3.0295886422745113 41
1757634997008 2.7290607017114628 42
1757634997055 2.423377269944777 43
1757634997106 2.121464017695127 44
1757634997152 1.830777397227857 45
1757634997197 1.557263474082374 46
1757634997248 1.305385493963071 47
1757634997294 1.0782058047389724 48
1757634997341 0.8775084359940983 49
1757634997388 0.703949705875389 50
1757634997439 0.5572255666686758 51
1757634997489 0.43624591600446944 52
1757634997552 0.3393077009946855 53
1757634997617 0.26426025196981745 54
1757634997664 0.20865783828569034 55
1757634997715 0.1698958917381889 56
1757634997765 0.14532865715674123 57
1757634997817 0.13236718038438214 58
1757634997873 0.12855751748449284 59
1757634997919 0.13163984137906173 60
1757634997965 0.13958973678425643 61
1757634998011 0.15064342109532222 62
1757634998055 0.16330892234493277 63
1757634998102 0.17636540335877005 64
1757634998148 0.18885286356008066 65
1757634998194 0.20005439712973994 66
1757634998246 0.20947305882576625 67
1757634998295 0.21680520614902704 68
1757634998342 0.22191196657891388 69
1757634998388 0.2247902371680087 70
1757634998434 0.22554437450170764 71
1757634998481 0.22435948715823983 72
1757634998525 0.22147700925519231 73
1757634998570 0.217173019102999 74
1757634998618 0.2117395760005854 75
1757634998676 0.20546918356366345 76
1757634998725 0.19864235085578724 77
1757634998776 0.1915181128748672 78
1757634998823 0.18432728847656887 79
1757634998868 0.1772681946542407 80
1757634998922 0.17050449876020035 81
1757634998969 0.1641648719240502 82
1757634999015 0.15834410461691237 83
1757634999062 0.1531053560271813 84
1757634999107 0.1484832297552164 85
1757634999155 0.1444873965915281 86
1757634999202 0.1411065183570552 87
1757634999248 0.13831226278832753 88
1757634999300 0.13606323639122894 89
1757634999346 0.13430869853041028 90
1757634999392 0.132991954545385 91
1757634999437 0.1320533574635124 92
1757634999484 0.13143287626198155 93
1757634999529 0.1310722132078969 94
1757634999578 0.13091647338360068 95
1757634999625 0.13091540607047533 96
1757634999677 0.13102425035395218 97
1757634999723 0.13120422637716814 98
1757634999770 0.13142271944892842 99
1757634999831 0.13165320710043762 100
1757634999880 0.131874979615616 101
1757634999927 0.13207270297498577 102
1757634999974 0.13223586999015763 103
1757635000021 0.1323581810809099 104
1757635000069 0.13243689104298612 105
1757635000215 0.13247215261412124 106
1757635000262 0.13246638196393626 107
1757635000316 0.13242366565619818 108
1757635000365 0.13234922335573923 109
1757635000412 0.13224893572487859 110
1757635000476 0.13212894267817837 111
1757635000523 0.13199531350156982 112
1757635000570 0.13185378731839834 113
1757635000617 0.13170957999679178 114
1757635000667 0.13156725181170242 115
1757635000723 0.13143062895423654 116
1757635000773 0.13130277126051879 117
1757635000828 0.13118597824417658 118
1757635000876 0.13108182558847883 119
1757635000923 0.13099122461387616 120
1757635000970 0.13091449781450196 121
1757635001018 0.13085146428843805 122
1757635001070 0.1308015297130938 123
1757635001118 0.13076377638843656 124
1757635001166 0.13073704974466965 125
1757635001214 0.13072003855313735 126
1757635001265 0.13071134686351857 127
1757635001318 0.13070955639792634 128
1757635001371 0.13071327875116917 129
1757635001421 0.13072119726980258 130
1757635001469 0.13073209890922646 131
1757635001530 0.13074489670049216 132
1757635001587 0.130758643702269 133
1757635001634 0.13077253947649098 134
1757635001682 0.1307859302179288 135
1757635001741 0.1307983036986078 136
1757635001790 0.1308092801681905 137
1757635001842 0.13081860029159764 138
1757635001891 0.13082611111519385 139
1757635001942 0.13083175094198704 140
1757635002000 0.13083553387265293 141
1757635002220 0.13083753463995693 142
1757635002307 0.1308378742352431 143
