1757624502514 166.12729636197435 0
1757624502554 162.8251500458301 1
1757624502599 156.67484217211745 2
1757624502639 148.18200115160025 3
1757624502681 137.87190060275503 4
1757624502721 126.26309162710456 5
1757624502763 113.84657053175522 6
1757624502806 101.07019682950545 7
1757624502847 88.32793288920821 8
1757624502894 75.95337639164595 9
1757624502937 64.21699550489237 10
1757624502979 53.3264494572086 11
1757624503066 43.429378599119566 12
1757624503114 34.61807264748523 13
1757624503161 26.935468257820826 14
1757624503206 20.38198235374363 15
1757624503251 14.922751182586952 16
1757624503295 10.494912839268109 17
1757624503336 7.014639584566822 18
1757624503378 4.383692881014462 19
1757624503419 2.4953364971223846 20
1757624503460 1.2394996900374653 21
1757624503502 0.5071323036666517 22
1757624503542 0.1937360223690838 23
1757624503584 0.20209081180278754 24
1757624503626 0.4442229027357111 25
1757624503668 0.8426809357312095 26
1757624503708 1.3312006830347487 27
1757624503751 1.8548468286382391 28
1757624503793 2.369723425126009 29
1757624503835 2.842343693428444 30
1757624503876 3.248745617739771 31
1757624503918 3.573433102877702 32
1757624503960 3.808214034572953 33
1757624504001 3.9509970673100088 34
1757624504043 4.004598926111643 35
1757624504084 3.9756039245073063 36
1757624504126 3.8733076570235845 37
1757624504167 3.7087677201650613 38
1757624504210 3.4939760693071937 39
1757624504260 3.2411603751834375 40
1757624504316 2.962215583208739 41
1757624504359 2.6682618271408582 42
1757624504399 2.369320885385571 43
1757624504441 2.0741004372086262 44
1757624504482 1.7898733934178148 45
1757624504525 1.5224384386237027 46
1757624504567 1.2761475148808392 47
1757624504608 1.0539861786270552 48
1757624504650 0.8576934534309291 49
1757624504692 0.6879088633967042 50
1757624504733 0.5443356571418957 51
1757624504775 0.4259107213413648 52
1757624504816 0.33097324928057237 53
1757624504858 0.25742580012891786 54
1757624504899 0.20288289863373324 55
1757624504948 0.16480373580688504 56
1757624504990 0.14060680469671946 57
1757624505032 0.12776541887556403 58
1757624505075 0.12388400253072321 59
1757624505118 0.1267558066320886 60
1757624505160 0.13440329955851774 61
1757624505201 0.14510291265647066 62
1757624505244 0.15739610572213258 63
1757624505286 0.17008887159440944 64
1757624505330 0.18224184193934043 65
1757624505372 0.19315310760135987 66
1757624505415 0.2023357460797595 67
1757624505456 0.20949187430249355 68
1757624505499 0.21448483396467896 69
1757624505541 0.21731088445045751 70
1757624505584 0.2180715378291975 71
1757624505625 0.2169474324618272 72
1757624505668 0.2141744150144724 73
1757624505718 0.21002229168420475 74
1757624505764 0.20477652277072492 75
1757624505807 0.19872297320456664 76
1757624505850 0.19213569657897642 77
1757624505892 0.18526762167438265 78
1757624505935 0.17834392743768754 79
1757624505977 0.17155783312894005 80
1757624506020 0.16506849256025347 81
1757624506062 0.15900066234859894 82
1757624506103 0.15344581101756555 83
1757624506147 0.14846434570011427 84
1757624506189 0.14408865327418935 85
1757624506233 0.14032668032939616 86
1757624506276 0.13716580897122133 87
1757624506319 0.13457682095249351 88
1757624506361 0.13251777911713067 89
1757624506405 0.1309376911006617 90
1757624506448 0.12977985441914766 91
1757624506491 0.1289848135547409 92
1757624506534 0.1284928877503639 93
1757624506577 0.12824625254482774 94
1757624506621 0.1281905784176235 95
1757624506664 0.1282762462583426 96
1757624506707 0.1284591718683345 97
1757624506751 0.12870128059851374 98
1757624506797 0.1289706788701436 99
1757624506858 0.12924157211565498 100
1757624506901 0.12949397904699306 101
1757624506949 0.12971329055260558 102
1757624506995 0.1298897183756882 103
1757624507040 0.1300176744472391 104
1757624507084 0.13009511671510027 105
1757624507128 0.1301228918594431 106
1757624507171 0.1301040997039568 107
1757624507214 0.13004349865885764 108
1757624507259 0.1299469663560667 109
1757624507302 0.1298210249005499 110
1757624507345 0.12967243596307476 111
1757624507389 0.1295078673373329 112
1757624507434 0.12933362960315511 113
1757624507479 0.12915547917337314 114
1757624507523 0.12897848222769834 115
1757624507568 0.12880693280813496 116
1757624507611 0.1286443176097739 117
1757624507655 0.12849331968332928 118
1757624507698 0.1283558533026298 119
1757624507742 0.12823312257224956 120
1757624507785 0.12812569689065 121
1757624507830 0.12803359708025738 122
1757624507875 0.12795638679145127 123
1757624507919 0.12789326463324582 124
1757624507964 0.12784315333776985 125
1757624508009 0.127804783094551 126
1757624508058 0.12777676696760892 127
1757624508104 0.1277576670141026 128
1757624508149 0.12774605034481656 129
1757624508194 0.1277405348968761 130
1757624508238 0.1277398251253664 131
1757624508284 0.12774273816461185 132
1757624508329 0.12774822126655913 133
