1757642489062 179.39646485682368 0
1757642489113 179.36055748070856 1
1757642489164 179.32465730460368 2
1757642489220 179.28876432706306 3
1757642489275 179.25287854664094 4
1757642489329 179.2169999618919 5
1757642489383 179.18112857137072 6
1757642489435 179.14526437363253 7
1757642489488 179.10940736723285 8
1757642489541 179.0735575507273 9
1757642489607 179.0377149226719 10
1757642489661 179.00187948162295 11
1757642489724 178.96605122613704 12
1757642489776 178.930230154771 13
1757642489832 178.8944162660821 14
1757642489884 178.85860955862768 15
1757642489941 178.82281003096554 16
1757642489995 178.7870176816537 17
1757642490050 178.75123250925054 18
1757642490104 178.71545451231458 19
1757642490165 178.6796836894048 20
1757642490223 178.64392003908043 21
1757642490281 178.60816355990085 22
1757642490338 178.5724142504259 23
1757642490393 178.5366721092156 24
1757642490453 178.5009371348304 25
1757642490509 178.46520932583084 26
1757642490565 178.42948868077792 27
1757642490620 178.39377519823287 28
1757642490675 178.35806887675716 29
1757642490730 178.32236971491264 30
1757642490785 178.28667771126138 31
1757642490840 178.2509928643657 32
1757642490893 178.21531517278842 33
1757642490947 178.1796446350924 34
1757642491003 178.14398124984092 35
1757642491059 178.10832501559753 36
1757642491115 178.072675930926 37
1757642491169 178.0370339943905 38
1757642491227 178.00139920455544 39
1757642491291 177.96577155998548 40
1757642491351 177.9301510592457 41
1757642491408 177.89453770090125 42
1757642491466 177.85893148351775 43
1757642491525 177.8233324056611 44
1757642491583 177.78774046589731 45
1757642491641 177.75215566279297 46
1757642491697 177.71657799491467 47
1757642491754 177.6810074608295 48
1757642491812 177.64544405910473 49
1757642491872 177.6098877883079 50
1757642491929 177.57433864700693 51
1757642491991 177.53879663376995 52
1757642492051 177.50326174716548 53
1757642492109 177.46773398576215 54
1757642492164 177.43221334812904 55
1757642492222 177.39669983283545 56
1757642492279 177.361193438451 57
1757642492338 177.32569416354553 58
1757642492396 177.29020200668927 59
1757642492454 177.2547169664527 60
1757642492518 177.2192390414065 61
1757642492577 177.18376823012176 62
1757642492636 177.1483045311698 63
1757642492691 177.11284794312218 64
1757642492748 177.0773984645509 65
1757642492808 177.04195609402802 66
1757642492866 177.00652083012616 67
1757642492923 176.97109267141803 68
1757642493008 176.9356716164766 69
1757642493067 176.90025766387532 70
1757642493125 176.8648508121878 71
1757642493213 176.82945105998783 72
1757642493281 176.7940584058498 73
1757642493340 176.75867284834803 74
1757642493399 176.72329438605743 75
1757642493457 176.68792301755295 76
1757642493513 176.65255874141 77
1757642493573 176.61720155620415 78
1757642493630 176.58185146051142 79
1757642493686 176.54650845290797 80
1757642493743 176.51117253197023 81
1757642493798 176.47584369627512 82
1757642493855 176.44052194439956 83
1757642493911 176.405207274921 84
1757642493967 176.36989968641706 85
1757642494023 176.3345991774656 86
1757642494081 176.29930574664493 87
1757642494137 176.26401939253353 88
1757642494193 176.2287401137101 89
1757642494251 176.19346790875377 90
1757642494309 176.1582027762439 91
1757642494365 176.12294471476017 92
1757642494421 176.08769372288245 93
1757642494477 176.05244979919095 94
1757642494539 176.0172129422662 95
1757642494595 175.98198315068896 96
1757642494651 175.9467604230404 97
1757642494707 175.9115447579017 98
1757642494763 175.87633615385462 99
1757642494819 175.84113460948106 100
1757642494876 175.80594012336326 101
1757642494932 175.77075269408368 102
1757642494990 175.73557232022517 103
1757642495046 175.70039900037065 104
1757642495104 175.66523273310366 105
1757642495161 175.63007351700773 106
1757642495219 175.59492135066682 107
1757642495276 175.5597762326651 108
1757642495338 175.5246381615871 109
1757642495400 175.48950713601758 110
1757642495456 175.45438315454163 111
1757642495514 175.41926621574459 112
1757642495572 175.38415631821206 113
1757642495630 175.34905346053003 114
1757642495688 175.31395764128467 115
1757642495745 175.2788688590624 116
1757642495802 175.24378711245006 117
1757642495859 175.20871240003473 118
1757642495916 175.17364472040373 119
1757642495973 175.1385840721446 120
1757642496030 175.1035304538454 121
1757642496087 175.06848386409422 122
1757642496142 175.03344430147956 123
1757642496197 174.9984117645902 124
1757642496253 174.9633862520151 125
1757642496310 174.92836776234375 126
1757642496367 174.89335629416567 127
1757642496424 174.85835184607072 128
1757642496481 174.82335441664915 129
1757642496541 174.7883640044914 130
1757642496601 174.75338060818822 131
1757642496663 174.71840422633065 132
1757642496725 174.68343485750998 133
1757642496782 174.64847250031784 134
1757642496838 174.6135171533461 135
1757642496900 174.57856881518694 136
1757642496956 174.5436274844328 137
1757642497012 174.5086931596764 138
1757642497067 174.47376583951078 139
1757642497123 174.43884552252922 140
1757642497180 174.4039322073253 141
1757642497236 174.3690258924929 142
1757642497292 174.3341265766262 143
1757642497348 174.29923425831961 144
1757642497405 174.26434893616778 145
1757642497460 174.22947060876578 146
1757642497515 174.1945992747089 147
1757642497573 174.15973493259264 148
1757642497629 174.1248775810129 149
1757642497686 174.09002721856578 150
1757642497743 174.05518384384771 151
1757642497799 174.02034745545538 152
1757642497855 173.98551805198576 153
1757642497914 173.9506956320361 154
1757642497970 173.91588019420394 155
1757642498027 173.88107173708713 156
1757642498083 173.84627025928376 157
1757642498138 173.81147575939218 158
1757642498206 173.7766882360111 159
1757642498273 173.7419076877395 160
1757642498332 173.70713411317658 161
1757642498390 173.67236751092182 162
1757642498449 173.63760787957509 163
1757642498506 173.6028552177364 164
1757642498564 173.56810952400616 165
1757642498627 173.53337079698494 166
1757642498686 173.49863903527375 167
1757642498744 173.4639142374738 168
1757642498801 173.4291964021865 169
1757642498859 173.3944855280137 170
1757642498918 173.35978161355737 171
1757642498977 173.32508465741992 172
1757642499034 173.29039465820387 173
1757642499092 173.2557116145122 174
1757642499148 173.22103552494806 175
1757642499204 173.1863663881149 176
1757642499273 173.15170420261643 177
1757642499452 173.11704896705672 178
1757642499517 173.08240068004002 179
1757642499583 173.04775934017096 180
1757642499648 173.01312494605435 181
1757642499710 172.9784974962954 182
1757642499769 172.94387698949947 183
1757642499827 172.90926342427224 184
1757642499885 172.8746567992198 185
1757642499943 172.8400571129483 186
1757642500002 172.80546436406436 187
1757642500060 172.77087855117477 188
1757642500118 172.7362996728867 189
1757642500177 172.70172772780745 190
1757642500236 172.6671627145447 191
1757642500296 172.63260463170647 192
1757642500355 172.5980534779009 193
1757642500413 172.56350925173652 194
1757642500473 172.52897195182214 195
1757642500532 172.49444157676683 196
1757642500589 172.4599181251799 197
1757642500678 172.42540159567105 198
1757642500740 172.39089198685008 199
1757642500801 172.35638929732727 200
1757642500861 172.32189352571302 201
1757642500921 172.28740467061812 202
1757642500980 172.25292273065358 203
1757642501040 172.21844770443073 204
1757642501098 172.18397959056108 205
1757642501157 172.14951838765657 206
1757642501215 172.11506409432928 207
1757642501274 172.08061670919173 208
1757642501334 172.04617623085656 209
1757642501391 172.01174265793674 210
1757642501448 171.97731598904554 211
1757642501506 171.94289622279643 212
1757642501564 171.9084833578034 213
1757642501621 171.87407739268042 214
1757642501678 171.83967832604188 215
1757642501737 171.80528615650243 216
1757642501797 171.77090088267704 217
1757642501857 171.73652250318094 218
1757642501916 171.70215101662956 219
1757642501975 171.66778642163868 220
1757642502033 171.63342871682443 221
1757642502090 171.599077900803 222
1757642502148 171.56473397219114 223
1757642502206 171.5303969296056 224
1757642502263 171.4960667716636 225
1757642502321 171.46174349698265 226
1757642502383 171.42742710418034 227
1757642502444 171.39311759187476 228
1757642502503 171.35881495868415 229
1757642502561 171.32451920322708 230
1757642502620 171.29023032412235 231
1757642502684 171.25594831998913 232
1757642502743 171.22167318944676 233
1757642502803 171.18740493111488 234
1757642502861 171.15314354361348 235
1757642502919 171.1188890255628 236
1757642503008 171.0846413755833 237
1757642503067 171.05040059229574 238
1757642503126 171.01616667432117 239
1757642503193 170.981939620281 240
1757642503264 170.94771942879674 241
1757642503324 170.91350609849036 242
1757642503383 170.87929962798395 243
1757642503444 170.84510001590002 244
1757642503505 170.81090726086123 245
1757642503565 170.77672136149062 246
1757642503625 170.74254231641143 247
1757642503685 170.70837012424724 248
1757642503745 170.6742047836218 249
1757642503804 170.64004629315932 250
1757642503864 170.6058946514841 251
1757642503924 170.57174985722085 252
1757642503984 170.5376119089945 253
1757642504044 170.50348080543017 254
1757642504103 170.4693565451535 255
1757642504161 170.43523912679012 256
1757642504220 170.4011285489661 257
1757642504281 170.36702481030784 258
1757642504341 170.33292790944182 259
1757642504399 170.29883784499503 260
1757642504457 170.26475461559448 261
1757642504516 170.23067821986768 262
1757642504574 170.19660865644232 263
1757642504632 170.16254592394637 264
1757642504694 170.12849002100808 265
1757642504757 170.09444094625593 266
1757642504818 170.06039869831883 267
1757642504877 170.02636327582576 268
1757642504936 169.99233467740612 269
1757642504995 169.95831290168954 270
1757642505055 169.92429794730592 271
1757642505114 169.89028981288538 272
1757642505173 169.85628849705847 273
1757642505232 169.8222939984559 274
1757642505290 169.78830631570867 275
1757642505348 169.75432544744808 276
1757642505408 169.72035139230567 277
1757642505466 169.68638414891325 278
1757642505528 169.652423715903 279
1757642505589 169.61847009190726 280
1757642505646 169.5845232755587 281
1757642505706 169.55058326549022 282
1757642505819 169.5166500603351 283
1757642505883 169.48272365872677 284
1757642505944 169.44880405929902 285
1757642506006 169.41489126068592 286
1757642506071 169.38098526152172 287
1757642506129 169.34708606044103 288
1757642506188 169.31319365607868 289
1757642506249 169.2793080470699 290
1757642506309 169.24542923205 291
1757642506368 169.2115572096547 292
1757642506428 169.17769197851996 293
1757642506494 169.14383353728206 294
1757642506554 169.10998188457742 295
1757642506612 169.0761370190429 296
1757642506671 169.04229893931551 297
1757642506744 169.00846764403263 298
1757642506807 168.9746431318318 299
1757642506867 168.94082540135093 300
1757642506928 168.90701445122824 301
1757642506988 168.87321028010203 302
1757642507049 168.83941288661111 303
1757642507109 168.80562226939443 304
1757642507168 168.77183842709118 305
1757642507226 168.73806135834099 306
1757642507288 168.70429106178355 307
1757642507349 168.67052753605904 308
1757642507409 168.63677077980768 309
1757642507468 168.6030207916702 310
1757642507528 168.56927757028745 311
1757642507588 168.53554111430057 312
1757642507647 168.50181142235104 313
1757642507707 168.46808849308056 314
1757642507767 168.4343723251311 315
1757642507829 168.40066291714496 316
1757642507887 168.36696026776463 317
1757642507949 168.33326437563292 318
1757642508011 168.29957523939296 319
1757642508071 168.26589285768802 320
1757642508134 168.2322172291618 321
1757642508491 168.19854835245818 322
1757642508563 168.16488622622128 323
1757642508633 168.1312308490956 324
1757642508699 168.09758221972584 325
1757642508776 168.06394033675699 326
1757642508850 168.03030519883436 327
1757642508913 167.99667680460334 328
1757642508976 167.96305515270993 329
1757642509039 167.92944024180005 330
1757642509102 167.89583207052016 331
1757642509164 167.86223063751683 332
1757642509226 167.82863594143694 333
1757642509289 167.7950479809277 334
1757642509352 167.7614667546366 335
1757642509414 167.72789226121122 336
1757642509479 167.69432449929965 337
1757642509543 167.6607634675501 338
1757642509605 167.62720916461114 339
1757642509664 167.59366158913156 340
1757642509725 167.5601207397604 341
1757642509785 167.52658661514704 342
1757642509846 167.4930592139411 343
1757642509906 167.45953853479244 344
1757642509967 167.42602457635127 345
1757642510027 167.39251733726798 346
1757642510087 167.35901681619328 347
1757642510148 167.32552301177813 348
1757642510209 167.29203592267385 349
1757642510269 167.2585555475319 350
1757642510332 167.22508188500407 351
1757642510393 167.19161493374244 352
1757642510454 167.15815469239928 353
1757642510556 167.12470115962734 354
1757642510620 167.09125433407937 355
1757642510682 167.05781421440852 356
1757642510745 167.02438079926827 357
1757642510809 166.99095408731228 358
1757642510879 166.95753407719448 359
1757642510941 166.92412076756915 360
1757642511004 166.89071415709077 361
1757642511067 166.85731424441408 362
1757642511130 166.82392102819418 363
1757642511192 166.7905345070864 364
1757642511255 166.75715467974618 365
1757642511317 166.72378154482954 366
1757642511376 166.6904151009925 367
1757642511438 166.6570553468915 368
1757642511499 166.62370228118323 369
1757642511560 166.59035590252458 370
1757642511622 166.55701620957277 371
1757642511684 166.52368320098526 372
1757642511745 166.49035687541985 373
1757642511806 166.45703723153449 374
1757642511879 166.42372426798752 375
1757642511939 166.39041798343746 376
1757642512001 166.35711837654316 377
1757642512063 166.32382544596373 378
1757642512126 166.29053919035846 379
1757642512187 166.25725960838707 380
1757642512248 166.22398669870944 381
1757642512310 166.19072045998578 382
1757642512372 166.15746089087648 383
1757642512433 166.12420799004227 384
1757642512495 166.0909617561441 385
1757642512556 166.05772218784327 386
1757642512618 166.02448928380133 387
1757642512678 165.99126304268 388
1757642512741 165.95804346314142 389
1757642512803 165.92483054384786 390
1757642512868 165.89162428346197 391
1757642512935 165.85842468064655 392
1757642513013 165.8252317340648 393
1757642513077 165.79204544238013 394
1757642513141 165.75886580425615 395
1757642513216 165.72569281835686 396
1757642513288 165.69252648334648 397
1757642513353 165.65936679788948 398
1757642513417 165.6262137606506 399
1757642513481 165.59306737029488 400
1757642513546 165.55992762548757 401
1757642513609 165.52679452489429 402
1757642513672 165.4936680671808 403
1757642513735 165.46054825101328 404
1757642513799 165.427435075058 405
1757642513863 165.39432853798164 406
1757642513923 165.36122863845114 407
1757642513987 165.3281353751336 408
1757642514050 165.29504874669644 409
1757642514111 165.26196875180744 410
1757642514173 165.22889538913455 411
1757642514235 165.1958286573459 412
1757642514299 165.1627685551102 413
1757642514373 165.1297150810961 414
1757642514439 165.09666823397265 415
1757642514503 165.0636280124092 416
1757642514566 165.0305944150753 417
1757642514633 164.99756744064084 418
1757642514698 164.96454708777586 419
1757642514762 164.93153335515078 420
1757642514824 164.8985262414363 421
1757642514889 164.86552574530327 422
1757642514958 164.83253186542288 423
1757642515022 164.79954460046667 424
1757642515085 164.76656394910628 425
1757642515147 164.7335899100137 426
1757642515209 164.70062248186122 427
1757642515271 164.66766166332133 428
1757642515335 164.6347074530668 429
1757642515398 164.60175984977073 430
1757642515463 164.56881885210643 431
1757642515528 164.53588445874752 432
1757642515593 164.5029566683678 433
1757642515655 164.47003547964144 434
1757642515717 164.4371208912428 435
1757642515780 164.40421290184662 436
1757642515842 164.37131151012767 437
1757642515904 164.3384167147613 438
1757642515969 164.30552851442283 439
1757642516031 164.27264690778807 440
1757642516093 164.239771893533 441
1757642516156 164.20690347033388 442
1757642516220 164.17404163686723 443
1757642516282 164.14118639180984 444
1757642516345 164.10833773383874 445
1757642516408 164.07549566163124 446
1757642516470 164.04266017386502 447
1757642516531 164.00983126921784 448
1757642516600 163.97700894636787 449
1757642516664 163.94419320399348 450
1757642516726 163.9113840407733 451
1757642516790 163.8785814553863 452
1757642516853 163.84578544651163 453
1757642516917 163.81299601282873 454
1757642516988 163.78021315301737 455
1757642517055 163.74743686575746 456
1757642517120 163.71466714972934 457
1757642517185 163.68190400361343 458
1757642517253 163.64914742609056 459
1757642517317 163.61639741584173 460
1757642517381 163.58365397154833 461
1757642517445 163.55091709189182 462
1757642517512 163.51818677555417 463
1757642517576 163.48546302121736 464
1757642517639 163.45274582756386 465
1757642517703 163.42003519327625 466
1757642517767 163.38733111703743 467
1757642517832 163.35463359753058 468
1757642517895 163.32194263343914 469
1757642517959 163.2892582234468 470
1757642518022 163.25658036623753 471
1757642518086 163.22390906049554 472
1757642518149 163.1912443049053 473
1757642518225 163.1585860981516 474
1757642518295 163.12593443891944 475
1757642518361 163.09328932589415 476
1757642518426 163.06065075776118 477
1757642518494 163.02801873320647 478
1757642518559 162.99539325091598 479
1757642518625 162.9627743095761 480
1757642518691 162.93016190787347 481
1757642518757 162.89755604449493 482
1757642518821 162.8649567181276 483
1757642518884 162.83236392745889 484
1757642518949 162.79977767117649 485
1757642519022 162.76719794796824 486
1757642519087 162.73462475652244 487
1757642519153 162.7020580955275 488
1757642519218 162.66949796367211 489
1757642519285 162.63694435964533 490
1757642519348 162.60439728213635 491
1757642519415 162.57185672983468 492
1757642519478 162.53932270143014 493
1757642519541 162.50679519561268 494
1757642519605 162.47427421107264 495
1757642519669 162.44175974650065 496
1757642519732 162.40925180058747 497
1757642519797 162.3767503720242 498
1757642519861 162.3442554595022 499
