1757639682938 168.41353127575073 0
1757639682990 162.80028474018636 1
1757639683038 157.2776597911803 2
1757639683091 157.25097461304588 3
1757639683143 158.1745091583067 4
1757639683196 155.80700926769143 5
1757639683249 149.68678364540767 6
1757639683298 140.65804102374443 7
1757639683348 147.98606373933399 8
1757639683397 149.21995648502372 9
1757639683445 143.81018068358557 10
1757639683494 134.8534226763602 11
1757639683542 134.7611100325057 12
1757639683590 133.74296295212167 13
1757639683640 131.12436202193084 14
1757639683693 127.16144187712725 15
1757639683744 129.9147858200318 16
1757639683796 124.47940525234516 17
1757639683844 124.6037755002259 18
1757639683894 123.29552115622147 19
1757639683942 120.09062727460166 20
1757639683990 120.09571796826232 21
1757639684037 113.84798513676799 22
1757639684084 110.14856811963631 23
1757639684133 112.07407542285891 24
1757639684193 106.27023004078708 25
1757639684243 106.19949733410662 26
1757639684291 103.82458319530075 27
1757639684398 105.07520359531384 28
1757639684451 98.33302170755304 29
1757639684504 100.9034933438443 30
1757639684558 97.1327709026236 31
1757639684608 98.56614875714538 32
1757639684658 96.4800415933884 33
1757639684708 92.57597564557483 34
1757639684761 88.39598284569827 35
1757639684813 88.9503227154637 36
1757639684863 88.64315308362926 37
1757639684915 85.52713435458723 38
1757639684968 86.70864810815935 39
1757639685019 86.1382502624024 40
1757639685070 83.91882528257767 41
1757639685126 82.54194275505999 42
1757639685177 79.29244772648794 43
1757639685227 78.99887178285586 44
1757639685277 79.37666088164475 45
1757639685326 76.71186321138595 46
1757639685374 76.44724296131244 47
1757639685423 73.66535085984982 48
1757639685473 77.03501587617735 49
1757639685523 66.38621585228671 50
1757639685570 73.15522821986724 51
1757639685619 67.73138135926783 52
1757639685667 70.679528782179 53
1757639685797 69.815061167651 54
1757639685852 65.46389241428344 55
1757639685906 63.360928885062634 56
1757639685955 65.82745413695093 57
1757639686004 59.14711238935895 58
1757639686054 60.692511857915235 59
1757639686109 61.20828270612895 60
1757639686160 61.16329391801567 61
1757639686209 60.63801635365908 62
1757639686259 58.54530867899549 63
1757639686310 55.79329865619747 64
1757639686359 53.90537807207039 65
1757639686413 51.55342992553548 66
1757639686463 54.52634389075305 67
1757639686512 52.14488107117357 68
1757639686563 52.32049988602617 69
1757639686611 51.46201782816491 70
1757639686665 50.36531833765202 71
1757639686715 48.586865407115006 72
1757639686764 51.061445106621726 73
1757639686815 48.408243856908854 74
1757639686868 47.13941111935388 75
1757639686919 43.59712332827989 76
1757639686969 42.881574539086785 77
1757639687019 46.10126920195575 78
1757639687068 44.5185068061984 79
1757639687124 40.18616890107607 80
1757639687179 43.95960919801609 81
1757639687230 39.40384192268821 82
1757639687279 40.38688968862523 83
1757639687328 43.207868725508824 84
1757639687381 38.675208496112134 85
1757639687431 39.95154882350557 86
1757639687482 39.19922116445257 87
1757639687537 36.371972192578305 88
1757639687588 36.36845896266128 89
1757639687641 33.94611501236205 90
1757639687707 34.92193129505112 91
1757639687763 34.465846782813635 92
1757639687815 33.709921072979206 93
1757639687867 33.11768381844282 94
1757639687921 33.369945228723054 95
1757639687973 33.29791828002294 96
1757639688024 32.927907554467 97
1757639688075 29.525979996898627 98
1757639688126 30.270342241062547 99
1757639688176 31.448226254970088 100
1757639688226 30.404791071531132 101
1757639688276 31.295747169842123 102
1757639688326 28.637455857386744 103
1757639688377 25.97907838770449 104
1757639688430 26.38991061626504 105
1757639688479 27.76472791122183 106
1757639688530 25.811622388606025 107
1757639688579 28.446686714333346 108
1757639688629 25.58073493271709 109
1757639688680 25.07663269856913 110
1757639688731 27.239894724188012 111
1757639688783 25.188400405779515 112
1757639688833 23.543204644932047 113
1757639688883 22.622809064800734 114
1757639688934 23.874114244567615 115
1757639688985 23.416162565090406 116
1757639689035 21.83125548003895 117
1757639689087 21.744835636278324 118
1757639689137 21.525563705191523 119
1757639689195 21.896593723245367 120
1757639689248 21.07402332190602 121
1757639689298 20.07541347456122 122
1757639689348 20.547305735411353 123
1757639689400 20.459848523125288 124
1757639689453 18.217923287485913 125
1757639689504 19.11553912961478 126
1757639689555 20.384187355874115 127
1757639689605 18.98072895573664 128
1757639689656 18.081548514578625 129
1757639689707 16.968831654188687 130
1757639689758 17.558613701071607 131
1757639689808 16.652983284244232 132
1757639689858 16.291812326809172 133
1757639689911 17.11877692279621 134
1757639689964 16.41122993398366 135
1757639690015 17.051054361247544 136
1757639690066 15.151056317259759 137
1757639690117 14.93954728723395 138
1757639690168 14.531928135111976 139
1757639690219 14.698835588416943 140
1757639690271 15.415190141755794 141
1757639690341 15.389776274430528 142
1757639690406 15.98608868986845 143
1757639690460 13.377477485019448 144
1757639690513 14.793466962730019 145
1757639690566 13.268574441498567 146
1757639690620 14.317889422067873 147
1757639690673 12.31486118397511 148
1757639690726 13.834949321871242 149
1757639690777 13.359375601066882 150
1757639690828 11.790665438099472 151
1757639690879 13.48635010153868 152
1757639690932 11.315700496302007 153
1757639690983 11.167430213063513 154
1757639691035 12.648259301424797 155
1757639691087 11.727015289056736 156
1757639691138 11.49161038970891 157
1757639691194 11.531129242393686 158
1757639691252 11.206454301078564 159
1757639691305 10.463409022895815 160
1757639691358 12.80010902139556 161
1757639691415 10.83756269217745 162
1757639691472 9.286907160101846 163
1757639691527 10.60380557650939 164
1757639691581 10.451836240703928 165
1757639691635 9.567918653668007 166
1757639691688 9.54972179787653 167
1757639691739 9.879308340712388 168
1757639691791 8.902003108024882 169
1757639691841 9.919105772378334 170
1757639691893 9.12645040041864 171
1757639691946 9.011033679664486 172
1757639691999 8.16510091174696 173
1757639692050 8.111648376734918 174
1757639692103 8.642925627585107 175
1757639692169 8.116799390086351 176
1757639692223 8.610918821985575 177
1757639692277 8.157535106905263 178
1757639692331 7.961990303856829 179
1757639692381 7.646955407869529 180
1757639692434 8.015415139848674 181
1757639692487 7.023814557361178 182
1757639692539 7.363187048473698 183
1757639692591 7.480391778922701 184
1757639692644 6.874575112769866 185
1757639692712 7.5388754911834726 186
1757639692769 7.428799158700223 187
1757639692823 5.9642435472653705 188
1757639692877 6.624837325942875 189
1757639692932 6.780198086807482 190
1757639692986 7.159875852528428 191
1757639693039 5.677323144721673 192
1757639693091 5.955409067012712 193
1757639693155 5.890353918501813 194
1757639693290 6.175474633411737 195
1757639693352 5.13393608296409 196
1757639693408 6.371104426063312 197
1757639693464 5.68548176129604 198
1757639693520 5.909112411604257 199
1757639693575 5.524726511661355 200
1757639693629 5.9930380606602816 201
1757639693684 5.345511243219426 202
1757639693739 5.1863074446274755 203
1757639693794 6.125278098935434 204
1757639693849 4.347242102887131 205
1757639693903 5.87833361837283 206
1757639693955 4.794908182808474 207
1757639694008 5.217401498309925 208
1757639694060 5.029602730549474 209
1757639694114 5.110419137497609 210
1757639694167 4.151808471136238 211
1757639694219 4.593943945744109 212
1757639694272 4.796472253392476 213
1757639694324 4.425403940099338 214
1757639694377 4.757043735676171 215
1757639694428 3.9407758612517774 216
1757639694481 4.039349001260334 217
1757639694534 4.244905767066628 218
1757639694587 4.318004450560498 219
1757639694640 3.931897664276821 220
1757639694695 4.092142137234088 221
1757639694748 4.186759383434275 222
1757639694801 4.19610125617418 223
1757639694855 4.1260797362838275 224
1757639694907 3.992379823448784 225
1757639694959 3.674910054119522 226
1757639695023 3.1619355060374077 227
1757639695078 3.968532930445409 228
1757639695131 2.941168085271742 229
1757639695184 3.7377011888467946 230
1757639695237 3.4427679022756275 231
1757639695292 2.5086057034384566 232
1757639695354 3.5233684763643742 233
1757639695410 2.931277312980318 234
1757639695463 2.7245879003752003 235
1757639695516 3.221504607096282 236
1757639695571 3.2959796677640143 237
1757639695625 3.131995844361126 238
1757639695678 3.117938146770561 239
1757639695731 3.688308409467773 240
1757639695784 2.487502909379999 241
1757639695838 2.8417582920069626 242
1757639695892 2.515063371551309 243
1757639695945 3.0091844542989987 244
1757639695997 2.484296380445759 245
1757639696050 2.6057473226275816 246
1757639696104 2.3397881567751835 247
1757639696159 2.4175047194898855 248
1757639696211 2.478770243576378 249
1757639696264 2.298447771294911 250
1757639696318 2.883538999188829 251
1757639696372 2.6707516847348867 252
1757639696426 2.5330532091546107 253
1757639696478 2.314185322942859 254
1757639696532 2.6302575539136432 255
1757639696586 2.2348242192278076 256
1757639696642 2.3213280011460826 257
1757639696697 2.1521797406519867 258
1757639696750 2.010238917533492 259
1757639696803 1.8526510168067627 260
1757639696857 1.8940456188798112 261
1757639696911 1.905829069813372 262
1757639696964 1.868879552248924 263
1757639697017 1.7587597263654056 264
1757639697071 1.8527532473788915 265
1757639697125 1.6765122090681042 266
1757639697180 1.9501240209642827 267
1757639697233 1.9099475592691708 268
1757639697287 2.017263675920952 269
1757639697342 1.9599816608860878 270
1757639697401 1.5197446117759492 271
1757639697455 1.704442876177155 272
1757639697509 1.7813817125679594 273
1757639697563 1.819158064353103 274
1757639697617 1.7842151778887243 275
1757639697679 1.4278986577986585 276
1757639697744 1.5991238843888615 277
1757639697799 1.6578836123792653 278
1757639697855 1.7063146087260455 279
1757639697912 1.3200690317531876 280
1757639697967 1.2492047457966744 281
1757639698021 1.412269585109127 282
1757639698076 1.5707813200001148 283
1757639698130 1.3751862053813944 284
1757639698186 1.5159226232421983 285
1757639698240 1.2762173099205691 286
1757639698294 1.1930184513418287 287
1757639698347 1.871527301802328 288
1757639698402 1.5390229617060265 289
1757639698455 1.202757575102408 290
1757639698510 1.3890252614861631 291
1757639698564 1.162928589204906 292
1757639698619 1.4640577512689161 293
1757639698674 1.1907781628883851 294
1757639698730 0.978724685990609 295
1757639698784 1.4257750785948573 296
1757639698838 1.1005013940505781 297
1757639698893 1.2247558342753466 298
1757639698947 0.9429857861784317 299
1757639699001 1.1880843643763157 300
1757639699057 1.2013318832217064 301
1757639699112 0.9837941804168927 302
1757639699167 1.1516802965889659 303
1757639699222 0.9018211747755084 304
1757639699277 1.0094313566321247 305
1757639699331 0.9854695391240047 306
1757639699389 1.1966991761985615 307
1757639699445 0.9443394085701808 308
1757639699500 1.1198876113803709 309
1757639699554 0.9278526785169038 310
1757639699609 1.114646885310212 311
1757639699665 1.0336879542917896 312
1757639699719 0.9135092477319922 313
1757639699774 0.8564026466745276 314
1757639699828 0.8714199143842185 315
1757639699883 1.0785833720854872 316
1757639699937 0.8186736181325256 317
1757639699991 0.8546997870984214 318
1757639700046 0.769421206324113 319
1757639700102 0.6789470471802425 320
1757639700157 0.8490282518646975 321
1757639700212 0.8657671443528485 322
1757639700268 0.7593202558241127 323
1757639700322 1.0021696159779236 324
1757639700377 1.0713219185063447 325
1757639700432 0.7777016895157184 326
1757639700487 0.699989514690409 327
1757639700541 0.8005616144988473 328
1757639700597 0.8671492731355088 329
1757639700653 0.7014365184444975 330
1757639700711 0.6720527643658408 331
1757639700766 0.6840227865989115 332
1757639700822 0.5781145243193537 333
1757639700877 0.6357417903300264 334
1757639700932 0.6168291372893195 335
1757639700987 0.5374341590179967 336
1757639701041 0.760603961887957 337
1757639701097 0.5438867379295365 338
1757639701152 0.6701895087548487 339
1757639701207 0.6299068354831089 340
1757639701263 0.5972751083130077 341
1757639701318 0.48400935994628624 342
1757639701374 0.587830416459757 343
1757639701434 0.580404247243332 344
1757639701489 0.963446497003391 345
1757639701544 0.5759465233346581 346
1757639701600 0.5520783024397486 347
1757639701656 0.4570164124963398 348
1757639701712 0.5511828867823964 349
1757639701768 0.547020154375337 350
1757639701824 0.5160284361659616 351
1757639701879 0.6909846761335524 352
1757639701934 0.5257172568270482 353
1757639701989 0.4740226968269195 354
1757639702045 0.5750156544696783 355
1757639702101 0.5160516792352753 356
1757639702166 0.4978112044773821 357
1757639702222 0.4387522416195432 358
1757639702278 0.49640591005576834 359
1757639702334 0.47271742157715724 360
1757639702389 0.43189139800623966 361
1757639702445 0.4580498228353529 362
1757639702501 0.4521435836318488 363
1757639702557 0.49608775000856814 364
1757639702613 0.41375951788390397 365
1757639702677 0.42875630883584503 366
1757639702744 0.4755549563458184 367
1757639702802 0.4211806148088964 368
1757639702860 0.4452035334074039 369
1757639702919 0.28154775294916873 370
1757639702977 0.3830206368624106 371
1757639703034 0.5498758197061152 372
1757639703089 0.35843162379709476 373
1757639703146 0.404351956098477 374
1757639703204 0.45543899342886357 375
1757639703260 0.44802225849332955 376
1757639703317 0.4201048477267644 377
1757639703373 0.5654336218184645 378
1757639703430 0.456670866156481 379
1757639703491 0.4097583587052963 380
1757639703614 0.44487811609603073 381
1757639703688 0.30389934854484557 382
1757639703750 0.32886913725697725 383
1757639703811 0.41477850054865206 384
1757639703872 0.29281898893290886 385
1757639703930 0.3374280565149743 386
1757639703988 0.36461651605788464 387
1757639704046 0.3229493002120597 388
1757639704104 0.37105604480194093 389
1757639704163 0.4558425594301447 390
1757639704222 0.3100074598293308 391
1757639704279 0.29553612544177477 392
1757639704335 0.3054922809685287 393
1757639704396 0.3916528445913703 394
1757639704454 0.33293328548047524 395
1757639704510 0.3029664045981524 396
1757639704566 0.22971623215263504 397
1757639704625 0.32415905919909727 398
1757639704683 0.172972548822286 399
1757639704740 0.3105375950144743 400
1757639704796 0.32147898668078845 401
1757639704855 0.2998672976503173 402
1757639704912 0.2618855918912701 403
1757639704968 0.29729510339455284 404
1757639705025 0.25274661871447646 405
1757639705081 0.32337764208332437 406
1757639705137 0.32154644955576167 407
1757639705194 0.348232740079182 408
1757639705252 0.2307236243665315 409
1757639705309 0.2766806763420766 410
1757639705366 0.23870829723505219 411
1757639705422 0.23135790026427633 412
1757639705482 0.3815112698718901 413
1757639705539 0.3368124846367547 414
1757639705596 0.2588254977163961 415
1757639705652 0.2402789463467865 416
1757639705709 0.357237483545439 417
1757639705766 0.1784072766110775 418
1757639705830 0.2843062121996637 419
1757639705893 0.18716931494564606 420
1757639705954 0.23984084537199415 421
1757639706015 0.3047051593181662 422
1757639706073 0.24831993798477792 423
1757639706131 0.29974276361932345 424
1757639706187 0.3772167657017603 425
1757639706244 0.38887156294479636 426
1757639706301 0.31671509803027675 427
1757639706358 0.13382762400636294 428
1757639706415 0.22804224751192 429
1757639706473 0.20216967322316612 430
1757639706530 0.23958370511477742 431
1757639706591 0.26961771958524056 432
1757639706653 0.17785711222653922 433
1757639706714 0.20869551862701885 434
1757639706916 0.19094305441766368 435
1757639707030 0.2302649848789623 436
1757639707092 0.267788152148104 437
1757639707153 0.19776542707852832 438
1757639707214 0.2366638842053198 439
1757639707273 0.23003760120606648 440
1757639707333 0.20154473121845454 441
1757639707392 0.19667409483801807 442
1757639707452 0.20897175121671877 443
1757639707515 0.21104445116455878 444
1757639707576 0.21479439210640833 445
1757639707634 0.30582803297150696 446
1757639707707 0.24362666305803796 447
1757639707769 0.2607230766989019 448
1757639707828 0.3092202114725157 449
1757639707888 0.1767076028518505 450
1757639707949 0.20285580240731146 451
1757639708009 0.22350910024734788 452
1757639708068 0.13627205309702575 453
1757639708127 0.21016585580267924 454
1757639708185 0.1472337082637677 455
1757639708241 0.14627464621954706 456
1757639708299 0.1684013517317323 457
1757639708358 0.20166052640289242 458
1757639708416 0.14390771660335236 459
1757639708474 0.155746551516076 460
1757639708532 0.18194594133838662 461
1757639708590 0.1883894585017188 462
1757639708647 0.22245290520234842 463
1757639708705 0.17603015578580367 464
1757639708764 0.1680329674890762 465
1757639708822 0.16219449655370333 466
1757639708881 0.2002027390509817 467
1757639708946 0.14965924322936616 468
1757639709019 0.14499136479439556 469
1757639709110 0.12675452572178306 470
1757639709167 0.2197977486967495 471
1757639709226 0.13503182576438114 472
1757639709283 0.21766949828333873 473
1757639709342 0.20235225268118556 474
1757639709401 0.6078061894501265 475
1757639709460 0.16395508210597748 476
1757639709518 0.2109447042723698 477
1757639709582 0.17482388744754918 478
1757639709641 0.1953623952056658 479
1757639709699 0.12483516869722602 480
1757639709757 0.16171539641386662 481
1757639709815 0.14126286085229398 482
1757639709873 0.11429719109374728 483
1757639709932 0.10651763451993258 484
1757639709991 0.2155264462594128 485
1757639710049 0.09962494459244285 486
1757639710108 0.15078735426898152 487
1757639710165 0.09377329598827944 488
1757639710223 0.18803832030071163 489
1757639710281 0.19074013152209854 490
1757639710339 0.17996563448979067 491
1757639710399 0.12559054534719188 492
1757639710458 0.25343115501453467 493
1757639710517 0.13322786113223048 494
1757639710575 0.16089884380510722 495
1757639710634 0.15587908720937108 496
1757639710692 0.18091480172995442 497
1757639710751 0.18927116688500673 498
1757639710809 0.2097525022912059 499
