1757635142145 159.35843274032354 0
1757635142208 156.17933420415264 1
1757635142277 150.25865832958414 2
1757635142329 142.08394128598138 3
1757635142375 132.1617771529947 4
1757635142421 120.99230182460504 5
1757635142466 109.04902967203626 6
1757635142509 96.76490042936939 7
1757635142562 84.51914264852724 8
1757635142611 72.63264103612484 9
1757635142658 61.36528710931035 10
1757635142718 50.91631214261833 11
1757635142763 41.42700714143696 12
1757635142807 32.985258130318165 13
1757635142851 25.631365821601396 14
1757635142896 19.3646719150435 15
1757635142943 14.15057549322069 16
1757635142997 9.927588363850582 17
1757635143045 6.614144473795373 18
1757635143089 4.114942984402013 19
1757635143133 2.3266651388570976 20
1757635143178 1.1429601059597525 21
1757635143227 0.4586434946888063 22
1757635143272 0.17309359492488127 23
1757635143324 0.1928643951570983 24
1757635143373 0.4335611645604891 25
1757635143421 0.8210442286677551 26
1757635143468 1.2920400737764175 27
1757635143517 1.794246780146841 28
1757635143563 2.2860237863998316 29
1757635143608 2.7357549434881943 30
1757635143651 3.120969541576811 31
1757635143700 3.427299270560616 32
1757635143751 3.6473406322908923 33
1757635143796 3.7794828141947465 34
1757635143840 3.826751029852203 35
1757635143885 3.795705312121302 36
1757635143930 3.695425097139933 37
1757635143974 3.536600962773449 38
1757635144018 3.330742638909903 39
1757635144062 3.089477878786697 40
1757635144107 2.824078968856016 41
1757635144151 2.5450490287876835 42
1757635144202 2.261822027720986 43
1757635144257 1.9825656615136256 44
1757635144301 1.7140744453997256 45
1757635144351 1.4617394053521169 46
1757635144398 1.229580480480928 47
1757635144445 1.0203280548970788 48
1757635144491 0.8355407989871181 49
1757635144536 0.675748101177422 50
1757635144582 0.5406067053514304 51
1757635144627 0.4290626409432444 52
1757635144671 0.33951106010890236 53
1757635144720 0.2699481106165626 54
1757635144772 0.21811041916494855 55
1757635144818 0.18159909582319925 56
1757635144862 0.15798636648438724 57
1757635144910 0.1449039779496099 58
1757635144956 0.1401133904368186 59
1757635145002 0.1415584739877695 60
1757635145046 0.1474019640800706 61
1757635145092 0.15601327391279912 62
1757635145137 0.16603466272807096 63
1757635145184 0.17636545848350013 64
1757635145229 0.18614976513477025 65
1757635145280 0.19475762638781705 66
1757635145325 0.20176159539599664 67
1757635145389 0.2069104626950381 68
1757635145435 0.21010166719707038 69
1757635145481 0.21135367226247215 70
1757635145527 0.21077934334388368 71
1757635145572 0.20856112567045593 72
1757635145619 0.20492557620403046 73
1757635145667 0.2001135550956877 74
1757635145714 0.19438317505165995 75
1757635145762 0.18799520933420547 76
1757635145826 0.181201240626869 77
1757635145876 0.17423447580253498 78
1757635145928 0.16730306812535442 79
1757635145977 0.16058572559299117 80
1757635146024 0.15422934060517415 81
1757635146070 0.14834835009752503 82
1757635146117 0.14301354653636467 83
1757635146163 0.13826857029470332 84
1757635146213 0.1341346742236058 85
1757635146259 0.1306133806298915 86
1757635146315 0.12768940601674797 87
1757635146360 0.12533369535860178 88
1757635146412 0.12350643440655824 89
1757635146460 0.12215993451507559 90
1757635146510 0.12123881599555213 91
1757635146573 0.12067844234257263 92
1757635146624 0.12041725218721071 93
1757635146672 0.12039793498304062 94
1757635146719 0.12056823197505025 95
1757635146767 0.12088141375724054 96
1757635146818 0.12129648718487498 97
1757635146865 0.12177818311509218 98
1757635146910 0.1222824857647032 99
1757635146959 0.1227777345699354 100
1757635147013 0.12324144917080426 101
1757635147061 0.12365909683597032 102
1757635147109 0.12402278223833628 103
1757635147155 0.12432993357559372 104
1757635147202 0.12458669197892086 105
1757635147253 0.12478896021716471 106
1757635147309 0.12493707068729322 107
1757635147360 0.12503469624581362 108
1757635147415 0.1250878425767002 109
1757635147465 0.12510395056339893 110
1757635147511 0.12507807143794683 111
1757635147561 0.12501453604454954 112
1757635147609 0.1249202423415853 113
1757635147656 0.12480365282450234 114
1757635147707 0.12467391351106022 115
1757635147755 0.12454288435798189 116
1757635147803 0.12441112934063624 117
1757635147855 0.12428066960013116 118
1757635147902 0.12415445563651747 119
1757635147952 0.12403589319212999 120
1757635148001 0.12392843760295093 121
1757635148049 0.12382314084695718 122
1757635148097 0.12371823446642513 123
1757635148143 0.12361435104269017 124
1757635148196 0.12351380369044362 125
1757635148244 0.12341992644277333 126
1757635148293 0.12333917991612857 127
1757635148356 0.12326789947684354 128
1757635148408 0.1232044500190982 129
