1757646512930 144.8557173051596 0
1757646512985 121.77663770684683 1
1757646513046 103.38020567961884 2
1757646513101 87.81075313508765 3
1757646513151 75.40507618887173 4
1757646513202 63.9827259084338 5
1757646513252 52.97248752823519 6
1757646513306 40.837644943409465 7
1757646513366 37.72760883854041 8
1757646513429 32.287895765431315 9
1757646513493 25.008860075887466 10
1757646513548 22.77923575381359 11
1757646513602 19.18650487508559 12
1757646513659 16.741236428648335 13
1757646513718 12.858950860149752 14
1757646513773 10.934672686999297 15
1757646513830 9.384513860491449 16
1757646513888 7.892449749961519 17
1757646513946 7.148044972011883 18
1757646514001 5.720536239788936 19
1757646514055 5.588999699633948 20
1757646514109 3.96460795025555 21
1757646514179 3.7225269031879464 22
1757646514268 3.001583067631318 23
1757646514325 2.52527740535823 24
1757646514383 2.343782614940394 25
1757646514442 2.0226582042901446 26
1757646514500 1.6859877375839598 27
1757646514558 1.1812926692474333 28
1757646514616 1.1484763825201423 29
1757646514673 0.8370742253673034 30
1757646514730 0.7611630955545863 31
1757646514787 0.8290964472124539 32
1757646514844 0.6831625800063844 33
1757646514901 0.7237313061568325 34
1757646514959 0.49341911438298813 35
1757646515016 0.406247281210632 36
1757646515080 0.34743603522968225 37
1757646515138 0.3601755797046247 38
1757646515196 0.35820542509994324 39
1757646515257 0.30188040847231484 40
1757646515317 0.2358185468277635 41
1757646515373 0.1541724578406798 42
1757646515430 0.36868873549494524 43
1757646515486 0.19680469012170185 44
1757646515544 0.24485571548044185 45
1757646515612 0.13735237916871124 46
1757646515671 0.1343086048666722 47
1757646515729 0.15857120068096325 48
1757646515789 0.2310034400968942 49
1757646515848 0.13330537975299295 50
1757646515904 0.21005034038707926 51
1757646515962 0.11672821333308149 52
1757646516018 0.13861560611369245 53
1757646516076 0.11645689146046602 54
1757646516132 0.11462596066155649 55
1757646516188 0.1541356709000646 56
1757646516248 0.16766635075578415 57
1757646516308 0.18023717750688678 58
1757646516366 0.12843824953055605 59
1757646516424 0.1717116833601813 60
1757646516480 0.1914385118539618 61
1757646516534 0.1867825991399362 62
1757646516589 0.08805517285366592 63
1757646516646 0.16614795056983925 64
1757646516700 0.07165690330590214 65
1757646516757 0.1523015635815553 66
1757646516814 0.12790102296435638 67
1757646516870 0.15103696795511215 68
1757646516926 0.12317331526406274 69
1757646516982 0.12006423849556033 70
1757646517038 0.057783739002772956 71
1757646517097 0.08133347565788303 72
1757646517155 0.10326995890575744 73
1757646517211 0.19905920457245166 74
1757646517267 0.10177196522889878 75
1757646517323 0.17521848225905817 76
1757646517379 0.06861327867781178 77
1757646517434 0.1889458823703872 78
1757646517490 0.09933199847549044 79
1757646517546 0.16986519363835734 80
1757646517602 0.17356221330137153 81
1757646517658 0.12076951610331291 82
1757646517714 0.08897350868172954 83
1757646517770 0.10887280001004625 84
1757646517826 0.10268319374594374 85
1757646517882 0.14355377452881196 86
1757646517938 0.1017707349440814 87
1757646517994 0.07110459386499023 88
1757646518049 0.1520330398602459 89
1757646518105 0.20219368048777822 90
1757646518162 0.17094729155218522 91
1757646518219 0.17057342751569562 92
1757646518276 0.15602778240868406 93
1757646518332 0.1764415325303197 94
1757646518388 0.18097527281684678 95
1757646518444 0.17460377493502213 96
1757646518500 0.05964193872035002 97
1757646518556 0.15019682164866152 98
1757646518612 0.13995581185601846 99
1757646518667 0.15816151460223654 100
1757646518730 0.12633626010194055 101
1757646518785 0.0645176704588008 102
1757646518842 0.13813780125124578 103
1757646518899 0.11760488155452078 104
1757646518959 0.14785881693601016 105
1757646519019 0.11157910308906059 106
1757646519075 0.1098955567561649 107
1757646519135 0.12081173909055838 108
1757646519208 0.10967562055240176 109
1757646519269 0.12162645180266128 110
1757646519328 0.08391821967332443 111
1757646519386 0.1873740763981488 112
1757646519443 0.08393970260293176 113
1757646519501 0.09985058495786003 114
1757646519556 0.12584305399067527 115
1757646519614 0.1427714233843366 116
1757646519670 0.15020921820930155 117
1757646519727 0.1613040614143858 118
1757646519784 0.1641300202789355 119
1757646519840 0.13720063954434836 120
1757646519896 0.1573387839636717 121
1757646519953 0.13215751065784673 122
1757646520011 0.09580596653773929 123
1757646520067 0.11132424670097193 124
1757646520123 0.08010934227591524 125
1757646520181 0.12920188154360565 126
1757646520258 0.09624101598452348 127
1757646520316 0.146973046402796 128
1757646520374 0.12943771015322006 129
1757646520430 0.10628783656253117 130
1757646520488 0.143178659451091 131
1757646520545 0.08072040854532572 132
1757646520602 0.11527806232945528 133
1757646520659 0.09160852773773077 134
1757646520715 0.12610322681926991 135
1757646520773 0.17040559901163138 136
1757646520830 0.09979631668146688 137
1757646520889 0.07166438375670238 138
1757646520947 0.07705009419229351 139
1757646521004 0.14495317017327786 140
1757646521062 0.09676559698009914 141
1757646521118 0.16822624404252115 142
1757646521180 0.11952132042685973 143
1757646521237 0.08644316686098608 144
1757646521294 0.06936933355107326 145
1757646521352 0.11673127528765258 146
1757646521408 0.15193926025798352 147
1757646521466 0.07375927698729574 148
1757646521524 0.12702340538551762 149
1757646521581 0.1492681877827776 150
1757646521638 0.07183409707424065 151
1757646521694 0.15299726372130676 152
1757646521751 0.08398876881448157 153
1757646521808 0.17225666361623287 154
1757646521867 0.12664839762346874 155
1757646521923 0.1955375139125043 156
1757646521980 0.09995295850463914 157
1757646522039 0.1432284846235643 158
1757646522099 0.12127631917966364 159
1757646522157 0.11431262813545029 160
1757646522215 0.08029491091227663 161
1757646522273 0.11698265700939364 162
1757646522331 0.08478219629044273 163
1757646522389 0.16392020214457828 164
1757646522639 0.1707919672098089 165
1757646522702 0.13233338628109712 166
1757646522763 0.15686988038724425 167
1757646522824 0.20505744081088623 168
1757646522887 0.08307754843472286 169
1757646522945 0.18329293921229825 170
1757646523003 0.23276452290026592 171
1757646523062 0.15724561881971658 172
1757646523132 0.15874269455286238 173
1757646523305 0.08778635476020918 174
1757646523397 0.12896823528599718 175
1757646523463 0.1546089597106445 176
1757646523526 0.11022317201278807 177
1757646523589 0.12248346150095525 178
1757646523650 0.155054717653699 179
1757646523712 0.07418295263248802 180
1757646523772 0.17649961862590965 181
1757646523850 0.11415029260482848 182
1757646523915 0.16663086587064435 183
1757646523974 0.07724577931257531 184
1757646524033 0.12629896262328014 185
1757646524091 0.20971077942531566 186
1757646524155 0.07291866291667588 187
1757646524247 0.12189542129015518 188
1757646524309 0.12038154516520634 189
1757646524371 0.08887470668875802 190
1757646524432 0.07868800105145843 191
1757646524493 0.15291577287863992 192
1757646524553 0.10689763719027788 193
1757646524613 0.0998688841685605 194
1757646524674 0.11623419217026709 195
1757646524733 0.08571653286441346 196
