1757648583277 169.35337134490703 0
1757648583331 169.01367422288462 1
1757648583388 168.505463622959 2
1757648583445 167.9142603630122 3
1757648583500 167.28289203959096 4
1757648583555 166.63278525751346 5
1757648583610 165.97465247940153 6
1757648583664 165.3138456814929 7
1757648583722 164.65303575273 8
1757648583779 163.99355284121214 9
1757648583839 163.33605669052926 10
1757648583899 162.68087184920265 11
1757648583956 162.02815528589954 12
1757648584014 161.3779801997098 13
1757648584075 160.73037792593942 14
1757648584134 160.0853588891328 15
1757648584192 159.44292307956346 16
1757648584250 158.80306529141683 17
1757648584307 158.16577774180558 18
1757648584366 157.53105138019606 19
1757648584428 156.89887654303888 20
1757648584504 156.26924328100122 21
1757648584569 155.64214152249926 22
1757648584631 155.01756115538143 23
1757648584691 154.39549206768706 24
1757648584753 153.7759241679428 25
1757648584823 153.15884739522866 26
1757648584891 152.544251724129 27
1757648584951 151.932127167126 28
1757648585012 151.3224637757153 29
1757648585073 150.71525164088266 30
1757648585139 150.11048089326135 31
1757648585202 149.50814170313078 32
1757648585267 148.90822428033528 33
1757648585346 148.3107188741641 34
1757648585409 147.7156157732118 35
1757648585474 147.12290530522915 36
1757648585543 146.5325778369702 37
1757648585606 145.94462377403687 38
1757648585668 145.3590335607233 39
1757648585729 144.77579767986018 40
1757648585791 144.19490665265926 41
1757648585863 143.6163510385585 42
1757648585956 143.04012143506768 43
1757648586027 142.4662084776146 44
1757648586096 141.89460283939184 45
1757648586159 141.32529523120422 46
1757648586223 140.758276401317 47
1757648586286 140.1935371353041 48
1757648586348 139.63106825589782 49
1757648586409 139.07086062283852 50
1757648586471 138.51290513272502 51
1757648586534 137.95719271886588 52
1757648586596 137.40371435113076 53
1757648586658 136.8524610358032 54
1757648586719 136.30342381543295 55
1757648586781 135.75659376868987 56
1757648586846 135.21196201021786 57
1757648586919 134.66951969048944 58
1757648586985 134.12925799566116 59
1757648587048 133.59116814742927 60
1757648587110 133.05524140288625 61
1757648587172 132.5214690543779 62
1757648587235 131.98984242936075 63
1757648587302 131.46035289026014 64
1757648587375 130.93299183432939 65
1757648587437 130.40775069350855 66
1757648587499 129.88462093428467 67
1757648587561 129.36359405755215 68
1757648587623 128.84466159847355 69
1757648587682 128.32781512634145 70
1757648587742 127.81304624444046 71
1757648587803 127.30034658990976 72
1757648587862 126.78970783360663 73
1757648587921 126.28112167997003 74
1757648587981 125.774579866885 75
1757648588040 125.27007416554758 76
1757648588099 124.76759638033032 77
1757648588158 124.26713834864813 78
1757648588218 123.76869194082495 79
1757648588278 123.27224905996064 80
1757648588338 122.77780164179877 81
1757648588397 122.28534165459477 82
1757648588457 121.79486109898447 83
1757648588516 121.30635200785335 84
1757648588576 120.81980644620639 85
1757648588637 120.33521651103825 86
1757648588696 119.85257433120405 87
1757648588756 119.37187206729074 88
1757648588817 118.8931019114889 89
1757648588877 118.4162560874651 90
1757648588937 117.9413268502348 91
1757648588996 117.4683064860357 92
1757648589055 116.99718731220172 93
1757648589114 116.52796167703721 94
1757648589174 116.06062195969214 95
1757648589233 115.59516057003734 96
1757648589293 115.13156994854047 97
1757648589352 114.6698425661425 98
1757648589421 114.20997092413457 99
1757648589500 113.75194755403544 100
1757648589565 113.29576501746945 101
1757648589629 112.84141590604492 102
1757648589692 112.38889284123303 103
1757648589754 111.93818847424728 104
1757648589816 111.48929548592335 105
1757648589876 111.04220658659942 106
1757648589935 110.59691451599714 107
1757648589995 110.1534120431029 108
1757648590054 109.71169196604964 109
1757648590114 109.27174711199923 110
1757648590175 108.83357033702514 111
1757648590236 108.39715452599577 112
1757648590296 107.96249259245815 113
1757648590357 107.52957747852211 114
1757648590416 107.09840215474497 115
1757648590475 106.6689596200167 116
1757648590538 106.24124290144543 117
1757648590598 105.81524505424356 118
1757648590657 105.39095916161429 119
1757648590717 104.96837833463857 120
1757648590778 104.54749571216254 121
1757648590839 104.12830446068541 122
1757648590899 103.71079777424785 123
1757648590958 103.29496887432069 124
1757648591018 102.88081100969434 125
1757648591078 102.46831745636823 126
1757648591138 102.05748151744118 127
1757648591198 101.64829652300185 128
1757648591260 101.24075583001986 129
1757648591324 100.83485282223717 130
1757648591391 100.43058091006003 131
1757648591460 100.02793353045132 132
1757648591523 99.62690414682336 133
1757648591587 99.227486248931 134
1757648591649 98.82967335276548 135
1757648591708 98.43345900044831 136
1757648591772 98.03883676012586 137
1757648591834 97.6458002258643 138
1757648591896 97.2543430175449 139
1757648591956 96.8644587807599 140
1757648592018 96.47614118670859 141
1757648592079 96.08938393209404 142
1757648592140 95.70418073902009 143
1757648592200 95.32052535488882 144
1757648592260 94.93841155229838 145
1757648592320 94.55783312894137 146
1757648592381 94.17878390750343 147
1757648592443 93.80125773556237 148
1757648592503 93.42524848548774 149
1757648592562 93.05075005434068 150
1757648592624 92.67775636377432 151
1757648592684 92.30626135993442 152
1757648592744 91.93625901336058 153
1757648592805 91.56774331888768 154
1757648592867 91.2007082955479 155
1757648592927 90.835147986473 156
1757648592987 90.47105645879705 157
1757648593048 90.1084278035595 158
1757648593108 89.74725613560877 159
1757648593168 89.38753559350604 160
1757648593230 89.02926033942967 161
1757648593291 88.67242455907969 162
1757648593352 88.31702246158305 163
1757648593414 87.96304827939892 164
1757648593520 87.61049626822455 165
1757648593718 87.25936070690152 166
1757648593791 86.90963589732226 167
1757648593862 86.56131616433706 168
1757648593927 86.21439585566134 169
1757648593992 85.86886934178352 170
1757648594057 85.52473101587287 171
1757648594122 85.18197529368811 172
1757648594187 84.84059661348631 173
1757648594251 84.50058943593191 174
1757648594315 84.16194824400638 175
1757648594380 83.82466754291815 176
1757648594454 83.4887418600129 177
1757648594530 83.15416574468416 178
1757648594596 82.82093376828443 179
1757648594662 82.4890405240365 180
1757648594725 82.1584806269451 181
1757648594787 81.82924871370919 182
1757648594869 81.50133944263423 183
1757648594934 81.17474749354508 184
1757648594999 80.84946756769911 185
1757648595062 80.52549438769971 186
1757648595122 80.20282269741016 187
1757648595184 79.88144726186782 188
1757648595249 79.56136286719875 189
1757648595312 79.24256432053248 190
1757648595373 78.92504644991733 191
1757648595435 78.608804104236 192
1757648595500 78.29383215312144 193
1757648595570 77.98012548687322 194
1757648595633 77.66767901637397 195
1757648595695 77.35648767300647 196
1757648595756 77.0465464085709 197
1757648595818 76.73785019520233 198
1757648595880 76.4303940252888 199
1757648595943 76.1241729113896 200
1757648596005 75.81918188615377 201
1757648596073 75.51541600223908 202
1757648596138 75.21287033223135 203
1757648596199 74.91153996856393 204
1757648596262 74.61142002343773 205
1757648596324 74.31250562874143 206
1757648596385 74.01479193597196 207
1757648596447 73.71827411615544 208
1757648596511 73.42294735976841 209
1757648596573 73.12880687665933 210
1757648596638 72.83584789597033 211
1757648596699 72.54406566605957 212
1757648596761 72.25345545442347 213
1757648596823 71.96401254761967 214
1757648596885 71.67573225119 215
1757648596947 71.38860988958402 216
1757648597009 71.10264080608255 217
1757648597071 70.81782036272187 218
1757648597135 70.53414394021799 219
1757648597197 70.25160693789124 220
1757648597260 69.97020477359122 221
1757648597322 69.68993288362213 222
1757648597386 69.41078672266823 223
1757648597449 69.1327617637197 224
1757648597511 68.85585349799882 225
1757648597582 68.58005743488638 226
1757648597644 68.30536910184844 227
1757648597706 68.03178404436336 228
1757648597770 67.75929782584919 229
1757648597833 67.48790602759114 230
1757648597896 67.21760424866977 231
1757648597958 66.94838810588885 232
1757648598022 66.68025323370422 233
1757648598084 66.4131952841523 234
1757648598146 66.14720992677933 235
1757648598208 65.8822928485707 236
1757648598271 65.61843975388054 237
1757648598333 65.35564636436173 238
1757648598396 65.09390841889608 239
1757648598459 64.83322167352485 240
1757648598522 64.57358190137951 241
1757648598585 64.31498489261284 242
1757648598647 64.05742645433023 243
1757648598709 63.80090241052121 244
1757648598772 63.545408601991625 245
1757648598834 63.29094088629549 246
1757648598896 63.037495137667584 247
1757648598959 62.785067246956174 248
1757648599023 62.53365312155598 249
1757648599086 62.28324868534134 250
1757648599150 62.03384987859997 251
1757648599214 61.78545265796651 252
1757648599277 61.538052996356704 253
1757648599339 61.29164688290177 254
1757648599402 61.046230322882934 255
1757648599478 60.80179933766625 256
1757648599550 60.55834996463785 257
1757648599624 60.315878257139225 258
1757648599691 60.074380284402906 259
1757648599757 59.83385213148839 260
1757648599821 59.59428989921829 261
1757648599884 59.355689704114724 262
1757648599946 59.118047678336055 263
1757648600009 58.8813599696138 264
1757648600072 58.645622741189804 265
1757648600134 58.41083217175376 266
1757648600197 58.176984455380776 267
1757648600261 57.944075801469474 268
1757648600325 57.71210243468006 269
1757648600389 57.48106059487288 270
1757648600452 57.250946537047064 271
1757648600515 57.02175653127944 272
1757648600579 56.79348686266385 273
1757648600641 56.56613383125041 274
1757648600704 56.339693751985386 275
1757648600768 56.11416295465096 276
1757648600832 55.889537783805515 277
1757648600895 55.665814598723955 278
1757648600968 55.442989773338454 279
1757648601032 55.221059696179275 280
1757648601096 55.00002077031592 281
1757648601159 54.779869413298535 282
1757648601223 54.56060205709945 283
1757648601287 54.34221514805507 284
1757648601350 54.124705146807955 285
1757648601413 53.9080685282491 286
1757648601477 53.6923017814605 287
1757648601542 53.47740140965792 288
1757648601607 53.263363930133906 289
1757648601676 53.05018587420102 290
1757648601740 52.83786378713532 291
1757648601810 52.62639422812002 292
1757648601874 52.41577377018946 293
1757648601938 52.205999000173236 294
1757648602002 51.99706651864054 295
1757648602072 51.788972939844825 296
1757648602136 51.58171489166857 297
1757648602200 51.37528901556836 298
1757648602265 51.16969196652017 299
1757648602329 50.96492041296481 300
1757648602394 50.76097103675363 301
1757648602457 50.55784053309452 302
1757648602522 50.35552561049801 303
1757648602585 50.154022990723625 304
1757648602649 49.95332940872644 305
1757648602714 49.75344161260399 306
1757648602778 49.55435636354319 307
1757648602844 49.35607043576754 308
1757648602908 49.15858061648464 309
1757648602974 48.96188370583381 310
1757648603038 48.76597651683394 311
1757648603101 48.5708558753316 312
1757648603393 48.376518619949245 313
1757648603470 48.18296160203382 314
1757648603541 47.99018168560538 315
1757648603617 47.79817574730601 316
1757648603705 47.606940676348984 317
1757648603775 47.41647337446802 318
1757648603843 47.22677075586683 319
1757648603911 47.037829747168885 320
1757648603980 46.8496472873673 321
1757648604047 46.66222032777496 322
1757648604112 46.475545831974934 323
1757648604177 46.289620775770906 324
1757648604243 46.104442147137966 325
1757648604308 45.92000694617355 326
1757648604372 45.73631218504857 327
1757648604443 45.5533548879587 328
1757648604526 45.371132091075964 329
1757648604595 45.189640842500445 330
1757648604663 45.00887820221213 331
1757648604734 44.82884124202315 332
1757648604799 44.64952704552995 333
1757648604885 44.47093270806591 334
1757648604954 44.29305533665393 335
1757648605019 44.11589204995937 336
1757648605083 43.93943997824311 337
1757648605148 43.7636962633148 338
1757648605214 43.58865805848631 339
1757648605278 43.41432252852538 340
1757648605343 43.24068684960946 341
1757648605411 43.06774820927966 342
1757648605476 42.89550380639496 343
1757648605543 42.723950851086684 344
1757648605609 42.553086564712935 345
1757648605673 42.38290817981346 346
1757648605743 42.213412940064444 347
1757648605809 42.04459810023379 348
1757648605876 41.87646092613627 349
1757648605942 41.70899869458909 350
1757648606008 41.54220869336751 351
1757648606074 41.37608822116067 352
1757648606140 41.210634587527636 353
1757648606206 41.04584511285356 354
1757648606271 40.88171712830602 355
1757648606336 40.71824797579167 356
1757648606401 40.555435007912834 357
1757648606466 40.39327558792448 358
1757648606620 40.231767089691246 359
1757648606686 40.07090689764471 360
1757648606750 39.91069240674077 361
1757648606814 39.75112102241728 362
1757648606881 39.59219016055176 363
1757648606946 39.43389724741931 364
1757648607010 39.27623971965078 365
1757648607075 39.11921502419098 366
1757648607140 38.962820618257105 367
1757648607205 38.8070539692974 368
1757648607270 38.65191255494983 369
1757648607336 38.49739386300114 370
1757648607404 38.343495391345876 371
1757648607469 38.19021464794563 372
1757648607535 38.03754915078855 373
1757648607600 37.88549642784888 374
1757648607665 37.734054017046724 375
1757648607730 37.583219466207986 376
1757648607800 37.43299033302448 377
1757648607867 37.28336418501407 378
1757648607933 37.1343385994812 379
1757648608000 36.98591116347735 380
1757648608066 36.83807947376183 381
1757648608132 36.69084113676267 382
1757648608204 36.544193768537575 383
1757648608270 36.398134994735244 384
1757648608337 36.25266245055657 385
1757648608403 36.10777378071632 386
1757648608468 35.96346663940468 387
1757648608535 35.819738690249096 388
1757648608600 35.67658760627631 389
1757648608665 35.534011069874396 390
1757648608729 35.39200677275513 391
1757648608795 35.25057241591632 392
1757648608861 35.10970570960449 393
1757648608926 34.96940437327759 394
1757648608993 34.82966613556782 395
1757648609057 34.69048873424472 396
1757648609124 34.551869916178376 397
1757648609190 34.413807437302694 398
1757648609255 34.27629906257893 399
1757648609320 34.13934256595929 400
1757648609385 34.0029357303507 401
1757648609461 33.86707634757875 402
1757648609537 33.73176221835178 403
1757648609603 33.59699115222502 404
1757648609670 33.462760967565025 405
1757648609738 33.32906949151414 406
1757648609836 33.19591455995513 407
1757648609904 33.06329401747599 408
1757648609972 32.93120571733488 409
1757648610038 32.79964752142517 410
1757648610110 32.66861730024066 411
1757648610177 32.538112932840946 412
1757648610243 32.4081323068169 413
1757648610309 32.27867331825628 414
1757648610376 32.14973387170956 415
1757648610446 32.02131188015575 416
1757648610515 31.893405264968536 417
1757648610582 31.7660119558824 418
1757648610650 31.63912989095893 419
1757648610717 31.512757016553323 420
1757648610783 31.386891287280953 421
1757648610850 31.261530665984075 422
1757648610917 31.13667312369873 423
1757648610985 31.012316639621698 424
1757648611052 30.888459201077616 425
1757648611120 30.765098803486282 426
1757648611188 30.64223345033002 427
1757648611255 30.519861153121195 428
1757648611323 30.397979931369868 429
1757648611396 30.2765878125516 430
1757648611468 30.155682832075357 431
1757648611537 30.035263033251542 432
1757648611606 29.915326467260172 433
1757648611673 29.79587119311918 434
1757648611742 29.67689527765284 435
1757648611810 29.55839679546035 436
1757648611887 29.440373828884475 437
1757648611963 29.32282446798038 438
1757648612034 29.205746810484552 439
1757648612101 29.0891389617839 440
1757648612169 28.972999034884864 441
1757648612240 28.857325150382792 442
1757648612307 28.742115436431362 443
1757648612377 28.627368028712095 444
1757648612446 28.5130810704041 445
1757648612514 28.39925271215383 446
1757648612581 28.28588111204503 447
1757648612648 28.172964435568748 448
1757648612716 28.060500855593546 449
1757648612783 27.948488552335764 450
1757648612856 27.83692571332992 451
1757648612924 27.72581053339924 452
1757648612992 27.615141214626316 453
1757648613060 27.504915966323864 454
1757648613128 27.395133005005587 455
1757648613198 27.28579055435718 456
1757648613265 27.176886845207484 457
1757648613332 27.068420115499656 458
1757648613400 26.96038861026256 459
1757648613469 26.852790581582212 460
1757648613536 26.74562428857337 461
1757648613602 26.638887997351222 462
1757648613671 26.53257998100319 463
1757648613737 26.42669851956087 464
1757648613803 26.321241899972023 465
1757648613871 26.216208416072774 466
1757648613946 26.111596368559866 467
1757648614015 26.00740406496297 468
1757648614084 25.90362981961724 469
1757648614152 25.800271953635885 470
1757648614223 25.697328794882864 471
1757648614292 25.594798677945708 472
1757648614360 25.492679944108428 473
1757648614432 25.39097094132458 474
1757648614514 25.289670024190386 475
1757648614582 25.188775553918 476
1757648614650 25.08828589830883 477
1757648614719 24.988199431727054 478
1757648614787 24.88851453507318 479
1757648614869 24.789229595757675 480
1757648614939 24.690343007674823 481
1757648615009 24.591853171176606 482
1757648615078 24.49375849304662 483
1757648615146 24.396057386474286 484
1757648615214 24.298748271029005 485
1757648615283 24.20182957263444 486
1757648615351 24.10529972354301 487
1757648615418 24.00915716231031 488
1757648615487 23.913400333769804 489
1757648615557 23.818027689007522 490
1757648615626 23.723037685336894 491
1757648615702 23.62842878627364 492
1757648615773 23.53419946151086 493
1757648615842 23.440348186894102 494
1757648615912 23.34687344439664 495
1757648615987 23.253773722094717 496
1757648616056 23.161047514143107 497
1757648616125 23.06869332075053 498
1757648616195 22.976709648155296 499
