1757624226113 175.1689053235922 0
1757624226152 174.65023454781266 1
1757624226192 173.6731054957979 2
1757624226231 172.2981395048826 3
1757624226271 170.58447872993722 4
1757624226312 168.58833084321395 5
1757624226350 166.36191782494996 6
1757624226391 163.95279839672233 7
1757624226428 161.4544343688408 8
1757624226470 158.89392606436397 9
1757624226510 156.29418734624937 10
1757624226553 153.67464213628438 11
1757624226593 151.0520161047273 12
1757624226634 148.44119938079857 13
1757624226679 145.8561622084559 14
1757624226729 143.31091176801743 15
1757624226771 140.82048472550989 16
1757624226811 138.40197630030303 17
1757624226851 136.07561263488012 18
1757624226894 133.86587892977153 19
1757624226934 131.844957919334 20
1757624226974 130.0419225164925 21
1757624227015 128.49447777925238 22
1757624227055 127.25044559755531 23
1757624227095 126.36944892665463 24
1757624227137 125.9248359741159 25
1757624227177 126.00588978028867 26
1757624227217 126.72037409477254 27
1757624227258 128.1974725762861 28
1757624227299 130.59118536894755 29
1757624227342 134.08425527886465 30
1757624227382 138.89270534312948 31
1757624227423 145.27108081121827 32
1757624227462 153.51850172353906 33
1757624227503 163.9856476709968 34
1757624227546 177.0828142778645 35
1757624227588 193.28920182829248 36
1757624227628 213.16362065941868 37
1757624227670 237.3568259311281 38
1757624227710 266.6257266802164 39
1757624227757 301.8497512801386 40
1757624227798 344.0496942546018 41
1757624227839 394.4094186402935 42
1757624227880 454.30084469290364 43
1757624227923 525.3127207581275 44
1757624227965 609.2837468291739 45
1757624228008 708.3407071195303 46
1757624228049 824.9423665491727 47
1757624228091 961.9299992806369 48
1757624228133 1122.5855475436506 49
1757624228174 1310.698558479581 50
1757624228216 1530.6432185255019 51
1757624228256 1787.4670022834057 52
1757624228297 2086.99267972386 53
1757624228338 2435.935686369915 54
1757624228381 2842.039160869907 55
1757624228423 3314.22929892749 56
1757624228463 3862.794068614148 57
1757624228503 4499.588787343259 58
1757624228545 5238.272584084086 59
1757624228586 6094.580371907259 60
1757624228627 7086.635647366853 61
1757624228668 8235.31022796786 62
1757624228709 9564.637952477286 63
1757624228750 11102.290418851217 64
1757624228792 12880.124041457377 65
1757624228832 14934.809096505105 66
1757624228874 17308.553019083636 67
1757624228916 20049.932047908336 68
1757624228957 23214.84742035799 69
1757624228999 26867.6247415427 70
1757624229040 31082.277933964608 71
1757624229082 35943.96237283416 72
1757624229123 41550.64548835951 73
1757624229164 48015.02734168235 74
1757624229206 55466.748537590225 75
1757624229250 64054.92841893788 76
1757624229291 73951.08290317593 77
1757624229334 85352.47869500544 78
1757624229377 98485.98908403193 79
1757624229420 113612.52627682625 80
1757624229462 131032.13640801172 81
1757624229503 151089.85624210542 82
1757624229546 174182.44536649875 83
1757624229589 200766.1246730996 84
1757624229678 231365.4714615452 85
1757624229726 266583.64394954214 86
1757624229775 307114.1337814019 87
1757624229827 353754.27478485403 88
1757624229877 407420.770314133 89
1757624229922 469167.5406954539 90
1757624229963 540206.2373193555 91
1757624230005 621929.8216765427 92
1757624230050 715939.6671137356 93
1757624230095 824076.709447509 94
1757624230138 948457.2511433088 95
1757624230180 1091514.1140678963 96
1757624230221 1256043.9396081343 97
1757624230261 1445261.5542305096 98
1757624230304 1662862.4556479815 99
1757624230348 1913094.632322926 100
1757624230390 2200841.110123583 101
1757624230432 2531714.828079155 102
1757624230473 2912167.684382806 103
1757624230516 3349615.868712306 104
1757624230563 3852583.912907631 105
1757624230622 4430870.255192599 106
1757624230669 5095737.530497603 107
1757624230714 5860131.279128599 108
1757624230757 6738931.317338379 109
1757624230800 7749240.646983411 110
1757624230844 8910717.509684121 111
1757624230888 10245957.027873527 112
1757624230932 11780929.83705345 113
1757624230974 13545486.219137773 114
1757624231018 15573935.517392406 115
1757624231061 17905712.073828243 116
1757624231105 20586140.60829222 117
1757624231148 23667315.887487873 118
1757624231191 27209113.749156326 119
1757624231234 31280353.09466389 120
1757624231279 35960131.39169585 121
1757624231322 41339359.59444991 122
1757624231365 47522526.25693918 123
1757624231409 54629725.06078408 124
1757624231451 62798985.08842657 125
1757624231495 72188949.04514575 126
1757624231540 82981951.38249615 127
1757624231584 95387556.0327389 128
1757624231639 109646622.37894736 129
1757624231690 126035978.33166564 130
1757624231735 144873791.15901536 131
1757624231778 166525740.2513969 132
1757624231827 191412111.55692875 133
1757624231871 220015951.30122307 134
1757624231915 252892437.15175626 135
1757624231960 290679648.60149807 136
1757624232006 334110945.486632 137
1757624232051 384029194.7455523 138
1757624232095 441403121.3758739 139
1757624232140 507346100.7482835 140
1757624232184 583137756.7898473 141
1757624232231 670248784.9733737 142
1757624232275 770369481.5991982 143
1757624232320 885442532.7445527 144
1757624232364 1017700698.8778679 145
1757624232409 1169710126.0934596 146
1757624232457 1344420124.0579293 147
1757624232503 1545220376.1900225 148
1757624232548 1776006691.7535415 149
1757624232593 2041256575.22427 150
1757624232640 2346116078.710313 151
1757624232686 2696499622.054172 152
1757624232730 3099204716.7690277 153
1757624232774 3562043819.03972 154
1757624232819 4093995869.2577496 155
1757624232863 4705380457.403354 156
1757624232906 5408057992.4427 157
1757624232950 6215659758.286426 158
1757624232995 7143852318.540104 159
1757624233039 8210641398.511449 160
1757624233084 9436721138.64517 161
1757624233130 10845875493.586437 162
1757624233176 12465439562.49658 163
1757624233222 14326829798.677809 164
1757624233267 16466153382.553867 165
1757624233312 18924908577.513477 166
1757624233357 21750789652.835064 167
1757624233402 24998611986.102932 168
1757624233448 28731375288.53555 169
1757624233493 33021485575.688587 170
1757624233538 37952159585.030525 171
1757624233583 43619038880.63971 172
1757624233628 50132044952.37439 173
1757624233672 57617511291.20886 174
1757624233718 66220633794.671036 175
1757624233762 76108287030.66208 176
1757624233808 87472260984.14133 177
1757624233860 100532981066.86212 178
1757624233905 115543783543.72858 179
1757624233952 132795829302.22264 180
1757624233999 152623751272.66925 181
1757624234044 175412145037.01703 182
1757624234090 201603028518.31613 183
1757624234134 231704415439.38242 184
1757624234180 266300168841.8236 185
1757624234227 306061325784.6749 186
1757624234275 351759112876.90906 187
1757624234320 404279905093.52216 188
1757624234365 464642418016.84155 189
1757624234412 534017466964.2375 190
1757624234459 613750676250.7661 191
1757624234507 705388579056.1046 192
1757624234553 810708614129.3118 193
1757624234600 931753601148.0278 194
1757624234647 1070871363416.71 195
1757624234693 1230760266426.2961 196
1757624234741 1414521555541.7273 197
1757624234787 1625719507959.6353 198
1757624234832 1868450565644.0635 199
1757624234878 2147422790143.11 200
1757624234928 2468047180392.532 201
1757624234974 2836542624706.7876 202
1757624235019 3260056522606.6177 203
1757624235066 3746803416064.3022 204
1757624235113 4306224319058.269 205
1757624235159 4949169835792.969 206
1757624235206 5688110619344.699 207
1757624235253 6537379252788.682 208
1757624235301 7513448244332.892 209
1757624235348 8635249528450.981 210
1757624235395 9924541670056.662 211
1757624235442 11406331894009.45 212
1757624235489 13109361125633.322 213
1757624235537 15066661450090.623 214
1757624235592 17316196803088.793 215
1757624235647 19901599319751.42 216
1757624235694 22873015623869.715 217
1757624235742 26288079472152.508 218
1757624235787 30213029618873.02 219
1757624235834 34723994583003.21 220
1757624235886 39908469237165.086 221
1757624235932 45867011858301.49 222
1757624235979 52715194556041.32 223
1757624236026 60585844909244.17 224
1757624236078 69631622289479.01 225
1757624236125 80027978841774.33 226
1757624236172 91976562553783.9 227
1757624236219 105709128419251.98 228
1757624236266 121492033556652.33 229
1757624236324 139631403470259.03 230
1757624236383 160479069658377.1 231
1757624236482 184439393734496.97 232
1757624236531 211977110421928.22 233
1757624236582 243626341544520.62 234
1757624236634 280000955848704.34 235
1757624236685 321806475595800.0 236
1757624236740 369853760864682.9 237
1757624236830 425074736985327.0 238
1757624236880 488540470152284.3 239
1757624236929 561481941812416.5 240
1757624236977 645313924766579.4 241
1757624237026 741662424085743.1 242
1757624237074 852396215085125.4 243
1757624237121 979663090066371.1 244
1757624237169 1125931516869007.5 245
1757624237217 1294038517239756.0 246
1757624237267 1487244693667771.5 247
1757624237314 1709297471985396.8 248
1757624237361 1964503786386873.2 249
1757624237409 2257813616662423.5 250
1757624237456 2594915997934498.0 251
1757624237503 2982349365099434.5 252
1757624237554 3427628372213453.5 253
1757624237608 3939389646609669.0 254
1757624237656 4527559304790499.0 255
1757624237703 5203545479230881.0 256
1757624237753 5980459590338892.0 257
1757624237802 6873370655360946.0 258
1757624237851 7899597566802728.0 259
1757624237909 9079045009393138.0 260
1757624237957 1.0434589531030858e+16 261
1757624238005 1.1992523255939e+16 262
1757624238053 1.3783063846280538e+16 263
1757624238103 1.5840940603441132e+16 264
1757624238153 1.8206068076989756e+16 265
1757624238201 2.0924320246624796e+16 266
1757624238249 2.404842029312519e+16 267
1757624238299 2.7638963216288496e+16 268
1757624238347 3.176559113453562e+16 269
1757624238396 3.6508344062272776e+16 270
1757624238444 4.195921236466486e+16 271
1757624238492 4.82239210012058e+16 272
1757624238541 5.5423980165242984e+16 273
1757624238590 6.3699042093624e+16 274
1757624238637 7.32096097591043e+16 275
1757624238687 8.414014998326613e+16 276
1757624238735 9.670267135183213e+16 277
1757624238784 1.1114083632955634e+17 278
1757624238832 1.2773468733320022e+17 279
1757624238880 1.468060784294226e+17 280
1757624238928 1.6872491801069894e+17 281
1757624238977 1.939163435321035e+17 282
1757624239026 2.2286896747002128e+17 283
1757624239079 2.5614435444125888e+17 284
1757624239131 2.943879133005918e+17 285
1757624239181 3.383414154796755e+17 286
1757624239230 3.888573823728046e+17 287
1757624239278 4.469156208269973e+17 288
1757624239326 5.136422274584783e+17 289
1757624239376 5.903314304029486e+17 290
1757624239425 6.784706921418397e+17 291
1757624239472 7.797695602985286e+17 292
1757624239521 8.961928259940461e+17 293
1757624239570 1.0299986329011543e+18 294
1757624239620 1.1837822761593347e+18 295
1757624239669 1.3605265406736632e+18 296
1757624239717 1.5636595551583235e+18 297
1757624239767 1.79712128406076e+18 298
1757624239815 2.065439947042657e+18 299
1757624239865 2.3738198482486267e+18 300
1757624239917 2.7282423188975606e+18 301
1757624239972 3.1355817310773396e+18 302
1757624240024 3.6037388329444024e+18 303
1757624240079 4.141793991495357e+18 304
1757624240132 4.760183315204677e+18 305
1757624240187 5.470901072600061e+18 306
1757624240243 6.287732332882533e+18 307
1757624240296 7.226520340884624e+18 308
1757624240349 8.305473812366553e+18 309
1757624240402 9.545520109944529e+18 310
1757624240455 1.0970711149845189e+19 311
1757624240510 1.2608689912446386e+19 312
1757624240567 1.4491226605034408e+19 313
1757624240639 1.665483487618104e+19 314
1757624240693 1.9141480033823474e+19 315
1757624240745 2.1999393003632386e+19 316
1757624240798 2.528400581519019e+19 317
1757624240852 2.9059026760652775e+19 318
1757624240905 3.3397676079652962e+19 319
1757624240963 3.8384106137768075e+19 320
1757624241024 4.411503364430792e+19 321
1757624241082 5.0701615567890416e+19 322
1757624241138 5.8271605135029805e+19 323
1757624241193 6.697182972944793e+19 324
1757624241246 7.697103875339934e+19 325
1757624241311 8.846317668807785e+19 326
1757624241364 1.0167114483732596e+20 327
1757624241416 1.168511247173611e+20 328
1757624241471 1.3429754694890894e+20 329
1757624241527 1.543488020282872e+20 330
1757624241589 1.773938037434538e+20 331
1757624241652 2.038795325389209e+20 332
1757624241714 2.3431970514050567e+20 333
1757624241775 2.693047385958058e+20 334
1757624241833 3.095132019927504e+20 335
1757624241885 3.557249779735569e+20 336
1757624241940 4.088363893245823e+20 337
1757624241996 4.698775840371387e+20 338
1757624242048 5.400325160396005e+20 339
1757624242132 6.206619091467292e+20 340
1757624242192 7.133296496345682e+20 341
1757624242244 8.198331193508173e+20 342
1757624242297 9.422380577011601e+20 343
1757624242348 1.082918628694008e+21 344
1757624242398 1.2446034701833436e+21 345
1757624242449 1.4304286184799666e+21 346
1757624242499 1.643998334855949e+21 347
1757624242550 1.8894550137321043e+21 348
1757624242600 2.171559528486426e+21 349
1757624242651 2.495783573269369e+21 350
1757624242701 2.86841579188617e+21 351
1757624242751 3.296683752220131e+21 352
1757624242801 3.788894132010592e+21 353
1757624242852 4.3545938350264675e+21 354
1757624242903 5.004755162641748e+21 355
1757624242953 5.751988632397581e+21 356
1757624243003 6.610787571375949e+21 357
1757624243053 7.597809228513667e+21 358
1757624243103 8.732197858306136e+21 359
1757624243154 1.0035956042426646e+22 360
1757624243205 1.153437145140866e+22 361
1757624243255 1.3256507323853176e+22 362
1757624243305 1.5235766176487066e+22 363
1757624243356 1.7510537678782653e+22 364
1757624243406 2.0124943258303114e+22 365
1757624243457 2.3129691879125744e+22 366
1757624243508 2.6583063592006106e+22 367
1757624243558 3.0552039933204574e+22 368
1757624243609 3.511360309717069e+22 369
1757624243661 4.0356229081815686e+22 370
1757624243713 4.638160376739222e+22 371
1757624243763 5.330659521401676e+22 372
1757624243814 6.1265520432482095e+22 373
1757624243865 7.041275059460647e+22 374
1757624243916 8.092570521373279e+22 375
1757624243968 9.300829337044933e+22 376
1757624244022 1.0689486872948532e+23 377
1757624244073 1.2285477505921772e+23 378
1757624244125 1.4119757041860561e+23 379
1757624244176 1.6227903133978816e+23 380
1757624244227 1.865080534633652e+23 381
1757624244278 2.143545824709593e+23 382
1757624244334 2.4635872914328674e+23 383
1757624244384 2.8314124533923925e+23 384
1757624244436 3.254155640878836e+23 385
1757624244487 3.7400163732278546e+23 386
1757624244538 4.298418396551086e+23 387
1757624244590 4.9401924665478736e+23 388
1757624244641 5.677786421649908e+23 389
1757624244692 6.525506621073721e+23 390
1757624244744 7.499795430709234e+23 391
1757624244795 8.619550138955686e+23 392
1757624244846 9.906489488190843e+23 393
1757624244898 1.1385574931111289e+24 394
1757624244949 1.3085494782624325e+24 395
1757624245000 1.5039220657892934e+24 396
1757624245052 1.728464698919616e+24 397
1757624245108 1.9865326025662655e+24 398
1757624245160 2.2831312571918983e+24 399
1757624245210 2.624013485018863e+24 400
1757624245264 3.01579103166655e+24 401
1757624245316 3.4660628074516605e+24 402
1757624245372 3.983562275717354e+24 403
1757624245427 4.5783268469326904e+24 404
1757624245481 5.261892564127303e+24 405
1757624245536 6.047517855776517e+24 406
1757624245599 6.950440696043891e+24 407
1757624245662 7.988174160256681e+24 408
1757624245716 9.18084610820293e+24 409
1757624245770 1.0551589583741413e+25 410
1757624245825 1.2126991502908228e+25 411
1757624245880 1.393760833326672e+25 412
1757624245935 1.6018558766608008e+25 413
1757624245990 1.8410204880471443e+25 414
1757624246046 2.1158935000281613e+25 415
1757624246102 2.431806344648199e+25 416
1757624246159 2.7948864618144633e+25 417
1757624246216 3.212176147012308e+25 418
1757624246276 3.6917691435430378e+25 419
1757624246336 4.2429676286248015e+25 420
1757624246395 4.876462638256231e+25 421
1757624246450 5.604541430360232e+25 422
1757624246506 6.441325808219791e+25 423
1757624246561 7.403046026722915e+25 424
1757624246620 8.508355594097335e+25 425
1757624246676 9.778693075023825e+25 426
1757624246738 1.1238697912654878e+26 427
1757624246790 1.2916688334815213e+26 428
1757624246842 1.4845210613844235e+26 429
1757624246900 1.70616703335146e+26 430
1757624246956 1.960905790706882e+26 431
1757624247013 2.253678241850868e+26 432
1757624247068 2.5901629960308527e+26 433
1757624247125 2.976886505545332e+26 434
1757624247181 3.421349652696399e+26 435
1757624247238 3.932173236769262e+26 436
1757624247294 4.519265182901627e+26 437
1757624247349 5.1940127160231776e+26 438
1757624247405 5.969503227267488e+26 439
1757624247459 6.860778116777314e+26 440
1757624247542 7.885124536433853e+26 441
1757624247599 9.0624106911467e+26 442
1757624247656 1.0415471202202375e+27 443
1757624247710 1.1970550007172038e+27 444
1757624247765 1.3757809386857173e+27 445
1757624247820 1.5811914992350746e+27 446
1757624247877 1.8172708219388301e+27 447
1757624247934 2.088597897135e+27 448
1757624247987 2.4004353799410932e+27 449
1757624248047 2.75883166461903e+27 450
1757624248104 3.170738199122512e+27 451
1757624248161 3.644144315257704e+27 452
1757624248217 4.188232189620642e+27 453
1757624248273 4.813554940930932e+27 454
1757624248328 5.532241318134451e+27 455
1757624248384 6.358230949401867e+27 456
1757624248438 7.307544714908335e+27 457
1757624248536 8.398595487540001e+27 458
1757624248594 9.652545268648521e+27 459
1757624248649 1.1093715645852333e+28 460
1757624248705 1.2750059534116882e+28 461
1757624248763 1.4653703349995358e+28 462
1757624248816 1.6841570135031932e+28 463
1757624248872 1.9356095714417847e+28 464
1757624248928 2.2246051781500935e+28 465
1757624248983 2.5567491872681048e+28 466
1757624249039 2.9384838580803633e+28 467
1757624249095 3.3772133094623003e+28 468
1757624249153 3.8814471300380583e+28 469
1757624249210 4.460965430009867e+28 470
1757624249267 5.127008536001314e+28 471
1757624249324 5.892495008232327e+28 472
1757624249378 6.7722722086830775e+28 473
1757624249433 7.783404280262485e+28 474
1757624249490 8.94550312262012e+28 475
1757624249544 1.0281108784202473e+29 476
1757624249602 1.1816126648631132e+29 477
1757624249657 1.3580329895062054e+29 478
1757624249713 1.5607936978238152e+29 479
1757624249769 1.7938275329027963e+29 480
1757624249824 2.0616544148574267e+29 481
1757624249878 2.3694691091194333e+29 482
1757624249934 2.7232419840157718e+29 483
1757624249990 3.129834811926354e+29 484
1757624250046 3.597133860098899e+29 485
1757624250107 4.1342028525479965e+29 486
1757624250165 4.751458769884649e+29 487
1757624250221 5.460873896886645e+29 488
1757624250278 6.276208036720861e+29 489
1757624250335 7.213275395840375e+29 490
1757624250392 8.290251316051161e+29 491
1757624250447 9.528024803117989e+29 492
1757624250503 1.0950603689548164e+30 493
1757624250563 1.2585580290083193e+30 494
1757624250633 1.446466658174403e+30 495
1757624250693 1.6624309288772498e+30 496
1757624250749 1.9106396802645477e+30 497
1757624250804 2.1959071648569855e+30 498
1757624250861 2.5237664257043893e+30 499
