1757647188309 29.5271587195665 0
1757647188362 5.319107780786849 1
1757647188415 1.0204436008479785 2
1757647188468 0.3668022528047486 3
1757647188521 0.1486411772343746 4
1757647188574 0.07624988607619054 5
1757647188627 0.17314343977341948 6
1757647188680 0.12655677043181673 7
1757647188733 0.11434411932878771 8
1757647188787 0.10539345658280187 9
1757647188844 0.15178390987777704 10
1757647188899 0.09637781484062374 11
1757647188954 0.18543337042335534 12
1757647189009 0.15772891750038345 13
1757647189064 0.11453026586456774 14
1757647189124 0.11748893787041607 15
1757647189181 0.122055695705789 16
1757647189250 0.12325626769080264 17
1757647189319 0.15115558809563476 18
1757647189376 0.1249016716075422 19
1757647189439 0.19785266594787437 20
1757647189513 0.19937172766445815 21
1757647189587 0.08419927492906638 22
1757647189647 0.10499704709270594 23
1757647189710 0.11496292064999668 24
1757647189770 0.14694880606675273 25
1757647189829 0.07644469369142798 26
1757647189888 0.1029753866562664 27
1757647189947 0.12437026571925221 28
1757647190006 0.20324564817387836 29
1757647190070 0.14553491595632442 30
1757647190128 0.08786871085318845 31
1757647190190 0.19586312844088083 32
1757647190249 0.16522278468893078 33
1757647190310 0.11690365990109236 34
1757647190368 0.23434143932855003 35
1757647190430 0.07890793636430377 36
1757647190489 0.08066222429804933 37
1757647190549 0.19201940397786388 38
1757647190608 0.13863881066190978 39
1757647190668 0.1366215390130525 40
1757647190728 0.1774124924039601 41
1757647190849 0.1884589949071797 42
1757647190992 0.14482571225385257 43
1757647191064 0.11736872328537894 44
1757647191128 0.15723776170169823 45
1757647191193 0.10076238429340172 46
1757647191256 0.19679681443550187 47
1757647191321 0.12460313342384872 48
1757647191386 0.09285220445858061 49
1757647191447 0.09313194961578908 50
1757647191509 0.10303660384456283 51
1757647191576 0.11051973833048247 52
1757647191639 0.12542627907130735 53
1757647191701 0.09018311757268752 54
1757647191759 0.1194898999883527 55
1757647191819 0.1376044282353161 56
1757647191879 0.17593780119488633 57
1757647191938 0.1637490695883813 58
1757647191996 0.17133809776962441 59
1757647192057 0.12041671390674773 60
1757647192116 0.15991662019938985 61
1757647192176 0.10117176317635795 62
1757647192237 0.16814764253233688 63
1757647192300 0.18369530853168037 64
1757647192360 0.14283675800447035 65
1757647192419 0.13888588106724126 66
1757647192479 0.08496637646008258 67
1757647192540 0.13067335335653257 68
1757647192608 0.16676749055512524 69
1757647192669 0.15441517099164248 70
1757647192730 0.12469821724855049 71
1757647192789 0.10254464818014335 72
1757647192850 0.14574620606240013 73
1757647192910 0.08152578415981032 74
1757647192968 0.16937134411606528 75
1757647193028 0.16971192089117285 76
1757647193087 0.19204071906398734 77
1757647193147 0.07176463456693401 78
1757647193205 0.14785332600507026 79
1757647193264 0.10780727954333631 80
1757647193323 0.18690788734942113 81
1757647193382 0.14897971942191135 82
1757647193439 0.14119469194597403 83
1757647193499 0.1307167766757055 84
1757647193556 0.12396198934607965 85
1757647193622 0.15739831752464448 86
1757647193681 0.07612861480354498 87
1757647193740 0.1540008797559884 88
1757647193800 0.13887515593090088 89
1757647193859 0.1384687646595865 90
1757647193917 0.1857482150963564 91
1757647193974 0.1522025896582414 92
1757647194032 0.12278687581212021 93
1757647194092 0.10253299678931323 94
1757647194150 0.16792319211447074 95
1757647194213 0.09461843566260088 96
1757647194287 0.09467400980617395 97
1757647194356 0.12916703375593275 98
1757647194429 0.11874858764100454 99
1757647194489 0.16758150722307338 100
1757647194549 0.1906896392867923 101
1757647194609 0.07753442403806082 102
1757647194675 0.2711578512356575 103
1757647194735 0.18947394871173948 104
1757647194795 0.16291393702428209 105
1757647194854 0.10279858356041556 106
1757647194914 0.2027272301284547 107
1757647194976 0.16422057445430938 108
1757647195038 0.1186628704398107 109
1757647195097 0.13012457778591346 110
1757647195154 0.13123253171266389 111
1757647195213 0.08122153009981978 112
1757647195270 0.08927183045419432 113
1757647195331 0.1043648676350538 114
1757647195391 0.07694769739139852 115
1757647195530 0.052310610372102016 116
1757647195622 0.1161208877677179 117
1757647195695 0.13496746473444604 118
1757647195760 0.11931406250820695 119
1757647195824 0.1457309718049299 120
1757647195885 0.14270427787969642 121
1757647195945 0.11241169593279395 122
1757647196006 0.16974278455292793 123
1757647196066 0.11087027425955595 124
1757647196130 0.1519917187437986 125
