1757631601366 31.752404478527087 0
1757631601434 6.07520251796062 1
1757631601493 0.9666542986559428 2
1757631601560 0.25010590448569575 3
1757631601616 0.07805520863493332 4
1757631601679 0.11180645458768965 5
1757631601738 0.06379927696923582 6
1757631601801 0.1947509179165759 7
1757631601864 0.089700386393128 8
1757631601938 0.12023310737376375 9
1757631601997 0.10037585788569015 10
1757631602056 0.1388857831253666 11
1757631602117 0.1330611204181512 12
1757631602178 0.11096137231757247 13
1757631602244 0.15055646249492527 14
1757631602305 0.09654139566346721 15
1757631602383 0.1212461486895941 16
1757631602445 0.10743929310675568 17
1757631602498 0.12452124409792557 18
1757631602556 0.1761453966022757 19
1757631602622 0.11281329486598791 20
1757631602685 0.10121351436252647 21
1757631602746 0.11276743557240458 22
1757631602806 0.13089955499293532 23
1757631602864 0.07962724209906462 24
1757631602922 0.09662883243154935 25
1757631602980 0.08066431190791053 26
1757631603083 0.10489112517146339 27
1757631603144 0.1479043910674292 28
1757631603200 0.10440779119713335 29
1757631603259 0.06037043133142237 30
1757631603314 0.16661593701196176 31
1757631603368 0.08024163080072613 32
1757631603427 0.15397288229047698 33
1757631603481 0.10679981944163837 34
1757631603534 0.0849549377437203 35
1757631603588 0.10128119356510089 36
1757631603643 0.10961278333087157 37
1757631603699 0.1088279955616006 38
1757631603753 0.07366743097802422 39
1757631603810 0.04841948718060016 40
1757631603864 0.10855958677066987 41
1757631603925 0.04592279706548138 42
1757631603984 0.09232969770821094 43
1757631604042 0.10373250634131817 44
1757631604096 0.081792873745944 45
1757631604149 0.11911027237175903 46
1757631604204 0.08315247194886105 47
1757631604266 0.08492027540990757 48
1757631604325 0.0868995608629443 49
1757631604376 0.04224917634257821 50
1757631604429 0.1550320467929792 51
1757631604479 0.14420411956983328 52
1757631604531 0.096950205702503 53
1757631604585 0.06385753024229365 54
1757631604644 0.09396193544319853 55
1757631604698 0.18630994398031142 56
1757631604782 0.050090334477801514 57
1757631604899 0.15085580424869197 58
1757631604951 0.10070205518439584 59
1757631605003 0.1460585375366249 60
1757631605055 0.09706595079532657 61
1757631605113 0.07866684136989534 62
1757631605170 0.09204549211914613 63
1757631605226 0.08903276773118833 64
1757631605277 0.05843620614399889 65
1757631605331 0.1319481666754406 66
1757631605383 0.07839270320437425 67
1757631605437 0.15820659599707462 68
1757631605491 0.057072072124909716 69
1757631605540 0.17751958207124063 70
1757631605594 0.07416717671700258 71
1757631605645 0.10278298445131076 72
1757631605699 0.09246425060445755 73
1757631605757 0.09508173952671178 74
1757631605826 0.1300334097137848 75
1757631605887 0.08731920163426045 76
1757631605945 0.1045772103476367 77
1757631605997 0.05913203353341013 78
1757631606051 0.09766534629422086 79
1757631606103 0.08733055471805529 80
1757631606158 0.14114735253393867 81
1757631606210 0.11202622883135648 82
1757631606261 0.09673189979171024 83
1757631606318 0.08523261764851461 84
1757631606368 0.09350795414614888 85
1757631606417 0.07332381389778941 86
1757631606471 0.13012716326435678 87
1757631606524 0.10245205714338664 88
1757631606580 0.050178872923533444 89
1757631606644 0.13743430801270456 90
1757631606700 0.0656604822085565 91
1757631606751 0.07397235753171848 92
1757631606802 0.09173906128899348 93
1757631606852 0.07198603203450146 94
1757631606902 0.122525633996005 95
1757631606951 0.08891227147542452 96
1757631607002 0.09921695624447902 97
1757631607053 0.10506382345588648 98
1757631607104 0.060646482655533046 99
1757631607156 0.10615858032764001 100
1757631607207 0.06264887381397488 101
1757631607260 0.13882715450787922 102
1757631607326 0.10370671489634593 103
1757631607408 0.10623492281490572 104
1757631607462 0.07118103683207765 105
1757631607511 0.11416944636353046 106
1757631607561 0.10246757262860204 107
1757631607615 0.16566850975642794 108
1757631607666 0.07733318054781282 109
1757631607718 0.09147503560087004 110
1757631607769 0.11955146241249645 111
1757631607820 0.12089780223668718 112
1757631607871 0.15764696245054471 113
1757631607923 0.06227211460505737 114
1757631607975 0.1441430865842289 115
1757631608028 0.07836171120922397 116
1757631608081 0.1476809611493689 117
1757631608135 0.06165225034707472 118
1757631608193 0.11100016411258609 119
1757631608250 0.07924874514922198 120
1757631608303 0.0992087356205673 121
1757631608362 0.10296125133756429 122
1757631608414 0.09458094555793244 123
1757631608467 0.14514853091558239 124
1757631608517 0.09833078578969863 125
