1757650659486 0.022055493715351218 0
1757650659604 0.005710389529131548 1
1757650659719 0.5031940210906511 2
1757650659829 0.0777891051305525 3
1757650659948 0.07300385718155046 4
1757650660067 0.007649668618939261 5
1757650660178 0.023713100546293834 6
1757650660289 0.042762406168122054 7
1757650660399 0.00020833706534772371 8
1757650660510 0.0484478887917087 9
1757650660622 0.05255004177207435 10
1757650660733 0.03723999468573696 11
1757650660846 0.0026977861358362942 12
1757650660957 0.0011350324778720887 13
1757650661070 0.021735668220569836 14
1757650661181 0.21369014726220387 15
1757650661292 0.044079205394862556 16
1757650661402 0.16899365259622584 17
1757650661513 0.06080304062329612 18
1757650661624 0.045833962569274765 19
1757650661739 0.08017971228680353 20
1757650661854 0.04660895980998361 21
1757650661968 0.01750952999859081 22
1757650662078 0.41545556091602237 23
1757650662190 0.3615759655890369 24
1757650662301 1.2067106013166513 25
1757650662474 0.0003696386917564181 26
1757650662593 0.1005574967784681 27
1757650662709 0.14017802486453476 28
1757650662820 0.011390335847223947 29
1757650662931 0.021388919526204815 30
1757650663041 0.013240849738993983 31
1757650663151 0.0016410742281952162 32
1757650663262 0.032671245847634506 33
1757650663373 0.07600593180300247 34
1757650663484 0.016609255214895414 35
1757650663595 0.14140216378955986 36
1757650663706 0.009612817314189852 37
1757650663823 0.20699038834427544 38
1757650663934 0.11339999246599339 39
1757650664044 0.05809068484351995 40
1757650664154 0.06817398793086682 41
1757650664266 0.0034856350264077275 42
1757650664377 0.21074882115338517 43
1757650664488 0.07562348449229118 44
1757650664599 0.1833521406255797 45
1757650664711 0.36165551186857475 46
1757650664822 0.004666090520098223 47
1757650664939 0.3847537710226591 48
1757650665060 0.011431641028111256 49
1757650665171 0.01417430898160246 50
1757650665282 0.000498697565271269 51
1757650665393 0.10673775614378386 52
1757650665505 0.11330785726390204 53
1757650665630 0.07824604032050658 54
1757650665743 0.021011156077211397 55
1757650665872 0.06311155040072186 56
1757650665989 0.007212266914896407 57
1757650666101 0.06209402408161331 58
1757650666213 0.003956676276453575 59
1757650666325 0.051826379448532946 60
1757650666440 1.4029586090169461 61
1757650666551 0.01084660328768456 62
1757650666667 0.006226430687083534 63
1757650666779 0.002121897499309644 64
1757650666891 0.12162606691762129 65
1757650667003 0.16512573058355137 66
1757650667115 0.1517439148920288 67
1757650667227 0.22017916063443618 68
1757650667339 0.10540963386397759 69
1757650667450 0.2412787267578137 70
1757650667562 0.054666861394171526 71
1757650667678 0.9805500427426828 72
1757650667791 0.02785796342241476 73
1757650667908 0.8795353669141724 74
1757650668021 0.708626926630255 75
1757650668134 0.031005419108154575 76
1757650668245 3.0054605977445488 77
1757650668357 0.2731590945014939 78
1757650668469 0.3669918214475736 79
1757650668581 0.06121102340454228 80
1757650668693 0.18994460150384174 81
1757650668804 0.5157280150924489 82
1757650668916 0.039124737704091875 83
1757650669028 0.06807134485257757 84
1757650669140 0.31956441275897884 85
1757650669252 0.00369293546220457 86
1757650669363 0.10612484163808145 87
1757650669474 0.0023212939569784794 88
1757650669585 0.0024733105118354194 89
1757650669724 0.07502889839923185 90
1757650669837 0.40723574396575046 91
1757650669966 0.012467303881758898 92
1757650670084 0.008371271917891535 93
1757650670202 0.2817824764045481 94
1757650670372 0.14238432959765507 95
1757650670490 0.03591521345015981 96
1757650670604 0.05447556779004156 97
1757650670717 0.005288456822273874 98
1757650670830 0.009628489391826839 99
1757650670942 0.0757828372307368 100
1757650671071 0.11854231273808345 101
1757650671194 0.02771939271424987 102
1757650671313 0.019981901656531735 103
1757650671431 0.10746932369217863 104
1757650671547 0.12992136684838163 105
1757650671666 0.07479455745411881 106
1757650671783 0.057950039024244865 107
1757650671904 0.2273982204659043 108
1757650672020 0.0029755847346145115 109
1757650672134 0.3815186628647583 110
1757650672246 0.0032121542479946327 111
1757650672362 0.09577706215696376 112
1757650672483 0.0009920937156248 113
1757650672598 0.013814403705051345 114
1757650672715 0.005808916696062607 115
1757650672833 0.019868407674370172 116
1757650672948 0.034593239411695044 117
1757650673064 0.006408463625037253 118
1757650673178 0.06717152562393772 119
1757650673290 0.017096434329427836 120
1757650673402 0.035950205574278006 121
1757650673516 0.010607711896005944 122
1757650673686 0.49707994592958143 123
1757650673828 0.00023489224606615028 124
1757650673949 0.6441883163306371 125
1757650674069 0.11949298594466988 126
1757650674187 0.7702093650546304 127
1757650674304 0.29616174119050237 128
1757650674421 0.4650453552521879 129
1757650674533 0.180254709673517 130
1757650674646 0.09644766807837951 131
1757650674759 1.0718062065319398 132
1757650674873 1.0001456590130506 133
1757650675004 0.19528072493314869 134
1757650675122 0.060825906230670704 135
1757650675236 9.790927360376492e-05 136
1757650675349 0.368837245436853 137
1757650675462 0.08323281669503658 138
1757650675579 0.5544560309667395 139
1757650675699 0.47184726287854184 140
1757650675813 0.12940840307273302 141
1757650675926 2.24203239903586 142
1757650676050 0.2396376558718919 143
1757650676164 0.005356306991242918 144
1757650676277 0.17427756136416037 145
1757650676391 0.07964397257130627 146
1757650676506 0.010577793122272515 147
1757650676622 0.06184656502151035 148
1757650676736 0.025235826762478288 149
1757650676849 0.29866575462168404 150
1757650676963 0.005343577102645419 151
1757650677075 0.22999148704223285 152
1757650677189 0.0012434007843927376 153
1757650677306 0.10563286361765642 154
1757650677420 0.5921328999488663 155
1757650677533 0.07161694178364252 156
1757650677647 0.07271555871138057 157
1757650677760 0.009652809317404837 158
1757650677874 0.19836559354245184 159
1757650677991 0.09684843644537698 160
1757650678108 0.03174420888593138 161
1757650678221 0.004573870331830852 162
1757650678335 0.7122188689131553 163
1757650678449 0.021230311315256736 164
1757650678563 0.034658849482103134 165
1757650678675 0.8954185625476666 166
1757650678789 0.0062460364067083865 167
1757650678903 0.26117110425149354 168
1757650679020 0.29299392546671854 169
1757650679134 0.19396934599671564 170
1757650679247 0.26717560501149906 171
1757650679360 0.0787354699887001 172
1757650679473 0.22267518240762418 173
1757650679586 0.04720267044236693 174
1757650679698 0.013201874993543548 175
1757650679810 0.009446857893405982 176
1757650679928 0.21275755885775197 177
1757650680052 0.13339289552821745 178
1757650680167 0.15650455133138103 179
1757650680281 0.34504592509203585 180
1757650680396 0.17383996771434845 181
1757650680511 0.07887573953467077 182
1757650680625 0.1844506098952931 183
1757650680738 0.0025349105994173855 184
1757650680852 0.006568737643980548 185
1757650680968 0.004058597564168395 186
1757650681083 0.1380076066029419 187
1757650681198 0.007243346567138888 188
1757650681311 0.8644049981805609 189
1757650681427 0.0798330439070432 190
1757650681542 0.05819785580880797 191
1757650681655 5.800682043643529e-06 192
1757650681769 0.06374315385374899 193
1757650681883 0.1303772107222402 194
1757650681998 0.0634099170159469 195
1757650682116 0.0021250880905270457 196
1757650682230 0.15474101477866622 197
1757650682344 0.03619710047450246 198
1757650682459 0.23526864518688895 199
1757650682573 0.01942807980375215 200
1757650682685 0.1901944094444674 201
1757650682799 0.020113688324103388 202
1757650682912 0.3567878841199865 203
1757650683025 0.12537708774120576 204
1757650683138 0.026989102743701074 205
1757650683253 1.1316835234058846 206
1757650683377 0.00293591910725444 207
1757650683493 0.5409055362216545 208
1757650683608 0.044060560842237514 209
1757650683723 0.04686114413574224 210
1757650683838 0.0181282934096634 211
1757650683952 0.09939858238259087 212
1757650684068 0.002543037971485863 213
1757650684189 0.001302337890089103 214
1757650684304 0.001713024388158951 215
1757650684419 0.0775216640039791 216
1757650684534 0.4065001074308587 217
1757650684649 1.597569373562196 218
1757650684763 0.3396337084377087 219
1757650684930 0.0034229481179794113 220
1757650685063 0.5429502670708101 221
1757650685185 0.03518592854680538 222
1757650685305 0.19890686639501745 223
1757650685420 0.0017680393248945502 224
1757650685534 0.6644829231004753 225
1757650685670 0.04135072610774771 226
1757650685789 0.10655588089292924 227
1757650685926 0.07750941084797214 228
1757650686054 0.01798388972679753 229
1757650686180 0.02238980411532291 230
1757650686300 2.1995376904843194 231
1757650686415 0.03207503507448723 232
1757650686531 0.015132799198171244 233
1757650686646 0.0011880324927611861 234
1757650686762 0.07607521654018207 235
1757650686878 0.38056518065021455 236
1757650686993 5.511557217143746e-05 237
1757650687109 0.19597541161467788 238
1757650687224 0.022167453522297206 239
1757650687341 0.037219602001117603 240
1757650687456 0.15754060114062332 241
1757650687574 0.008012079222578511 242
1757650687692 0.00637545515211979 243
1757650687810 0.03150932750734632 244
1757650687925 0.13525977465296413 245
1757650688041 0.02199293137785113 246
1757650688159 0.014806755216410826 247
1757650688278 0.10017104475041184 248
1757650688395 0.05757757786049915 249
1757650688509 0.00043878113733083514 250
1757650688624 0.0931102428328872 251
1757650688740 0.9031350934469293 252
1757650688855 0.001374424491320125 253
1757650688971 0.005461124846128499 254
1757650689088 0.018953607071403047 255
1757650689203 0.07240724456027742 256
1757650689319 0.05437755495520037 257
1757650689436 0.054379700342546015 258
1757650689551 0.3886357616986805 259
1757650689666 2.6310899862087416e-05 260
1757650689783 0.572097574353058 261
1757650689902 0.05084821291767942 262
1757650690031 0.003656572380118842 263
1757650690148 0.03285664741177916 264
1757650690272 0.00045913822916000265 265
1757650690392 1.6545406282472455 266
1757650690509 0.027802590349236912 267
1757650690626 0.02251925931125765 268
1757650690742 0.11873953074441512 269
1757650690860 0.08528915888926447 270
1757650690978 1.3248889703739393 271
1757650691094 0.11715191655946881 272
1757650691211 0.406728965442006 273
1757650691327 0.00017475610471978084 274
1757650691444 0.4173327656949438 275
1757650691561 0.45180927056082637 276
1757650691677 0.5033457442740319 277
1757650691793 0.1553231693655925 278
1757650691909 0.5376895883865599 279
1757650692026 0.15439482267798735 280
1757650692141 0.0303600979633901 281
1757650692258 0.12400031435690266 282
1757650692374 9.964240370233085e-06 283
1757650692492 0.24906931202136337 284
1757650692608 0.12980800393598096 285
1757650692724 0.001382899905896525 286
1757650692840 0.2534782843892418 287
1757650692956 0.09108400354146412 288
1757650693073 0.1793625472273532 289
1757650693189 0.8659687300611343 290
1757650693305 2.3456475746623053 291
1757650693421 0.06658173957168685 292
1757650693539 0.06184579923152114 293
1757650693655 0.19561932773220822 294
1757650693771 0.00026960036692417577 295
1757650693887 0.1304031396021236 296
1757650694004 0.039784346467774415 297
1757650694122 0.006396197811502035 298
1757650694239 0.0008843473101982433 299
1757650694360 0.4997693242279762 300
1757650694476 0.004830837902455062 301
1757650694594 0.0088897625396576 302
1757650694712 0.016471812578939014 303
1757650694827 0.11769061015146148 304
1757650694949 0.20507010522627933 305
1757650695073 0.14976128976986347 306
1757650695191 0.32986351262386043 307
1757650695311 0.060100430311204295 308
1757650695434 0.16634946447129692 309
1757650695554 0.00165257624572808 310
1757650695703 0.14814913280487257 311
1757650695838 0.006885328845364621 312
1757650695961 0.0028078022510351964 313
1757650696091 0.09703918707289783 314
1757650696214 0.08591415454951087 315
1757650696341 0.7733240174927831 316
1757650696468 0.018519670005857126 317
1757650696596 0.27049984930980725 318
1757650696723 0.06833404394823447 319
1757650696848 1.1205993723197239e-05 320
1757650696972 0.07377905435463018 321
1757650697097 0.047635299742829734 322
1757650697223 0.25642963183740347 323
1757650697348 0.0870278964780626 324
1757650697474 0.010348338196325847 325
1757650697599 0.11575262350219069 326
1757650697723 0.13855652026831647 327
1757650697847 0.01889058200040146 328
1757650697969 3.4492423828817773 329
1757650698098 0.0009796191397060195 330
1757650698226 0.07423025991623788 331
1757650698361 0.808428532941163 332
1757650698488 0.04698638341038124 333
1757650698611 8.425971453902393e-08 334
1757650698749 0.09744681784188977 335
1757650698878 0.211094972164174 336
1757650699001 0.09060678991584173 337
1757650699121 0.008047834017392036 338
1757650699243 0.021880299611608863 339
1757650699368 0.08150515116209281 340
1757650699487 0.02716789978968895 341
1757650699605 0.0010003252050520672 342
1757650699725 0.0155838026468148 343
1757650699845 0.029111381327922528 344
1757650699982 0.06799299108316582 345
1757650700106 0.0026440689855777625 346
1757650700231 0.236318101474483 347
1757650700355 0.07352965245654541 348
1757650700486 3.871261436153762e-05 349
1757650700609 0.017867583034678128 350
1757650700732 0.04406338011214427 351
1757650700852 0.13316763391728645 352
1757650701056 0.23289971956752242 353
1757650701185 0.033124231010560765 354
1757650701310 0.02366773979567933 355
1757650701433 0.023923802988729304 356
1757650701556 0.006778061846078229 357
1757650701679 0.0007562874733224875 358
1757650701801 0.04871550227057278 359
1757650701924 0.02429177654292847 360
1757650702044 0.16497137559238387 361
1757650702164 0.4118114414905006 362
1757650702283 0.046529778894038754 363
1757650702408 0.1058214381353484 364
1757650702537 0.30901963661517207 365
1757650702657 0.042763113518829304 366
1757650702835 0.12723459165897708 367
1757650702963 0.00046043257744105633 368
1757650703088 0.20518208339283445 369
1757650703212 0.048943503722080804 370
1757650703335 0.015288052361444465 371
1757650703456 0.07102936333305548 372
1757650703576 0.002223119558317823 373
1757650703699 0.6871069760731818 374
1757650703819 0.2952420634548976 375
1757650703937 0.061830319709918403 376
1757650704057 0.12501136820305359 377
1757650704177 0.019390595062127182 378
1757650704295 0.19630759554264315 379
1757650704414 0.0044441472942639325 380
1757650704545 0.00014388643883497994 381
1757650704669 0.001244745174597225 382
1757650704788 0.8674757505625137 383
1757650704914 0.27142069371111355 384
1757650705050 0.009852775948289271 385
1757650705176 0.000541849623383166 386
1757650705300 0.0826091380170209 387
1757650705421 0.4537564649489432 388
1757650705540 0.03721743352288821 389
1757650705687 4.73951241151869e-06 390
1757650705810 0.08596647480037337 391
1757650705929 0.11928033416912212 392
1757650706050 0.26700917310816846 393
1757650706170 0.4203390768430751 394
1757650706290 0.051694212293766466 395
1757650706409 0.0030022504732985047 396
1757650706532 0.07193819407093227 397
1757650706659 0.0007889154811005813 398
1757650706778 0.005356328358478404 399
1757650706898 0.00011875611897731155 400
1757650707019 0.1206260210674811 401
1757650707139 0.11499522717868904 402
1757650707260 0.11299849309796794 403
1757650707379 0.2682516676076788 404
1757650707501 0.06379769387876835 405
1757650707621 0.03796629237939941 406
1757650707740 0.11255399739660965 407
1757650707861 0.0738600494825126 408
1757650707980 0.0011127247425435256 409
1757650708099 0.0007865272296808265 410
1757650708220 0.015732475363362614 411
1757650708340 0.037420149097200844 412
1757650708460 0.08560195907761733 413
1757650708585 0.1526274081838258 414
1757650708708 0.012374471717459671 415
1757650708833 0.2253220644490885 416
1757650708953 0.060194093922285336 417
1757650709074 0.0411114344933489 418
1757650709195 0.002122734577767575 419
1757650709315 0.01757265093784144 420
1757650709434 0.0037391276678718725 421
1757650709553 0.020443570118149207 422
1757650709673 0.0005486407206488429 423
1757650709794 0.317260054955862 424
1757650709920 1.3539069740340435 425
1757650710053 0.0713445007074876 426
1757650710177 0.6569214456134067 427
1757650710308 0.21970909265052602 428
1757650710429 0.13007922324654544 429
1757650710552 0.08140601379737783 430
1757650710680 0.017644976574783134 431
1757650710802 0.02925788594657407 432
1757650710922 0.18335540369445638 433
1757650711044 0.11503475897886377 434
1757650711164 0.12120248267859864 435
1757650711284 0.46789541565980003 436
1757650711404 0.07528799097601176 437
1757650711524 0.007745874784620587 438
1757650711644 0.0009557495564745528 439
1757650711765 0.06883883621477213 440
1757650711887 0.24924998626421485 441
1757650712007 0.0478580225868612 442
1757650712126 0.2507322096091501 443
1757650712246 0.004240998724186338 444
1757650712366 0.029058437025138592 445
1757650712488 0.08371273773244163 446
1757650712611 0.058388035930529686 447
1757650712735 0.052279488263813303 448
1757650712854 0.43651442239127747 449
1757650712975 0.11006090241759331 450
1757650713097 0.08843538032822107 451
1757650713286 0.0045747768737422895 452
1757650713407 0.002870890235372005 453
1757650713528 0.012369187448427093 454
1757650713648 0.046869904783951546 455
1757650713767 0.13493870831673901 456
1757650713887 0.02423017492138531 457
1757650714010 0.1716073596205578 458
1757650714132 0.032401720472016664 459
1757650714256 0.6161031128738031 460
1757650714389 0.04046428301076127 461
1757650714519 0.00430174218270128 462
1757650714650 0.035067564537109866 463
1757650714777 0.043886783098463264 464
1757650714906 0.01490275701917926 465
1757650715045 0.10346534434281632 466
1757650715172 0.0037400752678213097 467
1757650715296 0.06723751736500057 468
1757650715418 0.03150072978523185 469
1757650715538 0.4113751543018978 470
1757650715674 0.19143936037098613 471
1757650715800 0.2845734406186625 472
1757650715930 0.06835766740033218 473
1757650716054 0.1643715889359682 474
1757650716175 0.11120015618841 475
1757650716297 0.002102381848484332 476
1757650716418 0.0890867056395025 477
1757650716539 0.0624406232540261 478
1757650716662 0.0032190085848896022 479
1757650716791 0.01228283701931722 480
1757650716913 0.06950690548869441 481
1757650717033 0.00015795917281326576 482
1757650717154 0.33948711962114 483
1757650717276 0.3042896656069428 484
1757650717397 0.05927440272267276 485
1757650717518 0.011570021897792085 486
1757650717639 0.4510380432871861 487
1757650717761 0.21155577580668417 488
1757650717882 0.3479234156838353 489
1757650718003 0.07036466403532819 490
1757650718125 0.006034873198793231 491
1757650718246 0.03713249726115517 492
1757650718368 0.01814374008285843 493
1757650718489 0.005223383873109042 494
1757650718612 7.384357796478206e-05 495
1757650718790 0.02105492422330951 496
1757650718922 0.11244522956291396 497
1757650719048 0.05814542977906638 498
1757650719172 0.13714890500541949 499
