1757623709579 nan 0
1757623709646 nan 1
1757623709700 nan 2
1757623709749 nan 3
1757623709796 nan 4
1757623709846 nan 5
1757623709898 nan 6
1757623709950 nan 7
1757623710005 nan 8
1757623710059 nan 9
1757623710115 nan 10
1757623710170 nan 11
1757623710223 nan 12
1757623710274 nan 13
1757623710323 nan 14
1757623710373 nan 15
1757623710418 nan 16
1757623710474 nan 17
1757623710540 nan 18
1757623710592 nan 19
1757623710641 nan 20
1757623710688 nan 21
1757623710743 nan 22
1757623710794 nan 23
1757623710851 nan 24
1757623710908 nan 25
1757623710959 nan 26
1757623711005 nan 27
1757623711053 nan 28
1757623711102 nan 29
1757623711172 nan 30
1757623711317 nan 31
1757623711362 nan 32
1757623711409 nan 33
1757623711598 nan 34
1757623711744 nan 35
1757623711792 nan 36
1757623711840 nan 37
1757623711886 nan 38
1757623711932 nan 39
1757623711976 nan 40
1757623712020 nan 41
1757623712066 nan 42
1757623712109 nan 43
1757623712152 nan 44
1757623712196 nan 45
1757623712239 nan 46
1757623712286 nan 47
1757623712332 nan 48
1757623712378 nan 49
1757623712419 nan 50
1757623712487 nan 51
1757623712530 nan 52
1757623712577 nan 53
1757623712621 nan 54
1757623712668 nan 55
1757623712712 nan 56
1757623712756 nan 57
1757623712799 nan 58
1757623712841 nan 59
1757623712884 nan 60
1757623712926 nan 61
1757623712969 nan 62
1757623713010 nan 63
1757623713054 nan 64
1757623713096 nan 65
1757623713139 nan 66
1757623713181 nan 67
1757623713225 nan 68
1757623713265 nan 69
1757623713310 nan 70
1757623713357 nan 71
1757623713399 nan 72
1757623713444 nan 73
1757623713486 nan 74
1757623713535 nan 75
1757623713584 nan 76
1757623713637 nan 77
1757623713701 nan 78
1757623713768 nan 79
1757623713814 nan 80
1757623713856 nan 81
1757623713902 nan 82
1757623713950 nan 83
1757623714004 nan 84
1757623714057 nan 85
1757623714118 nan 86
1757623714176 nan 87
1757623714232 nan 88
1757623714280 nan 89
1757623714336 nan 90
1757623714392 nan 91
1757623714440 nan 92
1757623714493 nan 93
1757623714545 nan 94
1757623714603 nan 95
1757623714661 nan 96
1757623714713 nan 97
1757623714760 nan 98
1757623714804 nan 99
1757623714849 nan 100
1757623714897 nan 101
1757623714943 nan 102
1757623714993 nan 103
1757623715044 nan 104
1757623715093 nan 105
1757623715138 nan 106
1757623715182 nan 107
1757623715229 nan 108
1757623715275 nan 109
1757623715322 nan 110
1757623715378 nan 111
1757623715429 nan 112
1757623715501 nan 113
1757623715569 nan 114
1757623715616 nan 115
1757623715663 nan 116
1757623715707 nan 117
1757623715753 nan 118
1757623715796 nan 119
1757623715839 nan 120
1757623715884 nan 121
1757623715932 nan 122
1757623715984 nan 123
1757623716043 nan 124
1757623716101 nan 125
1757623716151 nan 126
1757623716198 nan 127
1757623716242 nan 128
1757623716286 nan 129
1757623716331 nan 130
1757623716375 nan 131
1757623716418 nan 132
1757623716463 nan 133
1757623716509 nan 134
1757623716556 nan 135
1757623716618 nan 136
1757623716665 nan 137
1757623716708 nan 138
1757623716752 nan 139
1757623716799 nan 140
1757623716842 nan 141
1757623716890 nan 142
1757623716932 nan 143
1757623716976 nan 144
1757623717019 nan 145
1757623717064 nan 146
1757623717106 nan 147
1757623717150 nan 148
1757623717196 nan 149
1757623717239 nan 150
1757623717283 nan 151
1757623717327 nan 152
1757623717370 nan 153
1757623717420 nan 154
1757623717464 nan 155
1757623717508 nan 156
1757623717551 nan 157
1757623717595 nan 158
1757623717638 nan 159
1757623717684 nan 160
1757623717727 nan 161
1757623717771 nan 162
1757623717814 nan 163
1757623717857 nan 164
1757623717904 nan 165
1757623717954 nan 166
1757623718002 nan 167
1757623718050 nan 168
1757623718104 nan 169
1757623718150 nan 170
1757623718202 nan 171
1757623718247 nan 172
1757623718296 nan 173
1757623718344 nan 174
1757623718391 nan 175
1757623718440 nan 176
1757623718486 nan 177
1757623718533 nan 178
1757623718578 nan 179
1757623718625 nan 180
1757623718672 nan 181
1757623718720 nan 182
1757623718768 nan 183
1757623718817 nan 184
1757623718862 nan 185
1757623718906 nan 186
1757623718949 nan 187
1757623718995 nan 188
1757623719039 nan 189
1757623719086 nan 190
1757623719135 nan 191
1757623719180 nan 192
1757623719227 nan 193
1757623719272 nan 194
1757623719318 nan 195
1757623719361 nan 196
1757623719407 nan 197
1757623719455 nan 198
1757623719501 nan 199
1757623719548 nan 200
1757623719594 nan 201
1757623719642 nan 202
1757623719688 nan 203
1757623719733 nan 204
1757623719777 nan 205
1757623719824 nan 206
1757623719871 nan 207
1757623719916 nan 208
1757623719965 nan 209
1757623720011 nan 210
1757623720059 nan 211
1757623720106 nan 212
1757623720151 nan 213
1757623720197 nan 214
1757623720245 nan 215
1757623720296 nan 216
1757623720363 nan 217
1757623720411 nan 218
1757623720462 nan 219
1757623720520 nan 220
1757623720567 nan 221
1757623720610 nan 222
1757623720654 nan 223
1757623720696 nan 224
1757623720739 nan 225
1757623720783 nan 226
1757623720826 nan 227
1757623720871 nan 228
1757623720915 nan 229
1757623720962 nan 230
1757623721009 nan 231
1757623721056 nan 232
1757623721103 nan 233
1757623721146 nan 234
1757623721190 nan 235
1757623721235 nan 236
1757623721281 nan 237
1757623721325 nan 238
1757623721370 nan 239
1757623721415 nan 240
1757623721466 nan 241
1757623721514 nan 242
1757623721566 nan 243
1757623721614 nan 244
1757623721662 nan 245
1757623721709 nan 246
1757623721757 nan 247
1757623721806 nan 248
1757623721900 nan 249
1757623721952 nan 250
1757623722002 nan 251
1757623722052 nan 252
1757623722100 nan 253
1757623722154 nan 254
1757623722205 nan 255
1757623722252 nan 256
1757623722302 nan 257
1757623722350 nan 258
1757623722399 nan 259
1757623722445 nan 260
1757623722491 nan 261
1757623722538 nan 262
1757623722585 nan 263
1757623722631 nan 264
1757623722679 nan 265
1757623722727 nan 266
1757623722775 nan 267
1757623722824 nan 268
1757623722869 nan 269
1757623722915 nan 270
1757623722963 nan 271
1757623723011 nan 272
1757623723057 nan 273
1757623723103 nan 274
1757623723149 nan 275
1757623723196 nan 276
1757623723243 nan 277
1757623723291 nan 278
1757623723341 nan 279
1757623723388 nan 280
1757623723435 nan 281
1757623723488 nan 282
1757623723537 nan 283
1757623723584 nan 284
1757623723633 nan 285
1757623723679 nan 286
1757623723727 nan 287
1757623723773 nan 288
1757623723822 nan 289
1757623723867 nan 290
1757623723919 nan 291
1757623723969 nan 292
1757623724019 nan 293
1757623724066 nan 294
1757623724114 nan 295
1757623724164 nan 296
1757623724215 nan 297
1757623724263 nan 298
1757623724317 nan 299
1757623724366 nan 300
1757623724412 nan 301
1757623724463 nan 302
1757623724517 nan 303
1757623724566 nan 304
1757623724624 nan 305
1757623724690 nan 306
1757623724751 nan 307
1757623724804 nan 308
1757623724853 nan 309
1757623724899 nan 310
1757623724946 nan 311
1757623724993 nan 312
1757623725043 nan 313
1757623725091 nan 314
1757623725138 nan 315
1757623725186 nan 316
1757623725235 nan 317
1757623725282 nan 318
1757623725330 nan 319
1757623725377 nan 320
1757623725430 nan 321
1757623725508 nan 322
1757623725581 nan 323
1757623725636 nan 324
1757623725698 nan 325
1757623725751 nan 326
1757623725803 nan 327
1757623725856 nan 328
1757623725911 nan 329
1757623725971 nan 330
1757623726022 nan 331
1757623726071 nan 332
1757623726119 nan 333
1757623726166 nan 334
1757623726212 nan 335
1757623726259 nan 336
1757623726318 nan 337
1757623726375 nan 338
1757623726428 nan 339
1757623726477 nan 340
1757623726525 nan 341
1757623726677 nan 342
1757623726740 nan 343
1757623726796 nan 344
1757623726852 nan 345
1757623726906 nan 346
1757623726959 nan 347
1757623727008 nan 348
1757623727055 nan 349
1757623727102 nan 350
1757623727152 nan 351
1757623727203 nan 352
1757623727251 nan 353
1757623727300 nan 354
1757623727349 nan 355
1757623727410 nan 356
1757623727471 nan 357
1757623727518 nan 358
1757623727573 nan 359
1757623727622 nan 360
1757623727670 nan 361
1757623727718 nan 362
1757623727765 nan 363
1757623727812 nan 364
1757623727859 nan 365
1757623727909 nan 366
1757623727958 nan 367
1757623728009 nan 368
1757623728059 nan 369
1757623728111 nan 370
1757623728158 nan 371
1757623728209 nan 372
1757623728258 nan 373
1757623728309 nan 374
1757623728358 nan 375
1757623728411 nan 376
1757623728464 nan 377
1757623728518 nan 378
1757623728573 nan 379
1757623728632 nan 380
1757623728695 nan 381
1757623728755 nan 382
1757623728812 nan 383
1757623728869 nan 384
1757623728927 nan 385
1757623728986 nan 386
1757623729040 nan 387
1757623729094 nan 388
1757623729145 nan 389
1757623729200 nan 390
1757623729249 nan 391
1757623729296 nan 392
1757623729348 nan 393
1757623729400 nan 394
1757623729485 nan 395
1757623729637 nan 396
1757623729698 nan 397
1757623729752 nan 398
1757623729807 nan 399
1757623729862 nan 400
1757623729914 nan 401
1757623729966 nan 402
1757623730017 nan 403
1757623730072 nan 404
1757623730122 nan 405
1757623730174 nan 406
1757623730227 nan 407
1757623730278 nan 408
1757623730328 nan 409
1757623730377 nan 410
1757623730427 nan 411
1757623730487 nan 412
1757623730553 nan 413
1757623730605 nan 414
1757623730654 nan 415
1757623730704 nan 416
1757623730754 nan 417
1757623730803 nan 418
1757623730851 nan 419
1757623730899 nan 420
1757623730946 nan 421
1757623730993 nan 422
1757623731043 nan 423
1757623731095 nan 424
1757623731145 nan 425
1757623731196 nan 426
1757623731248 nan 427
1757623731299 nan 428
1757623731348 nan 429
1757623731395 nan 430
1757623731444 nan 431
1757623731496 nan 432
1757623731549 nan 433
1757623731601 nan 434
1757623731655 nan 435
1757623731707 nan 436
1757623731756 nan 437
1757623731805 nan 438
1757623731854 nan 439
1757623731903 nan 440
1757623731954 nan 441
1757623732003 nan 442
1757623732054 nan 443
1757623732108 nan 444
1757623732159 nan 445
1757623732213 nan 446
1757623732265 nan 447
1757623732316 nan 448
1757623732366 nan 449
1757623732417 nan 450
1757623732466 nan 451
1757623732517 nan 452
1757623732570 nan 453
1757623732620 nan 454
1757623732671 nan 455
1757623732722 nan 456
1757623732775 nan 457
1757623732825 nan 458
1757623732877 nan 459
1757623732928 nan 460
1757623732977 nan 461
1757623733026 nan 462
1757623733074 nan 463
1757623733123 nan 464
1757623733171 nan 465
1757623733220 nan 466
1757623733268 nan 467
1757623733319 nan 468
1757623733369 nan 469
1757623733420 nan 470
1757623733469 nan 471
1757623733520 nan 472
1757623733571 nan 473
1757623733620 nan 474
1757623733674 nan 475
1757623733726 nan 476
1757623733805 nan 477
1757623733868 nan 478
1757623733925 nan 479
1757623733979 nan 480
1757623734034 nan 481
1757623734089 nan 482
1757623734142 nan 483
1757623734195 nan 484
1757623734251 nan 485
1757623734305 nan 486
1757623734359 nan 487
1757623734411 nan 488
1757623734462 nan 489
1757623734512 nan 490
1757623734563 nan 491
1757623734613 nan 492
1757623734665 nan 493
1757623734716 nan 494
1757623734768 nan 495
1757623734817 nan 496
1757623734874 nan 497
1757623734927 nan 498
1757623734986 nan 499
