1757644815820 0.08098798657420654 0
1757644815916 0.17618145787364395 1
1757644816017 0.00014196942686046612 2
1757644816111 0.2458477868243127 3
1757644816204 0.01489013152861442 4
1757644816315 0.013093151736439747 5
1757644816411 0.01317547071338782 6
1757644816506 0.787765578990835 7
1757644816599 0.1089613352124518 8
1757644816693 0.07216134039167359 9
1757644816788 0.026291500419012525 10
1757644816891 0.016845302189668055 11
1757644816988 0.000682384201994731 12
1757644817083 0.020284700587101898 13
1757644817177 0.0003108079374775327 14
1757644817272 3.7926857462898978e-06 15
1757644817368 0.004880939161058315 16
1757644817462 0.006960906348584209 17
1757644817558 0.32898054477105454 18
1757644817653 0.25261356542806424 19
1757644817748 0.06280810863597798 20
1757644817847 0.01147471245976131 21
1757644817942 0.0794353308089849 22
1757644818037 0.1502326882034322 23
1757644818133 0.00997051006116101 24
1757644818228 0.16839265197848946 25
1757644818323 0.03239698756693389 26
1757644818417 0.23582556051796152 27
1757644818513 0.09400579284392664 28
1757644818608 0.003378304208910004 29
1757644818704 3.2568059807896926e-06 30
1757644818815 0.0054844207822030925 31
1757644818912 0.02186836433689657 32
1757644819007 0.0015787606746505336 33
1757644819103 0.03799300779683436 34
1757644819199 0.1595010938622299 35
1757644819294 0.04685187752851357 36
1757644819390 0.0031911507383531375 37
1757644819485 0.20252441510854702 38
1757644819580 0.042966461558901166 39
1757644819676 0.022585414872958735 40
1757644819771 0.10017982425876991 41
1757644819873 0.004382683631287432 42
1757644819970 0.0017703225521445353 43
1757644820065 0.012491190205595856 44
1757644820161 0.0026544524639848014 45
1757644820256 0.1416328064455939 46
1757644820352 0.18769637185912302 47
1757644820448 0.3043482834237854 48
1757644820544 0.08281429693291016 49
1757644820639 0.16078775220859692 50
1757644820735 0.19322661400488605 51
1757644820832 0.6887645591774118 52
1757644820927 0.010026661998208663 53
1757644821023 0.32967157159907107 54
1757644821119 0.013252758350275895 55
1757644821215 0.06201587093888042 56
1757644821310 1.4160501083259951e-05 57
1757644821407 0.05299666411381259 58
1757644821509 0.0905421505588549 59
1757644821605 0.08594243245693461 60
1757644821702 0.8225111182540678 61
1757644821798 0.01711411526166847 62
1757644821900 0.05958109339381117 63
1757644821999 0.002717417855730192 64
1757644822095 0.011195792947532554 65
1757644822192 0.0017805344357840678 66
1757644822288 0.015537512350130607 67
1757644822384 1.0319693741592348 68
1757644822480 0.0031024716532703795 69
1757644822576 0.01800146073838875 70
1757644822673 0.0058493276721069375 71
1757644822769 0.10210797998134766 72
1757644822865 0.015251330742668944 73
1757644822961 0.05325013467068546 74
1757644823058 0.13788390737233083 75
1757644823156 0.0062239270579658515 76
1757644823252 0.2704689067284834 77
1757644823349 0.6289713979730339 78
1757644823445 0.21003100529466928 79
1757644823541 0.15704646572508635 80
1757644823638 0.25202002690214237 81
1757644823746 0.09068734656797697 82
1757644823852 0.035300656648017265 83
1757644823954 0.042307534868821293 84
1757644824052 0.7187364361021156 85
1757644824149 0.05307411130618078 86
1757644824245 0.20277533032910797 87
1757644824342 0.08660743020967598 88
1757644824440 0.032637685400712185 89
1757644824537 0.012334065414842277 90
1757644824634 0.0007236381592470927 91
1757644824731 0.7233882657977387 92
1757644824831 0.04131624150747114 93
1757644824928 0.013294492166460612 94
1757644825024 0.9080771301912357 95
1757644825120 0.006699889470174513 96
1757644825217 0.06398951944831818 97
1757644825313 0.39633688873598477 98
1757644825408 0.13437555397104617 99
1757644825505 0.30009502045162717 100
1757644825602 0.01845605243138652 101
1757644825699 0.10569929619242457 102
1757644825796 0.034055509818217325 103
1757644825893 0.12329275880290512 104
1757644826074 0.10618241928643651 105
1757644826182 0.012451862091224949 106
1757644826284 0.43309433386060037 107
1757644826383 0.1502260114915332 108
1757644826480 0.00017318994844509153 109
1757644826577 0.13335935784474842 110
1757644826675 0.06401419781608944 111
1757644826773 0.773921919166889 112
1757644826869 0.12594939565357513 113
1757644826967 0.14008259367115525 114
1757644827063 0.04261942974545804 115
1757644827161 0.007638371252768495 116
1757644827258 0.021828381346761846 117
1757644827355 0.035071052675970736 118
1757644827452 0.05064797419848939 119
1757644827549 0.022677783562234464 120
1757644827646 0.038751449401734694 121
1757644827744 0.9046201095766188 122
1757644827840 3.741907733456759e-05 123
1757644827938 0.02084094606946094 124
1757644828040 1.0367645937485102 125
1757644828139 0.013827352823843082 126
1757644828237 0.02443972165318511 127
1757644828335 1.1010334357005822 128
1757644828432 0.003716608582413975 129
1757644828530 0.052766858449127416 130
1757644828628 0.018049611551732944 131
1757644828729 0.33419651761239466 132
1757644828840 0.2000778813273993 133
1757644828940 0.3798463706911563 134
1757644829038 0.019562614488385126 135
1757644829136 0.22237039874371514 136
1757644829235 0.191925398694429 137
1757644829333 0.052708760338372025 138
1757644829430 0.017704843755440382 139
1757644829527 0.02993021468167143 140
1757644829625 1.267954022428936 141
1757644829723 0.016365830896694935 142
1757644829823 0.05958377012922439 143
1757644829924 0.07612234205772445 144
1757644830027 0.011621424510981542 145
1757644830126 0.0005064512959270926 146
1757644830224 1.6967249844688953e-05 147
1757644830323 0.0259139626169512 148
1757644830421 0.08686511510888795 149
1757644830519 0.0006584917612305295 150
1757644830619 0.04579526217974906 151
1757644830718 5.491732737328891e-05 152
1757644830816 0.4227009984709909 153
1757644830914 0.10857937909525872 154
1757644831012 0.10446595104231879 155
1757644831111 0.029671389001760005 156
1757644831210 0.0036439977296652713 157
1757644831308 0.0012222702057528942 158
1757644831406 0.0026568849893906068 159
1757644831505 0.07857606203582022 160
1757644831604 0.003139654262533768 161
1757644831704 0.1859447655106336 162
1757644831802 0.05579039677116885 163
1757644831900 0.018516973531663927 164
1757644832002 0.02188179202207152 165
1757644832108 0.577654433264058 166
1757644832207 0.1848449097886939 167
1757644832304 0.10698123889502238 168
1757644832403 0.03510598147398638 169
1757644832501 0.0003540725536442046 170
1757644832606 0.4534172479905133 171
1757644832704 0.06179312831958947 172
1757644832803 0.04131174634896115 173
1757644832900 0.02588543571532223 174
1757644832997 0.019322228489114555 175
1757644833095 0.2774322930631501 176
1757644833193 0.09333588470408363 177
1757644833290 0.1380998034208765 178
1757644833388 0.12171992062815992 179
1757644833485 1.4504192931270308e-05 180
1757644833583 0.018623486177676823 181
1757644833682 0.34033485488758003 182
1757644833812 0.6168431898983998 183
1757644833914 1.0299698311069254 184
1757644834013 0.0005368468914063444 185
1757644834121 0.03662937822130193 186
1757644834224 0.08774802936497962 187
1757644834324 0.012563573997086876 188
1757644834423 0.7661603986529968 189
1757644834524 0.2947467589215601 190
1757644834624 0.0005116744420836759 191
1757644834722 4.3471670300280434e-05 192
1757644834825 0.05942403056016853 193
1757644834925 0.08569212552421107 194
1757644835025 0.03621311286370968 195
1757644835127 0.0002490914856154072 196
1757644835228 0.03765831415059565 197
1757644835326 0.7428648881291154 198
1757644835443 0.002838012047736543 199
1757644835548 0.0007398130182245441 200
1757644835649 0.08343636809505715 201
1757644835748 0.07751835865444683 202
1757644835848 0.013913732501824963 203
1757644835947 0.04878409194840777 204
1757644836047 0.06456841899661274 205
1757644836150 0.5167710063235802 206
1757644836250 0.09011889258649568 207
1757644836350 0.013285728262038575 208
1757644836450 0.046542219481368594 209
1757644836550 0.014238795849815616 210
1757644836650 0.2501245281791052 211
1757644836753 0.13768985209710768 212
1757644836852 0.23298672735657633 213
1757644836952 0.010606641999184995 214
1757644837051 0.025906994270686868 215
1757644837151 0.002419085698964632 216
1757644837250 0.1265317975729128 217
1757644837351 0.003260551595778496 218
1757644837451 0.16527999668367163 219
1757644837551 0.005558981117427738 220
1757644837651 0.5416264653014864 221
1757644837752 0.2600782660416992 222
1757644837851 0.07328153857268142 223
1757644837951 0.17714128582126526 224
1757644838050 0.009723922619189425 225
1757644838155 0.03815184146821625 226
1757644838256 0.02966892060186044 227
1757644838357 0.3899622528399863 228
1757644838456 0.23113962641168528 229
1757644838555 0.05077812997538812 230
1757644838654 0.05528056291011384 231
1757644838762 0.024779802056884962 232
1757644838865 0.005988247463132225 233
1757644838965 0.2209966940232457 234
1757644839065 0.00025521109149613687 235
1757644839166 0.1723264525303908 236
1757644839265 0.035509265593695126 237
1757644839364 0.004630884783427151 238
1757644839463 0.02473664318585803 239
1757644839564 0.0010858849304165364 240
1757644839663 1.252397736603371 241
1757644839764 0.1234882792635194 242
1757644839866 0.04122576530198671 243
1757644839967 0.16730174748091142 244
1757644840120 0.023323468941070558 245
1757644840233 0.03653122560195083 246
1757644840335 0.006205131177505943 247
1757644840436 0.016077621294163003 248
1757644840538 0.022309501899504886 249
1757644840638 0.41953388701607985 250
1757644840739 0.015157081353955238 251
1757644840839 0.19876171034807913 252
1757644840941 0.04255952112210015 253
1757644841042 2.5724660557283252e-05 254
1757644841143 0.044243492041037814 255
1757644841243 0.015326948849901422 256
1757644841344 0.013067011003347593 257
1757644841444 0.0020561500313386223 258
1757644841545 0.5105977446632398 259
1757644841646 0.0020919846369209794 260
1757644841749 1.44056732415631 261
1757644841849 0.00047601576124309524 262
1757644841949 0.08268465203680894 263
1757644842051 0.2874363428862097 264
1757644842152 0.1668306676337247 265
1757644842258 1.5560526270270767e-05 266
1757644842360 0.02320831223705453 267
1757644842461 0.18231848807942605 268
1757644842564 0.0025832987239797532 269
1757644842665 0.3292576754688502 270
1757644842768 0.03925245364732084 271
1757644842869 0.04369578643423863 272
1757644842976 0.09087934769864374 273
1757644843079 0.11011534548518896 274
1757644843180 0.30469923481401473 275
1757644843281 0.007913652049804298 276
1757644843383 0.0003780269662942822 277
1757644843484 0.625801640761396 278
1757644843585 0.09152491214421375 279
1757644843686 0.09929339024415122 280
1757644843813 0.04151094230942104 281
1757644843917 0.07745454094542313 282
1757644844018 0.04311739278454082 283
1757644844138 0.015154068549836726 284
1757644844259 0.2140793863083193 285
1757644844363 1.2748403221585599e-05 286
1757644844465 0.21193743622689268 287
1757644844566 0.16916427008486512 288
1757644844668 0.5853451471320784 289
1757644844772 0.0031269697420691672 290
1757644844978 0.012070216404915849 291
1757644845090 0.009706793674480992 292
1757644845197 0.024644954086524243 293
1757644845301 0.018584652265370188 294
1757644845403 0.43711642483004476 295
1757644845506 0.02316740049857457 296
1757644845608 0.5855444448986128 297
1757644845715 0.14083569205381818 298
1757644845821 0.1419066367454257 299
1757644845923 0.02586847364521857 300
1757644846024 0.03622302269064905 301
1757644846126 0.1569884301788698 302
1757644846229 0.37252733110226177 303
1757644846340 0.02804267769239413 304
1757644846443 0.00022114167240514394 305
1757644846544 0.08958118110381778 306
1757644846646 0.8221492399405098 307
1757644846748 0.10185157323524215 308
1757644846851 0.15571582943201748 309
1757644846954 0.0027278858882181854 310
1757644847055 0.26314448934457213 311
1757644847157 0.2811021045535273 312
1757644847258 0.0725896310568596 313
1757644847360 0.37996806798051125 314
1757644847462 0.0849162188038045 315
1757644847562 0.06256557872644225 316
1757644847665 0.6309693744552304 317
1757644847768 0.047786933611890126 318
1757644847870 0.027779464212011565 319
1757644847981 0.012999665068071879 320
1757644848088 0.13264625278904923 321
1757644848193 0.06685729465863581 322
1757644848296 0.07997841271350649 323
1757644848403 0.0026189187669930928 324
1757644848505 0.09227786538773593 325
1757644848608 0.006892614231973133 326
1757644848713 0.0005184817353724636 327
1757644848830 0.053947530555052615 328
1757644848935 0.030902144562507273 329
1757644849040 0.979856247008336 330
1757644849148 0.0037832614269891103 331
1757644849252 0.03476298327893392 332
1757644849355 0.16208721390597264 333
1757644849457 0.05659189448966509 334
1757644849560 0.0023524850781232324 335
1757644849663 0.1277821247719115 336
1757644849766 0.7091962169973316 337
1757644849870 0.04432609606599868 338
1757644849973 0.12669509002708396 339
1757644850077 0.01712446909022586 340
1757644850181 0.006864953076056882 341
1757644850286 0.07209083925089485 342
1757644850394 0.003117111797707719 343
1757644850498 0.003802084013449881 344
1757644850611 0.03498436425947913 345
1757644850731 0.2819321202349909 346
1757644850836 0.03778606923411605 347
1757644850940 1.0904162274119755 348
1757644851044 0.00027617875891010514 349
1757644851147 0.01504780889262165 350
1757644851251 0.4835864854195611 351
1757644851354 0.04922280963092905 352
1757644851457 0.008970661328659759 353
1757644851561 0.1734552737129773 354
1757644851664 0.7303238495450551 355
1757644851769 0.09862612359634115 356
1757644851873 0.09812086708007726 357
1757644851976 0.07317214533309659 358
1757644852079 0.20932710049467018 359
1757644852182 0.006632385788679441 360
1757644852285 0.05667155529844237 361
1757644852396 0.06456884204359233 362
1757644852501 0.22329968091914978 363
1757644852604 0.020895460185697247 364
1757644852706 0.0005727688519227051 365
1757644852810 0.11102777289144392 366
1757644852913 0.003487508444649949 367
1757644853017 0.021987672029047344 368
1757644853119 0.01701382042589027 369
1757644853227 0.13998368800325503 370
1757644853374 0.017397057027024918 371
1757644853482 0.4720020084736202 372
1757644853587 0.014087929559325797 373
1757644853691 0.1253832705920575 374
1757644853821 0.021612193731780072 375
1757644853927 0.17691966801550024 376
1757644854031 0.10947580164711075 377
1757644854135 0.0126942324467142 378
1757644854239 0.0011187522499673508 379
1757644854343 0.909431879117987 380
1757644854452 0.45572424298428754 381
1757644854557 0.0014196930890501191 382
1757644854660 0.006494986816294965 383
1757644854768 0.12119271508063004 384
1757644854873 0.06600736691779145 385
1757644854977 0.29578261043856097 386
1757644855082 0.016084383838247458 387
1757644855185 0.03520891411962298 388
1757644855289 0.0011056389152199937 389
1757644855393 0.11488432472708794 390
1757644855497 0.11183598837922128 391
1757644855601 0.13000680536736817 392
1757644855704 0.06655461734112027 393
1757644855810 0.10502904050060037 394
1757644855912 0.12188007049002116 395
1757644856016 0.04539974295072961 396
1757644856119 0.10868986250423081 397
1757644856224 0.034822849207823955 398
1757644856328 0.0033593188942622845 399
1757644856434 0.011912809566914635 400
1757644856543 0.006709104670976369 401
1757644856647 0.06081108317127645 402
1757644856752 0.050240543865198425 403
1757644856857 0.031067501262425922 404
1757644856963 0.06010039208671148 405
1757644857070 0.05986322881910249 406
1757644857174 0.004349877765753816 407
1757644857278 0.39891961210505433 408
1757644857382 0.011610009469374653 409
1757644857486 0.36776742631405446 410
1757644857589 0.0662550670388139 411
1757644857694 2.75509444356485e-05 412
1757644857799 0.023836310670160343 413
1757644857904 0.012823496327350517 414
1757644858008 0.017980825656114325 415
1757644858112 0.35450020067874394 416
1757644858216 0.08698654648104921 417
1757644858320 0.12741695347077228 418
1757644858425 0.008639079703871056 419
1757644858535 0.008745969064364228 420
1757644858640 0.03699023801760379 421
1757644858750 0.5182499694022559 422
1757644858862 0.1004507845455153 423
1757644859049 0.053805794968001606 424
1757644859153 0.20996328073392553 425
1757644859258 0.12189719300602964 426
1757644859363 0.11913672517122481 427
1757644859470 0.0014142338440218316 428
1757644859575 0.39940014213506747 429
1757644859680 0.005164796581621203 430
1757644859786 0.007527027146972557 431
1757644859893 0.0318486913700226 432
1757644859998 0.16561079109071397 433
1757644860102 0.5432688294002439 434
1757644860207 0.2150018500642782 435
1757644860312 0.1267846251419575 436
1757644860417 0.0013598627396352327 437
1757644860525 0.3136985896424734 438
1757644860632 0.4068324392549253 439
1757644860737 0.002509376995928895 440
1757644860842 0.011111493289572814 441
1757644860947 0.04162892979504249 442
1757644861053 0.011517297787771252 443
1757644861159 0.2634374049906678 444
1757644861265 0.593696403500117 445
1757644861370 0.3220475784655272 446
1757644861475 0.0022023515142115765 447
1757644861580 0.28165620939552816 448
1757644861685 0.006320853106050837 449
1757644861790 0.23748212426749635 450
1757644861896 0.13620491948983338 451
1757644862001 0.06256819864109495 452
1757644862107 0.002948906093051506 453
1757644862211 0.04206014542950863 454
1757644862318 0.00047112480401099256 455
1757644862424 0.6722739730261758 456
1757644862529 1.7050996934790326 457
1757644862641 0.014046836980886842 458
1757644862747 0.10062790011009928 459
1757644862852 0.13873554268996735 460
1757644862957 0.005138319814660947 461
1757644863064 0.0033023128824917554 462
1757644863169 0.13861770156667141 463
1757644863275 0.00015013810921057745 464
1757644863380 0.0031479382236577528 465
1757644863485 0.1380120456897809 466
1757644863590 0.003397238827630635 467
1757644863696 0.006854073955073089 468
1757644863829 0.1421545091246028 469
1757644863936 0.0028781159743298955 470
1757644864042 0.23256149998359002 471
1757644864151 0.0012316867872389427 472
1757644864257 0.0028135519802722745 473
1757644864364 0.0119428263998237 474
1757644864470 0.04645039675753365 475
1757644864577 0.1886391274915141 476
1757644864690 0.02428086405969661 477
1757644864799 0.013270347252093941 478
1757644864906 0.061807579621872714 479
1757644865013 0.2013643861686146 480
1757644865119 0.0976592130935703 481
1757644865224 0.09791195913792584 482
1757644865330 0.023041690258559226 483
1757644865436 0.3030592310741188 484
1757644865543 0.024037690252433935 485
1757644865651 0.14204912666758893 486
1757644865758 0.7913453595117581 487
1757644865865 0.07163866579593746 488
1757644865977 0.08391520749684667 489
1757644866088 0.2083087127284684 490
1757644866196 0.34776019469227804 491
1757644866304 0.36614709166106113 492
1757644866411 0.16692796767361254 493
1757644866518 0.0033201009949465217 494
1757644866629 0.29876767218231026 495
1757644866738 0.0008571193417301942 496
1757644866845 0.26858875413814726 497
1757644866951 0.2532881281528383 498
1757644867057 1.2705284651260704 499
