1757624462609 163.98279511667724 0
1757624462655 160.72045469342484 1
1757624462699 154.64445646485692 2
1757624462743 146.2546082329076 3
1757624462786 136.07016658682502 4
1757624462838 124.60436310086061 5
1757624462885 112.34216594477044 6
1757624462927 99.72684577407898 7
1757624462968 87.14702597757368 8
1757624463012 74.93172511494929 9
1757624463053 63.34912716847287 10
1757624463094 52.60335043658792 11
1757624463135 42.83941874780618 12
1757624463175 34.14787647306538 13
1757624463215 26.570701818020787 14
1757624463258 20.107908673954714 15
1757624463301 14.724990849368522 16
1757624463343 10.35963220475376 17
1757624463383 6.928846533971827 18
1757624463423 4.335484114197075 19
1757624463465 2.4741329265746286 20
1757624463505 1.2361793742683622 21
1757624463546 0.5140777461318057 22
1757624463587 0.20481273170505357 23
1757624463627 0.21257316762904538 24
1757624463669 0.4506818923123996 25
1757624463709 0.8428464793146686 26
1757624463750 1.3238092659025738 27
1757624463792 1.8394831726002718 28
1757624463834 2.3464552747327905 29
1757624463878 2.811794524610133 30
1757624463922 3.211767505514024 31
1757624463966 3.5310725392662548 32
1757624464011 3.7616696973010413 33
1757624464056 3.9016752290280405 34
1757624464112 3.9536948157171974 35
1757624464160 3.9242756683543254 36
1757624464238 3.822855463643393 37
1757624464300 3.660357273354897 38
1757624464352 3.448631319051417 39
1757624464397 3.1997560031558905 40
1757624464459 2.925470728072276 41
1757624464505 2.6363914052049524 42
1757624464579 2.3420811262022694 43
1757624464627 2.0510072947554523 44
1757624464706 1.7702426478009232 45
1757624464753 1.5056501516801581 46
1757624464807 1.2620062948002377 47
1757624464925 1.0425072605835457 48
1757624464975 0.8487153569323272 49
1757624465024 0.6812690020038165 50
1757624465073 0.5397503998152855 51
1757624465126 0.4230256159300904 52
1757624465171 0.32959347811542467 53
1757624465214 0.2573680062915689 54
1757624465257 0.20400165453634356 55
1757624465299 0.16693226545188755 56
1757624465344 0.14364036293924712 57
1757624465388 0.13164899752032858 58
1757624465429 0.12833189304345236 59
1757624465497 0.13155157362935468 60
1757624465565 0.13936949489934522 61
1757624465609 0.1502544135229293 62
1757624465651 0.1629363661491923 63
1757624465693 0.1762039690980069 64
1757624465736 0.18873730927426893 65
1757624465806 0.19983628118257019 66
1757624465850 0.20905746830180977 67
1757624465892 0.2162653864493741 68
1757624465934 0.22141244447882005 69
1757624465976 0.22445855633370976 70
1757624466041 0.22538419489471911 71
1757624466084 0.22454595910095507 72
1757624466125 0.2219943600768392 73
1757624466167 0.21809635288537887 74
1757624466210 0.2130762744675694 75
1757624466251 0.20740765017508672 76
1757624466294 0.2012366423708809 77
1757624466368 0.1948467747395665 78
1757624466411 0.18861709330814533 79
1757624466481 0.18253298688868852 80
1757624466522 0.17643546883912128 81
1757624466566 0.17040502859425358 82
1757624466606 0.16464493221973306 83
1757624466648 0.15930982419343143 84
1757624466692 0.15464559720852944 85
1757624466736 0.15059529113262066 86
1757624466777 0.14717675105725872 87
1757624466840 0.14449257393296655 88
1757624466884 0.14252803620849586 89
1757624466927 0.14109830238750415 90
1757624466970 0.14008763952614775 91
1757624467015 0.13952776905665498 92
1757624467057 0.13928352335939828 93
1757624467102 0.1390581290265085 94
1757624467147 0.13870181167975948 95
1757624467190 0.13816528106518608 96
1757624467253 0.1378502264083569 97
1757624467303 0.13763930800428759 98
1757624467347 0.13757681219788467 99
1757624467391 0.1378014877073902 100
1757624467434 0.13801648447785514 101
1757624467479 0.13818656934269427 102
1757624467522 0.1383761915452018 103
