1757642519973 159.1467660538325 0
1757642520030 159.11495379742476 1
1757642520084 159.08314791182738 2
1757642520142 159.05134839576297 3
1757642520196 159.0195552479544 4
1757642520250 158.9877684671247 5
1757642520303 158.95598805199725 6
1757642520355 158.92421400129575 7
1757642520406 158.892446313744 8
1757642520532 158.86068498806605 9
1757642520590 158.82893002298644 10
1757642520647 158.79718141722972 11
1757642520706 158.76543916952087 12
1757642520768 158.73370327858495 13
1757642520822 158.70197374314742 14
1757642520876 158.67025056193393 15
1757642520929 158.63853373367039 16
1757642520984 158.606823257083 17
1757642521043 158.57511913089823 18
1757642521098 158.5434213538427 19
1757642521153 158.51172992464342 20
1757642521214 158.4800448420275 21
1757642521268 158.4483661047225 22
1757642521323 158.41669371145608 23
1757642521378 158.38502766095624 24
1757642521432 158.35336795195116 25
1757642521487 158.32171458316932 26
1757642521540 158.2900675533395 27
1757642521594 158.25842686119066 28
1757642521648 158.22679250545204 29
1757642521703 158.1951644848532 30
1757642521756 158.16354279812379 31
1757642521813 158.13192744399387 32
1757642521868 158.10031842119372 33
1757642521924 158.06871572845387 34
1757642521979 158.0371193645051 35
1757642522033 158.0055293280784 36
1757642522087 157.9739456179051 37
1757642522140 157.94236823271663 38
1757642522201 157.91079717124492 39
1757642522256 157.87923243222198 40
1757642522309 157.84767401438012 41
1757642522363 157.81612191645186 42
1757642522417 157.78457613717003 43
1757642522475 157.75303667526774 44
1757642522529 157.72150352947827 45
1757642522582 157.68997669853516 46
1757642522636 157.6584561811723 47
1757642522692 157.62694197612382 48
1757642522748 157.59543408212394 49
1757642522804 157.56393249790733 50
1757642522858 157.53243722220887 51
1757642522912 157.50094825376357 52
1757642522979 157.46946559130686 53
1757642523035 157.43798923357426 54
1757642523097 157.40651917930177 55
1757642523153 157.37505542722542 56
1757642523222 157.34359797608158 57
1757642523283 157.3121468246069 58
1757642523339 157.2807019715383 59
1757642523394 157.24926341561283 60
1757642523450 157.2178311555679 61
1757642523505 157.1864051901412 62
1757642523560 157.15498551807053 63
1757642523615 157.12357213809418 64
1757642523670 157.0921650489504 65
1757642523726 157.06076424937797 66
1757642523781 157.02936973811566 67
1757642523838 156.9979815139028 68
1757642523893 156.96659957547868 69
1757642523949 156.93522392158297 70
1757642524006 156.90385455095569 71
1757642524062 156.8724914623369 72
1757642524117 156.84113465446708 73
1757642524172 156.80978412608692 74
1757642524227 156.7784398759373 75
1757642524283 156.74710190275943 76
1757642524337 156.71577020529483 77
1757642524391 156.68444478228508 78
1757642524447 156.65312563247218 79
1757642524501 156.62181275459827 80
1757642524556 156.59050614740588 81
1757642524610 156.55920580963766 82
1757642524665 156.5279117400366 83
1757642524719 156.49662393734584 84
1757642524774 156.4653424003089 85
1757642524829 156.43406712766946 86
1757642524884 156.40279811817152 87
1757642524938 156.3715353705593 88
1757642524993 156.34027888357716 89
1757642525048 156.30902865596994 90
1757642525110 156.27778468648256 91
1757642525167 156.24654697386032 92
1757642525223 156.21531551684856 93
1757642525279 156.18409031419313 94
1757642525335 156.15287136463994 95
1757642525390 156.12165866693525 96
1757642525444 156.09045221982555 97
1757642525502 156.05925202205754 98
1757642525559 156.02805807237826 99
1757642525613 155.99687036953492 100
1757642525666 155.96568891227497 101
1757642525723 155.9345136993462 102
1757642525777 155.90334472949667 103
1757642525832 155.87218200147453 104
1757642525903 155.84102551402825 105
1757642525961 155.80987526590667 106
1757642526021 155.77873125585873 107
1757642526078 155.74759348263373 108
1757642526135 155.71646194498112 109
1757642526191 155.68533664165065 110
1757642526248 155.65421757139237 111
1757642526305 155.62310473295653 112
1757642526362 155.59199812509357 113
1757642526419 155.56089774655433 114
1757642526476 155.5298035960898 115
1757642526531 155.4987156724512 116
1757642526587 155.46763397439008 117
1757642526642 155.43655850065815 118
1757642526697 155.40548925000743 119
1757642526752 155.37442622119025 120
1757642526815 155.3433694129591 121
1757642526871 155.31231882406667 122
1757642526925 155.28127445326606 123
1757642526981 155.25023629931047 124
1757642527038 155.21920436095346 125
1757642527093 155.18817863694878 126
1757642527159 155.15715912605043 127
1757642527217 155.12614582701266 128
1757642527274 155.09513873859004 129
1757642527331 155.06413785953725 130
1757642527389 155.03314318860944 131
1757642527445 155.00215472456176 132
1757642527502 154.97117246614974 133
1757642527558 154.9401964121292 134
1757642527614 154.9092265612561 135
1757642527671 154.87826291228674 136
1757642527727 154.84730546397765 137
1757642527783 154.81635421508554 138
1757642527839 154.7854091643674 139
1757642527896 154.75447031058061 140
1757642527952 154.7235376524826 141
1757642528008 154.6926111888312 142
1757642528064 154.66169091838427 143
1757642528120 154.63077683990025 144
1757642528178 154.59986895213757 145
1757642528251 154.568967253855 146
1757642528309 154.5380717438115 147
1757642528369 154.5071824207664 148
1757642528427 154.47629928347922 149
1757642528487 154.44542233070965 150
1757642528544 154.41455156121776 151
1757642528601 154.38368697376376 152
1757642528658 154.35282856710816 153
1757642528715 154.32197634001173 154
1757642528774 154.29113029123542 155
1757642528832 154.26029041954058 156
1757642528889 154.22945672368868 157
1757642528945 154.1986292024414 158
1757642529002 154.16780785456075 159
1757642529058 154.1369926788091 160
1757642529114 154.1061836739488 161
1757642529176 154.07538083874263 162
1757642529234 154.04458417195363 163
1757642529294 154.01379367234503 164
1757642529352 153.98300933868026 165
1757642529410 153.9522311697231 166
1757642529468 153.92145916423752 167
1757642529524 153.89069332098776 168
1757642529581 153.85993363873834 169
1757642529638 153.82918011625395 170
1757642529694 153.79843275229953 171
1757642529750 153.7676915456404 172
1757642529808 153.7369564950419 173
1757642529867 153.70622759926994 174
1757642529925 153.67550485709032 175
1757642529982 153.64478826726932 176
1757642530040 153.61407782857341 177
1757642530097 153.58337353976933 178
1757642530163 153.55267539962395 179
1757642530242 153.52198340690458 180
1757642530367 153.49129756037863 181
1757642530429 153.46061785881378 182
1757642530491 153.42994430097806 183
1757642530550 153.39927688563955 184
1757642530608 153.36861561156678 185
1757642530667 153.33796047752844 186
1757642530726 153.30731148229347 187
1757642530785 153.27666862463101 188
1757642530843 153.24603190331055 189
1757642530902 153.2154013171017 190
1757642530961 153.1847768647745 191
1757642531020 153.15415854509905 192
1757642531079 153.12354635684576 193
1757642531138 153.09294029878535 194
1757642531201 153.0623403696887 195
1757642531261 153.03174656832698 196
1757642531319 153.00115889347163 197
1757642531378 152.97057734389426 198
1757642531437 152.9400019183668 199
1757642531495 152.90943261566142 200
1757642531554 152.87886943455047 201
1757642531613 152.8483123738066 202
1757642531673 152.81776143220276 203
1757642531731 152.78721660851204 204
1757642531790 152.75667790150783 205
1757642531850 152.72614530996375 206
1757642531907 152.69561883265368 207
1757642531964 152.66509846835177 208
1757642532022 152.63458421583232 209
1757642532079 152.60407607387 210
1757642532136 152.57357404123965 211
1757642532194 152.5430781167164 212
1757642532253 152.5125882990756 213
1757642532310 152.4821045870928 214
1757642532369 152.45162697954393 215
1757642532428 152.42115547520498 216
1757642532486 152.39069007285235 217
1757642532543 152.36023077126262 218
1757642532601 152.32977756921258 219
1757642532658 152.29933046547933 220
1757642532717 152.26888945884022 221
1757642532774 152.2384545480727 222
1757642532830 152.2080257319547 223
1757642532890 152.17760300926423 224
1757642532955 152.14718637877962 225
1757642533031 152.11677583927937 226
1757642533090 152.08637138954228 227
1757642533149 152.05597302834738 228
1757642533229 152.025580754474 229
1757642533295 151.9951945667016 230
1757642533355 151.96481446381 231
1757642533415 151.93444044457922 232
1757642533474 151.90407250778952 233
1757642533534 151.87371065222132 234
1757642533594 151.8433548766555 235
1757642533655 151.81300517987296 236
1757642533715 151.78266156065501 237
1757642533775 151.7523240177831 238
1757642533834 151.72199255003895 239
1757642533894 151.69166715620457 240
1757642533954 151.66134783506214 241
1757642534014 151.63103458539416 242
1757642534074 151.60072740598335 243
1757642534133 151.57042629561258 244
1757642534193 151.5401312530652 245
1757642534254 151.50984227712445 246
1757642534314 151.4795593665742 247
1757642534373 151.4492825201983 248
1757642534433 151.4190117367809 249
1757642534491 151.38874701510647 250
1757642534550 151.35848835395961 251
1757642534608 151.32823575212535 252
1757642534668 151.29798920838874 253
1757642534725 151.26774872153518 254
1757642534867 151.23751429035033 255
1757642534932 151.20728591362007 256
1757642534995 151.17706359013053 257
1757642535056 151.1468473186681 258
1757642535185 151.11663709801934 259
1757642535244 151.0864329269712 260
1757642535311 151.05623480431066 261
1757642535371 151.02604272882516 262
1757642535432 150.99585669930224 263
1757642535493 150.9656767145298 264
1757642535554 150.9355027732958 265
1757642535615 150.9053348743887 266
1757642535676 150.87517301659696 267
1757642535736 150.84501719870937 268
1757642535795 150.81486741951508 269
1757642535855 150.7847236778033 270
1757642535913 150.7545859723636 271
1757642535973 150.72445430198573 272
1757642536031 150.69432866545978 273
1757642536089 150.66420906157592 274
1757642536149 150.63409548912475 275
1757642536209 150.60398794689692 276
1757642536269 150.5738864336835 277
1757642536328 150.54379094827573 278
1757642536387 150.51370148946503 279
1757642536447 150.4836180560432 280
1757642536507 150.4535406468021 281
1757642536566 150.42346926053406 282
1757642536626 150.3934038960314 283
1757642536684 150.36334455208694 284
1757642536743 150.3332912274935 285
1757642536802 150.3032439210443 286
1757642536863 150.27320263153283 287
1757642536928 150.24316735775264 288
1757642536987 150.21313809849767 289
1757642537048 150.1831148525621 290
1757642537107 150.1530976187403 291
1757642537167 150.12308639582687 292
1757642537229 150.0930811826168 293
1757642537290 150.063081977905 294
1757642537357 150.03308878048696 295
1757642537421 150.0031015891583 296
1757642537483 149.9731204027148 297
1757642537544 149.94314521995256 298
1757642537604 149.91317603966786 299
1757642537664 149.88321286065735 300
1757642537723 149.8532556817178 301
1757642537784 149.82330450164625 302
1757642537843 149.79335931923995 303
1757642537903 149.76342013329653 304
1757642537962 149.7334869426137 305
1757642538022 149.70355974598942 306
1757642538082 149.67363854222208 307
1757642538142 149.64372333011005 308
1757642538213 149.61381410845215 309
1757642538282 149.58391087604733 310
1757642538344 149.5540136316948 311
1757642538406 149.52412237419406 312
1757642538467 149.49423710234478 313
1757642538528 149.4643578149469 314
1757642538590 149.43448451080064 315
1757642538651 149.4046171887064 316
1757642538713 149.37475584746485 317
1757642538775 149.3449004858769 318
1757642538837 149.3150511027437 319
1757642538899 149.28520769686662 320
1757642538959 149.25537026704737 321
1757642539019 149.2255388120877 322
1757642539080 149.19571333078983 323
1757642539139 149.165893821956 324
1757642539200 149.13608028438892 325
1757642539261 149.1062727168913 326
1757642539322 149.07647111826634 327
1757642539390 149.0466754873173 328
1757642539452 149.0168858228477 329
1757642539514 148.9871021236614 330
1757642539575 148.95732438856234 331
1757642539636 148.9275526163549 332
1757642539697 148.89778680584354 333
1757642539757 148.86802695583302 334
1757642539818 148.8382730651283 335
1757642539879 148.80852513253475 336
1757642539938 148.77878315685768 337
1757642539999 148.74904713690287 338
1757642540061 148.71931707147627 339
1757642540121 148.6895929593841 340
1757642540182 148.65987479943277 341
1757642540243 148.630162590429 342
1757642540304 148.6004563311796 343
1757642540364 148.5707560204918 344
1757642540426 148.541061657173 345
1757642540487 148.51137324003082 346
1757642540547 148.4816907678731 347
1757642540607 148.45201423950795 348
1757642540669 148.42234365374378 349
1757642540730 148.39267900938916 350
1757642540790 148.36302030525283 351
1757642540851 148.33336754014397 352
1757642540913 148.30372071287186 353
1757642540974 148.27407982224602 354
1757642541035 148.24444486707625 355
1757642541096 148.21481584617257 356
1757642541157 148.18519275834527 357
1757642541216 148.15557560240478 358
1757642541277 148.12596437716192 359
1757642541339 148.0963590814276 360
1757642541407 148.06675971401313 361
1757642541470 148.0371662737299 362
1757642541532 148.00757875938962 363
1757642541593 147.9779971698042 364
1757642541654 147.94842150378588 365
1757642541716 147.91885176014702 366
1757642541778 147.88928793770023 367
1757642541840 147.85973003525848 368
1757642541906 147.8301780516349 369
1757642541969 147.8006319856428 370
1757642542031 147.77109183609582 371
1757642542093 147.74155760180776 372
1757642542155 147.71202928159275 373
1757642542216 147.68250687426507 374
1757642542279 147.65299037863932 375
1757642542340 147.62347979353024 376
1757642542403 147.59397511775293 377
1757642542463 147.56447635012256 378
1757642542524 147.53498348945476 379
1757642542586 147.50549653456517 380
1757642542648 147.47601548426985 381
1757642542708 147.44654033738496 382
1757642542769 147.417071092727 383
1757642542832 147.38760774911268 384
1757642542896 147.35815030535892 385
1757642542971 147.32869876028283 386
1757642543035 147.29925311270193 387
1757642543098 147.2698133614338 388
1757642543161 147.24037950529635 389
1757642543240 147.21095154310765 390
1757642543307 147.1815294736861 391
1757642543372 147.1521132958503 392
1757642543440 147.12270300841914 393
1757642543504 147.09329861021155 394
1757642543567 147.06390010004696 395
1757642543631 147.03450747674486 396
1757642543694 147.0051207391251 397
1757642543757 146.97573988600757 398
1757642543821 146.94636491621262 399
1757642543886 146.91699582856074 400
1757642543950 146.88763262187268 401
1757642544016 146.85827529496933 402
1757642544080 146.82892384667196 403
1757642544143 146.799578275802 404
1757642544206 146.7702385811811 405
1757642544271 146.74090476163119 406
1757642544335 146.71157681597438 407
1757642544398 146.68225474303316 408
1757642544459 146.65293854163008 409
1757642544524 146.62362821058798 410
1757642544588 146.59432374873 411
1757642544650 146.56502515487946 412
1757642544712 146.53573242785995 413
1757642544775 146.50644556649522 414
1757642544837 146.47716456960936 415
1757642544900 146.4478894360266 416
1757642544963 146.41862016457156 417
1757642545025 146.38935675406887 418
1757642545086 146.36009920334357 419
1757642545148 146.33084751122087 420
1757642545212 146.3016016765262 421
1757642545274 146.2723616980853 422
1757642545336 146.24312757472413 423
1757642545400 146.2138993052687 424
1757642545468 146.18467688854562 425
1757642545531 146.1554603233814 426
1757642545596 146.1262496086029 427
1757642545660 146.09704474303726 428
1757642545722 146.0678457255119 429
1757642545785 146.03865255485422 430
1757642545848 146.0094652298922 431
1757642545911 145.98028374945383 432
1757642545974 145.95110811236736 433
1757642546038 145.92193831746135 434
1757642546101 145.89277436356457 435
1757642546163 145.863616249506 436
1757642546225 145.83446397411478 437
1757642546289 145.8053175362205 438
1757642546350 145.77617693465282 439
1757642546414 145.7470421682416 440
1757642546477 145.7179132358171 441
1757642546540 145.6887901362096 442
1757642546603 145.65967286824988 443
1757642546667 145.63056143076872 444
1757642546730 145.60145582259725 445
1757642546791 145.57235604256678 446
1757642546855 145.54326208950894 447
1757642546919 145.51417396225548 448
1757642546982 145.4850916596385 449
1757642547045 145.45601518049025 450
1757642547109 145.42694452364321 451
1757642547172 145.3978796879302 452
1757642547234 145.36882067218417 453
1757642547298 145.3397674752383 454
1757642547369 145.31072009592603 455
1757642547433 145.28167853308116 456
1757642547502 145.25264278553746 457
1757642547568 145.22361285212918 458
1757642547637 145.1945887316907 459
1757642547702 145.16557042305658 460
1757642547765 145.13655792506174 461
1757642547829 145.10755123654124 462
1757642547894 145.07855035633042 463
1757642547960 145.0495552832648 464
1757642548023 145.02056601618023 465
1757642548088 144.99158255391265 466
1757642548152 144.96260489529837 467
1757642548228 144.93363303917388 468
1757642548297 144.90466698437592 469
1757642548364 144.8757067297414 470
1757642548431 144.8467522741076 471
1757642548496 144.81780361631183 472
1757642548626 144.78886075519185 473
1757642548699 144.7599236895855 474
1757642548767 144.7309924183309 475
1757642548835 144.70206694026646 476
1757642548902 144.67314725423068 477
1757642548968 144.6442333590625 478
1757642549034 144.6153252536009 479
1757642549100 144.5864229366852 480
1757642549167 144.5575264071549 481
1757642549233 144.5286356638498 482
1757642549299 144.49975070560987 483
1757642549365 144.47087153127532 484
1757642549431 144.4419981396867 485
1757642549497 144.41313052968454 486
1757642549567 144.38426870010986 487
1757642549632 144.3554126498038 488
1757642549706 144.32656237760776 489
1757642549773 144.29771788236337 490
1757642549840 144.2688791629124 491
1757642549906 144.24004621809706 492
1757642549972 144.21121904675957 493
1757642550037 144.18239764774253 494
1757642550101 144.1535820198887 495
1757642550165 144.1247721620411 496
1757642550229 144.095968073043 497
1757642550294 144.06716975173788 498
1757642550361 144.03837719696944 499
