1757630022350 75.42367871855382 0
1757630022446 27.96636164119123 1
1757630022549 12.713966404512952 2
1757630022642 8.139134851853377 3
1757630022733 2.013405411510467 4
1757630022837 0.39574962685538934 5
1757630022936 0.0652391497434433 6
1757630023030 6.651558875358055e-05 7
1757630023136 0.005464146189749238 8
1757630023252 0.5977215996228779 9
1757630023359 0.29362976700054416 10
1757630023455 0.00010907006452646362 11
1757630023552 0.8942987570336313 12
1757630023667 0.7040181469392892 13
1757630023765 0.012890380096811812 14
1757630023860 0.058834213319851086 15
1757630023951 0.10014810665993515 16
1757630024045 0.05542232672262878 17
1757630024138 0.0925581663841278 18
1757630024235 0.19366796989658436 19
1757630024333 0.25037179500106677 20
1757630024429 0.18362827285801364 21
1757630024522 0.000469966981604116 22
1757630024614 0.13626887472212726 23
1757630024704 0.03300629382468222 24
1757630024803 0.010320206595077335 25
1757630024902 0.03781257094975699 26
1757630024999 0.006518949033164461 27
1757630025095 0.09850757449702027 28
1757630025194 0.13726259254676423 29
1757630025292 0.104485959528198 30
1757630025392 0.07802895857760113 31
1757630025503 0.30219026827987794 32
1757630025610 0.1620938135348947 33
1757630025712 0.011913112635578508 34
1757630025851 0.03545584442561101 35
1757630025952 0.06526795946482382 36
1757630026053 0.18279562119092357 37
1757630026151 0.013503891983464954 38
1757630026254 0.04628245062735062 39
1757630026356 0.06070274172825637 40
1757630026458 0.04332526429597687 41
1757630026566 0.21299901112207428 42
1757630026669 0.08375390649875335 43
1757630026770 0.28356107309551803 44
1757630026868 0.02994004955609223 45
1757630026963 0.004811673472288081 46
1757630027059 0.14683994613147852 47
1757630027158 0.09559696060186874 48
1757630027252 0.023503181247101306 49
1757630027345 0.0110745170928919 50
1757630027453 0.22888330364868184 51
1757630027554 0.017776933801353877 52
1757630027651 0.05453838158306906 53
1757630027774 0.07026728178907214 54
1757630027873 0.057843064019179165 55
1757630027968 0.04245013546411548 56
1757630028069 0.23815141943599888 57
1757630028166 0.2600429549709802 58
1757630028263 0.16752406839459116 59
1757630028360 0.13732632791176924 60
1757630028466 0.007414682298291739 61
1757630028559 0.0021651622401415893 62
1757630028653 0.06029673110698851 63
1757630028751 0.12400943634474301 64
1757630028848 0.12080282172790814 65
1757630028946 0.004884893459891775 66
1757630029041 0.057725741700168906 67
1757630029134 0.2637788593280206 68
1757630029302 0.0093807843644171 69
1757630029402 0.06628293376255046 70
1757630029500 0.24356002469340846 71
1757630029597 1.1710441572020636 72
1757630029693 0.8649363977516425 73
1757630029798 0.018166184063796373 74
1757630029931 0.07862485284317257 75
1757630030030 0.10089407092617014 76
1757630030124 0.1313492740136031 77
1757630030222 0.04798320339426201 78
1757630030321 0.004688572008810375 79
1757630030423 0.11624595748197601 80
1757630030541 0.007388581512265176 81
1757630030643 0.40883047622906177 82
1757630030743 0.11528662579148784 83
1757630030839 0.005688166777679098 84
1757630030934 0.04546357290749248 85
1757630031136 0.023709769541019672 86
1757630031243 0.00015475470468545994 87
1757630031344 0.008099088137356254 88
1757630031441 0.00953306619566732 89
1757630031535 0.026201369538338588 90
1757630031628 0.6129307074763585 91
1757630031722 0.17424392537999775 92
1757630031818 0.04448121735499977 93
1757630031912 0.01414758227985487 94
1757630032002 0.20799421576479327 95
1757630032096 0.01704887055914036 96
1757630032190 0.01380217982707534 97
1757630032286 0.23523369525695226 98
1757630032377 0.13453540742730966 99
1757630032466 0.01278428887016065 100
1757630032577 0.03129328221914991 101
1757630032673 0.05327135046188329 102
1757630032811 0.07850606215158822 103
1757630032909 9.695026396820614e-05 104
1757630033000 0.014036185769311526 105
1757630033091 0.007434298827872513 106
1757630033181 0.00041917957275028686 107
1757630033270 0.03222401317577815 108
1757630033359 0.014661628772218563 109
1757630033448 0.003408203040876694 110
1757630033536 0.6327520080940101 111
1757630033624 0.400398178339129 112
1757630033712 0.24813745546962426 113
