1757647090598 115.11594737367442 0
1757647090659 80.62325666219462 1
1757647090723 57.207841629322985 2
1757647090787 40.37255776254796 3
1757647090847 28.000599781018792 4
1757647090905 19.97594045110001 5
1757647090971 14.807072258290324 6
1757647091031 10.947203556839515 7
1757647091089 7.2560829133573055 8
1757647091147 4.747079933502075 9
1757647091205 3.570476059184837 10
1757647091267 2.5918337613682354 11
1757647091325 2.388233883393898 12
1757647091383 1.5330705108250524 13
1757647091441 1.3090910129454203 14
1757647091498 0.857148671327553 15
1757647091555 0.5073939312513389 16
1757647091612 0.4421086496951208 17
1757647091667 0.45229990700370226 18
1757647091725 0.2834304391333624 19
1757647091789 0.4522855796503596 20
1757647091859 0.20410900302552956 21
1757647091918 0.318100609361682 22
1757647091978 0.11976092200343777 23
1757647092039 0.1173403975178263 24
1757647092098 0.17669778954134835 25
1757647092157 0.11243699379948766 26
1757647092220 0.1441048636317502 27
1757647092282 0.174705937289658 28
1757647092346 0.1354736612719774 29
1757647092409 0.13446815384251956 30
1757647092473 0.1460286516743176 31
1757647092535 0.14762742031935278 32
1757647092594 0.10374048427778387 33
1757647092654 0.18755969718631346 34
1757647092713 0.17392432178246933 35
1757647092772 0.15833310598828207 36
1757647092831 0.14020198351809268 37
1757647092890 0.12419004998229359 38
1757647092950 0.2005383271112234 39
1757647093009 0.08968964654534786 40
1757647093067 0.07827734891992387 41
1757647093126 0.13089654708224102 42
1757647093185 0.13882630868395024 43
1757647093244 0.0892803002696743 44
1757647093303 0.10866784222113907 45
1757647093360 0.14758061139323458 46
1757647093418 0.16294528653760118 47
1757647093475 0.15098501182350163 48
1757647093532 0.07782380600149184 49
1757647093590 0.1049478105673666 50
1757647093645 0.11725781991081988 51
1757647093701 0.1383387201404956 52
1757647093760 0.13916631752157946 53
1757647093821 0.09565849223790618 54
1757647093883 0.1693328542408879 55
1757647093940 0.06915684794840944 56
1757647093999 0.15669238654876358 57
1757647094055 0.1536767643543274 58
1757647094112 0.16620465281348146 59
1757647094170 0.10686578225724168 60
1757647094238 0.15493940858757405 61
1757647094304 0.12287122277864744 62
1757647094377 0.14175850684508326 63
1757647094437 0.1147593034318117 64
1757647094497 0.1621880595992168 65
