1757624970076 31.930142897795797 0
1757624970125 5.7601767018547765 1
1757624970169 1.3349594533200178 2
1757624970212 0.3329474425848884 3
1757624970259 0.14775322971014035 4
1757624970301 0.055294694191394544 5
1757624970344 0.10279930916180956 6
1757624970390 0.14996056412024128 7
1757624970434 0.10309544841034714 8
1757624970475 0.17995634442994166 9
1757624970518 0.09255168050006697 10
1757624970567 0.1321207040547991 11
1757624970614 0.08163212157552198 12
1757624970666 0.10229748852693113 13
1757624970713 0.140408032407053 14
1757624970755 0.06260436784139121 15
1757624970798 0.12566140472601586 16
1757624970838 0.07631928815639558 17
1757624970880 0.10038411539914947 18
1757624970925 0.1513479797966284 19
1757624970966 0.1663892728284965 20
1757624971008 0.12273304682456648 21
1757624971050 0.07049190322957773 22
