1757637922298 0.6569814110400803 0
1757637922405 0.0651377681550786 1
1757637922500 0.02988719605035917 2
1757637922592 0.001926875853960952 3
1757637922683 0.23239069129598605 4
1757637922781 0.09541351432119853 5
1757637922874 0.0007998105106602261 6
1757637922968 0.27694915297240486 7
1757637923057 0.15423103715314726 8
1757637923145 0.34057107179777546 9
1757637923234 0.4467839826805867 10
1757637923322 0.0001679935718134615 11
1757637923413 0.0003925982392419393 12
1757637923507 0.09732112073170371 13
1757637923611 0.3696385519310171 14
1757637923703 0.00713871307886158 15
1757637923792 0.25819638476140166 16
1757637923881 0.07858477861987052 17
1757637923980 0.0303871740481454 18
1757637924075 0.009047146830213681 19
1757637924164 3.9262756110167015e-06 20
1757637924254 0.007962614618045661 21
1757637924345 0.027079950620731624 22
1757637924433 0.02117090290103258 23
1757637924523 0.12700379857105928 24
1757637924613 0.02437941216782073 25
1757637924703 0.6107494807814976 26
1757637924792 0.031109227377226593 27
1757637924881 0.0033307810408464075 28
1757637924970 0.007750199632238328 29
1757637925059 0.07281489509006026 30
1757637925148 0.0001351316604378024 31
1757637925238 0.4477571136923269 32
1757637925328 5.142330130382769e-07 33
1757637925417 0.001885384155058895 34
1757637925506 0.07142653950759864 35
1757637925597 0.019169485051201328 36
1757637925747 0.06506592411677177 37
1757637925861 0.005323322909716506 38
1757637925956 0.12035993220084959 39
1757637926055 0.26444715337255315 40
1757637926146 0.13945615452265928 41
1757637926239 0.14255544643091647 42
1757637926334 0.06150077934146462 43
1757637926430 0.013398381198453775 44
1757637926519 0.001908418685721783 45
1757637926608 0.07587155551562656 46
1757637926700 3.0834499354832196e-06 47
1757637926792 0.2679030617141741 48
1757637926883 0.0016728886134216407 49
1757637926974 0.11656826822233639 50
1757637927064 0.0014459939319300728 51
1757637927153 0.0544521034806484 52
1757637927243 0.05867969964246788 53
1757637927340 0.034020099989577134 54
1757637927438 0.35171030912747037 55
1757637927531 0.46001545345547734 56
1757637927623 0.02653933844505412 57
1757637927715 0.14955460878620294 58
1757637927805 0.2817365646300914 59
1757637927897 0.10319686663602912 60
1757637927987 0.23427736197502946 61
1757637928086 0.028801179532920673 62
1757637928177 0.38219574622363806 63
1757637928267 0.05168289631023795 64
1757637928357 0.006364866863544953 65
1757637928452 0.003973068766630449 66
1757637928543 0.06289381695331481 67
1757637928633 0.006918375155827859 68
1757637928723 0.898946162399257 69
1757637928814 0.001259115668133257 70
1757637928904 0.0012442039408481524 71
1757637928995 0.0876317963509796 72
1757637929086 0.001532015979647172 73
1757637929176 0.22083126823342009 74
1757637929266 0.5632216923481231 75
1757637929357 0.006989091036467417 76
1757637929447 0.35207362854625085 77
1757637929548 0.7441511472628124 78
1757637929639 0.035592820883277705 79
1757637929730 0.3680430834715707 80
1757637929820 0.03351085647076047 81
1757637929910 0.27991485155070195 82
1757637930000 0.004219994528153088 83
1757637930098 0.08651746867239411 84
1757637930191 0.13924896893356012 85
1757637930282 0.000535739666067839 86
1757637930373 0.14197638776774382 87
1757637930464 0.04713171648612682 88
1757637930554 0.008839395090065084 89
1757637930645 0.0038894351882584107 90
1757637930736 9.027874824468638e-05 91
1757637930831 0.1352334784072715 92
1757637930923 0.23634570433897106 93
1757637931015 0.10639570881914773 94
1757637931105 0.001422734029814793 95
1757637931197 0.0002079047412260558 96
1757637931290 0.0016236313767115289 97
1757637931384 0.17198329714711336 98
1757637931475 0.0008422909489658458 99
1757637931578 0.019139547589507214 100
1757637931673 0.23175344366444736 101
1757637931766 0.05396378970929509 102
1757637931859 0.18834481453958352 103
1757637931996 0.04403305104656139 104
1757637932096 0.0138949980421447 105
1757637932192 0.3931188278332673 106
1757637932288 0.04984955280037446 107
1757637932399 0.049105074544456666 108
1757637932517 0.013726319840936507 109
1757637932647 0.012038545111076718 110
1757637932759 0.06652104716166651 111
1757637932857 0.28032620415235227 112
1757637932953 0.1315148171508341 113
1757637933048 0.44464512550402535 114
1757637933143 0.1487845381113325 115
1757637933237 0.2741032729520333 116
1757637933331 0.21217565932866678 117
1757637933426 0.02382240218347289 118
1757637933519 0.08859221399466202 119
1757637933611 0.29389078287678433 120
1757637933704 0.01492486662604768 121
1757637933795 0.028560994795366754 122
1757637933889 0.005166042356157912 123
1757637933979 0.07150263880045166 124
1757637934073 0.020670153813848142 125
1757637934175 0.11618023174697963 126
1757637934269 0.22059883746328315 127
1757637934361 0.17199423213348367 128
1757637934453 0.0197602719347177 129
1757637934546 0.10632056278930864 130
1757637934638 0.047459445753275514 131
1757637934730 0.007679879760043666 132
1757637934823 0.11796106304903395 133
1757637934914 0.09073722831833092 134
1757637935007 0.1326841293757921 135
1757637935102 0.027142156886774512 136
1757637935198 0.05835540475950414 137
1757637935291 0.16914744777918214 138
1757637935385 0.015439063318454476 139
1757637935477 0.04586968155657409 140
1757637935571 2.446904403284449e-07 141
1757637935663 0.4616964594009473 142
1757637935756 0.011711344170655207 143
1757637935849 0.9526307507955842 144
1757637935942 0.15841220557722202 145
1757637936034 0.9895536871696321 146
1757637936129 0.48667888381459 147
1757637936224 0.0010393282004662145 148
1757637936317 0.04196768037853378 149
1757637936409 0.06364251334513824 150
1757637936502 0.003253918814514136 151
1757637936595 0.05539555195115783 152
1757637936687 0.004958432294799684 153
1757637936779 0.008096764398690946 154
1757637936873 0.14170306189834872 155
1757637936965 0.031103041445520077 156
1757637937064 0.0005282397867742028 157
1757637937157 0.05189899346029613 158
1757637937250 0.08804244219315903 159
1757637937353 0.045116399952507394 160
1757637937452 0.16232945907182467 161
1757637937549 0.1139149880858027 162
1757637937644 0.030747014412816506 163
1757637937741 0.010743235326038164 164
1757637937837 0.8268007555712584 165
1757637937929 0.026091839157119493 166
1757637938022 0.009003762002768945 167
1757637938115 0.8310076281156402 168
1757637938214 0.360844746977522 169
1757637938308 0.048994678445181114 170
1757637938403 0.06797246423931039 171
1757637938497 0.005548271017986577 172
1757637938591 0.23528652810809453 173
1757637938685 0.040357517043837075 174
1757637938777 0.23415173343306198 175
1757637938872 0.34116086726052625 176
1757637938964 0.09472363558677879 177
1757637939057 0.03716108255150015 178
1757637939151 0.22883865791617342 179
1757637939245 0.24191802176543983 180
1757637939338 0.1167836227196681 181
1757637939431 0.02142084259562586 182
1757637939522 0.14423492586888587 183
1757637939616 0.06487539361097505 184
1757637939708 0.06848328237172212 185
1757637939802 0.037162000262593586 186
1757637939896 0.05491520923682112 187
1757637939989 0.45136727593299514 188
1757637940083 0.024534192646630624 189
1757637940179 0.21133199501358346 190
1757637940278 0.23032460071516633 191
1757637940373 0.00762523336418326 192
1757637940466 0.7269573630567527 193
1757637940559 0.13347038804124142 194
1757637940652 0.008146698383233725 195
1757637940747 0.08662745091201146 196
1757637940841 0.22611894050811154 197
1757637940934 0.05078427076671808 198
1757637941027 0.008944334634855356 199
1757637941122 0.06294737413651101 200
1757637941214 0.0048395133602932815 201
1757637941307 0.0006321917252888456 202
1757637941402 0.056495897647888337 203
1757637941496 0.009569069949201195 204
1757637941607 0.08275655265696685 205
1757637941703 0.07235320818001957 206
1757637941803 0.21600412251435622 207
1757637941899 0.051306202352292725 208
1757637941993 0.2639029695686118 209
1757637942087 0.21011889128281927 210
1757637942180 0.2071374226752952 211
1757637942281 0.0007155478715093858 212
1757637942392 0.19828921472720198 213
1757637942490 0.2978856675138796 214
1757637942588 3.216993808376101e-05 215
1757637942685 0.004230709034851055 216
1757637942791 0.11156979930836258 217
1757637942898 0.04906712864109625 218
1757637942994 0.12949548086182508 219
1757637943088 0.06980716665464347 220
1757637943182 0.10951385486746629 221
1757637943276 0.025358416131438594 222
1757637943373 1.1902991273485728 223
1757637943469 0.13869716769002846 224
1757637943565 0.017399138205743223 225
1757637943661 0.3195421911491439 226
1757637943755 0.3422747088903114 227
1757637943851 0.02298770795047357 228
1757637943944 0.16478308919100043 229
1757637944044 0.1380627507947155 230
1757637944147 0.012623899537318555 231
1757637944245 0.2827074765612039 232
1757637944346 0.11331430058303199 233
1757637944441 0.00016379755759362403 234
1757637944535 0.0003570203196081901 235
1757637944630 0.00053518590837703 236
1757637944725 0.0002723362306937432 237
1757637944820 0.04253331181330392 238
1757637944913 0.004136370402455658 239
1757637945008 0.06346578892309655 240
1757637945101 0.12212194046355818 241
1757637945197 0.0001242655384161386 242
1757637945291 0.003603413619189475 243
1757637945387 0.028283605753251666 244
1757637945482 0.06089674449679839 245
1757637945577 0.0022364176048408893 246
1757637945672 0.03824889692900096 247
1757637945780 0.0013166168074717655 248
1757637945880 0.09028343987908703 249
1757637945977 0.5894024426458123 250
1757637946072 0.6401542250321013 251
1757637946165 0.03478432242857233 252
1757637946260 0.14859268494517927 253
1757637946363 0.014172316518581024 254
1757637946459 0.01166098731162691 255
1757637946553 0.23503688113617383 256
1757637946649 0.023977190217226413 257
1757637946742 0.0018323863235139449 258
1757637946838 1.794542907139334e-05 259
1757637946933 0.036021266294265795 260
1757637947029 0.0012321024355442542 261
1757637947125 0.024686954174051114 262
1757637947220 0.04466544969803494 263
1757637947320 0.006025060580078866 264
1757637947430 0.08623980588994745 265
1757637947529 0.04777010970410665 266
1757637947626 0.05625871748793869 267
1757637947728 0.012001813000268115 268
1757637947823 2.052816530525588 269
1757637947920 0.41117693951114515 270
1757637948019 0.6817232101813719 271
1757637948114 0.00013640920051440468 272
1757637948211 0.37908126327326647 273
1757637948308 0.0004956970095460925 274
1757637948410 0.002029834771202961 275
1757637948508 0.06147430175541815 276
1757637948603 0.04242791156427181 277
1757637948701 0.8575618509969727 278
1757637948795 0.15220004209220228 279
1757637948892 0.0711882584081347 280
1757637948986 0.03091212460455766 281
1757637949082 0.002216201101187802 282
1757637949178 0.05250357181687544 283
1757637949324 0.2199088330735147 284
1757637949426 0.16476540374959922 285
1757637949525 0.2730413194171499 286
1757637949706 0.03841540642692852 287
1757637949811 0.14464024814194665 288
1757637949914 0.010294138737098403 289
1757637950013 0.4257550915319129 290
1757637950111 0.0014192762337798775 291
1757637950210 0.6321049312572733 292
1757637950335 0.004794494847763411 293
1757637950440 0.024378991806251613 294
1757637950539 0.17565925325998485 295
1757637950638 0.048892419469653135 296
1757637950736 0.03143723021116608 297
1757637950835 0.3937561545186297 298
1757637950933 0.02586590893391514 299
1757637951028 0.03694071496817386 300
1757637951122 0.03655386010980886 301
1757637951217 0.002272658156794159 302
1757637951311 0.00459942275084159 303
1757637951407 0.001101733269634288 304
1757637951506 0.025737474534354245 305
1757637951611 0.00033842368785086803 306
1757637951710 0.007126014980988783 307
1757637951806 0.05119943192355484 308
1757637951903 0.178051439295956 309
1757637951999 0.009277328929989276 310
1757637952095 0.11258577780139643 311
1757637952190 0.048321462673397764 312
1757637952286 0.2932985074777687 313
1757637952397 0.10444287296182397 314
1757637952526 0.007534808586546543 315
1757637952626 0.11194624240911992 316
1757637952724 0.002472962237534315 317
1757637952822 0.024981680254050283 318
1757637952918 0.3683938544797621 319
1757637953015 0.07356699954561945 320
1757637953110 0.22853582526893795 321
1757637953207 0.0021010171986759916 322
1757637953304 0.02879942911570649 323
1757637953402 0.003360355407290811 324
1757637953499 0.3119255811587514 325
1757637953596 0.096835395282656 326
1757637953693 0.19560825834226891 327
1757637953788 0.031575843222952205 328
1757637953884 0.05507590270252498 329
1757637953980 0.032856642255698176 330
1757637954077 0.03735060935836523 331
1757637954175 0.055386918002953665 332
1757637954272 0.02034665605517853 333
1757637954367 0.045744929846154116 334
1757637954468 0.8037805474204226 335
1757637954568 0.39377603766035985 336
1757637954664 0.06252485382125837 337
1757637954760 0.09805680272806537 338
1757637954856 0.00486333218211507 339
1757637954953 0.015617711172992021 340
1757637955049 0.2663816247656391 341
1757637955145 0.08465522590304123 342
1757637955242 0.019453663063687582 343
1757637955339 0.3731564832124256 344
1757637955436 0.0042876301186818705 345
1757637955533 0.06853601014257919 346
1757637955630 0.21081056555363561 347
1757637955727 0.17278464937108 348
1757637955822 0.04230705062125361 349
1757637955920 0.11501500131886574 350
1757637956016 0.009741724608777902 351
1757637956112 0.06253981739541443 352
1757637956207 0.1426971652771757 353
1757637956305 0.0013813822878442593 354
1757637956402 0.0454634199983453 355
1757637956504 0.6644598907656496 356
1757637956603 0.00712173624816228 357
1757637956700 0.0019006819045830415 358
1757637956796 0.7152741646512586 359
1757637956893 0.4326798920861592 360
1757637956991 0.23956498312762978 361
1757637957088 0.018254106311815187 362
1757637957185 0.01782866946309993 363
1757637957282 0.08680841973536416 364
1757637957392 0.9115098553093676 365
1757637957492 0.08508198500543786 366
1757637957591 0.24528160497376678 367
1757637957690 8.510227680728331e-05 368
1757637957789 0.2229133705629311 369
1757637957885 0.262879485580999 370
1757637957982 0.018910518756958292 371
1757637958080 0.018875962530600376 372
1757637958176 0.3424242688281125 373
1757637958276 0.11433011900101542 374
1757637958375 0.03935330133372976 375
1757637958476 0.12490699264378899 376
1757637958582 0.06989291356724253 377
1757637958679 0.0025121019338163724 378
1757637958777 0.005240173579551422 379
1757637958874 0.06256005323117629 380
1757637958971 0.06412811645441129 381
1757637959070 0.09201900649783697 382
1757637959167 0.2480094538928439 383
1757637959264 0.19835963311488344 384
1757637959362 0.07987086240578818 385
1757637959459 0.0898814969077209 386
1757637959555 0.03758410259419994 387
1757637959653 0.2582562260211734 388
1757637959751 0.09457470165851717 389
1757637959849 0.007000518103803337 390
1757637959948 0.15176101879295203 391
1757637960047 0.660642627003802 392
1757637960144 0.11913124367628013 393
1757637960242 0.0010434658496061566 394
1757637960341 0.2618909323998592 395
1757637960438 0.021371726282135694 396
1757637960539 0.03336366528585338 397
1757637960638 0.020905079848173254 398
1757637960737 0.11873432155711745 399
1757637960835 0.14530640893680946 400
1757637960932 0.4706304892195779 401
1757637961030 0.01958646064279408 402
1757637961127 0.11928599571025542 403
1757637961223 0.023460903880215243 404
1757637961321 0.08846033366416245 405
1757637961419 0.34546137671692045 406
1757637961522 0.0009898090686791905 407
1757637961634 0.03114463264016495 408
1757637961735 0.13410537378709206 409
1757637961835 0.030017682181032783 410
1757637961933 0.02021757342762932 411
1757637962031 0.02276364973300468 412
1757637962130 0.044773577115751154 413
1757637962228 0.2086671070562644 414
1757637962329 0.0011761343140126038 415
1757637962439 0.2721056426682389 416
1757637962542 0.056635186713763774 417
1757637962644 0.0032288282776586786 418
1757637962745 0.04781261900868393 419
1757637962845 0.019239920278392747 420
1757637962945 0.01667900008617709 421
1757637963043 0.08407992973407703 422
1757637963141 0.03489269805478596 423
1757637963287 0.07617967108658733 424
1757637963391 0.678422253100627 425
1757637963492 0.5152117307626607 426
1757637963594 0.021617313609387477 427
1757637963693 0.02290537939429855 428
1757637963791 3.815606770940543e-05 429
1757637963889 0.19853993170352618 430
1757637963987 0.14002586420705262 431
1757637964087 0.11035852691762449 432
1757637964186 0.038689988995967796 433
1757637964285 0.12392963703332734 434
1757637964384 0.008827591812433701 435
1757637964483 0.007005216011851187 436
1757637964583 0.012238931947497209 437
1757637964685 0.09616465546212231 438
1757637964784 0.0001553200464616981 439
1757637964883 0.005054317649424947 440
1757637964982 0.07101837845132315 441
1757637965081 0.04244238094417672 442
1757637965179 0.014480474680154266 443
1757637965278 0.14800095792841536 444
1757637965377 0.0791110667512871 445
1757637965475 0.009145577159720345 446
1757637965573 0.018916152229742085 447
1757637965670 0.09080274163302748 448
1757637965769 0.11739691305448408 449
1757637965878 0.4416597152221864 450
1757637965983 0.24581865587568041 451
1757637966085 0.05301218958722339 452
1757637966184 0.10672237705279515 453
1757637966281 0.016778326631127192 454
1757637966380 0.47541233125289145 455
1757637966479 0.00036528033792461066 456
1757637966577 0.5300226576418755 457
1757637966683 0.2635699766259394 458
1757637966781 0.007094577333632374 459
1757637966882 0.015982195967370348 460
1757637966982 0.016580933251426448 461
1757637967081 0.0006014591907236696 462
1757637967179 0.003652486343669969 463
1757637967278 4.589977699441132e-05 464
1757637967387 0.011826986257704442 465
1757637967490 0.19097142015188892 466
1757637967592 0.17870037819038084 467
1757637967693 0.1595065807565785 468
1757637967794 0.07687399946165546 469
1757637967894 0.04173294207786429 470
1757637967995 0.03241701712399907 471
1757637968097 0.06486330347334232 472
1757637968196 0.06444603037279788 473
1757637968294 0.12344206403906398 474
1757637968395 0.5771964471371053 475
1757637968496 0.008467198006939316 476
1757637968597 0.14391057706723712 477
1757637968704 0.02369895141201433 478
1757637968808 0.026791846505791427 479
1757637968908 0.014780286670467687 480
1757637969006 0.0004853605300984015 481
1757637969110 0.054830898319328275 482
1757637969209 0.9714597863679992 483
1757637969310 0.009000930411447351 484
1757637969409 0.15300290927469462 485
1757637969508 0.05180971986476015 486
1757637969607 0.018442743296534923 487
1757637969707 0.021334069475150794 488
1757637969806 0.08594503438391657 489
1757637969906 0.08885101955005793 490
1757637970005 0.49342283975108386 491
1757637970104 0.08468736347358513 492
1757637970204 0.032283317693033865 493
1757637970303 0.14629579627068495 494
1757637970402 0.03735406072305605 495
1757637970502 0.38540406606555 496
1757637970601 0.057846933824600794 497
1757637970704 0.0010087933666438065 498
1757637970806 0.925883061551191 499
