1757630248599 167.4730335778251 0
1757630248672 155.69103371966463 1
1757630248733 152.64779254113375 2
1757630248817 148.75759444576275 3
1757630248888 140.37204355508683 4
1757630248953 144.02462784781494 5
1757630249011 136.85802310386921 6
1757630249063 128.6011271137247 7
1757630249114 123.79385282901023 8
1757630249166 117.95564165457897 9
1757630249222 116.81614672491818 10
1757630249274 109.51698739697407 11
1757630249323 111.11295244304266 12
1757630249374 107.55616999148768 13
1757630249424 104.13357862044302 14
1757630249476 98.13544756756562 15
1757630249538 93.52965336668272 16
1757630249608 90.50982312515559 17
1757630249672 88.80100059137825 18
1757630249728 83.38564241941717 19
1757630249781 80.84852888122177 20
1757630249839 79.62141260072549 21
1757630249897 77.47273560502964 22
1757630249954 74.32729410421054 23
1757630250012 71.98590274214965 24
1757630250063 69.32505649089846 25
1757630250114 71.42646391646323 26
1757630250167 64.28595808293416 27
1757630250222 62.28577684145224 28
1757630250279 62.82916179223562 29
1757630250343 54.49846212472358 30
1757630250415 55.594906776500196 31
1757630250498 56.43250074397788 32
1757630250589 53.41069336189437 33
1757630250662 52.45505900641504 34
1757630250739 48.2559530737303 35
1757630250812 48.40404028233056 36
1757630250887 45.510757118165735 37
1757630250955 43.51493364023592 38
1757630251020 41.3090496740019 39
1757630251087 41.48660164833368 40
1757630251147 38.961549090876055 41
1757630251214 39.7742278801805 42
1757630251289 37.78410590689794 43
1757630251357 35.33069973462393 44
1757630251422 33.34625470663868 45
1757630251489 35.43441796981622 46
1757630251553 33.3596363151309 47
1757630251616 33.71242249387309 48
1757630251677 31.570404900363165 49
1757630251739 28.597368451378674 50
1757630251797 27.30218454906326 51
1757630251856 28.165586468356977 52
1757630251912 26.000126917150762 53
1757630251981 24.046147110825835 54
1757630252057 24.41548381991901 55
1757630252119 24.07972506456985 56
1757630252186 22.72346529445089 57
1757630252246 23.394796189252954 58
1757630252310 22.326812996307094 59
1757630252372 20.293063334424257 60
1757630252431 20.61904702837425 61
1757630252489 20.191454141046055 62
1757630252548 19.85413325177446 63
1757630252605 17.26798765312249 64
1757630252665 16.884000531174493 65
1757630252731 16.636150041803415 66
1757630252792 16.606518455756234 67
1757630252853 16.643823167704504 68
1757630252910 14.659780142164415 69
1757630252970 15.399007277340868 70
1757630253032 14.245829177463936 71
1757630253091 14.681447374191649 72
1757630253147 13.73299406249696 73
1757630253203 12.034489154936315 74
1757630253256 12.311127576396004 75
1757630253308 12.724938416063772 76
1757630253361 11.023799819268909 77
1757630253414 10.627381429667173 78
1757630253468 11.309674823094575 79
1757630253530 10.393750595872941 80
1757630253596 10.158364621355009 81
1757630253661 10.077918299762452 82
1757630253731 9.316376623097977 83
1757630253798 9.347049408471857 84
1757630253863 9.271172876092713 85
1757630253929 8.485507811122323 86
1757630253994 7.287477114871998 87
1757630254060 8.435868647929986 88
1757630254126 8.316309513751953 89
1757630254186 7.548133726384746 90
1757630254244 7.930363058877888 91
1757630254302 7.637877954363501 92
1757630254358 6.152071085454101 93
1757630254423 6.134597576885741 94
1757630254489 6.755452156455299 95
1757630254558 6.11996816825073 96
1757630254623 5.604767358706737 97
1757630254703 5.756857907956278 98
1757630254765 5.184380184506902 99
1757630254827 5.51839635986708 100
1757630254898 6.1377579948328425 101
1757630254954 4.718207095857165 102
1757630255010 4.272708535631593 103
1757630255070 4.923169035238914 104
1757630255126 4.595930506335579 105
1757630255195 4.421131652926681 106
1757630255263 4.4829128403610765 107
1757630255327 3.866816710483871 108
1757630255393 4.257332195602291 109
1757630255471 4.070254164276753 110
1757630255545 3.5876516448183278 111
1757630255606 3.552202842999593 112
1757630255664 3.4614871843319213 113
1757630255724 3.5020891163678587 114
1757630255780 3.485969218798448 115
1757630255834 3.229652911772181 116
1757630255890 2.841971119913201 117
1757630255958 3.244858428163369 118
1757630256028 2.817219153352606 119
1757630256089 3.259813833569184 120
1757630256158 2.518396022701463 121
1757630256218 2.6770543674566882 122
1757630256277 2.381897559439276 123
1757630256332 2.8749815772190863 124
1757630256389 2.1593013046126344 125
1757630256447 2.3392204261398715 126
1757630256510 2.0725768102887896 127
1757630256567 2.204643025402165 128
1757630256626 2.0292022689687386 129
1757630256681 2.176801842278339 130
1757630256736 1.999504193128415 131
1757630256791 1.9019156572620464 132
1757630256846 1.9344360607463247 133
1757630256901 1.639698678455003 134
1757630256954 1.839089352950999 135
1757630257009 1.6754581389631245 136
1757630257062 1.458350248138883 137
1757630257115 1.721532830396989 138
1757630257168 1.3234042829594068 139
1757630257221 1.5151612928647136 140
1757630257274 1.4971976463679895 141
1757630257326 1.2653740980154315 142
1757630257378 1.2519711515892589 143
1757630257429 1.566256865092267 144
1757630257480 1.255773000730061 145
1757630257533 1.1791349979885786 146
1757630257584 1.0045140153139858 147
1757630257635 0.9073414569760213 148
1757630257687 1.156308024547465 149
1757630257738 1.2653167360661972 150
1757630257790 0.8725109784291897 151
1757630257843 1.0665699363126229 152
1757630257894 1.0070997749995347 153
1757630257945 0.837370563946476 154
1757630257997 0.9491144759474249 155
1757630258048 0.8812282966700355 156
1757630258099 0.8742532577845301 157
1757630258153 0.9703277189366574 158
1757630258207 0.900692410940789 159
1757630258265 0.8217545685690478 160
1757630258319 0.833134385551613 161
1757630258370 0.7742466977246351 162
1757630258422 0.635269766546258 163
1757630258474 0.689768892531993 164
1757630258538 0.6753037356429097 165
1757630258593 0.8390567559651971 166
1757630258645 0.5680302005129033 167
1757630258697 0.6971849231113559 168
1757630258748 0.6821047970813369 169
1757630258811 0.4909802318258882 170
1757630258886 0.7686191427192238 171
1757630259004 0.6452137466117748 172
1757630259062 0.5406103045174413 173
1757630259118 0.6853812574219834 174
1757630259175 0.5707147193843459 175
1757630259231 0.5332008308374726 176
1757630259286 0.5879829513076912 177
1757630259344 0.6058732883310339 178
1757630259405 0.4905761197016787 179
1757630259461 0.5669287057599883 180
1757630259516 0.47620069144925226 181
1757630259573 0.5389978802945161 182
1757630259626 0.37186876390928547 183
1757630259680 0.4688756395130561 184
1757630259734 0.4771706407972769 185
1757630259788 0.3763848470261782 186
1757630259840 0.35477033956578313 187
1757630259892 0.4336351865100205 188
1757630259947 0.39371129440203406 189
1757630260002 0.42755897821070243 190
1757630260055 0.332560467745985 191
1757630260106 0.38406132365711937 192
1757630260158 0.3444461225298785 193
1757630260215 0.23646392337550112 194
1757630260267 0.37738334213144115 195
1757630260319 0.17110237142635024 196
1757630260371 0.29590651967319537 197
1757630260423 0.16897722271915402 198
1757630260481 0.30342877727125545 199
1757630260549 0.3300684580347396 200
1757630260604 0.3553304246093852 201
1757630260659 0.2208064749337748 202
1757630260712 0.2775644307199166 203
1757630260764 0.2638882024856852 204
1757630260817 0.2374617488610608 205
1757630260869 0.22144976835683347 206
1757630260922 0.2543295814073947 207
1757630260974 0.21690273842662972 208
1757630261028 0.2876053586990616 209
1757630261081 0.28258791331601324 210
1757630261134 0.22758619603191882 211
1757630261187 0.24152166168731973 212
1757630261240 0.2748359545369123 213
1757630261294 0.19607985775394865 214
1757630261346 0.20582941500926502 215
1757630261401 0.18412664084487027 216
1757630261454 0.23932748160802775 217
1757630261508 0.24621202552617558 218
1757630261563 0.17204563075367318 219
1757630261617 0.1781939627445911 220
1757630261671 0.20037791657568702 221
1757630261725 0.2256191893908177 222
1757630261779 0.28220684631594334 223
1757630261832 0.2576079983538342 224
1757630261885 0.27617666559672616 225
1757630261938 0.13272680443418322 226
1757630261991 0.35373711478149217 227
1757630262044 0.19080237327120866 228
1757630262097 0.18157732948623648 229
1757630262150 0.18358057870381622 230
1757630262205 0.3637404792644282 231
1757630262262 0.15892217993233615 232
1757630262316 0.23778860090928494 233
1757630262370 0.20789123627456324 234
1757630262424 0.13925921334728475 235
1757630262550 0.28220336865518325 236
1757630262608 0.1870100428454103 237
1757630262667 0.18393862176881526 238
1757630262724 0.21762396798984063 239
1757630262781 0.15976078452161405 240
1757630262837 0.13102494790259198 241
1757630262891 0.1883632998639405 242
1757630262944 0.16219104397394435 243
1757630262998 0.13475735508858183 244
1757630263052 0.13298811194077817 245
1757630263104 0.22805644700673106 246
1757630263157 0.16764889919124754 247
1757630263210 0.23725156490807936 248
1757630263264 0.11162019534915892 249
1757630263317 0.17962372511789593 250
1757630263370 0.16234455251652047 251
1757630263423 0.213057901040554 252
1757630263476 0.1721946661109092 253
1757630263531 0.1573904170267469 254
1757630263587 0.07930564877737899 255
1757630263642 0.1225928680748664 256
1757630263696 0.16134174719898364 257
1757630263749 0.16821294450765964 258
1757630263802 0.14929735563205948 259
1757630263857 0.19332059593986237 260
1757630263910 0.15565896276245877 261
1757630263964 0.1548244439392094 262
1757630264019 0.12763982256172213 263
1757630264074 0.19485673750922203 264
1757630264127 0.14026742964378686 265
1757630264180 0.12763529933116746 266
1757630264235 0.12102683902426684 267
1757630264298 0.15658627436110498 268
1757630264353 0.11350120828001596 269
1757630264408 0.10707560305565578 270
1757630264463 0.14983056537880263 271
1757630264522 0.24479888195220034 272
1757630264575 0.13598060878791676 273
1757630264628 0.17177932683674574 274
1757630264681 0.10147971193830788 275
1757630264737 0.16034688729267577 276
1757630264793 0.09260107330989974 277
1757630264846 0.1525150949848218 278
1757630264900 0.10183800851029094 279
1757630264956 0.07478103409946396 280
1757630265010 0.2382593396193918 281
1757630265063 0.20136012486743804 282
1757630265119 0.13170160054972543 283
1757630265174 0.10949116244809672 284
1757630265227 0.12225147188788536 285
1757630265281 0.15148623699633673 286
1757630265334 0.10859276670428128 287
1757630265387 0.16567398063206557 288
1757630265440 0.25813293164790957 289
1757630265504 0.1418878495077223 290
1757630265567 0.14133651440437184 291
1757630265622 0.15339892195082983 292
1757630265677 0.10263473542801109 293
1757630265745 0.12607434002659854 294
1757630265802 0.08312894003219592 295
1757630265861 0.10476203189872929 296
1757630265917 0.10893285748787973 297
1757630265972 0.11966060148520148 298
1757630266028 0.1111946754367958 299
1757630266082 0.14435314161134485 300
1757630266141 0.1328402766187311 301
1757630266195 0.11816807319146963 302
1757630266250 0.11226324590715177 303
1757630266310 0.15014772173010216 304
1757630266365 0.2107443504733464 305
1757630266421 0.15164453948389967 306
1757630266476 0.23764290160555548 307
1757630266531 0.10152954605813845 308
1757630266588 0.12237658843954619 309
1757630266642 0.10386615766740993 310
1757630266697 0.09808082626709522 311
1757630266753 0.5271902610199971 312
1757630266808 0.16330268975618129 313
1757630266863 0.13609430943229162 314
1757630266918 0.12204885165187791 315
1757630266974 0.08801960669910722 316
1757630267029 0.08482925993081561 317
1757630267085 0.12362693704560596 318
1757630267140 0.1773663977796371 319
1757630267194 0.20419247087533982 320
1757630267249 0.07805791055810103 321
1757630267305 0.13095651218139076 322
1757630267361 0.13141236708908668 323
1757630267417 0.10808877138948371 324
1757630267472 0.11073619470052604 325
1757630267527 0.1450174050304704 326
1757630267583 0.5990211771757131 327
1757630267636 0.13194866043420508 328
1757630267691 0.08474510127104228 329
1757630267745 0.10694426548895994 330
1757630267798 0.05864556362175389 331
1757630267853 0.17174081934118957 332
1757630267907 0.13699461180855893 333
1757630267961 0.11779740224753202 334
1757630268016 0.16380770536179387 335
1757630268070 0.15167602746533945 336
1757630268125 0.14570827859453928 337
1757630268182 0.1738625623691716 338
1757630268236 0.10485152694301263 339
1757630268292 0.17173627518165624 340
1757630268351 0.14145188904161426 341
1757630268407 0.10868333832400127 342
1757630268463 0.10156849924499727 343
1757630268541 0.10306635414740037 344
1757630268599 0.13352621077349894 345
1757630268655 0.11182984278446977 346
1757630268710 0.1328741840777956 347
1757630268768 0.11321431892521124 348
1757630268824 0.2307941699480838 349
1757630268880 0.16542597327033925 350
1757630268936 0.13588564891513688 351
1757630268992 0.10109895909559304 352
1757630269045 0.09870868944244517 353
1757630269102 0.15846699523330557 354
1757630269156 0.12994632427710948 355
1757630269211 0.2146654134583151 356
1757630269267 0.20847527893448733 357
1757630269323 0.1663521584075288 358
1757630269378 0.09475466801518946 359
1757630269433 0.10110342121628896 360
1757630269488 0.08960197105032014 361
1757630269545 0.1263905646592601 362
1757630269600 0.14143312436238123 363
1757630269657 0.0938377405909575 364
1757630269714 0.17310925408105302 365
1757630269770 0.1093817270266235 366
1757630269850 0.08797779754345364 367
1757630269913 0.1455812098654516 368
1757630269971 0.15278316448316082 369
1757630270028 0.12631078400519924 370
1757630270086 0.1420587552997168 371
1757630270143 0.14692016444906603 372
1757630270200 0.1742394857633528 373
1757630270257 0.1335470510797077 374
1757630270314 0.16863892142900255 375
1757630270375 0.0814948429043262 376
1757630270432 0.1820333132354747 377
1757630270501 0.08433686245418846 378
1757630270571 0.15023458345041274 379
1757630270630 0.11784484647655097 380
1757630270691 0.12961861557138263 381
1757630270748 0.10816725570007216 382
1757630270804 0.08881009980646809 383
1757630270861 0.12719714141039082 384
1757630270917 0.24862566965182722 385
1757630270974 0.13426239333125578 386
1757630271031 0.052863392450500556 387
1757630271089 0.14683172311807252 388
1757630271145 0.10811340432271493 389
1757630271201 0.12160639504049568 390
1757630271258 0.11861949703136326 391
1757630271316 0.0857339074255871 392
1757630271373 0.0998318962509614 393
1757630271430 0.08891746669409457 394
1757630271488 0.14749905681700368 395
1757630271546 0.1614606733465567 396
1757630271606 0.11703559032857255 397
1757630271663 0.10803415088886037 398
1757630271720 0.1373441972037903 399
1757630271775 0.12148011849942326 400
1757630271832 0.10852013300574066 401
1757630271888 0.08175581226331301 402
1757630271944 0.0616780300291122 403
1757630272000 0.1324020815775071 404
1757630272056 0.12736977125445792 405
1757630272112 0.16281727816010938 406
1757630272168 0.1262823834396516 407
1757630272225 0.12383679484096473 408
1757630272283 0.18067080219597637 409
1757630272339 0.17119914438981715 410
1757630272401 0.199381336895925 411
1757630272463 0.124155569045615 412
1757630272526 0.10493937973182263 413
1757630272588 0.12879908890238323 414
1757630272647 0.09516031926382237 415
1757630272705 0.1276319638695904 416
1757630272763 0.13342488952723838 417
1757630272820 0.11490912647729096 418
1757630272877 0.14362094134376974 419
1757630272934 0.15248254078476992 420
1757630272991 0.1840146208108039 421
1757630273047 0.11384721604739732 422
1757630273102 0.1186706653139915 423
1757630273157 0.09278777449631774 424
1757630273213 0.18299847752339898 425
1757630273267 0.14414453143435968 426
1757630273322 0.1592340265436139 427
1757630273378 0.12568256373933487 428
1757630273433 0.11427554677925932 429
1757630273488 0.2031117911825457 430
1757630273544 0.18905719575834629 431
1757630273600 0.1947813764647981 432
1757630273655 0.09180762931827399 433
1757630273712 0.14381002936955076 434
1757630273773 0.12262231108495801 435
1757630273829 0.16599920601569368 436
1757630273884 0.11710502318942001 437
1757630273939 0.12243267126104433 438
1757630273994 0.14205389577364275 439
1757630274055 0.2311524358669574 440
1757630274111 0.09293667661471149 441
1757630274165 0.12830169379529552 442
1757630274221 0.09609707523359491 443
1757630274278 0.09824767217590849 444
1757630274333 0.1476341739191433 445
1757630274390 0.11604652345488134 446
1757630274453 0.1709664693899892 447
1757630274511 0.12018617294670608 448
1757630274570 0.11513882694639353 449
1757630274689 0.1432719235429729 450
1757630274746 0.16612211735032653 451
1757630274802 0.2041377047009702 452
1757630274857 0.09269464328784319 453
1757630274913 0.2690722783879783 454
1757630274969 0.1169511886757276 455
1757630275025 0.07942101950919248 456
1757630275081 0.1655900760806349 457
1757630275136 0.10324059256912557 458
