1757625454701 31.601013691423486 0
1757625454744 5.557308320403083 1
1757625454788 1.0014438316652334 2
1757625454831 0.36746866704987796 3
1757625454874 0.19427621650214755 4
1757625454923 0.11409656408489696 5
1757625454972 0.11558994531043577 6
1757625455016 0.11676670620992936 7
1757625455060 0.14038106865242633 8
1757625455105 0.16749487961590376 9
1757625455148 0.09091731448466227 10
1757625455194 0.10204285030412555 11
1757625455240 0.15810027837860277 12
1757625455284 0.13893420854747793 13
1757625455327 0.10102516147965368 14
1757625455370 0.11488324053297666 15
1757625455413 0.15086829048339834 16
1757625455463 0.07045752016991666 17
1757625455506 0.09675167429066975 18
1757625455550 0.1093268267895311 19
1757625455592 0.1196946516187949 20
1757625455635 0.11508576839972252 21
1757625455678 0.09936281576040992 22
1757625455721 0.10527956668312098 23
1757625455765 0.10421391943783079 24
1757625455807 0.10599146610865919 25
1757625455851 0.1145075952201825 26
1757625455894 0.12533492656312267 27
1757625455938 0.11656593973297505 28
1757625455982 0.058086229660991515 29
1757625456027 0.08082616028503761 30
1757625456070 0.10364075305272116 31
1757625456114 0.0843673066483721 32
1757625456158 0.09645558282202876 33
1757625456202 0.13319385396505373 34
1757625456246 0.17637989912964464 35
1757625456289 0.09245968180666034 36
1757625456332 0.06365158654150024 37
1757625456375 0.08683815884540279 38
1757625456419 0.11748779828393191 39
1757625456463 0.14215097113443104 40
1757625456506 0.1067796565395985 41
1757625456550 0.08624279388768585 42
1757625456592 0.11907643307558577 43
1757625456636 0.11824047458478087 44
1757625456679 0.11082660188561644 45
1757625456723 0.13107879099699662 46
1757625456767 0.08224202508077341 47
1757625456811 0.11328972336141492 48
1757625456856 0.07857835584660328 49
1757625456899 0.0878995633730377 50
1757625456943 0.08495413116744932 51
1757625456987 0.08926197529541356 52
1757625457032 0.07356358380029869 53
1757625457086 0.12354009627800949 54
1757625457135 0.12187914890449818 55
1757625457226 0.10023350025668416 56
1757625457277 0.08283388937234262 57
1757625457325 0.07144417756908875 58
1757625457375 0.14772508950932767 59
1757625457423 0.07320854439965901 60
1757625457476 0.11787767689975293 61
1757625457524 0.12180980949446525 62
1757625457568 0.16156203131131142 63
1757625457612 0.06536869999254404 64
1757625457659 0.11477809383090533 65
1757625457704 0.12121171756508944 66
1757625457749 0.19569483486438755 67
1757625457791 0.12111842682310087 68
1757625457834 0.06927187726153425 69
1757625457884 0.08144249290447343 70
1757625457942 0.0910276838815337 71
1757625457987 0.10005131553641324 72
1757625458033 0.09370479263799009 73
1757625458080 0.12433153030113683 74
1757625458127 0.12255246179751186 75
1757625458172 0.08435608243268067 76
1757625458216 0.13713753317904423 77
1757625458261 0.09987613678950037 78
1757625458306 0.14698101149765347 79
1757625458351 0.15632438183109765 80
1757625458395 0.14858176367152526 81
1757625458441 0.10463867742414042 82
1757625458486 0.11410484993231026 83
1757625458532 0.12939972781255132 84
1757625458580 0.12648723491498828 85
1757625458628 0.09622777851187672 86
1757625458676 0.11861130903847267 87
1757625458724 0.0950659299691592 88
1757625458772 0.10844552622791193 89
1757625458820 0.11453859711965866 90
1757625458865 0.08779212512841349 91
1757625458911 0.14676641738764568 92
1757625458959 0.1060591431572688 93
1757625459005 0.07911850068871983 94
1757625459055 0.1311506573433901 95
1757625459105 0.09985208974051515 96
1757625459155 0.11904265725120097 97
1757625459201 0.04877395272423274 98
1757625459249 0.11418410155881317 99
1757625459295 0.07047950254554455 100
1757625459340 0.08758021193510154 101
1757625459386 0.07739405352049923 102
1757625459433 0.03768702326262437 103
1757625459477 0.13471682763458492 104
1757625459528 0.11006653572552687 105
1757625459575 0.10025099483513736 106
1757625459621 0.11839863815722476 107
1757625459669 0.0629064368951381 108
1757625459717 0.10776491380826186 109
1757625459767 0.08956998586550902 110
1757625459816 0.12416453479406495 111
1757625459864 0.06604816257481504 112
1757625459911 0.09849674703524747 113
1757625459960 0.08541367289602372 114
1757625460006 0.12824593717987093 115
1757625460054 0.08556533984759038 116
1757625460101 0.0806557606372267 117
1757625460148 0.10722566530979641 118
1757625460196 0.16579963947962634 119
1757625460242 0.10136349969097638 120
1757625460289 0.12479186972175274 121
1757625460335 0.08417954366846041 122
1757625460381 0.0973338048878215 123
1757625460428 0.07374268708092138 124
1757625460474 0.08092792746094084 125
1757625460520 0.1092393545210059 126
1757625460567 0.03998488111769073 127
1757625460614 0.1073301030518557 128
1757625460662 0.06422975041116905 129
1757625460709 0.05559246946534119 130
1757625460756 0.09979007388464116 131
1757625460803 0.10050027627496794 132
1757625460849 0.09484386298726497 133
1757625460896 0.05990124361708149 134
1757625460942 0.0989744358882974 135
1757625460989 0.09144729951133757 136
1757625461036 0.08213223363650653 137
1757625461084 0.08836254128473614 138
1757625461131 0.1655774002873721 139
1757625461179 0.14261792097013817 140
1757625461226 0.15677082821032245 141
1757625461273 0.08065324700077384 142
1757625461320 0.07957528370822015 143
1757625461366 0.11590487047094286 144
1757625461432 0.11478878901261115 145
1757625461575 0.0988235236064965 146
1757625461630 0.07769385369959786 147
1757625461682 0.16248090572188398 148
1757625461734 0.13864272309098108 149
1757625461786 0.10176083106749345 150
1757625461839 0.21125170794027406 151
1757625461891 0.10907884757429773 152
1757625461940 0.14871959371439988 153
1757625461988 0.11335130601044635 154
1757625462037 0.09951464103079885 155
1757625462084 0.16046224747059873 156
1757625462132 0.11959957829124146 157
1757625462179 0.08886586542898531 158
1757625462227 0.09242296792092652 159
1757625462275 0.13887755706770322 160
1757625462323 0.07705445451169779 161
1757625462370 0.06328805224288228 162
1757625462418 0.1068818271119061 163
1757625462466 0.15300281214341538 164
1757625462517 0.08116471176826826 165
1757625462565 0.15814486636977365 166
1757625462613 0.3600887441534556 167
1757625462661 0.06626647045637414 168
1757625462708 0.1188035859923697 169
1757625462757 0.1413174588685609 170
1757625462805 0.14569085268215914 171
1757625462853 0.14598809157714537 172
1757625462916 0.11603665491515633 173
1757625462970 0.15061689891848842 174
1757625463022 0.07991928365277368 175
1757625463071 0.10928308111584858 176
1757625463122 0.13551757374588053 177
1757625463172 0.13892308746990206 178
1757625463222 0.08566611594700682 179
1757625463272 0.07092030314142639 180
1757625463324 0.05567127056454112 181
1757625463374 0.12160603242820928 182
1757625463425 0.11526450266624932 183
1757625463474 0.12965083607602085 184
1757625463526 0.1702840470396535 185
1757625463576 0.1247188751579758 186
1757625463631 0.08811701983265742 187
1757625463683 0.123837441253478 188
1757625463732 0.09717472284382375 189
1757625463781 0.13031592539430936 190
1757625463840 0.09948611407390748 191
1757625463889 0.13225978162047286 192
1757625463939 0.09015382802714046 193
1757625463991 0.17021231404703835 194
1757625464040 0.1354702082353901 195
1757625464088 0.11553113919568153 196
1757625464137 0.14757060509984354 197
1757625464185 0.1268287776550255 198
1757625464234 0.10552329048388788 199
1757625464283 0.09753628112871718 200
1757625464331 0.31370764811421253 201
1757625464380 0.09954820170545164 202
1757625464429 0.15290314968104818 203
1757625464478 0.0768133663324414 204
1757625464527 0.07214723554269392 205
1757625464575 0.0811936035019637 206
1757625464624 0.2690714570168462 207
1757625464673 0.08083573614507929 208
1757625464722 0.08173130261112893 209
1757625464771 0.06751770474466232 210
1757625464821 0.10394315413891872 211
1757625464870 0.11650976799749056 212
1757625464919 0.1642717593477673 213
1757625464967 0.1116015550990162 214
1757625465016 0.15493358230285526 215
1757625465065 0.07806687808713368 216
1757625465116 0.1122942916808301 217
1757625465166 0.11726578126648764 218
1757625465215 0.1233991684093301 219
1757625465264 0.13167820424776255 220
1757625465314 0.15408260885325348 221
1757625465369 0.11769848526478899 222
1757625465418 0.08348945722943805 223
1757625465467 0.07919795545475661 224
1757625465517 0.1431049003015216 225
1757625465567 0.04781467828439523 226
1757625465620 0.22580859831955538 227
1757625465674 0.12444740357538785 228
1757625465729 0.16440407888243208 229
1757625465779 0.09474502015708791 230
1757625465830 0.08298965071064657 231
1757625465881 0.11910244115655685 232
1757625465931 0.10824335419380754 233
1757625465980 0.0698653650204695 234
1757625466029 0.14104405575207285 235
1757625466079 0.14013764897119757 236
1757625466130 0.11111395471011468 237
1757625466180 0.1266046285046753 238
1757625466230 0.0812136117163475 239
1757625466280 0.06634806642987051 240
1757625466330 0.07683216954996624 241
1757625466380 0.0660195159477465 242
1757625466430 0.08722023357406065 243
1757625466480 0.06868880878148659 244
1757625466530 0.24872054057265858 245
1757625466581 0.13559899395354885 246
1757625466630 0.08785085351911653 247
1757625466680 0.10853785403202475 248
1757625466731 0.08369516872178637 249
1757625466781 0.16776400104046207 250
1757625466830 0.14165285547182105 251
1757625466883 0.06830082021722894 252
1757625466936 0.12690954926702677 253
1757625466987 0.13375766934181105 254
1757625467040 0.10242896510272569 255
1757625467101 0.12551746637019057 256
1757625467154 0.14174588735952554 257
1757625467205 0.08755339995831246 258
1757625467255 0.13200883401873104 259
1757625467308 0.08718320253748484 260
1757625467360 0.12359449283273455 261
1757625467412 0.10307131261112458 262
1757625467464 0.15882422013159087 263
1757625467518 0.14849272044721076 264
1757625467570 0.049854556190577104 265
1757625467621 0.17377194345296873 266
1757625467676 0.08550187768028282 267
1757625467728 0.10348872842282116 268
1757625467779 0.09069899515142359 269
1757625467830 0.10313578939930942 270
1757625467887 0.1795692034423323 271
1757625467948 0.06266476815081476 272
1757625467999 0.10814432150109152 273
1757625468050 0.10629442644694576 274
1757625468104 0.11348083190428121 275
1757625468154 0.1517414922483033 276
1757625468206 0.13711481734918818 277
1757625468256 0.2543614238268183 278
1757625468306 0.0965261342023628 279
1757625468357 0.07775144793274494 280
1757625468409 0.15807626934156876 281
1757625468460 0.07672893220709634 282
1757625468511 0.11803323405794552 283
1757625468561 0.06499107184719488 284
1757625468613 0.12348485521620757 285
1757625468664 0.1677193471033567 286
1757625468715 0.12532912831153575 287
1757625468766 0.2205973015376076 288
1757625468818 0.07490989242787187 289
1757625468868 0.12524351049829863 290
1757625468919 0.07876771679484196 291
1757625468972 0.09414193574595797 292
1757625469023 0.08160457468053098 293
1757625469075 0.0728860889309082 294
1757625469129 0.11105640220282197 295
1757625469183 0.1562211382284172 296
1757625469234 0.09120694893329102 297
1757625469287 0.09207215957443757 298
1757625469338 0.13775768286536688 299
1757625469390 0.15277743993195345 300
1757625469442 0.09855044769000429 301
1757625469495 0.13701469564270166 302
1757625469558 0.10365488667843746 303
1757625469622 0.10409094856724391 304
1757625469674 0.11232898920377393 305
1757625469731 0.05084970323494141 306
1757625469784 0.06786013376621755 307
1757625469835 0.13677648744921178 308
1757625469932 0.124866821661158 309
1757625469989 0.12200569776928151 310
1757625470044 0.08183233567304694 311
1757625470099 0.2007207754494753 312
1757625470154 0.10165496423753936 313
1757625470209 0.11041583643800981 314
1757625470260 0.07855660945671386 315
1757625470313 0.1440566117889232 316
1757625470367 0.11883224923575438 317
1757625470420 0.14999736850444 318
1757625470472 0.09549343945743648 319
1757625470525 0.19218421676340167 320
1757625470576 0.12610529896019357 321
1757625470628 0.07757321671197548 322
1757625470680 0.08926033305895367 323
1757625470732 0.15490366973572117 324
1757625470784 0.062711007640587 325
1757625470837 0.1269288920717372 326
1757625470889 0.09358564716824189 327
1757625470941 0.09592387046360795 328
1757625470993 0.046309473160678474 329
1757625471045 0.09273901502253921 330
1757625471097 0.13286754854505708 331
1757625471148 0.15727869942907405 332
1757625471201 0.1681705802307063 333
1757625471253 0.09057956424331845 334
1757625471305 0.06530757356973638 335
1757625471357 0.08725608313284447 336
1757625471409 0.13628164926213387 337
1757625471462 0.14955665619090652 338
1757625471515 0.12630920187390804 339
1757625471567 0.11486532250052832 340
1757625471620 0.2014934443159533 341
1757625471674 0.11337379456191354 342
1757625471731 0.17736809910714055 343
1757625471788 0.11972330878084518 344
1757625471841 0.14445813341398417 345
1757625471893 0.1029613939229528 346
1757625471946 0.12094082358327857 347
1757625471998 0.0930092518545581 348
1757625472053 0.12060859721171954 349
1757625472105 0.09372639957874629 350
1757625472158 0.09303424094983465 351
1757625472210 0.19387350079699472 352
1757625472262 0.08773053079416321 353
1757625472315 0.09570318414003746 354
1757625472367 0.09490591552950951 355
1757625472420 0.06555891344725144 356
1757625472473 0.08782248894389369 357
1757625472525 0.12082001326637573 358
1757625472580 0.12455558833612951 359
1757625472634 0.07304065952774476 360
1757625472686 0.12894283773924328 361
1757625472739 0.1817374057917241 362
1757625472790 0.10841918490776806 363
1757625472843 0.11257731784293867 364
1757625472905 0.13969780975780133 365
1757625472965 0.11922410203105746 366
1757625473018 0.10342531684506587 367
1757625473072 0.1214089885763399 368
1757625473125 0.11392547927124988 369
1757625473178 0.1618171309321982 370
1757625473231 0.18487776134983336 371
1757625473284 0.05171174924029366 372
1757625473337 0.08485881673548887 373
1757625473392 0.10756467477448665 374
1757625473448 0.11784305245899393 375
1757625473503 0.0890037662704119 376
1757625473557 0.29524347933167977 377
1757625473613 0.11370218116393849 378
1757625473667 0.09382931489350638 379
1757625473720 0.08626556701923753 380
1757625473779 0.07849164461970287 381
1757625473833 0.05936381217707798 382
1757625473887 0.08516051863234103 383
1757625473941 0.16373579063066068 384
1757625473995 0.12189469427733812 385
1757625474048 0.11003194288412366 386
1757625474101 0.17075901408982794 387
