1757639252210 29.888500458391775 0
1757639252261 5.593069938726862 1
1757639252311 0.9447719921347032 2
1757639252366 0.35308208221753923 3
1757639252417 0.1204560207751519 4
1757639252465 0.09993156624179006 5
1757639252513 0.08857553694847072 6
1757639252570 0.11660123319519815 7
1757639252630 0.12594006776553113 8
1757639252694 0.12757816833188113 9
1757639252745 0.07674216534977403 10
1757639252796 0.11112064559164561 11
1757639252846 0.1312526594700264 12
1757639252896 0.1665889099006385 13
1757639253029 0.10746192754904835 14
1757639253086 0.13304821651772722 15
1757639253134 0.12309501007882889 16
1757639253183 0.13900400190863563 17
1757639253232 0.16917201073583976 18
1757639253280 0.1992458531309948 19
1757639253337 0.11509578901396864 20
1757639253386 0.26162894476041604 21
1757639253436 0.13554862222158065 22
1757639253487 0.2018907543985714 23
1757639253536 0.14666088003073974 24
1757639253585 0.06625644618553209 25
1757639253632 0.13107087660535538 26
1757639253680 0.14858768460310146 27
1757639253731 0.0878207842330094 28
1757639253780 0.13134070994410715 29
1757639253829 0.09601562972492622 30
1757639253877 0.0940337617682861 31
1757639253925 0.06179430202556558 32
1757639253972 0.11971074619337613 33
1757639254020 0.15298089109045196 34
1757639254069 0.18895293970619548 35
1757639254231 0.2290805336494352 36
1757639254291 0.1150462998378429 37
1757639254346 0.11295262575668633 38
1757639254402 0.12481761186571327 39
1757639254456 0.1326263946883599 40
1757639254507 0.10514913823392623 41
1757639254560 0.1150876001318807 42
1757639254610 0.10109032336255204 43
1757639254673 0.14661279223124832 44
1757639254725 0.06136924783712509 45
1757639254783 0.13420776328916506 46
1757639254836 0.18867095084263732 47
1757639254890 0.12006300622690332 48
1757639254949 0.13405766392605986 49
1757639255013 0.22177254717363848 50
1757639255066 0.09091619871002589 51
1757639255121 0.10448255451125336 52
1757639255194 0.16975032681749944 53
1757639255250 0.09966643441708033 54
1757639255304 0.0722517731884173 55
1757639255368 0.08996489316177128 56
1757639255421 0.15165380129393444 57
1757639255470 0.1349519919213231 58
1757639255520 0.1031819186242658 59
1757639255577 0.19113971350599776 60
1757639255627 0.1001626447001901 61
1757639255678 0.10979646247819332 62
1757639255731 0.09204797103251676 63
1757639255780 0.10329724359505221 64
1757639255831 0.12476092637562519 65
1757639255883 0.11151251365469883 66
1757639255933 0.17341433567553083 67
1757639255982 0.17058453746914298 68
1757639256033 0.11597772986935778 69
1757639256084 0.24460295945699712 70
1757639256133 0.18836268889830537 71
1757639256184 0.1290830794062684 72
1757639256236 0.1202570807163404 73
1757639256288 0.1676933549718495 74
1757639256338 0.09322317843962966 75
1757639256388 0.14214414238809478 76
1757639256438 0.11749133846396781 77
1757639256488 0.15696642432947067 78
1757639256552 0.12936231782952823 79
1757639256605 0.07803039037535345 80
1757639256656 0.19891288770588167 81
1757639256705 0.23327476474749892 82
1757639256754 0.17279195458563668 83
1757639256804 0.19956342869645666 84
1757639256858 0.10973882337196172 85
1757639256913 0.11687222167307385 86
1757639256963 0.09295827423784588 87
1757639257012 0.11978270564467827 88
1757639257062 0.06696152721457341 89
1757639257112 0.13861729471765935 90
1757639257161 0.10797865990456558 91
1757639257211 0.19929842015292695 92
1757639257260 0.15219565855892264 93
1757639257311 0.15785685659476906 94
1757639257361 0.10241988960156469 95
1757639257419 0.24057130339241384 96
1757639257470 0.10992818903964066 97
1757639257520 0.08854163563019132 98
1757639257573 0.09775290986268137 99
1757639257633 0.09025597739891214 100
1757639257700 0.11575744329386042 101
1757639257753 0.10675868078073879 102
1757639257804 0.13168589133761333 103
1757639257855 0.11591879232558719 104
1757639257906 0.11678391980591131 105
1757639257957 0.11058548883091182 106
1757639258008 0.12214363101381434 107
1757639258059 0.13295833464580536 108
1757639258111 0.15485094228468121 109
1757639258167 0.05593977035153018 110
1757639258225 0.1878861526889764 111
1757639258278 0.10186541005847999 112
1757639258330 0.12218200897193354 113
1757639258381 0.15530085358907209 114
1757639258433 0.07655509626593822 115
1757639258482 0.09176919782374116 116
1757639258533 0.16474716195238187 117
1757639258584 0.07866683378545934 118
1757639258634 0.14195557304653203 119
1757639258685 0.12272249022656578 120
1757639258739 0.117819896363712 121
1757639258788 0.059876392016489484 122
1757639258840 0.1790612511647953 123
1757639258892 0.1887328026180089 124
1757639258980 0.17144535640138175 125
1757639259204 0.08379997746308335 126
1757639259380 0.11172701221786406 127
1757639259455 0.12218592384426352 128
1757639259512 0.13403321765654735 129
1757639259566 0.12738541740334824 130
1757639259621 0.1667285236215006 131
1757639259677 0.22995947990366566 132
1757639259736 0.09212037521894674 133
1757639259793 0.1210912303146272 134
1757639259851 0.18075384467242955 135
1757639259907 0.1119120430683519 136
1757639259965 0.08946546404378902 137
1757639260021 0.1104683956882779 138
1757639260074 0.1487676100988039 139
1757639260127 0.18346798212257664 140
1757639260179 0.10277875163039099 141
1757639260233 0.2099519246132546 142
1757639260287 0.1633077447342881 143
1757639260338 0.12581338746009524 144
1757639260391 0.11937682411643255 145
1757639260446 0.07970228632445495 146
1757639260500 0.08566670267310822 147
1757639260553 0.187342218975395 148
1757639260605 0.0900831267671115 149
1757639260658 0.12983217540102931 150
1757639260711 0.11686207058779083 151
1757639260764 0.13275337256435527 152
1757639260818 0.2026822130808869 153
1757639260870 0.16495569911416585 154
1757639260923 0.1267930995737279 155
1757639260975 0.04672818204320714 156
1757639261028 0.06040093926163036 157
1757639261080 0.08086301093574298 158
1757639261132 0.12723420409212574 159
1757639261182 0.11659080373547631 160
1757639261233 0.31307766018355865 161
1757639261287 0.14733925500226105 162
1757639261338 0.12497608513147232 163
1757639261391 0.20499220467508758 164
1757639261443 0.12448803544098382 165
1757639261502 0.10762329992415809 166
1757639261555 0.08348250276947039 167
1757639261608 0.13362675130074197 168
1757639261660 0.09947654154802818 169
1757639261714 0.14730536278430284 170
1757639261767 0.11823154936550474 171
1757639261821 0.07604920204924906 172
1757639261872 0.11148279669474352 173
1757639261925 0.12101514350934549 174
1757639261980 0.5463153151192989 175
1757639262051 0.14109575439434763 176
1757639262106 0.163350248103043 177
1757639262160 0.18216027301896875 178
1757639262213 0.21101554543597634 179
1757639262267 0.1477559374173122 180
1757639262321 0.1712306034059091 181
1757639262375 0.1859737789449483 182
1757639262438 0.13613148550515167 183
1757639262509 0.07722097835924117 184
1757639262564 0.11799115904691201 185
1757639262681 0.15195667517195147 186
1757639262751 0.14402284956149666 187
1757639262811 0.09334585221855518 188
1757639262868 0.15889726523785536 189
1757639262924 0.11959867843904871 190
1757639262980 0.1320329379831657 191
1757639263034 0.16086287467651436 192
1757639263087 0.11989435726729786 193
1757639263141 0.08292401892984533 194
1757639263194 0.19848306668757815 195
1757639263247 0.27234833190560287 196
1757639263301 0.1280992679215745 197
1757639263356 0.12858157900468678 198
1757639263410 0.1233309070250783 199
1757639263464 0.1616797614134921 200
1757639263522 0.0819072476477862 201
1757639263577 0.0982699299481018 202
1757639263631 0.08862079244009494 203
1757639263685 0.12302532584637241 204
1757639263740 0.09235768546399853 205
1757639263796 0.12271445780649777 206
1757639263849 0.11180062694227758 207
1757639263904 0.10651218415959948 208
1757639263957 0.21610750464820216 209
1757639264012 0.1252649846855182 210
1757639264068 0.13752089297292908 211
1757639264128 0.10063231940318614 212
1757639264182 0.1300816180382256 213
1757639264235 0.10618450147482636 214
1757639264289 0.19648899220883106 215
1757639264347 0.13291269589390048 216
1757639264403 0.0887750472132165 217
1757639264457 0.1375888428047296 218
1757639264509 0.0859078991275238 219
1757639264564 0.10993186272317207 220
1757639264621 0.10729391675212491 221
1757639264674 0.10678468537930524 222
1757639264727 0.0927599112512219 223
1757639264782 0.21231700096206002 224
1757639264836 0.0835678689549379 225
1757639264890 0.11194648273721611 226
1757639264944 0.11988567995416693 227
1757639264996 0.1155243656747501 228
1757639265049 0.16854231701373254 229
1757639265109 0.16809878829497216 230
1757639265178 0.19413598133252186 231
1757639265235 0.15751442975687296 232
1757639265292 0.07885409266891771 233
1757639265348 0.12376855605404291 234
1757639265404 0.07623974851033491 235
1757639265458 0.07832982142396161 236
1757639265512 0.16052860233009764 237
1757639265572 0.12961023453747528 238
1757639265628 0.12058033761691245 239
1757639265684 0.165271048217668 240
1757639265753 0.11094654487143392 241
1757639265807 0.10410641837890408 242
1757639265864 0.114646791662537 243
1757639265926 0.10377725827471715 244
1757639265982 0.08013438257092421 245
1757639266038 0.14316290809005183 246
1757639266093 0.10022798879975706 247
1757639266148 0.11309873802567283 248
1757639266202 0.082283769624597 249
1757639266256 0.191936828171965 250
1757639266310 0.21215769733149067 251
1757639266365 0.08984039431514115 252
1757639266419 0.10239722483856262 253
1757639266472 0.09697942390455286 254
1757639266526 0.09939576038239606 255
1757639266581 0.14517394568376035 256
1757639266635 0.11065315088824673 257
1757639266689 0.1099426516681807 258
1757639266743 0.11046515583182973 259
1757639266797 0.0842067423483768 260
1757639266851 0.20217732646121567 261
1757639266905 0.1019783604309638 262
1757639266959 0.08640918483862582 263
1757639267013 0.10655848936881401 264
1757639267067 0.12800011659171784 265
1757639267123 0.08058300204961007 266
1757639267178 0.1002660099305064 267
1757639267232 0.14222983655112986 268
1757639267286 0.14047491326622008 269
1757639267341 0.11330051593272521 270
1757639267394 0.08225265885563249 271
1757639267449 0.15856319685148396 272
1757639267503 0.10089332381965462 273
1757639267556 0.10333663107769914 274
1757639267622 0.1727907042588548 275
1757639267689 0.18839589836411202 276
1757639267744 0.16527829027620758 277
1757639267799 0.08309236434423961 278
1757639267857 0.14946506026606837 279
1757639267914 0.12338898049851023 280
1757639267969 0.21018997059245534 281
1757639268025 0.217395810710376 282
1757639268081 0.1145865297124247 283
1757639268141 0.18805953166175765 284
1757639268200 0.09504424513779026 285
1757639268257 0.21180510052561025 286
1757639268314 0.13944445346022227 287
1757639268370 0.09616262569687542 288
1757639268425 0.072714562073335 289
1757639268481 0.16626134119890823 290
1757639268537 0.1747439864484082 291
1757639268594 0.12359460436972101 292
1757639268650 0.16486512719427687 293
1757639268707 0.12389206840405012 294
1757639268762 0.1719172331840097 295
1757639268817 0.13218322961650164 296
1757639268871 0.10136370846222106 297
1757639268926 0.20763677568361646 298
1757639268980 0.1406777891163583 299
1757639269034 0.13132348913576236 300
1757639269088 0.11436587438066671 301
1757639269143 0.1054509595190831 302
1757639269198 0.10191154684649635 303
1757639269253 0.19183217913542008 304
1757639269307 0.08671223420147448 305
1757639269363 0.13321408528401443 306
1757639269418 0.17892092097602533 307
1757639269473 0.11557227885842704 308
1757639269527 0.1117754212829333 309
1757639269581 0.16576216019903556 310
1757639269642 0.328216488394965 311
1757639269698 0.17418300601715003 312
1757639269753 0.08868680450894696 313
1757639269809 0.12597273403615475 314
1757639269864 0.11427536675499987 315
1757639269920 0.09244695092715544 316
1757639269975 0.10803125799099628 317
1757639270031 0.18426727799643416 318
1757639270086 0.10890091091927909 319
1757639270142 0.31219620762177686 320
1757639270197 0.12763141220730886 321
1757639270251 0.40939389519296854 322
1757639270326 0.08463663518019382 323
1757639270401 0.07344607310790441 324
1757639270458 0.14415247824290153 325
1757639270515 0.13111816497119244 326
1757639270572 0.14232767256852039 327
1757639270629 0.2174337967048709 328
1757639270686 0.08924958883940247 329
1757639270743 0.13947062253172798 330
1757639270801 0.06471411924916753 331
1757639270858 0.12035009741202768 332
1757639270915 0.13218005482396056 333
1757639270971 0.07013999070691865 334
1757639271028 0.1187563994812473 335
1757639271085 0.1317578150287086 336
1757639271142 0.1606134861597996 337
1757639271199 0.1905246592741158 338
1757639271256 0.16631828570868556 339
1757639271313 0.08916292855825175 340
1757639271370 0.14834612730931968 341
1757639271427 0.1405339188646892 342
1757639271482 0.14666905498731161 343
1757639271538 0.13368909602143564 344
1757639271593 0.21381567096633797 345
1757639271652 0.0893596640537869 346
1757639271710 0.11932926712218275 347
1757639271768 0.10091408437030364 348
1757639271824 0.10813134695060525 349
1757639271879 0.13907669978421444 350
1757639271936 0.11016893695188251 351
1757639271992 0.13258414308106298 352
1757639272063 0.07870574018355245 353
1757639272123 0.1659569095960466 354
1757639272181 0.19914719551812313 355
1757639272238 0.0768413655271319 356
1757639272295 0.1039793351895695 357
1757639272353 0.16402779686256475 358
1757639272411 0.15320349415911966 359
1757639272469 0.1685523002427254 360
1757639272526 0.14526670751144616 361
1757639272583 0.1236246121921789 362
1757639272658 0.14726868550058786 363
1757639272719 0.1281079737736907 364
1757639272776 0.19520880513269084 365
1757639272833 0.09959467146653884 366
1757639272890 0.13735100244100978 367
1757639272948 0.09332340398701927 368
1757639273004 0.07677280959181051 369
1757639273063 0.1696430841453364 370
1757639273121 0.12288044650538046 371
1757639273179 0.09907399966262645 372
1757639273237 0.2188461548585648 373
1757639273294 0.12491556305296334 374
1757639273352 0.175298693878094 375
1757639273409 0.1297242773760214 376
1757639273466 0.14828125538396755 377
1757639273523 0.14339161618308852 378
1757639273586 0.0904930451479701 379
1757639273641 0.08300784586493593 380
1757639273706 0.13168381399115592 381
1757639273765 0.052242494306643725 382
1757639273827 0.10738489077277907 383
1757639273883 0.18857547161483168 384
1757639273941 0.06860042419555998 385
1757639273997 0.14085111146272594 386
1757639274054 0.15509149429347202 387
1757639274112 0.08350915422437868 388
1757639274170 0.10769894519909262 389
1757639274225 0.10143951871514288 390
1757639274281 0.16281791124868703 391
1757639274339 0.12939533903216227 392
1757639274395 0.0678442330161324 393
1757639274453 0.13751303285587027 394
1757639274511 0.16891521151391625 395
1757639274570 0.15531218296218532 396
1757639274626 0.2926400961075185 397
1757639274683 0.17627260843300985 398
1757639274739 0.10963887543537473 399
1757639274796 0.1725900800586392 400
1757639274852 0.20018544556429965 401
1757639274908 0.07568936040203342 402
1757639274965 0.12383839617498538 403
1757639275022 0.20277308414852824 404
1757639275079 0.11983042511418884 405
1757639275137 0.22133994463207385 406
1757639275195 0.07591128079138434 407
1757639275252 0.2175845241090879 408
1757639275308 0.17979443586699972 409
1757639275364 0.13660776556199622 410
1757639275422 0.17408316048095024 411
1757639275479 0.061186228111382183 412
1757639275614 0.17916009497984747 413
1757639275676 0.14681931504571824 414
1757639275744 0.18914943541861537 415
1757639275804 0.09979822788753175 416
1757639275863 0.23537946721697506 417
1757639275921 0.10390611456207921 418
1757639275979 0.16349601009184067 419
1757639276037 0.12520623996288474 420
1757639276094 0.11983054583169608 421
1757639276152 0.1308479435545572 422
1757639276208 0.06042620570696583 423
1757639276265 0.22183588171814356 424
1757639276323 0.12387141136978405 425
1757639276381 0.1027626727267476 426
1757639276440 0.09577117922396552 427
1757639276497 0.15406046905920984 428
1757639276555 0.10716258314364178 429
1757639276613 0.11533552286645657 430
1757639276670 0.10830017127201333 431
1757639276728 0.19215201733632453 432
1757639276786 0.16672020450711036 433
1757639276899 0.1372045395939236 434
1757639276959 0.16606484590787385 435
1757639277020 0.4633277955217122 436
1757639277081 0.12407450854655477 437
1757639277139 0.19487370235840226 438
1757639277197 0.2085961818849819 439
1757639277255 0.08980846624426887 440
1757639277313 0.13122066224200055 441
1757639277371 0.06333138790693191 442
1757639277428 0.13607830866987314 443
1757639277487 0.13626681658852546 444
1757639277545 0.10643509845582158 445
1757639277604 0.17720850906546395 446
1757639277687 0.4607108072067799 447
1757639277752 0.1352141266843156 448
1757639277814 0.20596917204778278 449
1757639277874 0.13560755850398604 450
1757639277931 0.12601584831395493 451
1757639277990 0.0895536326704276 452
1757639278048 0.17032951206002384 453
1757639278106 0.15850861698170524 454
1757639278165 0.1702465216187526 455
1757639278223 0.09054684882767186 456
1757639278282 0.11823529675167452 457
1757639278341 0.14381464870752597 458
1757639278400 0.1170770662112751 459
1757639278460 0.08513956932383604 460
1757639278517 0.06386483136906099 461
1757639278575 0.11162899976235977 462
1757639278633 0.08802248109675216 463
1757639278693 0.13675002711133374 464
1757639278752 0.12336767292247 465
1757639278811 0.11583954694679116 466
1757639278868 0.11663544585631842 467
1757639278926 0.10190037043662875 468
1757639278986 0.17346032657347507 469
1757639279043 0.13326188734333688 470
1757639279100 0.16204994255017094 471
1757639279158 0.09984449634370873 472
1757639279215 0.12138400114378381 473
1757639279272 0.15886890013605404 474
1757639279329 0.1343378154916341 475
1757639279388 0.0894319365039948 476
1757639279445 0.11044513063375522 477
1757639279502 0.11585322997908065 478
1757639279560 0.14123449835467425 479
1757639279618 0.13735720332575788 480
1757639279675 0.11858245912114102 481
1757639279732 0.07445090378286393 482
1757639279795 0.1255677093701688 483
1757639279854 0.09245552432905402 484
1757639279913 0.1404342254003715 485
1757639279972 0.07927058452261396 486
1757639280031 0.09658675894643405 487
1757639280089 0.08917246316849933 488
1757639280146 0.11706372889467545 489
1757639280203 0.05491728402093668 490
1757639280263 0.14269185110678947 491
1757639280322 0.1707703543499039 492
1757639280379 0.09779396384287206 493
1757639280438 0.10547456790809813 494
1757639280495 0.10101328611944113 495
1757639280554 0.23135410278204535 496
1757639280611 0.11031481423799748 497
1757639280669 0.08640975121620109 498
1757639280727 0.09340484150527632 499
