1757630712565 143.58460054919786 0
1757630712630 121.19935025533015 1
1757630712687 103.24806824337304 2
1757630712750 86.72947126568911 3
1757630712817 73.96710486643192 4
1757630712875 61.77536132814618 5
1757630712933 51.33697996773747 6
1757630712993 42.05137063434656 7
1757630713047 36.842909372613356 8
1757630713101 30.272170846107517 9
1757630713155 27.032276358282 10
1757630713207 22.067054562975503 11
1757630713257 18.787835631945633 12
1757630713307 16.378095901190317 13
1757630713356 14.152217352089785 14
1757630713404 11.589427348377615 15
1757630713463 9.010736613930883 16
1757630713518 7.985157672750794 17
1757630713571 6.765403136660499 18
1757630713624 5.532087220925393 19
1757630713672 4.926530289019317 20
1757630713720 4.519668388894246 21
1757630713773 3.5450187776685436 22
1757630713823 2.7022272781013363 23
1757630713871 2.6248360355723777 24
1757630714021 2.5582660448675885 25
1757630714095 2.040592693819819 26
1757630714149 1.457278023692663 27
1757630714203 1.754399221367238 28
1757630714256 1.2534730251872341 29
1757630714310 0.8118639257020275 30
1757630714365 0.775456224038699 31
1757630714433 0.7386787473209809 32
1757630714484 0.666925812662077 33
1757630714545 0.5586178692143763 34
1757630714595 0.6104289387278059 35
1757630714643 0.4476143773823892 36
1757630714690 0.4340170190850728 37
1757630714739 0.2918082535977179 38
1757630714788 0.26348247899575666 39
1757630714836 0.2940795643805468 40
1757630714884 0.2386759031328372 41
1757630714930 0.12514803918845918 42
1757630714982 0.18396160573963088 43
1757630715063 0.23396325242382934 44
1757630715145 0.2288611018414565 45
1757630715205 0.14926629421591267 46
1757630715291 0.15193045139148947 47
1757630715348 0.10922219338495968 48
1757630715421 0.22556044506733489 49
1757630715488 0.21296970662689996 50
1757630715563 0.18334492822252968 51
1757630715646 0.1105688877918645 52
1757630715720 0.18511622274236222 53
1757630715790 0.09967098733514292 54
1757630715878 0.11024057973450384 55
1757630715945 0.14421492214641085 56
1757630716021 0.20544021334229798 57
1757630716087 0.15375046905237788 58
1757630716145 0.14985997910134757 59
1757630716218 0.16066919143379327 60
1757630716282 0.13058074449646 61
1757630716343 0.11891961480419677 62
1757630716503 0.09918880044565666 63
1757630716606 0.1526615727709484 64
1757630716671 0.07799748432038858 65
1757630716729 0.09414390287315477 66
1757630716808 0.11781430966945065 67
1757630716868 0.1317774519376059 68
1757630716931 0.1262505000494337 69
1757630716990 0.11959831605755811 70
1757630717050 0.0984799449889375 71
1757630717118 0.05464015179218656 72
1757630717176 0.07325042138887503 73
1757630717230 0.16524651176674193 74
1757630717283 0.13187501763771603 75
1757630717335 0.14829957263178048 76
1757630717387 0.07339879977322022 77
1757630717437 0.08090195180989346 78
1757630717486 0.1425430281505035 79
1757630717544 0.0985601495959222 80
1757630717595 0.10307336138017098 81
1757630717648 0.08675370355180184 82
1757630717698 0.1151446680903341 83
1757630717749 0.16448406364565446 84
1757630717807 0.08185774530823828 85
1757630717860 0.11083085163616814 86
1757630717917 0.07545350800185664 87
1757630717973 0.13836278630854923 88
1757630718024 0.12355579523054415 89
1757630718077 0.11700173891743582 90
1757630718129 0.14257754415927343 91
1757630718180 0.08186741862380317 92
1757630718232 0.15533225670269257 93
1757630718282 0.15770602733213923 94
1757630718331 0.08729950636829054 95
1757630718379 0.1288684208506379 96
1757630718427 0.16252575443340458 97
1757630718474 0.14913346484377665 98
1757630718530 0.10328389010787598 99
1757630718580 0.19156634218521373 100
1757630718665 0.0857922274840498 101
1757630718717 0.14349953999817275 102
1757630718772 0.08506831723438696 103
1757630718822 0.16569883314745712 104
1757630718872 0.11549560209964725 105
1757630718920 0.16735662326114029 106
1757630718969 0.11206731948286311 107
1757630719021 0.09624091003201166 108
1757630719070 0.06454465221325738 109
1757630719118 0.1051035392095457 110
1757630719166 0.08106161270102373 111
1757630719214 0.20997302547998437 112
1757630719262 0.13642708700059814 113
1757630719311 0.06734209763777922 114
1757630719368 0.1292236791744397 115
1757630719419 0.1698892693693864 116
1757630719469 0.0905596357966862 117
1757630719525 0.08497572831806252 118
1757630719592 0.17429498277636107 119
1757630719646 0.20380694440265337 120
1757630719706 0.19346043640452343 121
1757630719765 0.14588957015001597 122
1757630719819 0.09054912947749781 123
1757630719873 0.17282191650700537 124
1757630719926 0.09529829263213126 125
1757630719980 0.13049202634591295 126
1757630720031 0.10775058702472858 127
1757630720081 0.16335763931907554 128
1757630720129 0.07651325705131415 129
1757630720178 0.06625447543271314 130
1757630720227 0.12479871542402231 131
1757630720276 0.0966698786854757 132
1757630720325 0.14140925842092572 133
1757630720374 0.15240403619764564 134
1757630720423 0.15270810450689287 135
1757630720472 0.1513803730359599 136
1757630720530 0.13648433685798725 137
1757630720593 0.14791192695204905 138
1757630720645 0.12000043442950424 139
1757630720697 0.10575143947541607 140
1757630720748 0.13862476325423306 141
1757630720799 0.1250540871760963 142
1757630720850 0.11500011002210696 143
1757630720900 0.10800512972974678 144
1757630720948 0.14763973010503234 145
1757630720997 0.08996350730294866 146
