1757630549342 117.74948608877833 0
1757630549407 81.27153344928531 1
1757630549469 56.73617991802015 2
1757630549550 41.60942541897778 3
1757630549614 29.152437572862286 4
1757630549679 20.09354058449937 5
1757630549754 15.34814310787849 6
1757630550037 10.884278342464544 7
1757630550124 7.162271766892275 8
1757630550185 5.544809210008481 9
1757630550244 3.6316367278989845 10
1757630550321 2.6815154695478083 11
1757630550379 2.3719393978673677 12
1757630550438 1.386279709329515 13
1757630550504 1.2264386336293727 14
1757630550587 1.3574836698958028 15
1757630550661 0.5984636739684536 16
1757630550733 0.6016798634094039 17
1757630550819 0.3576716960558561 18
1757630550888 0.19775411069282528 19
1757630550953 0.21280137659557383 20
1757630551015 0.17040930724455267 21
1757630551080 0.11899479942327333 22
1757630551158 0.17501636857952008 23
1757630551224 0.071942532937082 24
1757630551287 0.2562833843032728 25
1757630551367 0.15911883814548225 26
1757630551440 0.1575708589014812 27
1757630551504 0.09159069873947266 28
1757630551577 0.1620177332071168 29
1757630551635 0.13540313329123593 30
1757630551690 0.08904986796505661 31
1757630551744 0.09858490700252348 32
1757630551797 0.08510281256675446 33
1757630551849 0.11350786211559945 34
1757630551899 0.13008764185835595 35
1757630551949 0.12553287346265937 36
1757630551999 0.07878856302046465 37
1757630552050 0.0755088998231793 38
1757630552100 0.06443237830155407 39
1757630552150 0.14160601461338532 40
1757630552200 0.20873708886949974 41
1757630552248 0.11724942266035883 42
1757630552295 0.12721438788472955 43
1757630552348 0.15892946931830293 44
1757630552398 0.10766358124750207 45
1757630552446 0.22440618247220703 46
1757630552494 0.13613214934513698 47
1757630552542 0.09506030928487927 48
1757630552590 0.09640694584252202 49
1757630552639 0.18088654831512582 50
1757630552687 0.10568798211510798 51
1757630552735 0.09947006798411304 52
1757630552783 0.09994577050520255 53
1757630552830 0.15847620430007697 54
1757630552878 0.14575571884772703 55
1757630552928 0.26362244533981694 56
1757630552999 0.1465799305815109 57
1757630553060 0.08315123238057871 58
1757630553119 0.1643808644269699 59
1757630553172 0.15857894616451396 60
1757630553224 0.19245916688798773 61
1757630553276 0.10929649111194613 62
1757630553333 0.0785405953762751 63
1757630553401 0.10792322912770709 64
1757630553465 0.13032067059936875 65
1757630553531 0.08565796287617584 66
1757630553600 0.17790786381233512 67
1757630553662 0.1912704821840043 68
1757630553720 0.14475319638226988 69
1757630553777 0.1844160782322319 70
1757630553832 0.15793675517221165 71
1757630553885 0.16305732949887464 72
1757630553946 0.09076881322593475 73
1757630554012 0.10091213193368236 74
1757630554078 0.156831307256714 75
1757630554142 0.11430530981426312 76
1757630554205 0.06553233133843936 77
1757630554268 0.1469090820647275 78
1757630554325 0.13652885158440659 79
1757630554400 0.13615472234907894 80
1757630554464 0.15600251582092306 81
1757630554521 0.08924760598258791 82
1757630554576 0.2099537315434217 83
1757630554637 0.09283859008673825 84
1757630554713 0.09594051150457615 85
1757630554781 0.120256384069301 86
1757630554851 0.13028386549793147 87
1757630554913 0.060456200957694724 88
1757630554973 0.12117737928534963 89
1757630555032 0.09885680339073578 90
1757630555089 0.11608754464499195 91
1757630555143 0.1535187112149675 92
1757630555198 0.12829750670100212 93
1757630555260 0.16954257100355602 94
1757630555325 0.10872824710138052 95
1757630555382 0.1089141838632348 96
1757630555435 0.13939318062097764 97
1757630555494 0.2583690710287102 98
1757630555560 0.14570483328309997 99
1757630555638 0.4714996022694949 100
1757630555705 0.08810838844468749 101
1757630555760 0.06599765839273955 102
1757630555895 0.10036427942894377 103
1757630555949 0.1710601329947218 104
1757630556000 0.15958293639616222 105
1757630556052 0.06699114414235442 106
1757630556171 0.09907117758906592 107
1757630556236 0.06555372827798325 108
