1757624699111 0.22507683422175365 0
1757624699153 0.15400784005893295 1
1757624699195 0.17204791436154906 2
1757624699237 0.0990690097620241 3
1757624699291 0.07538212803050438 4
1757624699345 0.5348431990726639 5
1757624699389 0.05683788610865573 6
1757624699431 0.12775488226017181 7
1757624699475 0.11528427944973757 8
1757624699517 0.11975342881541143 9
1757624699559 0.11791023956293847 10
1757624699601 0.14549327129112838 11
1757624699644 0.11473609290256132 12
1757624699688 0.09071973065956476 13
1757624699734 0.1371684607371226 14
1757624699777 0.12471881692674117 15
1757624699824 0.23356565236168697 16
1757624699867 0.10954063910682874 17
1757624699909 0.15978468675888774 18
1757624699950 0.11136597266722478 19
1757624699993 0.09417670580060333 20
1757624700036 0.08354021965886994 21
1757624700079 0.11518111498822295 22
1757624700123 0.05838640083158511 23
1757624700166 0.16405784897175316 24
1757624700209 0.11488445618469392 25
1757624700252 0.1259077721187128 26
1757624700295 0.08604701107726347 27
1757624700340 0.11525246041013985 28
1757624700385 0.1605445010292944 29
1757624700426 0.11892712423093241 30
1757624700469 0.10028311260887247 31
1757624700514 0.20555378638432256 32
1757624700557 0.13940452234445017 33
1757624700598 0.15256691832496438 34
1757624700641 0.11992396688020872 35
1757624700684 0.07136060003281786 36
1757624700727 0.14247625862327035 37
1757624700770 0.11469258512864791 38
1757624700814 0.11980395671472496 39
1757624700857 0.10387989575166261 40
1757624700901 0.11603676476149735 41
1757624700943 0.07842257293880887 42
1757624700987 0.08476010197289037 43
1757624701029 0.18851282520952198 44
1757624701072 0.19280496673249942 45
1757624701116 0.08325716156827737 46
1757624701159 0.10672917987556685 47
1757624701201 0.12319565453656284 48
1757624701245 0.2123056211311419 49
1757624701288 0.14391091392136893 50
1757624701331 0.10895340713431773 51
1757624701375 0.08430690402788549 52
1757624701419 0.14479736181209876 53
1757624701462 0.16721897841183458 54
1757624701505 0.08946877322720578 55
1757624701547 0.0687739141510409 56
1757624701591 0.11768368318068266 57
1757624701633 0.10321696366906484 58
1757624701677 0.1457372971477047 59
1757624701720 0.11858178401008153 60
1757624701763 0.08943965541219925 61
1757624701806 0.09718033678864929 62
1757624701855 0.11580960541678356 63
1757624701901 0.11935309327324717 64
1757624701944 0.10307297468825222 65
1757624701988 0.18634683273336602 66
1757624702032 0.1109368774962715 67
1757624702075 0.06377799421859592 68
1757624702118 0.14654958373078347 69
1757624702161 0.1798567683492545 70
1757624702205 0.08112247235397849 71
1757624702248 0.07209289379780053 72
1757624702293 0.11512116417616274 73
1757624702337 0.154483535857738 74
1757624702383 0.12946445895635925 75
1757624702426 0.12132264820093987 76
1757624702469 0.09913142095886067 77
1757624702556 0.1729913064752174 78
1757624702607 0.08399742262509123 79
1757624702654 0.09363377443243254 80
1757624702703 0.06188921984725119 81
1757624702751 0.10177125703014868 82
1757624702797 0.08381377221832768 83
1757624702842 0.12612017157472588 84
1757624702887 0.0912885029526738 85
1757624702931 0.11513799626285551 86
1757624702975 0.17610875586725352 87
1757624703019 0.08591693009566803 88
1757624703066 0.15733913801491115 89
1757624703111 0.08983037013950794 90
1757624703157 0.13301747531507405 91
1757624703202 0.085537580038626 92
1757624703246 0.08459621166882839 93
1757624703290 0.11851810763652934 94
1757624703336 0.10947949933767966 95
1757624703381 0.10913526139461556 96
1757624703426 0.1221459610980581 97
1757624703470 0.1291504652631457 98
1757624703516 0.15693723840982793 99
1757624703561 0.13177065709479444 100
1757624703609 0.10214544829429337 101
1757624703655 0.15417901887905097 102
1757624703700 0.21865344181756952 103
1757624703745 0.1456532389113298 104
1757624703791 0.10402710799799554 105
1757624703835 0.09024076157536894 106
1757624703884 0.08818850029818835 107
1757624703930 0.1525544132157577 108
1757624703975 0.14153861918353955 109
1757624704020 0.1417053977017359 110
1757624704066 0.099100287750232 111
1757624704111 0.22813094588145366 112
1757624704157 0.08373360344282778 113
1757624704203 0.10262129914466706 114
1757624704248 0.11748503190428665 115
1757624704306 0.1551338604783114 116
1757624704360 0.09664135012678417 117
1757624704408 0.09436472677345452 118
1757624704452 0.10183544536265685 119
1757624704498 0.10990455522788427 120
1757624704543 0.08800853763742074 121
1757624704589 0.1103088140995364 122
1757624704634 0.07061589829371694 123
1757624704680 0.07423097920901206 124
1757624704726 0.10134907082060676 125
1757624704773 0.13962283740427792 126
1757624704818 0.10513425459851466 127
1757624704863 0.11284093503003238 128
1757624704908 0.0920526952719953 129
1757624704954 0.05775273684378894 130
1757624705000 0.16022780051263108 131
1757624705052 0.09632678355199836 132
1757624705098 0.09506376918081898 133
1757624705145 0.24539753676217718 134
1757624705190 0.09922709026915338 135
1757624705236 0.15277664855445305 136
1757624705285 0.11535398886217395 137
1757624705332 0.09049766545561462 138
1757624705379 0.21963685100988387 139
1757624705426 0.09232576066533386 140
1757624705473 0.07397783686435673 141
1757624705520 0.1333241737017972 142
1757624705568 0.08196152534750922 143
1757624705616 0.09588882964353766 144
1757624705662 0.06312740467363878 145
1757624705708 0.14116586475065038 146
1757624705756 0.08345605725942593 147
1757624705804 0.18462478453213382 148
1757624705857 0.14409442895566396 149
1757624705908 0.1085533097211851 150
1757624705955 0.16479753803969419 151
1757624706002 0.06042883135594632 152
1757624706048 0.2239467350869811 153
1757624706095 0.09694527860463321 154
1757624706142 0.08157866705707842 155
1757624706189 0.4768172780318983 156
1757624706236 0.07876421166772975 157
1757624706283 0.17900183208425066 158
1757624706330 0.07787722644043028 159
1757624706376 0.09930165155116256 160
1757624706422 0.1548802813562312 161
1757624706469 0.06629827029004229 162
1757624706516 0.09218980987618901 163
1757624706563 0.12849164103456534 164
1757624706611 0.16240052649633155 165
1757624706659 0.08903253661754347 166
1757624706707 0.08164928734155177 167
1757624706752 0.10999422891543041 168
1757624706799 0.13451774926455456 169
1757624706849 0.16722144586532164 170
1757624706904 0.0946107450026484 171
1757624706954 0.09040879761738257 172
1757624707001 0.11528064392950618 173
1757624707049 0.11926877320919499 174
1757624707097 0.08630634419177292 175
1757624707144 0.07928191970370467 176
1757624707193 0.16187388902068892 177
1757624707239 0.10755192409427992 178
1757624707287 0.1458168539421408 179
1757624707335 0.1054831769730798 180
1757624707382 0.1520409510070788 181
1757624707430 0.08399747825130893 182
1757624707479 0.12317705795721452 183
1757624707526 0.08064881678709976 184
1757624707573 0.138059591408367 185
1757624707621 0.10551342675767329 186
1757624707670 0.11754371216827626 187
1757624707725 0.07314752553711992 188
1757624707777 0.1119207912681569 189
1757624707825 0.07623155495466506 190
1757624707873 0.08173686467194845 191
1757624707922 0.17623036141539314 192
1757624707974 0.10132463336579492 193
1757624708022 0.14822295777209651 194
1757624708069 0.07936463634082873 195
1757624708119 0.06258841824704109 196
1757624708167 0.12459323131536777 197
1757624708215 0.1806042900588589 198
1757624708263 0.1205056486278938 199
1757624708311 0.11353729784572153 200
1757624708359 0.16295698824250476 201
1757624708407 0.06453401574660547 202
1757624708456 0.12870353240671836 203
1757624708504 0.13837497824914818 204
1757624708552 0.14224064486732008 205
1757624708600 0.13295323404287077 206
1757624708649 0.11629416614351686 207
1757624708698 0.14461758459787108 208
1757624708746 0.10534603597765958 209
1757624708794 0.06322002551122358 210
1757624708843 0.1391041982016681 211
1757624708891 0.0841444056001269 212
1757624708940 0.1375327144585201 213
1757624708989 0.06750680519045327 214
1757624709037 0.12172923825313842 215
1757624709085 0.10139565249023606 216
1757624709134 0.18925405617193053 217
1757624709181 0.11816453448906232 218
1757624709230 0.11335046883452883 219
1757624709286 0.14793550067717082 220
1757624709354 0.1109869126875442 221
1757624709470 0.1482499749528644 222
1757624709522 0.13200982004127423 223
1757624709576 0.11842884701170092 224
1757624709627 0.07413086152270347 225
1757624709678 0.1787714560575702 226
1757624709728 0.09397998973632357 227
1757624709777 0.10047853618440143 228
1757624709827 0.10793192126785002 229
1757624709876 0.46600791405774744 230
1757624709925 0.08734427978269885 231
1757624709978 0.08487928777018526 232
1757624710028 0.11351269582539619 233
1757624710076 0.07419708335649894 234
1757624710126 0.13664172785329404 235
1757624710174 0.12817982962282573 236
1757624710224 0.09362048067882947 237
1757624710273 0.13592233323673023 238
1757624710322 0.13927563902619045 239
1757624710373 0.13914816720707351 240
1757624710422 0.06738962694329725 241
1757624710504 0.08258217857457123 242
1757624710561 0.1340882386918823 243
1757624710614 0.08239839262893715 244
1757624710667 0.06276997859624957 245
1757624710716 0.1890520056311105 246
1757624710766 0.07422865956433192 247
1757624710815 0.10181022265099222 248
1757624710865 0.05911726596542012 249
1757624710913 0.17376007428711757 250
1757624710964 0.13570027517399805 251
1757624711012 0.11058835513766967 252
1757624711062 0.13014201948016052 253
1757624711111 0.11317863123926244 254
1757624711161 0.13628779797574708 255
1757624711210 0.1104566874211292 256
1757624711261 0.06467529269388837 257
1757624711314 0.11887694885946856 258
1757624711364 0.12423499156638339 259
1757624711413 0.1838704682591536 260
1757624711463 0.04795249418602745 261
1757624711513 0.09266840320587594 262
1757624711562 0.15024313749482515 263
1757624711612 0.12946310211334588 264
1757624711662 0.12550382838016522 265
1757624711713 0.1646693525456877 266
1757624711766 0.15419582485544936 267
1757624711815 0.20719617786741806 268
1757624711865 0.11394927791893152 269
1757624711915 0.09285139463121872 270
1757624711964 0.0812972718110678 271
1757624712019 0.06748072055387153 272
1757624712069 0.18453219614289565 273
1757624712120 0.058178972999091624 274
1757624712169 0.09205658807437571 275
1757624712219 0.13760633495658428 276
1757624712270 0.09204358432723792 277
1757624712320 0.13802410767355838 278
1757624712371 0.16597628595990502 279
1757624712421 0.1856379153924847 280
1757624712471 0.0957464527964378 281
1757624712520 0.10405225089265743 282
1757624712570 0.07343377375777158 283
1757624712619 0.12947920564842916 284
1757624712670 0.06699597327441965 285
1757624712720 0.11986087835402147 286
1757624712771 0.09463429769421793 287
1757624712822 0.06832392046690285 288
1757624712871 0.0764100825425455 289
1757624712921 0.12837895591852125 290
1757624712972 0.13140085520483102 291
1757624713022 0.11771047285661061 292
1757624713071 0.0863272071517423 293
1757624713121 0.141862149602642 294
1757624713172 0.10855392733322308 295
1757624713222 0.0571180153173918 296
