1757640806851 169.35337134490703 0
1757640806919 169.01135031979842 1
1757640806997 168.67003242778875 2
1757640807067 168.32941616548578 3
1757640807141 167.98950003300342 4
1757640807206 167.6502825339525 5
1757640807267 167.3117621754309 6
1757640807333 166.97393746801419 7
1757640807404 166.6368069257458 8
1757640807471 166.3003690661278 9
1757640807534 165.96462241011125 10
1757640807600 165.62956548208672 11
1757640807668 165.29519680987505 12
1757640807735 164.96151492471785 13
1757640807802 164.62851836126808 14
1757640807908 164.29620565758086 15
1757640807990 163.96457535510424 16
1757640808576 163.6336259986697 17
1757640808841 163.30335613648313 18
1757640808911 162.9737643201156 19
1757640808985 162.64484910449428 20
1757640809047 162.316609047893 21
1757640809108 161.98904271192353 22
1757640809169 161.66214866152643 23
1757640809230 161.33592546496175 24
1757640809287 161.01037169380038 25
1757640809354 160.68548592291486 26
1757640809430 160.3612667304705 27
1757640809491 160.0377126979165 28
1757640809549 159.71482240997705 29
1757640809616 159.39259445464245 30
1757640809675 159.07102742316025 31
1757640809728 158.75011991002663 32
1757640809783 158.42987051297746 33
1757640809840 158.11027783297968 34
1757640809893 157.79134047422255 35
1757640809946 157.47305704410894 36
1757640810001 157.1554261532468 37
1757640810055 156.83844641544036 38
1757640810111 156.5221164476819 39
1757640810166 156.20643487014274 40
1757640810220 155.891400306165 41
1757640810273 155.57701138225312 42
1757640810326 155.2632667280652 43
1757640810381 154.95016497640475 44
1757640810435 154.63770476321207 45
1757640810488 154.32588472755623 46
1757640810539 154.0147035116262 47
1757640810592 153.70415976072303 48
1757640810644 153.39425212325116 49
1757640810696 153.0849792507104 50
1757640810749 152.7763397976876 51
1757640810801 152.46833242184832 52
1757640810859 152.16095578392878 53
1757640810911 151.85420854772786 54
1757640810962 151.54808938009845 55
1757640811014 151.24259695093994 56
1757640811065 150.93772993318967 57
1757640811117 150.63348700281514 58
1757640811169 150.329866838806 59
1757640811221 150.02686812316574 60
1757640811274 149.7244895409041 61
1757640811326 149.422729780029 62
1757640811378 149.12158753153838 63
1757640811430 148.82106148941267 64
1757640811481 148.52115035060663 65
1757640811532 148.22185281504176 66
1757640811584 147.9231675855982 67
1757640811636 147.62509336810714 68
1757640811689 147.3276288713431 69
1757640811743 147.03077280701592 70
1757640811795 146.7345238897633 71
1757640811847 146.4388808371431 72
1757640811899 146.14384236962542 73
1757640811952 145.84940721058527 74
1757640812004 145.55557408629483 75
1757640812055 145.26234172591572 76
1757640812106 144.96970886149174 77
1757640812159 144.67767422794103 78
1757640812210 144.3862365630488 79
1757640812262 144.09539460745958 80
1757640812314 143.80514710467003 81
1757640812366 143.51549280102128 82
1757640812419 143.22643044569156 83
1757640812495 142.93795879068904 84
1757640812548 142.65007659084398 85
1757640812599 142.36278260380186 86
1757640812652 142.07607559001576 87
1757640812704 141.78995431273924 88
1757640812757 141.50441753801894 89
1757640812809 141.21946403468735 90
1757640812885 140.9350925743557 91
1757640812944 140.65130193140652 92
1757640812998 140.36809088298676 93
1757640813051 140.08545820900034 94
1757640813104 139.80340269210123 95
1757640813156 139.52192311768619 96
1757640813208 139.24101827388773 97
1757640813260 138.9606869515672 98
1757640813313 138.68092794430743 99
1757640813365 138.4017400484059 100
1757640813418 138.12312206286782 101
1757640813471 137.84507278939904 102
1757640813528 137.56759103239895 103
1757640813580 137.2906755989539 104
1757640813632 137.01432529882996 105
1757640813686 136.73853894446628 106
1757640813738 136.46331535096797 107
1757640813791 136.18865333609958 108
1757640813844 135.91455172027787 109
1757640813897 135.6410093265654 110
1757640813951 135.36802498066353 111
1757640814004 135.0955975109057 112
1757640814057 134.8237257482507 113
1757640814109 134.552408526276 114
1757640814161 134.28164468117095 115
1757640814215 134.01143305173025 116
1757640814268 133.74177247934722 117
1757640814320 133.4726618080071 118
1757640814372 133.20409988428054 119
1757640814424 132.936085557317 120
1757640814475 132.66861767883816 121
1757640814526 132.40169510313137 122
1757640814580 132.13531668704312 123
1757640814632 131.86948128997255 124
1757640814685 131.604187773865 125
1757640814737 131.3394350032053 126
1757640814791 131.07522184501184 127
1757640814843 130.8115471688296 128
1757640814896 130.548409846724 129
1757640814955 130.2858087532746 130
1757640815012 130.02374276556844 131
1757640815065 129.76221076319405 132
1757640815118 129.50121162823484 133
1757640815176 129.2407442452629 134
1757640815237 128.98080750133283 135
1757640815292 128.72140028597522 136
1757640815345 128.4625214911906 137
1757640815399 128.20417001144324 138
1757640815452 127.94634474365463 139
1757640815505 127.68904458719774 140
1757640815557 127.43226844389048 141
1757640815608 127.17601521798977 142
1757640815670 126.92028381618533 143
1757640815726 126.66507314759346 144
1757640815778 126.4103821237512 145
1757640815831 126.15620965861001 146
1757640815888 125.90255466852982 147
1757640815943 125.64941607227296 148
1757640815995 125.39679279099822 149
1757640816048 125.14468374825475 150
1757640816101 124.89308786997613 151
1757640816156 124.64200408447434 152
1757640816209 124.3914313224339 153
1757640816262 124.14136851690591 154
1757640816317 123.89181460330215 155
1757640816370 123.64276851938912 156
1757640816424 123.39422920528223 157
1757640816477 123.14619560343998 158
1757640816531 122.89866665865803 159
1757640816582 122.65164131806337 160
1757640816636 122.4051185311087 161
1757640816695 122.1590972495664 162
1757640816748 121.91357642752294 163
1757640816801 121.66855502137304 164
1757640816855 121.42403198981395 165
1757640816909 121.1800062938398 166
1757640816971 120.93647689673578 167
1757640817038 120.69344276407257 168
1757640817109 120.45090286370066 169
1757640817166 120.20885616574463 170
1757640817220 119.96730164259759 171
1757640817274 119.72623826891554 172
1757640817329 119.48566502161181 173
1757640817384 119.2455808798514 174
1757640817439 119.00598482504557 175
1757640817495 118.76687584084605 176
1757640817549 118.52825291313978 177
1757640817603 118.29011503004321 178
1757640817656 118.05246118189693 179
1757640817710 117.81529036126007 180
1757640817763 117.57860156290491 181
1757640817818 117.34239378381145 182
1757640817886 117.10666602316196 183
1757640817945 116.8714172823355 184
1757640818000 116.63664656490265 185
1757640818055 116.40235287662 186
1757640818111 116.16853522542488 187
1757640818165 115.93519262142999 188
1757640818220 115.70232407691803 189
1757640818275 115.46992860633638 190
1757640818331 115.23800522629188 191
1757640818386 115.00655295554546 192
1757640818439 114.77557081500683 193
1757640818493 114.54505782772941 194
1757640818547 114.31501301890489 195
1757640818600 114.08543541585811 196
1757640818654 113.85632404804187 197
1757640818708 113.6276779470316 198
1757640818761 113.39949614652038 199
1757640818815 113.1717776823136 200
1757640818870 112.94452159232394 201
1757640818925 112.71772691656618 202
1757640818986 112.4913926971521 203
1757640819046 112.2655179782853 204
1757640819102 112.04010180625627 205
1757640819156 111.81514322943721 206
1757640819211 111.59064129827696 207
1757640819265 111.36659506529601 208
1757640819319 111.14300358508149 209
1757640819372 110.91986591428203 210
1757640819427 110.69718111160294 211
1757640819481 110.4749482378011 212
1757640819533 110.25316635568007 213
1757640819588 110.03183453008502 214
1757640819644 109.81095182789797 215
1757640819698 109.59051731803264 216
1757640819752 109.37053007142978 217
1757640819806 109.15098916105207 218
1757640819860 108.93189366187934 219
1757640819913 108.71324265090371 220
1757640819968 108.49503520712467 221
1757640820022 108.27727041154431 222
1757640820076 108.0599473471624 223
1757640820130 107.84306509897173 224
1757640820185 107.62662275395314 225
1757640820240 107.41061940107085 226
1757640820294 107.19505413126764 227
1757640820349 106.97992603746015 228
1757640820405 106.765234214534 229
1757640820459 106.55097775933929 230
1757640820514 106.33715577068558 231
1757640820569 106.12376734933751 232
1757640820623 105.91081159800986 233
1757640820677 105.69828762136304 234
1757640820914 105.48619452599829 235
1757640820989 105.27453142045314 236
1757640821062 105.06329741519673 237
1757640821127 104.8524916226252 238
1757640821189 104.64211315705704 239
1757640821248 104.43216113472857 240
1757640821305 104.22263467378932 241
1757640821362 104.01353289429741 242
1757640821419 103.80485491821507 243
1757640821477 103.59659986940407 244
1757640821533 103.38876687362114 245
1757640821589 103.18135505851359 246
1757640821647 102.97436355361461 247
1757640821704 102.76779149033896 248
1757640821761 102.56163800197841 249
1757640821819 102.35590222369719 250
1757640821875 102.15058329252768 251
1757640821933 101.94568034736598 252
1757640821991 101.74119252896726 253
1757640822047 101.53711897994164 254
1757640822102 101.33345884474956 255
1757640822158 101.13021126969747 256
1757640822214 100.92737540293349 257
1757640822268 100.72495039444301 258
1757640822324 100.52293539604429 259
1757640822382 100.32132956138418 260
1757640822447 100.12013204593376 261
1757640822511 99.91934200698405 262
1757640822571 99.71895860364168 263
1757640822629 99.51898099682462 264
1757640822686 99.31940834925784 265
1757640822742 99.12023982546911 266
1757640822797 98.92147459178473 267
1757640822865 98.72311181632527 268
1757640822930 98.52515066900129 269
1757640822987 98.3275903215092 270
1757640823044 98.13042994732702 271
1757640823110 97.9336687217102 272
1757640823167 97.73730582168734 273
1757640823226 97.54134042605614 274
1757640823283 97.34577171537919 275
1757640823340 97.15059887197975 276
1757640823398 96.95582107993778 277
1757640823455 96.7614375250856 278
1757640823513 96.5674473950039 279
1757640823570 96.37384987901765 280
1757640823628 96.18064416819193 281
1757640823684 95.98782945532793 282
1757640823740 95.79540493495875 283
1757640823796 95.60336980334549 284
1757640823852 95.41172325847315 285
1757640823910 95.22046450004648 286
1757640823968 95.02959272948614 287
1757640824109 94.83910714992453 288
1757640824170 94.64900696620194 289
1757640824225 94.45929138486235 290
1757640824287 94.26995961414963 291
1757640824344 94.0810108640035 292
1757640824400 93.89244434605556 293
1757640824456 93.7042592736253 294
1757640824512 93.51645486171631 295
1757640824568 93.3290303270122 296
1757640824623 93.14198488787271 297
1757640824679 92.95531776432988 298
1757640824734 92.7690281780841 299
1757640824790 92.58311535250016 300
1757640824847 92.39757851260356 301
1757640824905 92.21241688507641 302
1757640824962 92.02762969825379 303
1757640825019 91.84321618211976 304
1757640825075 91.6591755683036 305
1757640825136 91.47550709007598 306
1757640825193 91.29220998234511 307
1757640825247 91.10928348165298 308
1757640825309 90.92672682617155 309
1757640825366 90.74453925569901 310
1757640825422 90.56272001165591 311
1757640825479 90.38126833708152 312
1757640825544 90.20018347662999 313
1757640825599 90.01946467656668 314
1757640825656 89.83911118476436 315
1757640825762 89.65912225069957 316
1757640825822 89.47949712544879 317
1757640825882 89.30023506168487 318
1757640825942 89.12133531367327 319
1757640826001 88.94279713726844 320
1757640826060 88.76461978991009 321
1757640826118 88.58680253061947 322
1757640826175 88.40934461999589 323
1757640826232 88.23224532021295 324
1757640826289 88.05550389501498 325
1757640826345 87.87911960971334 326
1757640826401 87.7030917311829 327
1757640826460 87.52741952785836 328
1757640826518 87.3521022697307 329
1757640826574 87.17713922834363 330
1757640826631 87.00252967678995 331
1757640826690 86.82827288970799 332
1757640826747 86.65436814327816 333
1757640826806 86.48081471521924 334
1757640826864 86.30761188478502 335
1757640826920 86.13475893276063 336
1757640826977 85.96225514145912 337
1757640827035 85.7900997947179 338
1757640827093 85.6182921778953 339
1757640827156 85.44683157786699 340
1757640827218 85.2757172830226 341
1757640827275 85.10494858326221 342
1757640827334 84.93452476999289 343
1757640827392 84.76444513612522 344
1757640827449 84.5947089760699 345
1757640827506 84.42531558573428 346
1757640827564 84.25626426251901 347
1757640827622 84.0875543053145 348
1757640827679 83.9191850144976 349
1757640827735 83.75115569192825 350
1757640827793 83.58346564094593 351
1757640827860 83.41611416636647 352
1757640827926 83.24910057447856 353
1757640827985 83.08242417304041 354
1757640828043 82.91608427127645 355
1757640828102 82.7500801798739 356
1757640828162 82.58441121097955 357
1757640828222 82.41907667819633 358
1757640828281 82.25407589658006 359
1757640828339 82.08940818263608 360
1757640828398 81.92507285431601 361
1757640828455 81.7610692310145 362
1757640828513 81.59739663356574 363
1757640828570 81.43405438424051 364
1757640828638 81.27104180674263 365
1757640828698 81.10835822620582 366
1757640828756 80.94600296919052 367
1757640828814 80.78397536368048 368
1757640828873 80.62227473907969 369
1757640828933 80.46090042620912 370
1757640828991 80.29985175730341 371
1757640829049 80.13912806600783 372
1757640829106 79.97872868737487 373
1757640829163 79.81865295786129 374
1757640829230 79.65890021532476 375
1757640829289 79.49946979902079 376
1757640829348 79.34036104959947 377
1757640829406 79.18157330910242 378
1757640829464 79.02310592095961 379
1757640829523 78.86495822998613 380
1757640829580 78.70712958237921 381
1757640829638 78.549619325715 382
1757640829694 78.39242680894547 383
1757640829753 78.23555138239531 384
1757640829814 78.07899239775884 385
1757640829872 77.92274920809692 386
1757640829930 77.76682116783384 387
1757640829990 77.61120763275427 388
1757640830048 77.45590796000019 389
1757640830106 77.30092150806784 390
1757640830164 77.14624763680466 391
1757640830221 76.99188570740621 392
1757640830281 76.83783508241324 393
1757640830342 76.68409512570848 394
1757640830445 76.53066520251386 395
1757640830506 76.37754467938728 396
1757640830566 76.22473292421975 397
1757640830626 76.0722293062323 398
1757640830685 75.92003319597309 399
1757640830746 75.76814396531432 400
1757640830805 75.61656098744929 401
1757640830865 75.46528363688952 402
1757640830926 75.31431128946166 403
1757640830986 75.16364332230464 404
1757640831044 75.01327911386672 405
1757640831103 74.86321804390239 406
1757640831162 74.71345949346977 407
1757640831223 74.56400284492732 408
1757640831287 74.41484748193122 409
1757640831346 74.26599278943229 410
1757640831404 74.11743815367318 411
1757640831464 73.96918296218541 412
1757640831524 73.82122660378654 413
1757640831582 73.67356846857729 414
1757640831640 73.52620794793864 415
1757640831699 73.37914443452902 416
1757640831760 73.23237732228138 417
1757640831819 73.08590600640038 418
1757640831876 72.9397298833596 419
1757640831935 72.79384835089863 420
1757640831996 72.64826080802028 421
1757640832056 72.50296665498776 422
1757640832115 72.3579652933219 423
1757640832173 72.21325612579822 424
1757640832231 72.06883855644435 425
1757640832291 71.92471199053702 426
1757640832350 71.78087583459943 427
1757640832412 71.63732949639835 428
1757640832486 71.49407238494148 429
1757640832633 71.35110391047456 430
1757640832700 71.20842348447879 431
1757640832766 71.06603051966786 432
1757640832839 70.92392442998536 433
1757640832915 70.78210463060202 434
1757640832980 70.64057053791295 435
1757640833043 70.49932156953494 436
1757640833107 70.35835714430377 437
1757640833171 70.21767668227146 438
1757640833234 70.07727960470353 439
1757640833303 69.93716533407647 440
1757640833365 69.79733329407485 441
1757640833426 69.6577829095888 442
1757640833489 69.51851360671127 443
1757640833550 69.37952481273531 444
1757640833610 69.24081595615151 445
1757640833671 69.1023864666453 446
1757640833733 68.96423577509432 447
1757640833795 68.82636331356574 448
1757640833857 68.68876851531365 449
1757640833920 68.55145081477647 450
1757640833981 68.41440964757425 451
1757640834042 68.27764445050614 452
1757640834103 68.14115466154772 453
1757640834164 68.00493971984844 454
1757640834224 67.86899906572897 455
1757640834284 67.73333214067874 456
1757640834344 67.59793838735315 457
1757640834403 67.46281724957123 458
1757640834462 67.32796817231288 459
1757640834523 67.19339060171636 460
1757640834582 67.05908398507587 461
1757640834642 66.92504777083875 462
1757640834702 66.79128140860317 463
1757640834761 66.65778434911549 464
1757640834821 66.52455604426765 465
1757640834881 66.39159594709486 466
1757640834942 66.25890351177284 467
1757640835004 66.12647819361547 468
1757640835065 65.99431944907222 469
1757640835125 65.86242673572568 470
1757640835186 65.73079951228905 471
1757640835246 65.59943723860366 472
1757640835311 65.4683393756364 473
1757640835374 65.33750538547746 474
1757640835437 65.20693473133763 475
1757640835505 65.07662687754596 476
1757640835566 64.94658128954731 477
1757640835627 64.81679743389981 478
1757640835686 64.6872747782725 479
1757640835747 64.55801279144285 480
1757640835807 64.42901094329436 481
1757640835866 64.3002687048141 482
1757640835926 64.17178554809028 483
1757640835987 64.0435609463099 484
1757640836047 63.91559437375624 485
1757640836108 63.787885305806576 486
1757640836168 63.660433218929654 487
1757640836228 63.533237590683406 488
1757640836288 63.406297899712484 489
1757640836349 63.279613625745974 490
1757640836409 63.15318424959492 491
1757640836469 63.027009253149984 492
1757640836531 62.90108811937916 493
1757640836591 62.77542033232531 494
1757640836651 62.65000537710385 495
1757640836717 62.52484273990047 496
1757640836777 62.39993190796868 497
1757640836838 62.275272369627565 498
1757640836899 62.15086361425943 499
