1757641069468 173.218543417015 0
1757641069538 172.866138943238 1
1757641069608 172.3385897135831 2
1757641069676 171.7248327486288 3
1757641069754 171.0694089999541 4
1757641069822 170.3946023863496 5
1757641069880 169.71155347788627 6
1757641069944 169.02582744872603 7
1757641070010 168.34020085366927 8
1757641070079 167.65605572458716 9
1757641070141 166.9740767989158 10
1757641070201 166.29460018033822 11
1757641070266 165.61778768130466 12
1757641070332 164.943713997546 13
1757641070480 164.27241029617943 14
1757641070555 163.6038860099257 15
1757641070704 162.9381397341697 16
1757641071346 162.2751646753698 17
1757641071418 161.61495137511315 18
1757641071488 160.95748907198353 19
1757641071558 160.30276638233013 20
1757641071619 159.65077164048563 21
1757641071679 159.00149306870878 22
1757641071741 158.3549188619898 23
1757641071797 157.7110372302877 24
1757641071854 157.06983641948506 25
1757641071910 156.43130472170225 26
1757641071971 155.79543048029285 27
1757641072026 155.1622020921805 28
1757641072080 154.53160800886764 29
1757641072134 153.9036367367815 30
1757641072187 153.27827683728964 31
1757641072240 152.65551692655185 32
1757641072295 152.03534567529024 33
1757641072349 151.41775180852102 34
1757641072403 150.802724105267 35
1757641072454 150.190251398262 36
1757641072506 149.58032257365252 37
1757641072572 148.97292657069843 38
1757641072630 148.3680523814751 39
1757641072724 147.76568905057644 40
1757641072783 147.16582567481993 41
1757641072843 146.56845140295374 42
1757641072915 145.97355543536537 43
1757641072981 145.38112702379277 44
1757641073036 144.79115547103703 45
1757641073098 144.2036301306773 46
1757641073158 143.61854040678793 47
1757641073214 143.03587575365668 48
1757641073269 142.45562567550596 49
1757641073329 141.87777972621538 50
1757641073393 141.30232750904634 51
1757641073448 140.72925867636835 52
1757641073500 140.15856292938778 53
1757641073555 139.59023001787767 54
1757641073608 139.02424973991012 55
1757641073660 138.46061194159017 56
1757641073712 137.89930651679128 57
1757641073765 137.34032340689325 58
1757641073817 136.7836526005213 59
1757641073869 136.2292841332873 60
1757641073921 135.67720808753248 61
1757641073973 135.12741459207223 62
1757641074024 134.57989382194225 63
1757641074074 134.03463599814674 64
1757641074126 133.4916313874081 65
1757641074177 132.95087030191831 66
1757641074228 132.412343099092 67
1757641074279 131.87604018132157 68
1757641074330 131.34195199573293 69
1757641074380 130.81006903394433 70
1757641074430 130.28038183182525 71
1757641074481 129.75288096925823 72
1757641074532 129.22755706990154 73
1757641074583 128.70440080095338 74
1757641074633 128.1834028729182 75
1757641074683 127.66455403937418 76
1757641074734 127.14784509674203 77
1757641074785 126.633266884056 78
1757641074837 126.1208102827357 79
1757641074887 125.61046621635984 80
1757641074938 125.10222565044133 81
1757641074988 124.59607959220382 82
1757641075039 124.0920190903599 83
1757641075092 123.59003523489046 84
1757641075143 123.09011915682557 85
1757641075195 122.5922620280271 86
1757641075245 122.0964550609723 87
1757641075296 121.60268950853911 88
1757641075347 121.11095666379268 89
1757641075405 120.62124785977339 90
1757641075458 120.1335544692862 91
1757641075512 119.6478679046914 92
1757641075563 119.16417961769653 93
1757641075613 118.68248109915002 94
1757641075665 118.20276387883568 95
1757641075716 117.72501952526889 96
1757641075768 117.24923964549392 97
1757641075819 116.7754158848826 98
1757641075870 116.30353992693426 99
1757641075922 115.83360349307691 100
1757641075974 115.36559834246982 101
1757641076028 114.89951627180712 102
1757641076079 114.43534911512293 103
1757641076131 113.97308874359754 104
1757641076181 113.51272706536484 105
1757641076232 113.05425602532098 106
1757641076284 112.59766760493434 107
1757641076335 112.14295382205651 108
1757641076386 111.69010673073461 109
1757641076438 111.23911842102471 110
1757641076489 110.78998101880644 111
1757641076541 110.34268668559889 112
1757641076592 109.89722761837734 113
1757641076644 109.45359604939149 114
1757641076696 109.0117842459846 115
1757641076747 108.57178451041389 116
1757641076800 108.13358917967187 117
1757641076853 107.69719062530909 118
1757641076907 107.26258125325758 119
1757641076958 106.82975350365575 120
1757641077010 106.39869985067428 121
1757641077061 105.9694128023428 122
1757641077117 105.5418849003781 123
1757641077169 105.11610872001302 124
1757641077221 104.69207686982661 125
1757641077275 104.26978199157517 126
1757641077327 103.84921676002459 127
1757641077381 103.4303738827833 128
1757641077439 103.01324610013663 129
1757641077490 102.59782618488201 130
1757641077542 102.18410694216512 131
1757641077594 101.77208120931716 132
1757641077646 101.36174185569305 133
1757641077698 100.95308178251061 134
1757641077749 100.54609392269064 135
1757641077804 100.14077124069817 136
1757641077856 99.73710673238445 137
1757641077920 99.33509342482999 138
1757641077976 98.93472437618857 139
1757641078029 98.53599267553207 140
1757641078081 98.13889144269642 141
1757641078133 97.74341382812827 142
1757641078186 97.34955301273274 143
1757641078240 96.95730220772192 144
1757641078293 96.56665465446449 145
1757641078346 96.17760362433599 146
1757641078399 95.79014241857013 147
1757641078451 95.40426436811096 148
1757641078503 95.01996283346593 149
1757641078556 94.63723120455974 150
1757641078608 94.25606290058916 151
1757641078661 93.87645136987857 152
1757641078714 93.49839008973659 153
1757641078766 93.12187256631319 154
1757641078818 92.74689233445808 155
1757641078870 92.37344295757946 156
1757641078923 92.00151802750406 157
1757641078980 91.63111116433763 158
1757641079034 91.26221601632638 159
1757641079086 90.89482625971937 160
1757641079137 90.52893559863145 161
1757641079189 90.16453776490714 162
1757641079242 89.80162651798538 163
1757641079294 89.44019564476476 164
1757641079346 89.0802389594699 165
1757641079398 88.72175030351835 166
1757641079545 88.36472354538844 167
1757641079597 88.00915258048768 168
1757641079679 87.65503133102209 169
1757641079735 87.30235374586617 170
1757641079843 86.95111380043386 171
1757641079900 86.60130549654974 172
1757641079955 86.25292286232157 173
1757641080012 85.90595995201309 174
1757641080068 85.5604108459178 175
1757641080121 85.21626965023334 176
1757641080174 84.87353049693671 177
1757641080227 84.53218754366002 178
1757641080280 84.19223497356708 179
1757641080333 83.8536669952307 180
1757641080386 83.51647784251057 181
1757641080439 83.18066177443198 182
1757641080492 82.84621307506505 183
1757641080545 82.51312605340479 184
1757641080598 82.18139504325183 185
1757641080651 81.85101440309366 186
1757641080704 81.52197851598675 187
1757641080757 81.19428178943913 188
1757641080811 80.86791865529392 189
1757641080864 80.54288356961308 190
1757641080917 80.2191710125622 191
1757641080970 79.89677548829576 192
1757641081023 79.57569152484304 193
1757641081077 79.25591367399467 194
1757641081130 78.93743651118986 195
1757641081183 78.62025463540417 196
1757641081236 78.30436266903791 197
1757641081290 77.98975525780537 198
1757641081343 77.67642707062421 199
1757641081396 77.36437279950604 200
1757641081449 77.05358715944709 201
1757641081509 76.74406488831973 202
1757641081565 76.43580074676463 203
1757641081618 76.1287895180834 204
1757641081672 75.82302600813173 205
1757641081726 75.51850504521352 206
1757641081779 75.21522147997493 207
1757641081833 74.91317018529976 208
1757641081886 74.61234605620476 209
1757641081938 74.31274400973588 210
1757641081991 74.01435898486501 211
1757641082045 73.71718594238719 212
1757641082098 73.42121986481851 213
1757641082152 73.12645575629442 214
1757641082205 72.8328886424687 215
1757641082258 72.54051357041303 216
1757641082311 72.24932560851681 217
1757641082365 71.95931984638796 218
1757641082418 71.67049139475391 219
1757641082471 71.38283538536318 220
1757641082531 71.09634697088767 221
1757641082589 70.81102132482526 222
1757641082643 70.52685364140306 223
1757641082696 70.2438391354811 224
1757641082750 69.96197304245665 225
1757641082804 69.68125061816896 226
1757641082859 69.40166713880436 227
1757641082927 69.12321790080232 228
1757641082984 68.84589822076153 229
1757641083038 68.56970343534661 230
1757641083093 68.29462890119567 231
1757641083147 68.02066999482768 232
1757641083201 67.74782211255109 233
1757641083255 67.47608067037227 234
1757641083310 67.20544110390492 235
1757641083364 66.93589886827962 236
1757641083418 66.66744943805412 237
1757641083472 66.40008830712394 238
1757641083527 66.13381098863344 239
1757641083588 65.8686130148875 240
1757641083644 65.60448993726348 241
1757641083698 65.34143732612378 242
1757641083753 65.07945077072877 243
1757641083807 64.81852587915023 244
1757641083861 64.5586582781852 245
1757641083915 64.29984361327041 246
1757641083971 64.04207754839688 247
1757641084026 63.78535576602527 248
1757641084080 63.52967396700143 249
1757641084135 63.27502787047265 250
1757641084190 63.02141321380405 251
1757641084244 62.768825752495566 252
1757641084300 62.51726126009935 253
1757641084354 62.266715528137695 254
1757641084408 62.01718436602106 255
1757641084462 61.76866360096698 256
1757641084516 61.52114907791898 257
1757641084571 61.27463665946616 258
1757641084626 61.02912222576308 259
1757641084679 60.7846016744501 260
1757641084733 60.541070920574136 261
1757641084787 60.29852589650977 262
1757641084841 60.05696255188081 263
1757641084896 59.81637685348228 264
1757641084950 59.576764785202705 265
1757641085004 59.33812234794693 266
1757641085063 59.10044555955916 267
1757641085118 58.86373045474663 268
1757641085172 58.62797308500337 269
1757641085227 58.39316951853465 270
1757641085281 58.159315840181584 271
1757641085336 57.926408151346266 272
1757641085390 57.694442569917165 273
1757641085444 57.46341523019501 274
1757641085499 57.23332228281898 275
1757641085555 57.00415989469326 276
1757641085616 56.77592424891404 277
1757641085672 56.54861154469678 278
1757641085727 56.322217997303945 279
1757641085802 56.09673983797303 280
1757641085859 55.87217331384501 281
1757641085918 55.64851468789302 282
1757641085975 55.42576023885158 283
1757641086032 55.20390626114605 284
1757641086089 54.98294906482244 285
1757641086151 54.76288497547763 286
1757641086206 54.5437103341899 287
1757641086262 54.325421497449824 288
1757641086317 54.108014837091446 289
1757641086378 53.89148674022394 290
1757641086433 53.675833609163455 291
1757641086488 53.461051861365405 292
1757641086543 53.24713792935702 293
1757641086598 53.0340882606703 294
1757641086658 52.82189931777529 295
1757641086717 52.61056757801357 296
1757641086979 52.400089533532324 297
1757641087042 52.190461691218424 298
1757641087101 51.98168057263308 299
1757641087161 51.77374271394677 300
1757641087219 51.56664466587434 301
1757641087277 51.360382993610656 302
1757641087335 51.15495427676634 303
1757641087395 50.950355109303985 304
1757641087452 50.74658209947468 305
1757641087508 50.543631869754705 306
1757641087564 50.34150105678269 307
1757641087625 50.14018631129702 308
1757641087688 49.939684298073516 309
1757641087743 49.73999169586349 310
1757641087799 49.54110519733206 311
1757641087856 49.343021508996706 312
1757641087930 49.14573735116634 313
1757641087995 48.94924945788034 314
1757641088054 48.753554576848224 315
1757641088113 48.55864946938939 316
1757641088170 48.36453091037318 317
1757641088226 48.17119568815938 318
1757641088282 47.97864060453879 319
1757641088340 47.786862474674265 320
1757641088396 47.59585812704196 321
1757641088452 47.405624403372826 322
1757641088507 47.2161581585945 323
1757641088564 47.027456260773384 324
1757641088620 46.83951559105698 325
1757641088676 46.65233304361662 326
1757641088731 46.46590552559041 327
1757641088787 46.28022995702636 328
1757641088843 46.09530327082593 329
1757641088901 45.911122412687796 330
1757641088958 45.72768434105185 331
1757641089015 45.544986027043514 332
1757641089071 45.36302445441827 333
1757641089128 45.18179661950658 334
1757641089188 45.001299531158836 335
1757641089244 44.821530210690824 336
1757641089300 44.64248569182934 337
1757641089357 44.46416302065803 338
1757641089413 44.28655925556348 339
1757641089468 44.109671467181755 340
1757641089524 43.93349673834487 341
1757641089581 43.75803216402784 342
1757641089636 43.5832748512957 343
1757641089698 43.40922191925105 344
1757641089756 43.23587049898161 345
1757641089812 43.06321773350815 346
1757641089869 42.89126077773264 347
1757641089926 42.71999679838668 348
1757641089981 42.54942297398008 349
1757641090037 42.37953649474978 350
1757641090093 42.21033456260898 351
1757641090151 42.041814391096494 352
1757641090208 41.87397320532635 353
1757641090264 41.70680824193763 354
1757641090319 41.540316749044585 355
1757641090375 41.37449598618688 356
1757641090431 41.20934322428023 357
1757641090487 41.04485574556709 358
1757641090544 40.88103084356773 359
1757641090600 40.71786582303145 360
1757641090657 40.555357999888066 361
1757641090713 40.393504701199575 362
1757641090769 40.23230326511211 363
1757641090825 40.0717510408081 364
1757641090881 39.911845388458616 365
1757641090938 39.75258367917595 366
1757641090993 39.59396329496647 367
1757641091056 39.43598162868364 368
1757641091113 39.278636083981326 369
1757641091171 39.121924075267145 370
1757641091227 38.96584302765633 371
1757641091287 38.810390376925454 372
1757641091343 38.655563569466686 373
1757641091399 38.5013600622421 374
1757641091455 38.34777732273816 375
1757641091511 38.19481282892053 376
1757641091568 38.04246406918906 377
1757641091625 37.89072854233291 378
1757641091685 37.739603757485966 379
1757641091746 37.589087234082406 380
1757641091803 37.439176501812554 381
1757641091860 37.28986910057879 382
1757641091917 37.14116258045184 383
1757641091974 36.993054501627135 384
1757641092030 36.845542434381436 385
1757641092087 36.698623959029625 386
1757641092143 36.552296665881705 387
1757641092203 36.40655815520009 388
1757641092260 36.26140603715685 389
1757641092317 36.11683793179146 390
1757641092373 35.97285146896848 391
1757641092430 35.82944428833562 392
1757641092486 35.68661403928189 393
1757641092577 35.544358380895964 394
1757641092636 35.40267498192474 395
1757641092693 35.2615615207321 396
1757641092751 35.12101568525786 397
1757641092809 34.981035172976895 398
1757641092868 34.84161769085842 399
1757641092943 34.70276095532552 400
1757641093001 34.56446269221489 401
1757641093059 34.42672063673657 402
1757641093117 34.28953253343415 403
1757641093174 34.15289613614489 404
1757641093232 34.01680920796021 405
1757641093290 33.881269521186226 406
1757641093348 33.746274857304606 407
1757641093405 33.61182300693343 408
1757641093463 33.477911769788406 409
1757641093522 33.34453895464414 410
1757641093581 33.211702379295595 411
1757641093639 33.07939987051981 412
1757641093697 32.94762926403769 413
1757641093761 32.81638840447602 414
1757641093819 32.685675145329675 415
1757641093877 32.55548734892392 416
1757641093935 32.425822886376956 417
1757641093997 32.296679637562605 418
1757641094055 32.168055491073176 419
1757641094113 32.039948344182484 420
1757641094170 31.91235610280905 421
1757641094228 31.785276681479438 422
1757641094286 31.658708003291803 423
1757641094345 31.532647999879575 424
1757641094402 31.40709461137529 425
1757641094462 31.282045786374656 426
1757641094518 31.157499481900654 427
1757641094576 31.033453663367958 428
1757641094634 30.90990630454736 429
1757641094691 30.786855387530476 430
1757641094749 30.664298902694547 431
1757641094806 30.542234848667416 432
1757641094863 30.420661232292648 433
1757641094921 30.299576068594828 434
1757641094980 30.178977380745007 435
1757641095037 30.058863200026288 436
1757641095096 29.93923156579958 437
1757641095155 29.820080525469546 438
1757641095215 29.70140813445056 439
1757641095276 29.583212456133033 440
1757641095334 29.465491561849685 441
1757641095391 29.348243530842115 442
1757641095448 29.231466450227426 443
1757641095506 29.11515841496502 444
1757641095564 28.999317527823603 445
1757641095622 28.883941899348265 446
1757641095679 28.76902964782771 447
1757641095737 28.654578899261676 448
1757641095802 28.54058778732846 449
1757641095861 28.427054453352632 450
1757641095920 28.31397704627284 451
1757641095986 28.20135372260977 452
1757641096044 28.08918264643429 453
1757641096104 27.977461989335687 454
1757641096162 27.866189930390064 455
1757641096223 27.75536465612889 456
1757641096281 27.64498436050766 457
1757641096340 27.535047244874708 458
1757641096397 27.42555151794018 459
1757641096455 27.31649539574511 460
1757641096515 27.207877101630626 461
1757641096575 27.099694866207358 462
1757641096634 26.991946927324914 463
1757641096692 26.884631530041496 464
1757641096753 26.777746926593686 465
1757641096811 26.671291376366355 466
1757641096869 26.56526314586267 467
1757641096927 26.459660508674272 468
1757641096985 26.354481745451587 469
1757641097044 26.249725143874226 470
1757641097103 26.145388998621574 471
1757641097162 26.04147161134344 472
1757641097220 25.93797129063092 473
1757641097279 25.834886351987294 474
1757641097338 25.73221511779911 475
1757641097396 25.629955917307438 476
1757641097454 25.52810708657911 477
1757641097513 25.426666968478216 478
1757641097572 25.32563391263771 479
1757641097630 25.225006275431046 480
1757641097688 25.124782419944058 481
1757641097747 25.02496071594688 482
1757641097814 24.925539539866016 483
1757641097878 24.826517274756572 484
1757641097950 24.727892310274513 485
1757641098010 24.62966304264916 486
1757641098070 24.531827874655715 487
1757641098132 24.434385215587938 488
1757641098196 24.337333481230953 489
1757641098256 24.24067109383416 490
1757641098315 24.144396482084254 491
1757641098375 24.04850808107843 492
1757641098435 23.953004332297585 493
1757641098494 23.857883683579754 494
1757641098554 23.763144589093553 495
1757641098613 23.668785509311874 496
1757641098673 23.574804910985566 497
1757641098733 23.481201267117278 498
1757641098793 23.387973056935436 499
