1757625027612 30.863167303217043 0
1757625027654 5.594237186708129 1
1757625027697 1.1335303809901378 2
1757625027740 0.343283435136581 3
1757625027784 0.11474864426468014 4
1757625027834 0.10042993952830909 5
1757625027883 0.11160137483370712 6
1757625027933 0.11644651399485845 7
1757625027978 0.08775884835250863 8
1757625028022 0.08751845113633915 9
1757625028065 0.08921403811414311 10
1757625028108 0.11709992473090522 11
1757625028151 0.08659810351925089 12
1757625028195 0.15597335011862173 13
1757625028239 0.12962319091400729 14
1757625028281 0.11927048695260806 15
1757625028332 0.10534446011367432 16
1757625028384 0.14610932342600977 17
1757625028432 0.07497642685981236 18
1757625028480 0.07554771436959026 19
1757625028527 0.15961992502905464 20
1757625028575 0.10369531401706832 21
1757625028621 0.07042309174968128 22
1757625028675 0.0854177020791583 23
1757625028724 0.1490584265669011 24
1757625028771 0.09915389841761847 25
1757625028834 0.07455549090127335 26
1757625028882 0.1159336562397723 27
1757625028935 0.0778812343755678 28
1757625028983 0.10849983702969895 29
1757625029029 0.09692624318296493 30
1757625029082 0.1488478375612997 31
1757625029127 0.07468092702698907 32
1757625029170 0.0938920433893568 33
1757625029214 0.19363568907283832 34
1757625029259 0.1418318507453279 35
1757625029311 0.16267326799255175 36
1757625029376 0.0794146005801678 37
1757625029432 0.10184963629278118 38
1757625029481 0.08567750558020647 39
1757625029524 0.09007691067314035 40
1757625029569 0.10271960915466198 41
1757625029613 0.0925613126174033 42
1757625029658 0.132377464603138 43
1757625029701 0.10028763553788543 44
1757625029745 0.08926893226395019 45
1757625029790 0.1118921352130297 46
1757625029832 0.08641776299544404 47
1757625029877 0.09858593503794585 48
1757625029924 0.13045001311797644 49
1757625029972 0.06540858694037478 50
1757625030021 0.14123152001456493 51
1757625030072 0.13231920761515462 52
1757625030122 0.22038311479420072 53
1757625030175 0.31260677836693135 54
1757625030222 0.16169926527451345 55
1757625030273 0.10247981646489043 56
1757625030322 0.12782934706564042 57
1757625030372 0.08157370849388973 58
1757625030419 0.14056204512339326 59
1757625030464 0.06573510913884043 60
1757625030508 0.07980552058829352 61
1757625030553 0.11710410792872446 62
1757625030598 0.12799889806992953 63
1757625030643 0.09620835906951859 64
1757625030688 0.13755624360311555 65
1757625030734 0.07961515678069601 66
1757625030778 0.12841576561442933 67
1757625030824 0.15397685495274907 68
1757625030869 0.13943221038481607 69
1757625030914 0.09436327103666851 70
1757625030961 0.12579402279898458 71
1757625031008 0.10738553773175023 72
1757625031063 0.12226678075979151 73
1757625031125 0.19527073591251143 74
1757625031176 0.09608961007470546 75
1757625031227 0.09561558360759709 76
1757625031280 0.10290227171635274 77
1757625031333 0.09265369588941251 78
1757625031384 0.12207297886096907 79
1757625031433 0.11346222248386999 80
1757625031479 0.16664919233107242 81
1757625031525 0.056267048347926535 82
1757625031570 0.15310898303905296 83
1757625031615 0.07572804667902677 84
1757625031661 0.09442252268116476 85
1757625031705 0.07982157418878184 86
1757625031751 0.12398312742956563 87
1757625031797 0.08995863779345613 88
1757625031843 0.11167766761830922 89
1757625031889 0.07991511439121579 90
1757625031934 0.06635621421536853 91
1757625031980 0.09724956193558947 92
1757625032026 0.10177432427191622 93
1757625032072 0.07581292097991847 94
1757625032117 0.12371299830145376 95
1757625032163 0.09546998625321954 96
1757625032212 0.08363020544102741 97
1757625032265 0.09368161234058438 98
1757625032316 0.07328156586135721 99
1757625032368 0.1266946462892865 100
1757625032416 0.1519979403126337 101
1757625032462 0.12094464746560858 102
1757625032508 0.06857548040591233 103
1757625032557 0.1330957221508595 104
1757625032611 0.11402534756049673 105
1757625032658 0.1799604580254688 106
1757625032704 0.16019806152356822 107
1757625032753 0.10304384441334298 108
1757625032798 0.12992758720229933 109
1757625032845 0.10365670140218669 110
1757625032892 0.05615845272007263 111
1757625032939 0.13400438432904851 112
1757625032987 0.13393215863482438 113
1757625033033 0.0740867543585559 114
1757625033081 0.07103568045352184 115
1757625033129 0.09429172690043891 116
1757625033181 0.07130223746666207 117
1757625033228 0.08589106740681342 118
1757625033273 0.05903636154590019 119
1757625033321 0.06539144210188358 120
1757625033367 0.06925738340155399 121
1757625033416 0.07573990945103513 122
1757625033463 0.15792454424302993 123
1757625033510 0.15991943570319525 124
1757625033557 0.13408750762801372 125
1757625033604 0.07665041435798031 126
1757625033651 0.0730553662044295 127
1757625033698 0.099142649593375 128
1757625033744 0.07926015115345025 129
1757625033791 0.08776861697860358 130
1757625033837 0.10738824665836584 131
1757625033885 0.0974902371017957 132
1757625033931 0.0976057136258543 133
1757625033979 0.06695083449737561 134
1757625034028 0.1043099428884842 135
1757625034074 0.3379441137451134 136
1757625034122 0.10491787657746725 137
1757625034171 0.10356936719174038 138
1757625034225 0.07531884025591618 139
1757625034273 0.04479371721182176 140
1757625034322 0.1314566268047233 141
1757625034390 0.15628596898454386 142
1757625034443 0.15699536877521952 143
1757625034491 0.14989083195970712 144
1757625034537 0.08022817031085303 145
1757625034585 0.12456430564317113 146
1757625034632 0.12988071479523458 147
1757625034679 0.10282202391937158 148
1757625034727 0.08993160182854515 149
1757625034774 0.06585979637412363 150
1757625034821 0.0811590829880683 151
1757625034868 0.10069649389954709 152
1757625034916 0.07788366327231472 153
1757625034963 0.3538076263098018 154
1757625035011 0.11638379265441544 155
1757625035060 0.11853478362443302 156
1757625035107 0.15597518753617687 157
1757625035155 0.10296889728722422 158
1757625035208 0.056685342679612775 159
1757625035257 0.16904966469832158 160
1757625035304 0.13591069718546986 161
1757625035352 0.14670583470764603 162
1757625035400 0.08541240928803155 163
1757625035450 0.14643614350574272 164
1757625035499 0.08155183787485247 165
1757625035548 0.0673635927590429 166
1757625035597 0.10786851454591195 167
1757625035645 0.09689976374400501 168
1757625035693 0.07285496330785482 169
1757625035741 0.12011532186652056 170
1757625035790 0.07224374843027061 171
1757625035837 0.09317149119504371 172
1757625035885 0.12518460507188914 173
1757625035935 0.17839188691629565 174
1757625035982 0.06415613497150707 175
1757625036030 0.09500628365287145 176
1757625036078 0.07270154409249986 177
1757625036136 0.06612640044081833 178
1757625036195 0.08448023108602014 179
1757625036245 0.0730981961205978 180
1757625036302 0.08325313569824123 181
1757625036353 0.1493819410412483 182
1757625036407 0.10853136558026848 183
1757625036460 0.09822730689720832 184
1757625036513 0.10876576301096276 185
1757625036568 0.03684283496312441 186
1757625036621 0.15377654578456634 187
1757625036673 0.17396777757776044 188
1757625036728 0.11528934888389203 189
1757625036784 0.17718169588750482 190
1757625036836 0.07948255443307056 191
1757625036885 0.09082762667494768 192
1757625036947 0.06344936061763574 193
1757625037000 0.07439546630937699 194
1757625037049 0.08923534320758224 195
1757625037099 0.09269164768835149 196
1757625037150 0.08142110792703107 197
1757625037204 0.0748074343276572 198
1757625037257 0.11977383582753823 199
1757625037307 0.09900660588376196 200
1757625037357 0.1306139027008702 201
1757625037408 0.12551204796255666 202
1757625037457 0.06451808695013457 203
1757625037506 0.12674348213402598 204
1757625037556 0.08017349422437152 205
1757625037606 0.10487954504108549 206
1757625037655 0.12589929155639748 207
1757625037703 0.1337341284339009 208
1757625037754 0.10109106580570286 209
1757625037812 0.16014233478376907 210
1757625037867 0.08744773227122198 211
1757625037980 0.07252369657638491 212
1757625038034 0.0790801478319003 213
1757625038087 0.09098960679630974 214
1757625038141 0.11477315757153284 215
1757625038195 0.09928431637542838 216
1757625038246 0.09475056467956634 217
1757625038295 0.13678515715574432 218
1757625038345 0.11152221514567433 219
1757625038395 0.1256206447128059 220
1757625038446 0.09512972076059828 221
1757625038495 0.09286615640803103 222
1757625038546 0.07232473626830803 223
1757625038595 0.10178660136041746 224
1757625038646 0.07632510880234855 225
1757625038696 0.07535154700676919 226
1757625038749 0.10107477730802492 227
1757625038799 0.07966513445604988 228
1757625038849 0.08977636955832616 229
1757625038900 0.08408996232044558 230
1757625038950 0.11854898126758148 231
1757625039001 0.10668581401795725 232
1757625039051 0.07692523984064072 233
1757625039102 0.14452043661972128 234
1757625039152 0.09152150833799338 235
1757625039202 0.0720439119302995 236
1757625039257 0.07790979287113244 237
1757625039307 0.09460253907829284 238
1757625039369 0.0978381901175737 239
1757625039426 0.10612721132073394 240
1757625039479 0.1425655563204707 241
1757625039529 0.08478494140549593 242
1757625039580 0.10471337780495957 243
1757625039630 0.10811841860812449 244
1757625039681 0.17823926188976716 245
1757625039731 0.11768888817718912 246
1757625039782 0.07110975208476841 247
1757625039833 0.07110830210555812 248
1757625039884 0.11990605873982474 249
1757625039934 0.057718764254477035 250
1757625039984 0.16225243183505372 251
1757625040036 0.07176904642187269 252
1757625040092 0.06097850822936783 253
1757625040152 0.06656546531157156 254
1757625040208 0.14824142482546115 255
1757625040262 0.06457368208400786 256
1757625040321 0.10456439856648393 257
1757625040380 0.10522323297723493 258
1757625040446 0.0607796448363864 259
1757625040508 0.06492852925577702 260
1757625040570 0.057107587091799916 261
1757625040628 0.11089071670047038 262
1757625040687 0.07858910506931976 263
1757625040746 0.07168487544743045 264
