1757640837009 168.87672819721146 0
1757640837064 168.5395344823059 1
1757640837117 168.20301550562536 2
1757640837171 167.8671699131798 3
1757640837228 167.53199635371513 4
1757640837278 167.19749347870714 5
1757640837333 166.86365994235638 6
1757640837386 166.53049440158222 7
1757640837437 166.19799551601744 8
1757640837489 165.86616194800254 9
1757640837540 165.53499236258034 10
1757640837590 165.20448542749028 11
1757640837640 164.87463981316284 12
1757640837692 164.54545419271426 13
1757640837743 164.2169272419407 14
1757640837794 163.88905763931302 15
1757640837854 163.56184406597103 16
1757640837918 163.2352852057183 17
1757640837971 162.9093797450164 18
1757640838022 162.5841263729796 19
1757640838072 162.2595237813694 20
1757640838124 161.9355706645892 21
1757640838173 161.61226571967856 22
1757640838224 161.2896076463082 23
1757640838277 160.96759514677424 24
1757640838329 160.64622692599306 25
1757640838379 160.32550169149584 26
1757640838431 160.00541815342314 27
1757640838482 159.6859750245196 28
1757640838532 159.36717102012855 29
1757640838582 159.0490048581869 30
1757640838632 158.73147525921937 31
1757640838683 158.41458094633367 32
1757640838733 158.09832064521498 33
1757640838783 157.7826930841204 34
1757640838835 157.46769699387434 35
1757640838886 157.15333110786258 36
1757640838941 156.8395941620274 37
1757640838993 156.52648489486222 38
1757640839045 156.21400204740638 39
1757640839096 155.90214436323998 40
1757640839146 155.59091058847858 41
1757640839199 155.28029947176802 42
1757640839249 154.97030976427934 43
1757640839298 154.6609402197035 44
1757640839346 154.35218959424623 45
1757640839403 154.0440566466229 46
1757640839455 153.73654013805333 47
1757640839508 153.42963883225673 48
1757640839558 153.12335149544666 49
1757640839608 152.81767689632565 50
1757640839658 152.51261380608034 51
1757640839708 152.20816099837631 52
1757640839758 151.90431724935306 53
1757640839808 151.60108133761884 54
1757640839855 151.2984520442456 55
1757640839905 150.9964281527642 56
1757640839957 150.69500844915896 57
1757640840008 150.39419172186294 58
1757640840064 150.09397676175286 59
1757640840114 149.7943623621441 60
1757640840163 149.49534731878566 61
1757640840215 149.19693042985512 62
1757640840266 148.899110495954 63
1757640840318 148.60188632010235 64
1757640840370 148.3052567077341 65
1757640840421 148.00922046669197 66
1757640840472 147.7137764072227 67
1757640840522 147.41892334197212 68
1757640840574 147.12466008597983 69
1757640840624 146.83098545667508 70
1757640840674 146.53789827387115 71
1757640840725 146.24539735976083 72
1757640840776 145.95348153891157 73
1757640840826 145.66214963826053 74
1757640840877 145.37140048710967 75
1757640840929 145.08123291712104 76
1757640840979 144.79164576231204 77
1757640841028 144.50263785905034 78
1757640841079 144.21420804604927 79
1757640841131 143.92635516436297 80
1757640841182 143.63907805738162 81
1757640841233 143.3523755708267 82
1757640841283 143.0662465527461 83
1757640841335 142.78068985350953 84
1757640841386 142.49570432580373 85
1757640841445 142.2112888246276 86
1757640841498 141.92744220728767 87
1757640841548 141.64416333339327 88
1757640841598 141.36145106485188 89
1757640841650 141.0793042658644 90
1757640841702 140.79772180292056 91
1757640841753 140.51670254479401 92
1757640841803 140.23624536253803 93
1757640841855 139.9563491294804 94
1757640841905 139.67701272121926 95
1757640841956 139.3982350156182 96
1757640842008 139.12001489280152 97
1757640842059 138.8423512351499 98
1757640842109 138.5652429272956 99
1757640842160 138.28868885611803 100
1757640842212 138.01268791073895 101
1757640842264 137.737238982518 102
1757640842315 137.46234096504824 103
1757640842366 137.18799275415148 104
1757640842417 136.9141932478736 105
1757640842491 136.64094134648036 106
1757640842544 136.36823595245255 107
1757640842598 136.0960759704816 108
1757640842650 135.82446030746513 109
1757640842703 135.55338787250236 110
1757640842755 135.28285757688957 111
1757640842808 135.0128683341158 112
1757640842873 134.74341905985827 113
1757640842932 134.47450867197782 114
1757640842986 134.20613609051463 115
1757640843039 133.93830023768382 116
1757640843092 133.67100003787067 117
1757640843145 133.4042344176266 118
1757640843198 133.13800230566457 119
1757640843251 132.87230263285466 120
1757640843304 132.60713433221966 121
1757640843358 132.3424963389308 122
1757640843410 132.0783875903033 123
1757640843469 131.81480702579196 124
1757640843525 131.55175358698685 125
1757640843578 131.289226217609 126
1757640843630 131.02722386350592 127
1757640843682 130.76574547264744 128
1757640843735 130.50478999512126 129
1757640843786 130.24435638312875 130
1757640843837 129.98444359098042 131
1757640843890 129.72505057509196 132
1757640843944 129.46617629397971 133
1757640843997 129.20781970825632 134
1757640844049 128.94997978062685 135
1757640844101 128.6926554758841 136
1757640844153 128.4358457609045 137
1757640844204 128.17954960464402 138
1757640844257 127.92376597813372 139
1757640844309 127.66849385447561 140
1757640844360 127.41373220883857 141
1757640844418 127.15948001845382 142
1757640844472 126.90573626261104 143
1757640844526 126.65249992265403 144
1757640844579 126.39976998197658 145
1757640844634 126.14754542601823 146
1757640844687 125.89582524226016 147
1757640844740 125.64460842022106 148
1757640844793 125.39389395145294 149
1757640844846 125.14368082953693 150
1757640844899 124.8939680500794 151
1757640844951 124.6447546107075 152
1757640845007 124.39603951106525 153
1757640845061 124.1478217528095 154
1757640845114 123.90010033960567 155
1757640845166 123.65287427712374 156
1757640845220 123.40614257303409 157
1757640845275 123.15990423700372 158
1757640845327 122.91415828069178 159
1757640845380 122.66890371774578 160
1757640845433 122.42413956379754 161
1757640845491 122.17986483645906 162
1757640845546 121.93607855531852 163
1757640845601 121.69277974193632 164
1757640845653 121.449967419841 165
1757640845705 121.20764061452529 166
1757640845759 120.96579835344208 167
1757640845811 120.72443966600048 168
1757640845876 120.48356358356179 169
1757640845933 120.2431691394356 170
1757640845991 120.00325536887574 171
1757640846046 119.76382130907642 172
1757640846102 119.52486599916821 173
1757640846157 119.28638848021419 174
1757640846212 119.04838779520594 175
1757640846266 118.8108629890597 176
1757640846320 118.57381310861236 177
1757640846373 118.33723720261769 178
1757640846426 118.10113432174231 179
1757640846479 117.86550351856191 180
1757640846533 117.6303438475573 181
1757640846586 117.3956543651106 182
1757640846638 117.16143412950136 183
1757640846759 116.92768220090264 184
1757640846831 116.69439764137726 185
1757640846889 116.46157951487397 186
1757640846945 116.2292268872235 187
1757640847003 115.99733882613485 188
1757640847059 115.76591440119144 189
1757640847113 115.5349526838473 190
1757640847169 115.30445274742326 191
1757640847242 115.07441366710324 192
1757640847314 114.84483451993034 193
1757640847371 114.61571438480318 194
1757640847478 114.38705234247207 195
1757640847551 114.15884747553527 196
1757640847611 113.93109886843521 197
1757640847671 113.70380560745483 198
1757640847729 113.47696678071377 199
1757640847785 113.25058147816466 200
1757640847847 113.02464879158939 201
1757640847917 112.79916781459542 202
1757640847976 112.57413764261213 203
1757640848032 112.34955737288698 204
1757640848088 112.12542610448196 205
1757640848149 111.90174293826982 206
1757640848204 111.67850697693046 207
1757640848260 111.45571732494723 208
1757640848316 111.23337308860327 209
1757640848371 111.01147337597786 210
1757640848426 110.7900172969428 211
1757640848482 110.56900396315879 212
1757640848539 110.34843248807168 213
1757640848595 110.12830198690904 214
1757640848651 109.90861157667639 215
1757640848707 109.6893603761537 216
1757640848762 109.47054750589173 217
1757640848818 109.25217208820843 218
1757640848873 109.0342332471854 219
1757640848929 108.81673010866429 220
1757640848984 108.5996618002433 221
1757640849039 108.38302745127349 222
1757640849095 108.1668261928553 223
1757640849149 107.95105715783505 224
1757640849203 107.73571948080132 225
1757640849258 107.52081229808145 226
1757640849312 107.30633474773803 227
1757640849367 107.09228596956535 228
1757640849421 106.87866510508596 229
1757640849475 106.6654712975471 230
1757640849529 106.45270369191716 231
1757640849591 106.24036143488236 232
1757640849647 106.02844367484309 233
1757640849703 105.81694956191058 234
1757640849758 105.60587824790333 235
1757640849813 105.39522888634369 236
1757640849868 105.18500063245439 237
1757640849923 104.97519264315517 238
1757640849978 104.76580407705926 239
1757640850031 104.55683409446998 240
1757640850086 104.34828185737727 241
1757640850144 104.1401465294544 242
1757640850199 103.93242727605441 243
1757640850254 103.72512326420684 244
1757640850309 103.51823366261418 245
1757640850363 103.3117576416487 246
1757640850419 103.10569437334881 247
1757640850475 102.90004303141595 248
1757640850530 102.69480279121096 249
1757640850584 102.48997282975098 250
1757640850638 102.2855523257059 251
1757640850694 102.08154045939506 252
1757640850749 101.87793641278404 253
1757640850804 101.67473936948109 254
1757640850860 101.47194851473404 255
1757640850915 101.26956303542683 256
1757640850969 101.06758212007628 257
1757640851025 100.86600495882871 258
1757640851080 100.66483074345675 259
1757640851135 100.46405866735589 260
1757640851190 100.26368792554136 261
1757640851246 100.06371771464478 262
1757640851301 99.86414723291087 263
1757640851356 99.66497568019419 264
1757640851412 99.46620225795594 265
1757640851467 99.26782616926066 266
1757640851522 99.06984661877296 267
1757640851580 98.87226281275437 268
1757640851640 98.67507395906001 269
1757640851697 98.47827926713545 270
1757640851753 98.28187794801343 271
1757640851812 98.08586921431069 272
1757640851868 97.89025228022474 273
1757640851924 97.6950263615307 274
1757640851980 97.50019067557803 275
1757640852035 97.30574444128747 276
1757640852090 97.11168687914773 277
1757640852146 96.91801721121244 278
1757640852201 96.72473466109686 279
1757640852256 96.53183845397483 280
1757640852311 96.33932781657556 281
1757640852369 96.14720197718052 282
1757640852424 95.95546016562024 283
1757640852493 95.76410161327128 284
1757640852550 95.573125553053 285
1757640852607 95.38253121942452 286
1757640852664 95.19231784838153 287
1757640852721 95.00248467745325 288
1757640852778 94.81303094569931 289
1757640852856 94.62395589370666 290
1757640852924 94.43525876358642 291
1757640852982 94.24693879897096 292
1757640853040 94.0589952450106 293
1757640853098 93.87142734837077 294
1757640853155 93.68423435722873 295
1757640853213 93.49741552127074 296
1757640853270 93.31097009168879 297
1757640853328 93.12489732117774 298
1757640853386 92.93919646393215 299
1757640853442 92.75386677564333 300
1757640853501 92.56890751349631 301
1757640853556 92.38431793616675 302
1757640853614 92.20009730381801 303
1757640853676 92.01624487809812 304
1757640853733 91.83275992213679 305
1757640853790 91.64964170054232 306
1757640853847 91.46688947939879 307
1757640853910 91.28450252626295 308
1757640853967 91.10248011016125 309
1757640854024 90.92082150158691 310
1757640854080 90.73952597249698 311
1757640854136 90.55859279630931 312
1757640854195 90.37802124789967 313
1757640854253 90.19781060359871 314
1757640854309 90.01796014118919 315
1757640854365 89.83846913990287 316
1757640854425 89.65933688041764 317
1757640854482 89.48056264485469 318
1757640854538 89.30214571677543 319
1757640854596 89.12408538117877 320
1757640854656 88.94638092449806 321
1757640854713 88.76903163459825 322
1757640854770 88.59203680077303 323
1757640854826 88.41539571374192 324
1757640854883 88.23910766564737 325
1757640854940 88.06317195005192 326
1757640854998 87.88758786193532 327
1757640855053 87.71235469769167 328
1757640855109 87.53747175512655 329
1757640855167 87.36293833345418 330
1757640855224 87.18875373329463 331
1757640855280 87.0149172566709 332
1757640855338 86.84142820700608 333
1757640855393 86.66828588912064 334
1757640855450 86.4954896092295 335
1757640855508 86.32303867493924 336
1757640855564 86.15093239524533 337
1757640855620 85.97917008052929 338
1757640855684 85.80775104255585 339
1757640855743 85.6366745944703 340
1757640855802 85.46594005079557 341
1757640855858 85.29554672742947 342
1757640855919 85.125493941642 343
1757640855976 84.95578101207246 344
1757640856033 84.78640725872678 345
1757640856090 84.61737200297475 346
1757640856147 84.44867456754719 347
1757640856203 84.28031427653336 348
1757640856261 84.11229045537799 349
1757640856319 83.9446024308788 350
1757640856376 83.77724953118357 351
1757640856434 83.61023108578756 352
1757640856491 83.44354642553068 353
1757640856548 83.27719488259484 354
1757640856605 83.11117579050124 355
1757640856662 82.9454884841076 356
1757640856719 82.78013229960561 357
1757640856776 82.6151065745181 358
1757640856834 82.45041064769639 359
1757640856892 82.28604385931764 360
1757640856949 82.12200555088222 361
1757640857008 81.95829506521086 362
1757640857065 81.79491174644224 363
1757640857121 81.63185494003011 364
1757640857179 81.4691239927408 365
1757640857236 81.30671825265046 366
1757640857293 81.14463706914246 367
1757640857352 80.9828797929048 368
1757640857410 80.82144577592739 369
1757640857467 80.6603343714995 370
1757640857525 80.49954493420711 371
1757640857582 80.33907681993031 372
1757640857640 80.17892938584065 373
1757640857702 80.01910199039857 374
1757640857763 79.85959399335079 375
1757640857822 79.70040475572776 376
1757640857896 79.54153363984103 377
1757640857956 79.38298000928064 378
1757640858016 79.22474322891263 379
1757640858075 79.06682266487634 380
1757640858133 78.90921768458199 381
1757640858193 78.75192765670802 382
1757640858252 78.59495195119851 383
1757640858311 78.4382899392608 384
1757640858369 78.2819409933627 385
1757640858427 78.12590448723014 386
1757640858485 77.97017979584456 387
1757640858542 77.81476629544038 388
1757640858600 77.65966336350247 389
1757640858658 77.5048703787637 390
1757640858715 77.3503867212023 391
1757640858773 77.19621177203942 392
1757640858832 77.04234491373668 393
1757640858891 76.88878552999358 394
1757640858952 76.73553300574507 395
1757640859012 76.58258672715898 396
1757640859070 76.42994608163363 397
1757640859128 76.27761045779526 398
1757640859186 76.12557924549569 399
1757640859244 75.97385183580967 400
1757640859303 75.82242762103257 401
1757640859362 75.6713059946779 402
1757640859419 75.52048635147467 403
1757640859477 75.3699680873653 404
1757640859536 75.21975059950277 405
1757640859595 75.06983328624851 406
1757640859653 74.92021554716979 407
1757640859712 74.77089678303732 408
1757640859776 74.62187639582285 409
1757640859836 74.47315378869678 410
1757640859895 74.32472836602565 411
1757640859954 74.17659953336982 412
1757640860011 74.02876669748105 413
1757640860069 73.88122926630002 414
1757640860128 73.73398664895409 415
1757640860187 73.58703825575478 416
1757640860246 73.4403834981954 417
1757640860305 73.29402178894875 418
1757640860362 73.14795254186467 419
1757640860420 73.00217517196765 420
1757640860480 72.85668909545457 421
1757640860537 72.71149372969225 422
1757640860595 72.56658849321514 423
1757640860655 72.42197280572289 424
1757640860714 72.27764608807811 425
1757640860773 72.13360776230404 426
1757640860831 71.98985725158202 427
1757640860888 71.84639398024942 428
1757640860947 71.70321737379709 429
1757640861007 71.56032685886721 430
1757640861064 71.41772186325085 431
1757640861122 71.27540181588574 432
1757640861182 71.13336614685387 433
1757640861240 70.99161428737932 434
1757640861299 70.85014566982582 435
1757640861359 70.70895972769456 436
1757640861417 70.56805589562185 437
1757640861476 70.42743360937682 438
1757640861535 70.28709230585919 439
1757640861594 70.14703142309698 440
1757640861652 70.0072504002442 441
1757640861712 69.86774867757866 442
1757640861777 69.7285256964996 443
1757640861839 69.58958089952552 444
1757640861899 69.45091373029194 445
1757640861959 69.31252363354908 446
1757640862018 69.17441005515963 447
1757640862077 69.03657244209658 448
1757640862135 68.89901024244092 449
1757640862194 68.76172290537941 450
1757640862253 68.6247098812024 451
1757640862314 68.4879706213016 452
1757640862374 68.35150457816778 453
1757640862433 68.21531120538867 454
1757640862511 68.07938995764674 455
1757640862572 67.9437402907169 456
1757640862633 67.80836166146442 457
1757640862695 67.67325352784265 458
1757640862756 67.53841534889092 459
1757640862818 67.40384658473226 460
1757640862893 67.26954669657123 461
1757640862956 67.13551514669184 462
1757640863018 67.00175139845528 463
1757640863080 66.8682549162978 464
1757640863140 66.73502516572853 465
1757640863202 66.6020616133273 466
1757640863263 66.46936372674257 467
1757640863324 66.33693097468917 468
1757640863385 66.20476282694626 469
1757640863445 66.07285875435507 470
1757640863506 65.9412182288169 471
1757640863566 65.80984072329089 472
1757640863626 65.6787257117919 473
1757640863686 65.54787266938844 474
1757640863752 65.41728107220052 475
1757640863816 65.28695039739752 476
1757640863878 65.1568801231961 477
1757640863942 65.0270697288581 478
1757640864007 64.89751869468839 479
1757640864067 64.76822650203287 480
1757640864127 64.63919263327624 481
1757640864216 64.5104165718401 482
1757640864275 64.3818978021806 483
1757640864335 64.25363580978664 484
1757640864394 64.12563008117763 485
1757640864454 63.9978801039014 486
1757640864516 63.87038536653225 487
1757640864577 63.7431453586688 488
1757640864637 63.616159570931956 489
1757640864697 63.48942749496284 490
1757640864756 63.362948623420735 491
1757640864816 63.23672244998111 492
1757640864876 63.11074846933346 493
1757640864936 62.985026177179364 494
1757640864998 62.85955507023039 495
1757640865060 62.7343346462061 496
1757640865120 62.60936440383202 497
1757640865180 62.48464384283759 498
1757640865242 62.36017246395417 499
