1757632181548 31.184024345054304 0
1757632181593 5.22135120762564 1
1757632181642 1.0343247477692512 2
1757632181685 0.2804153341253541 3
1757632181737 0.09499732999155466 4
1757632181788 0.06944286927466024 5
1757632181836 0.10079436047988005 6
1757632181888 0.1672295898532447 7
1757632181936 0.15148934541941153 8
1757632181981 0.08185412281168375 9
1757632182025 0.08340662003509941 10
1757632182084 0.1653937615825339 11
1757632182129 0.09288622513350792 12
1757632182176 0.11909021406362806 13
1757632182221 0.09809869476937409 14
1757632182266 0.13200349906541073 15
1757632182313 0.12732293332967776 16
1757632182360 0.06584003004704075 17
1757632182404 0.06439055045241698 18
1757632182448 0.10965305494735193 19
1757632182493 0.07921146458891878 20
1757632182538 0.08956787593964183 21
1757632182583 0.09720073012638095 22
1757632182627 0.08086024193814176 23
1757632182672 0.1172074106816447 24
1757632182716 0.09531999918850324 25
1757632182762 0.10422538377911922 26
1757632182808 0.14612324174778873 27
1757632182860 0.14089311873387642 28
1757632182915 0.09494011327077244 29
1757632182961 0.1363649911136251 30
1757632183005 0.06413710256908828 31
1757632183052 0.0722541677153348 32
1757632183096 0.0738749888792809 33
1757632183142 0.1819498081363728 34
1757632183186 0.10989076939961928 35
1757632183230 0.12157682596218278 36
1757632183277 0.12990137410572555 37
1757632183323 0.11169633929901415 38
1757632183369 0.14746167151419817 39
1757632183415 0.11775764824805593 40
1757632183460 0.07328439784412114 41
1757632183507 0.12044335161765499 42
1757632183561 0.10976594795478227 43
1757632183606 0.09957668360839067 44
1757632183652 0.09876195047847258 45
1757632183698 0.09945444598205927 46
1757632183744 0.08257024867967014 47
1757632183792 0.16290472916329485 48
1757632183842 0.10964713678209137 49
1757632183894 0.12806894642835867 50
1757632183944 0.11055161892757485 51
1757632183990 0.11785114479872952 52
1757632184038 0.13489193497487928 53
1757632184083 0.10493295352310249 54
1757632184130 0.13706547106785927 55
1757632184178 0.13829377293939052 56
1757632184226 0.10684607807122276 57
1757632184274 0.1139366799060717 58
1757632184322 0.09724841176197743 59
1757632184371 0.09860351494594127 60
1757632184421 0.10692000888643627 61
1757632184465 0.10191804057784795 62
1757632184511 0.04786241239983713 63
1757632184557 0.07208579449366223 64
1757632184602 0.17178291928223186 65
1757632184649 0.18209429928186138 66
1757632184694 0.05570953914858082 67
1757632184739 0.08278227081527023 68
1757632184785 0.11492312004107749 69
1757632184831 0.08365388368260511 70
1757632184877 0.09813440234280381 71
1757632184923 0.05615494923435206 72
1757632184970 0.05913898425848648 73
1757632185016 0.08666452724338512 74
1757632185061 0.12189949938863448 75
1757632185107 0.08494419040252606 76
1757632185153 0.11644332578545682 77
1757632185198 0.13423032265691512 78
1757632185245 0.07973502090002085 79
1757632185291 0.0862603594182142 80
1757632185339 0.11195482790561331 81
1757632185385 0.16876959849025847 82
1757632185432 0.1112142755631236 83
1757632185478 0.0957308226060783 84
1757632185524 0.11361895812446238 85
1757632185575 0.18273049418340276 86
1757632185625 0.18516231119094242 87
1757632185671 0.11112690938524653 88
1757632185733 0.14525298297977673 89
1757632185805 0.14067434542995927 90
1757632185856 0.09341566371825656 91
1757632185910 0.10237879610087616 92
1757632185959 0.1234058162399277 93
1757632186007 0.1207893671059361 94
1757632186057 0.1574221106843417 95
1757632186155 0.0713669705596947 96
1757632186208 0.07393025635053721 97
1757632186266 0.17090620298315942 98
1757632186335 0.14523507173290204 99
1757632186395 0.1332668194928851 100
1757632186450 0.08100548563020615 101
1757632186500 0.08513776961838856 102
1757632186550 0.1960924234462593 103
1757632186597 0.1528528544132977 104
1757632186646 0.07578915458124975 105
1757632186693 0.10603721089367751 106
1757632186749 0.13476312937561533 107
1757632186815 0.1968764369657054 108
1757632186880 0.13844031206729143 109
1757632186939 0.12328879598052377 110
1757632186993 0.09589143067062246 111
1757632187043 0.2642142263597666 112
1757632187093 0.0767562071334181 113
1757632187142 0.09617486701746436 114
1757632187191 0.12674639481099154 115
1757632187241 0.08203769751931998 116
1757632187291 0.09098789105602283 117
1757632187338 0.04078355344404692 118
1757632187388 0.09215319538608101 119
1757632187433 0.07947761758043212 120
1757632187480 0.09244671260117791 121
1757632187527 0.09821235186881253 122
1757632187575 0.09789821437057891 123
1757632187628 0.11836656919455929 124
1757632187676 0.11699031548765931 125
1757632187723 0.12465478234983712 126
1757632187771 0.1317132813741574 127
1757632187819 0.11727269700774476 128
1757632187878 0.09849949765048474 129
1757632187938 0.11707197767249089 130
1757632187987 0.12673015440693228 131
1757632188035 0.16548667487708446 132
1757632188084 0.0915659653971855 133
1757632188132 0.0802046152758634 134
1757632188180 0.09417558421211294 135
1757632188229 0.11083897738743707 136
1757632188279 0.06555599448758037 137
1757632188330 0.1065756845641641 138
1757632188385 0.07471373427355724 139
1757632188444 0.15010838445800034 140
1757632188499 0.158813059591525 141
1757632188547 0.07002620492128263 142
1757632188596 0.09811746263081839 143
1757632188644 0.1365499239611343 144
1757632188696 0.14088124391867307 145
1757632188755 0.14957582697248367 146
1757632188812 0.12237490598799217 147
1757632188867 0.07679067444769389 148
1757632188917 0.14548502568335892 149
1757632188968 0.11678609509819114 150
1757632189024 0.14041884442333497 151
1757632189079 0.06117540750754932 152
1757632189131 0.08292931831868569 153
1757632189184 0.1119790014889808 154
1757632189235 0.12108082622097183 155
1757632189286 0.10471411276798351 156
1757632189344 0.12823132803681336 157
1757632189395 0.1372409393446119 158
1757632189446 0.044196166837433465 159
1757632189497 0.08538703161737672 160
1757632189554 0.08716125852161707 161
1757632189616 0.11613630935168726 162
1757632189674 0.06634850689159477 163
1757632189724 0.14465410973025183 164
1757632189781 0.05791142733565554 165
1757632189841 0.12082339169782602 166
1757632189894 0.09403781763071578 167
1757632189985 0.10930579891721906 168
1757632190038 0.057029940458439614 169
1757632190089 0.15397601097060365 170
1757632190139 0.12790511195013177 171
1757632190190 0.058998142703557896 172
1757632190241 0.1895084839918005 173
1757632190290 0.0897687811916508 174
1757632190342 0.11136302372278041 175
1757632190396 0.19838485447538085 176
1757632190445 0.148831439503714 177
1757632190497 0.08100375059331516 178
1757632190546 0.13328923904609644 179
1757632190598 0.10562719157513564 180
1757632190651 0.22507743734344687 181
1757632190702 0.3214096341206649 182
1757632190758 0.09479996621357542 183
1757632190818 0.08767963126255413 184
1757632190884 0.15922774134836332 185
1757632190942 0.1682130267102382 186
1757632191001 0.13585709240879534 187
1757632191059 0.14210523449735696 188
1757632191119 0.15565978356183816 189
1757632191178 0.14227090563182557 190
1757632191237 0.15491409629977332 191
1757632191296 0.1395280319555734 192
1757632191356 0.08155109073017659 193
1757632191417 0.1285224699557114 194
1757632191467 0.11838329810067193 195
1757632191517 0.15846418467545426 196
1757632191568 0.13135965807263975 197
1757632191629 0.11356877193989752 198
1757632191690 0.12153418970289881 199
1757632191756 0.08315384765126912 200
1757632191874 0.14340664133675707 201
1757632191931 0.1183846976200548 202
1757632191988 0.1001902713931713 203
1757632192046 0.15729967032331882 204
1757632192102 0.13725482538234438 205
1757632192157 0.09907486061102828 206
1757632192212 0.36206020165159575 207
1757632192267 0.19291554592852372 208
1757632192325 0.0897022445356738 209
1757632192386 0.12990344493255707 210
1757632192439 0.1335772058435843 211
1757632192490 0.08549007984397303 212
1757632192539 0.10517326534870941 213
1757632192589 0.11689665451636574 214
1757632192640 0.1183349227204717 215
1757632192695 0.0910993955739037 216
1757632192747 0.14747569415462242 217
1757632192797 0.08706389201085708 218
1757632192851 0.14061379186186884 219
1757632192914 0.1842050465883631 220
1757632192969 0.12382325984710227 221
1757632193020 0.12730385917702322 222
1757632193070 0.21932305120463733 223
1757632193119 0.0821097373784512 224
1757632193170 0.09750694118604078 225
1757632193220 0.05082879422549105 226
1757632193272 0.16475538140505816 227
1757632193324 0.05564787901985014 228
1757632193385 0.10499195356036274 229
1757632193448 0.20847693996646555 230
1757632193507 0.1361120064693137 231
1757632193567 0.07959851801759896 232
1757632193628 0.08365619060654314 233
1757632193695 0.1316379762463163 234
1757632193751 0.12394282365286718 235
1757632193810 0.09210749949086028 236
1757632193863 0.08519069301488458 237
1757632193915 0.14674861442523182 238
1757632193971 0.10606870108957567 239
1757632194028 0.11858230830423358 240
1757632194082 0.09875553495433086 241
1757632194133 0.08519671729042391 242
1757632194183 0.08963709249605614 243
1757632194235 0.09747436278995728 244
1757632194286 0.10921429483105866 245
1757632194344 0.13445627309423527 246
1757632194407 0.08128870502211029 247
1757632194461 0.08011368918276018 248
1757632194516 0.17081942362615551 249
1757632194578 0.16105939410319053 250
1757632194632 0.0945487874896131 251
1757632194684 0.08555365136084976 252
1757632194735 0.0954327864138973 253
1757632194785 0.16666606485643132 254
1757632194843 0.10092972482313234 255
1757632194896 0.05524766839938641 256
1757632194947 0.1517612258327336 257
1757632194998 0.14801269692015215 258
1757632195049 0.07744273488160788 259
1757632195099 0.14246734099233666 260
1757632195149 0.1060751716011176 261
1757632195202 0.09483187125766 262
1757632195253 0.14885206533294243 263
1757632195304 0.08926785321761774 264
1757632195356 0.070692344327009 265
1757632195419 0.05049352373936204 266
1757632195474 0.14810761970682865 267
1757632195526 0.06637063475640992 268
1757632195583 0.0989461347178992 269
1757632195642 0.10567202228756406 270
1757632195702 0.08721658261967483 271
1757632195762 0.27514606823304527 272
1757632195821 0.16742505116074996 273
1757632195883 0.1217355397757823 274
1757632195945 0.13243669122783341 275
1757632196006 0.15002830400821277 276
1757632196059 0.1262252846271944 277
1757632196110 0.06655919904607671 278
1757632196162 0.11698121845015093 279
1757632196216 0.08378909746305355 280
1757632196271 0.09914013781783619 281
1757632196332 0.08949602862017403 282
1757632196385 0.12561628552084983 283
1757632196438 0.06675540636297989 284
1757632196490 0.09530991793082273 285
1757632196541 0.05723903067257416 286
1757632196592 0.1215265410320846 287
1757632196646 0.04240599721405962 288
1757632196704 0.13077468750293847 289
1757632196767 0.053228315386125255 290
1757632196824 0.16936664844094126 291
1757632196882 0.1353426737558388 292
1757632196945 0.10189251880118394 293
1757632197006 0.10710657347273941 294
1757632197059 0.09970130140909361 295
1757632197111 0.1066042909118255 296
1757632197163 0.04804035873359375 297
1757632197215 0.08525660664350648 298
1757632197267 0.12139385175863598 299
1757632197319 0.08929717914122075 300
1757632197371 0.07726046168217167 301
1757632197422 0.10706031289391071 302
1757632197473 0.11926712021935082 303
1757632197524 0.10356374824693919 304
1757632197575 0.11468803209751145 305
1757632197628 0.06877600297583758 306
1757632197679 0.07405829615439277 307
1757632197731 0.0609065757622559 308
1757632197787 0.13181589117977222 309
1757632197840 0.12288509994763283 310
1757632197905 0.08142181058499837 311
1757632197959 0.0964133878445397 312
1757632198014 0.06952722586525363 313
1757632198069 0.19995745824608768 314
1757632198122 0.07973700490427528 315
1757632198175 0.10688760687401427 316
1757632198228 0.10914002543439011 317
1757632198286 0.14882591132514017 318
1757632198338 0.06327755088456803 319
1757632198390 0.08816472355741074 320
1757632198442 0.07476719313763289 321
1757632198499 0.09183570376369785 322
1757632198551 0.13873441573513173 323
1757632198605 0.06384822257689973 324
1757632198657 0.18921967302509385 325
1757632198708 0.20461949850326053 326
1757632198762 0.0633917612074617 327
1757632198814 0.08771016903417209 328
1757632198866 0.05038125065892178 329
1757632198918 0.07076520959001822 330
1757632198973 0.19864309390963242 331
1757632199025 0.09251287328152442 332
1757632199077 0.05737292756032516 333
1757632199130 0.1557960333495697 334
1757632199182 0.1277560947985304 335
1757632199234 0.09484737090647442 336
1757632199287 0.07015963732506347 337
1757632199339 0.13691291279887338 338
1757632199392 0.08513743197804241 339
1757632199444 0.09096590665268722 340
1757632199496 0.15070448639673295 341
1757632199552 0.058781641029649286 342
1757632199611 0.18446826703160596 343
1757632199663 0.09042782727127405 344
1757632199716 0.11825287450424457 345
1757632199772 0.10042710350975143 346
1757632199825 0.10955668557639067 347
1757632199879 0.10384028523427108 348
1757632199931 0.12001918979194744 349
1757632199985 0.1277901241547557 350
1757632200042 0.06270864820288052 351
1757632200097 0.0763801430224797 352
1757632200153 0.09437904017517856 353
1757632200205 0.0838296084407959 354
1757632200260 0.1559656691592474 355
1757632200315 0.1939783686341745 356
1757632200368 0.12482315161354962 357
1757632200423 0.16182233793497514 358
1757632200477 0.15819310326805958 359
1757632200531 0.07706674337899228 360
1757632200583 0.1573705556842694 361
1757632200635 0.08585067020783087 362
1757632200688 0.0884958608444321 363
1757632200740 0.06539536305499158 364
1757632200793 0.10457544036949859 365
1757632200847 0.08602857456824718 366
1757632200899 0.08769001898758358 367
1757632200952 0.0925171848624102 368
1757632201005 0.10831552148626458 369
1757632201058 0.0740440888288727 370
1757632201111 0.13450291645062648 371
1757632201164 0.1682474167592094 372
1757632201217 0.13629674088936508 373
1757632201270 0.29121323779267283 374
1757632201323 0.07562541658869612 375
1757632201376 0.12731898129874825 376
1757632201429 0.0756312040921431 377
1757632201483 0.1007848054783556 378
1757632201537 0.110276049566383 379
1757632201591 0.10568510221406906 380
1757632201644 0.1411809605483903 381
1757632201698 0.0841746711707136 382
1757632201751 0.09566860848954246 383
1757632201808 0.06294524066544617 384
1757632201863 0.08697957232428893 385
1757632201916 0.10478908936796211 386
1757632201970 0.1285010956536235 387
1757632202024 0.17431529456878597 388
1757632202082 0.13494964112345373 389
1757632202137 0.07729562177661978 390
1757632202194 0.056825001518115634 391
1757632202247 0.09117385427204136 392
1757632202300 0.127660128672335 393
1757632202356 0.08106449609282551 394
1757632202411 0.09262925314514958 395
1757632202463 0.108762199584235 396
1757632202517 0.0925476990880825 397
1757632202571 0.10546884567112898 398
1757632202624 0.12883072757179992 399
1757632202682 0.08014341631362726 400
1757632202736 0.06939575889341731 401
1757632202790 0.07257923613840073 402
1757632202845 0.08058423203341969 403
1757632202910 0.10389328982865806 404
1757632202965 0.07669470338285103 405
1757632203019 0.09085620453541732 406
1757632203076 0.09965785921969274 407
1757632203130 0.22134584540090485 408
1757632203184 0.06785036283991186 409
1757632203238 0.08065961474752886 410
1757632203291 0.10549952086989943 411
1757632203345 0.11747484986775858 412
1757632203399 0.15345779673226273 413
1757632203453 0.14719628499918685 414
1757632203507 0.14760648785277056 415
1757632203561 0.08990779652576453 416
1757632203615 0.03869021135199462 417
1757632203669 0.11094996573251498 418
1757632203722 0.07295584986224427 419
1757632203776 0.10917391881007682 420
1757632203833 0.10283576620664822 421
1757632203889 0.06411433100259194 422
1757632203944 0.11056462814216239 423
1757632203998 0.08912494889987445 424
1757632204087 0.07667839697912637 425
1757632204155 0.07255182297214602 426
1757632204213 0.061590510543323866 427
1757632204270 0.10105119737728027 428
1757632204331 0.07630765376445428 429
1757632204396 0.12307039152454531 430
1757632204453 0.10403246082567144 431
1757632204516 0.10876805673208446 432
1757632204573 0.18067406424134053 433
1757632204629 0.1265442087168187 434
1757632204684 0.052580071446288734 435
1757632204742 0.11628863613315138 436
1757632204797 0.1010609159944868 437
1757632204852 0.13755051208995905 438
1757632204907 0.08502443829763999 439
1757632204961 0.25249154654335093 440
1757632205016 0.09876738085124906 441
1757632205070 0.04955959437237942 442
1757632205126 0.1381735343728781 443
1757632205180 0.1354525420839461 444
1757632205235 0.14066419281338166 445
1757632205289 0.08373488853771459 446
1757632205344 0.09478418068649846 447
1757632205400 0.13536556161816715 448
1757632205454 0.12660718689843087 449
1757632205508 0.07918792052887053 450
1757632205563 0.10588450435691169 451
1757632205618 0.09636713463529128 452
1757632205673 0.1230056875089947 453
1757632205727 0.08488836406360137 454
1757632205783 0.174398287094375 455
1757632205838 0.06615397325534661 456
1757632205908 0.058429015453423695 457
1757632205973 0.2756551665556552 458
1757632206039 0.1496697308417798 459
1757632206111 0.10070279078191019 460
1757632206179 0.10377866544565674 461
1757632206243 0.13141375523767107 462
1757632206305 0.13701715027698802 463
1757632206380 0.1470405645315639 464
1757632206447 0.05309992671136718 465
1757632206507 0.08916277025169052 466
1757632206564 0.11865518608167905 467
1757632206619 0.12631219559273155 468
1757632206675 0.14495563867577244 469
1757632206739 0.05862964640782863 470
1757632206806 0.08737857214759637 471
1757632206863 0.10334592204526313 472
1757632206920 0.161475656669535 473
1757632206975 0.1096185407562276 474
1757632207035 0.07171017383442427 475
1757632207100 0.12837946817920382 476
1757632207176 0.05326356248817297 477
1757632207248 0.1283500147129425 478
1757632207313 0.11046297376597422 479
1757632207379 0.06010810964718267 480
1757632207442 0.05978618466557595 481
1757632207508 0.1075097877767435 482
1757632207573 0.09677938848036316 483
1757632207639 0.09786129100045238 484
1757632207700 0.15007885788444636 485
1757632207761 0.2230629150849879 486
1757632207822 0.09027792390738176 487
1757632207901 0.08947130251217555 488
1757632207966 0.07979112757264376 489
1757632208027 0.0766617696576449 490
1757632208094 0.1025041614077638 491
1757632208167 0.09207300987077097 492
1757632208241 0.08070379612214318 493
1757632208302 0.14362319805385917 494
1757632208360 0.10489946480374343 495
1757632208417 0.08584495775412312 496
1757632208473 0.09085528534519033 497
1757632208529 0.10428562098649893 498
1757632208584 0.08573997298750571 499
