1757630761819 166.3343149696697 0
1757630761885 158.85663105659555 1
1757630761946 155.65445531205543 2
1757630762013 157.04181665974133 3
1757630762082 154.39089862251876 4
1757630762141 153.96695976233283 5
1757630762196 149.39506827910898 6
1757630762258 142.71281478209139 7
1757630762326 141.69761693560577 8
1757630762390 139.56300318693272 9
1757630762460 133.8702778468673 10
1757630762529 134.93496713014105 11
1757630762594 132.35950093189538 12
1757630762663 126.5548543622642 13
1757630762732 123.55665938975719 14
1757630762803 129.10424742810727 15
1757630762867 124.79723838530143 16
1757630762922 120.758526011803 17
1757630762975 120.06319247296466 18
1757630763028 116.023057379282 19
1757630763087 117.63506381858546 20
1757630763144 115.10326883684814 21
1757630763199 111.395115459044 22
1757630763255 107.8728735578932 23
1757630763308 113.38602348405821 24
1757630763360 105.0382336835241 25
1757630763412 106.9883084024517 26
1757630763466 104.9898625700904 27
1757630763519 98.89491609621946 28
1757630763568 100.37956635174116 29
1757630763619 98.45807871204742 30
1757630763681 97.7332752725109 31
1757630763741 90.2284506682967 32
1757630763797 91.58546889951482 33
1757630763855 89.12098613279888 34
1757630763947 88.19113701701978 35
1757630764004 88.59652655957659 36
1757630764059 84.68753345972326 37
1757630764114 87.23914933201497 38
1757630764174 85.19612298211987 39
1757630764249 82.48381721958496 40
1757630764323 82.3805090284683 41
1757630764389 79.93054363539804 42
1757630764446 77.63121023734178 43
1757630764514 79.53083083969203 44
1757630764571 75.50323638874579 45
1757630764625 73.8812079127792 46
1757630764679 70.99973369574406 47
1757630764734 71.945152558495 48
1757630764790 70.90279146767428 49
1757630765019 71.35682360458047 50
1757630765136 66.88932948527909 51
1757630765216 68.71637247205005 52
1757630765295 66.15506505200197 53
1757630765367 67.4390295044314 54
1757630765429 65.89075885948388 55
1757630765490 66.20209145714516 56
1757630765566 61.55221929582047 57
1757630765632 60.24333520795262 58
1757630765688 61.50902358862035 59
1757630765745 57.57839771727914 60
1757630765813 57.72867457353944 61
1757630765889 53.82292331041466 62
1757630765964 54.448205474572376 63
1757630766025 54.29207981021227 64
1757630766078 56.26154446924812 65
1757630766131 54.84592170336683 66
1757630766182 52.33088304125492 67
1757630766236 51.83604818163272 68
1757630766298 49.18213690008926 69
1757630766371 50.90498122046506 70
1757630766426 50.07356052040553 71
1757630766479 46.517387382719356 72
1757630766537 46.94560493946473 73
1757630766598 45.97389384779999 74
1757630766694 46.62368403360638 75
1757630766768 44.7127800271845 76
1757630766828 45.04448687542354 77
1757630766888 44.44608706557884 78
1757630766941 40.33034896734704 79
1757630766997 40.675466644318824 80
1757630767052 42.44806843624834 81
1757630767106 41.32798552729685 82
1757630767160 38.81008733575974 83
1757630767215 39.04461177442953 84
1757630767269 38.343833476462244 85
1757630767323 35.62221695294985 86
1757630767378 35.63996806874005 87
1757630767429 34.658490624473586 88
1757630767480 35.67383467215532 89
1757630767531 35.63475885883859 90
1757630767665 33.25165266504192 91
1757630767719 33.66671364263178 92
1757630767772 32.994393531516515 93
1757630767825 32.074675923772304 94
1757630767878 32.03001298550838 95
1757630767930 31.005543487912604 96
1757630767981 31.914566973104822 97
1757630768032 31.42126450133967 98
1757630768085 31.828295135043692 99
1757630768138 30.68603164248368 100
1757630768190 27.575069768582487 101
1757630768243 28.095392699506483 102
1757630768293 28.227535849932533 103
1757630768345 27.96245451008084 104
1757630768397 26.012509042854543 105
1757630768451 27.182696265626657 106
1757630768501 25.381329167870174 107
1757630768554 26.21065966228477 108
1757630768615 25.149270844348766 109
1757630768690 24.523570691125887 110
1757630768760 23.471273585779254 111
1757630768824 24.88428876668476 112
1757630768886 24.589647384633917 113
1757630768943 23.50374818818979 114
1757630768999 22.3918520813277 115
1757630769056 21.679680438741343 116
1757630769111 22.423498612321648 117
1757630769167 21.345780163912924 118
1757630769221 21.402676874132197 119
1757630769275 20.9167785878902 120
1757630769331 20.317558295718236 121
1757630769385 20.464350118355107 122
1757630769437 19.757860754302083 123
1757630769489 18.10228729892181 124
1757630769543 20.127707955482762 125
1757630769597 17.72317627127417 126
1757630769649 19.01803750613332 127
1757630769703 18.23711867935861 128
1757630769757 17.297921368967238 129
1757630769810 16.908294808228842 130
1757630769865 17.75483534546265 131
1757630769920 16.841991028395636 132
1757630769985 17.30790285605312 133
1757630770047 17.02968014256155 134
1757630770101 16.70592288519806 135
1757630770159 16.561264240273122 136
1757630770214 15.710595944016067 137
1757630770269 14.668276742834275 138
1757630770324 15.236446943514803 139
1757630770381 14.938483142501578 140
1757630770451 15.371757753221795 141
1757630770524 13.191974882785464 142
1757630770625 13.517523329372747 143
1757630770691 14.090924203182158 144
1757630770749 14.081977034810997 145
1757630770807 13.867896186485291 146
1757630770867 12.22755186733729 147
1757630770925 13.085866598084678 148
1757630770989 12.237886477956947 149
1757630771061 12.187282397722884 150
1757630771128 12.01833415894585 151
1757630771186 11.964169349014727 152
1757630771242 12.773249917850038 153
1757630771298 11.149545700925952 154
1757630771354 12.29235012905734 155
1757630771418 11.329679612240795 156
1757630771474 10.379871460990072 157
1757630771529 10.357712210216794 158
1757630771582 10.212560925795314 159
1757630771636 10.938839285445791 160
1757630771689 10.153123722982874 161
1757630771740 10.646340643604729 162
1757630771791 10.069297328399248 163
1757630771842 9.920731827523735 164
1757630771892 9.359736346953948 165
1757630771943 9.76747600249793 166
1757630771994 8.860637560098166 167
1757630772044 10.0620229158752 168
1757630772095 8.976068240291607 169
1757630772210 9.543971204349 170
1757630772282 8.313770675850218 171
1757630772350 9.378656270334 172
1757630772419 8.426234052073044 173
1757630772487 8.68628368966659 174
1757630772555 8.219451398964763 175
1757630772622 8.026312443386717 176
1757630772685 8.151568429259251 177
1757630772744 8.051563907977627 178
1757630772800 7.610010305678966 179
1757630772856 7.000621339387592 180
1757630772914 7.5718778962005455 181
1757630772976 6.876333189945359 182
1757630773045 7.007407790898299 183
1757630773112 6.618032324388768 184
1757630773174 7.105051901718983 185
1757630773235 6.755347221379039 186
1757630773301 6.730959945237039 187
1757630773376 6.33605257952543 188
1757630773445 6.255050730289622 189
1757630773511 6.360352051134347 190
1757630773584 5.999388518318919 191
1757630773669 5.996688979388084 192
1757630773764 6.180619807763334 193
1757630773861 6.123952759945765 194
1757630773958 5.843661118389428 195
1757630774041 5.54973286029183 196
1757630774124 5.192015540119495 197
1757630774208 5.3301041377777 198
1757630774293 5.428088615635237 199
1757630774369 5.345112062726119 200
1757630774441 5.556991411666897 201
1757630774516 6.797944901538319 202
1757630774601 5.088164406152722 203
1757630774691 5.005306017196735 204
1757630774788 4.912863379794115 205
1757630774890 4.810472846887195 206
1757630774965 4.446895168289731 207
1757630775042 4.732642829605624 208
1757630775114 5.035983904354636 209
1757630775181 4.994534323807525 210
1757630775246 4.587505910894854 211
1757630775309 4.607933924356311 212
1757630775374 4.091110052987063 213
1757630775433 4.222393676520409 214
1757630775492 4.14180803790205 215
1757630775569 4.1062070015121055 216
1757630775633 4.143679566261034 217
1757630775696 3.9902226627069357 218
1757630775760 4.092952842043564 219
1757630775821 4.06903909224842 220
1757630775879 3.774216549788822 221
1757630775945 3.873208513236833 222
1757630776016 3.942824811438608 223
1757630776084 3.85179896073753 224
1757630776151 3.8592345820760214 225
1757630776213 3.2459352002998503 226
1757630776273 3.2067369788815268 227
1757630776339 3.5373289144225453 228
1757630776406 3.554060682016144 229
1757630776464 3.504860581029514 230
1757630776521 3.4369385758748248 231
1757630776577 3.4317808085683166 232
1757630776636 3.1422226325978775 233
1757630776701 3.212047285283864 234
1757630776781 3.335058517404277 235
1757630776845 2.8101328932079133 236
1757630776903 3.1485481221644314 237
1757630776963 3.1410324948984125 238
1757630777034 2.8792767103664167 239
1757630777094 2.8763392512547177 240
1757630777159 2.978332853978405 241
1757630777216 2.9447312953788956 242
1757630777274 2.7064695495138804 243
1757630777335 2.7554817723658434 244
1757630777401 2.6584301751539483 245
1757630777473 2.7935297363359424 246
1757630777543 2.2907163070577643 247
1757630777614 2.367806606561204 248
1757630777682 2.356618140108177 249
1757630777750 2.4313690772941583 250
1757630777814 2.4101652902554633 251
1757630777873 2.3166247428243767 252
1757630777932 2.113684280352214 253
1757630777991 2.34541385330736 254
1757630778049 2.180204713362226 255
1757630778106 2.195380784686293 256
1757630778166 2.1961731122021084 257
1757630778242 2.196613613404849 258
1757630778337 2.075849521111128 259
1757630778443 1.926680344904038 260
1757630778521 2.3099500627007443 261
1757630778593 1.9374228681367682 262
1757630778689 1.8057459310998614 263
1757630778763 1.708925472926602 264
1757630778843 2.092758408977007 265
1757630778913 1.6213819484571244 266
1757630778994 1.6209704904559097 267
1757630779098 1.6931401649391653 268
1757630779196 1.9014976482857637 269
1757630779293 2.1702964295338187 270
1757630779403 1.607633843857676 271
1757630779510 1.5065435392842712 272
1757630779629 1.7877721598475713 273
1757630779718 1.7520404107971606 274
1757630779814 1.5871966238851423 275
1757630779928 1.7694424186757347 276
1757630780010 1.3881422675740818 277
1757630780097 1.4753709628743286 278
1757630780199 1.4419482443060356 279
1757630780279 1.4478515089917183 280
1757630780355 1.0915094817838191 281
1757630780429 1.6363971227516236 282
1757630780574 1.3012816613887213 283
1757630780681 1.5517201891680377 284
1757630780763 1.3534531763208741 285
1757630780845 1.2473418094142688 286
1757630780929 1.1990736669328927 287
1757630781008 1.2532789995308138 288
1757630781081 1.3703936020334602 289
1757630781158 1.2366201557650651 290
1757630781228 1.3275449065979976 291
1757630781291 1.0194901297121293 292
1757630781361 1.141204856078614 293
1757630781428 0.9034246350389261 294
1757630781553 1.1554082695974737 295
1757630781641 0.9609962476900689 296
1757630781712 1.1916544338971844 297
1757630781938 0.8379244695474733 298
1757630782035 1.1345087255050565 299
1757630782122 1.0712396376784592 300
1757630782201 1.0227533095539154 301
1757630782276 1.0710991963291132 302
1757630782349 0.9595544823248708 303
1757630782414 1.3615993575867216 304
1757630782479 1.1176398202065039 305
1757630782546 0.9830891264687982 306
1757630782612 1.1340579819159158 307
1757630782673 1.1606889289502003 308
1757630782737 1.007534609032446 309
1757630782825 1.0550344529310798 310
1757630782896 0.7915620121859066 311
1757630782962 1.0587626918454074 312
1757630783029 0.8151725568278152 313
1757630783123 0.8531877501280527 314
1757630783188 0.8499871565239593 315
1757630783248 0.92634832021712 316
1757630783309 0.7333207837587998 317
1757630783369 0.8955323290382049 318
1757630783430 1.0049895058407874 319
1757630783488 0.8847638643155384 320
1757630783552 0.8261944638095494 321
1757630783613 1.0130855220983424 322
1757630783676 0.7804828816093532 323
1757630783741 0.6920374065726265 324
1757630783814 0.8598271552883261 325
1757630784112 0.6846798410183789 326
1757630784256 0.6775747176748999 327
1757630784332 0.7161175279416001 328
1757630784404 0.7839983750074834 329
1757630784478 0.6206388451501825 330
1757630784552 0.5890404611287261 331
1757630784618 0.6953636541311484 332
1757630784685 0.8487097783365704 333
1757630784750 0.7342384143781093 334
1757630784811 0.5961414006727659 335
1757630784875 0.4818277383484945 336
1757630784941 0.5461572082889525 337
1757630785003 0.5868912765235473 338
1757630785065 0.6851662488163186 339
1757630785126 0.6455577075566487 340
1757630785188 0.6518832660565963 341
1757630785250 0.6896571575168661 342
1757630785311 0.5039399135716504 343
1757630785372 0.4994962426411301 344
1757630785435 0.5895232190728179 345
1757630785500 0.5920653257195099 346
1757630785606 0.5880164843115314 347
1757630785703 0.4945909669565279 348
1757630785815 0.5986478486858787 349
1757630785897 0.5811395531173237 350
1757630785970 0.47290625706838973 351
1757630786042 0.579464111001203 352
1757630786120 0.4448149319584094 353
1757630786199 0.4265742426732247 354
1757630786278 0.44753352528963414 355
1757630786362 0.5299336030908696 356
1757630786433 0.4970820310904748 357
1757630786497 0.4528066979143797 358
1757630786562 0.5032130530655654 359
1757630786659 0.38647851584988796 360
1757630786727 0.41423834573178947 361
1757630786801 0.34726352009546785 362
1757630786880 0.47418541280134885 363
1757630786955 0.37512856121460775 364
1757630787034 0.5354348344689069 365
1757630787125 0.5091803810376451 366
1757630787198 0.4687573119665116 367
1757630787262 0.5748820793242474 368
1757630787326 0.4741062487958426 369
1757630787389 0.5409219177298066 370
1757630787448 0.5934946203733732 371
1757630787507 0.3506540618677323 372
1757630787568 0.38223005741004 373
1757630787635 0.3903909424749442 374
1757630787699 0.3516246912611065 375
1757630787764 0.36274851117468654 376
1757630787824 0.367413116334735 377
1757630787885 0.4408221649126723 378
1757630787946 0.36461513417353264 379
1757630788013 0.4293901222383415 380
1757630788073 0.3614547394187783 381
1757630788132 0.3623261300857793 382
1757630788190 0.3386096987986215 383
1757630788249 0.3965798327799521 384
1757630788346 0.2652517817431992 385
1757630788519 0.3544485959716928 386
1757630788588 0.30924361798291655 387
1757630788692 0.31068138601904066 388
1757630788783 0.3764377566329297 389
1757630788884 0.3075239875371941 390
1757630788957 0.20774289826061076 391
1757630789038 0.30923949671732354 392
1757630789106 0.2822101603410601 393
1757630789185 0.2879785548083304 394
1757630789264 0.42542312233163926 395
1757630789345 0.2845926549354386 396
1757630789423 0.3697653273497959 397
1757630789495 0.24701114174761252 398
1757630789565 0.1789789724320446 399
1757630789630 0.4284904054510748 400
1757630789694 0.2611025790331337 401
1757630789754 0.3193392255958055 402
1757630789815 0.43688388803025713 403
1757630789876 0.2935411837370306 404
1757630789935 0.2787325849752448 405
1757630789996 0.32986461931163563 406
1757630790056 0.3026850344596674 407
1757630790115 0.2836455524957484 408
1757630790173 0.1985855246424436 409
1757630790230 0.1779560128469931 410
1757630790287 0.23917941531823658 411
1757630790344 0.2607743584871449 412
1757630790401 0.20951444595684035 413
1757630790459 0.25135997512002983 414
1757630790520 0.20507056367090803 415
1757630790593 0.2494753925468951 416
1757630790661 0.3068014437214481 417
1757630790724 0.20555194759263348 418
1757630790783 0.22008160195416754 419
1757630790847 0.2142205881971636 420
1757630790909 0.31547041278575333 421
1757630790969 0.20280188370140545 422
1757630791027 0.17091210174441468 423
1757630791093 0.20243409315367158 424
1757630791154 0.28182435561988867 425
1757630791215 0.1845735470632029 426
1757630791274 0.16544090098784336 427
1757630791332 0.2108904106564105 428
1757630791391 0.20902288134136876 429
1757630791451 0.1532675902103964 430
1757630791509 0.16544603200984345 431
1757630791568 0.298123596956681 432
1757630791644 0.23396811833601258 433
1757630791705 0.15182032780388588 434
1757630791768 0.19122554807503336 435
1757630791828 0.14119702178040694 436
1757630791887 0.1330972448739678 437
1757630791949 0.14765083788048972 438
1757630792023 0.2564441405291716 439
1757630792085 0.18683291613808162 440
1757630792145 0.2084448190824099 441
1757630792206 0.16209676324220496 442
1757630792267 0.12701181835709568 443
1757630792326 0.1324525843446001 444
1757630792384 0.25765624434185463 445
1757630792444 0.2658745096689094 446
1757630792503 0.2767945913012728 447
1757630792561 0.25184749041113286 448
1757630792619 0.17532084155833114 449
1757630792678 0.22622621257082468 450
1757630792736 0.20306324604154677 451
1757630792796 0.19259141328126675 452
1757630792857 0.14569764617537487 453
1757630792916 0.19624532133424996 454
1757630792975 0.17479654847686213 455
1757630793033 0.31019252039582523 456
1757630793102 0.1752776894249903 457
1757630793161 0.25814510860940354 458
1757630793219 0.1988310121690393 459
1757630793278 0.21556040608894672 460
1757630793338 0.12487417069829414 461
1757630793397 0.16950967234667455 462
1757630793456 0.19811716493786746 463
1757630793516 0.16440895115019966 464
1757630793574 0.17751175200719196 465
1757630793633 0.1498146412876278 466
1757630793692 0.14524544467244663 467
1757630793751 0.26386398163758934 468
1757630793810 0.21004317026925803 469
1757630793869 0.11532202646767968 470
1757630793928 0.16577013348052796 471
1757630793987 0.19752653920858534 472
1757630794050 0.14739847423904992 473
1757630794121 0.11373265052770817 474
1757630794180 0.17339287722438898 475
1757630794240 0.23415367860226521 476
1757630794300 0.17187598451448596 477
1757630794359 0.14015144584682182 478
1757630794421 0.16632351474642285 479
1757630794480 0.20353715909760392 480
1757630794540 0.21627328447755229 481
1757630794599 0.17950001605534602 482
1757630794663 0.16437730095690556 483
1757630794725 0.20313599299329702 484
1757630794785 0.189895051422085 485
1757630794844 0.2423629441176667 486
1757630794903 0.15254509560319196 487
1757630794963 0.13014145875617988 488
1757630795023 0.20849460135138198 489
1757630795090 0.17031593615871554 490
1757630795158 0.13878278690798038 491
1757630795225 0.20531119312796234 492
1757630795288 0.1128931188061103 493
1757630795351 0.14381866934493334 494
1757630795415 0.10102490883077063 495
1757630795478 0.129940386647596 496
1757630795550 0.19031335999590837 497
1757630795622 0.21036976697275409 498
1757630795684 0.13724554647795595 499
