1757626374055 177.6863924039688 0
1757626374095 174.12820713192806 1
1757626374138 168.8945891105843 2
1757626374184 162.9541544775129 3
1757626374226 156.79395600071598 4
1757626374274 150.6540626638078 5
1757626374318 144.64961576653607 6
1757626374363 138.83309257997615 7
1757626374403 133.2257524568248 8
1757626374449 127.83343405885088 9
1757626374494 122.6544658715706 10
1757626374536 117.68361750387226 11
1757626374581 112.91406761695148 12
1757626374627 108.33837953979173 13
1757626374671 103.94898089623278 14
1757626374719 99.73839559334219 15
1757626374769 95.69935237553379 16
1757626374816 91.82483203649394 17
1757626374870 88.1080843157146 18
1757626374913 84.54262997263635 19
1757626374955 81.12225576530865 20
1757626374997 77.84100617864851 21
1757626375039 74.69317380771506 22
1757626375081 71.67328933276683 23
1757626375123 68.77611153963474 24
1757626375166 65.99661759833437 25
1757626375208 63.329993693463386 26
1757626375254 60.77162604109407 27
1757626375313 58.3170922982406 28
1757626375366 55.96215335739029 29
1757626375416 53.70274551246371 30
1757626375466 51.53497298012418 31
1757626375517 49.45510075970906 32
1757626375567 47.45954781525976 33
1757626375616 45.54488056372163 34
1757626375662 43.70780665413728 35
1757626375711 41.94516902345568 36
1757626375760 40.253940215372054 37
1757626375807 38.63121694937518 38
1757626375851 37.07421492789975 39
1757626375896 35.58026387015899 40
1757626375942 34.14680276186751 41
1757626376004 32.77137531065743 42
1757626376063 31.45162559754587 43
1757626376110 30.185293915330323 44
1757626376157 28.97021278527413 45
1757626376201 27.804303143898284 46
1757626376248 26.685570692122067 47
1757626376290 25.612102399393983 48
1757626376334 24.582063155829598 49
1757626376377 23.59369256572504 50
1757626376420 22.645301876145734 51
1757626376464 21.73527103460199 52
1757626376506 20.86204587011616 53
1757626376557 20.02413539226276 54
1757626376610 19.22010920302382 55
1757626376659 18.448595016548055 56
1757626376708 17.708276282134996 57
1757626376755 16.997889905985048 58
1757626376802 16.31622406746462 59
1757626376847 15.662116125832314 60
1757626376895 15.034450613558558 61
1757626376940 14.432157312548032 62
1757626376985 13.854209409741586 63
1757626377030 13.299621728733825 64
1757626377079 12.767449034193055 65
1757626377136 12.256784406014146 66
1757626377190 11.766757680270997 67
1757626377243 11.296533954164923 68
1757626377292 10.845312152288713 69
1757626377355 10.41232365164331 70
1757626377404 9.996830962956 71
1757626377452 9.598126465955279 72
1757626377501 9.215531196359 73
1757626377544 8.848393682429222 74
1757626377593 8.496088829039223 75
1757626377647 8.158016847286158 76
1757626377698 7.833602227766651 77
1757626377749 7.522292755712938 78
1757626377799 7.2235585662633195 79
1757626377855 6.936891238213989 80
1757626377910 6.661802924668919 81
1757626377958 6.39782551907119 82
1757626378008 6.144509855162837 83
1757626378054 5.901424939481196 84
1757626378099 5.668157215058033 85
1757626378142 5.444309855043224 86
1757626378186 5.229502085028294 87
1757626378230 5.02336853289584 88
1757626378274 4.825558605069802 89
1757626378319 4.635735888088037 90
1757626378365 4.453577574463518 91
1757626378410 4.278773911843016 92
1757626378455 4.111027674513265 93
1757626378499 3.9500536563435906 94
1757626378548 3.795578184291738 95
1757626378594 3.6473386516354527 96
1757626378640 3.5050830701267497 97
1757626378684 3.3685696402990186 98
1757626378728 3.237566339188408 99
1757626378772 3.1118505247615524 100
1757626378859 2.991208556370358 101
1757626378919 2.875435430582717 102
1757626378971 2.764334431764403 103
1757626379021 2.657716796813077 104
1757626379069 2.555401393469795 105
1757626379125 2.457214411656817 106
1757626379180 2.362989067313106 107
1757626379233 2.272565318220352 108
1757626379283 2.185789591333175 109
1757626379333 2.102514521146836 110
1757626379381 2.022598698654891 111
1757626379445 1.9459064304674196 112
1757626379505 1.8723075076779347 113
1757626379568 1.8016769840838234 114
1757626379627 1.7338949633812517 115
1757626379685 1.668846394970893 116
1757626379737 1.6064208780255793 117
1757626379798 1.5465124734852187 118
1757626379852 1.4890195236578299 119
1757626379908 1.4338444791186444 120
1757626379965 1.3808937326117405 121
1757626380021 1.33007745967062 122
1757626380074 1.2813094656857003 123
1757626380121 1.234507039157681 124
1757626380174 1.189590810886388 125
1757626380221 1.1464846188547928 126
1757626380274 1.1051153785777237 127
1757626380326 1.0654129586940286 128
1757626380375 1.0273100615900488 129
1757626380422 0.9907421088507107 130
1757626380474 0.955647131342949 131
1757626380522 0.9219656637439575 132
1757626380578 0.8896406433344582 133
1757626380635 0.8586173128843944 134
1757626380688 0.8288431274654889 135
1757626380748 0.8002676650318035 136
1757626380808 0.7728425406158362 137
1757626380876 0.7465213239939269 138
1757626380932 0.721259460680629 139
1757626381004 0.6970141961173438 140
1757626381060 0.6737445029260841 141
1757626381109 0.6514110111043296 142
1757626381157 0.6299759410420414 143
1757626381206 0.6094030392466934 144
1757626381253 0.5896575166668024 145
1757626381302 0.5707059895088435 146
1757626381350 0.5525164224467324 147
1757626381400 0.535058074127123 148
1757626381455 0.5183014448776558 149
1757626381509 0.5022182265290878 150
1757626381559 0.4867812542658148 151
1757626381609 0.4719644604227816 152
1757626381661 0.4577428301500391 153
1757626381713 0.44409235886946985 154
1757626381765 0.430990011451187 155
1757626381814 0.4184136830400847 156
1757626381863 0.40634216146582436 157
1757626381911 0.39475509117221225 158
1757626381959 0.3836329386045692 159
1757626382009 0.37295695899611125 160
1757626382065 0.3627091644968042 161
1757626382118 0.3528722935903938 162
1757626382179 0.3434297817475527 163
1757626382235 0.33436573326514457 164
1757626382292 0.3256648942436818 165
1757626382343 0.31731262665693244 166
1757626382396 0.30929488346954875 167
1757626382458 0.30159818476032785 168
1757626382507 0.2942095948104676 169
1757626382558 0.2871167001177947 170
1757626382608 0.28030758829953895 171
1757626382662 0.27377082784773726 172
1757626382711 0.2674954487027868 173
1757626382767 0.2614709236120876 174
1757626382885 0.25568715024203303 175
1757626382989 0.2501344340128975 176
1757626383047 0.24480347162739555 177
1757626383099 0.23968533526488076 178
1757626383151 0.2347714574142645 179
1757626383212 0.23005361631985097 180
1757626383277 0.2255239220153101 181
1757626383357 0.22117480292200284 182
1757626383500 0.2169989929888669 183
1757626383713 0.2129895193519601 184
1757626383828 0.20913969049265874 185
1757626384135 0.20544308487436083 186
1757626384537 0.20189354003835072 187
1757626384661 0.19848514214026156 188
1757626384802 0.1952122159093348 189
1757626384869 0.19206931501339133 190
1757626384958 0.1890512128130982 191
1757626385032 0.18615289348982267 192
1757626385238 0.1833695435319517 193
1757626385339 0.18069654356520343 194
1757626385464 0.1781294605130222 195
1757626385602 0.17566404007371642 196
1757626385659 0.1732961995015403 197
1757626385717 0.171022020679436 198
1757626385772 0.1688377434716443 199
1757626385828 0.16673975934487995 200
1757626385882 0.16472460524721058 201
1757626385934 0.16278895773423455 202
1757626386002 0.16092962733255142 203
1757626386070 0.15914355313094636 204
1757626386123 0.15742779759008038 205
1757626386208 0.15577954156185483 206
1757626386259 0.154196079509984 207
1757626386311 0.15267481492363805 208
1757626386363 0.15121325591635537 209
1757626386413 0.14980901100274005 210
1757626386465 0.14845978504576215 211
1757626386520 0.14716337536775767 212
1757626386578 0.1459176680185223 213
1757626386632 0.14472063419414974 214
1757626386683 0.14357032680051857 215
1757626386735 0.14246487715558692 216
1757626386789 0.14140249182488598 217
1757626386842 0.14038144958482804 218
1757626386898 0.13940009850866608 219
1757626386953 0.13845685317014758 220
1757626387005 0.13755019196010904 221
1757626387059 0.13667865451144867 222
1757626387118 0.13584083922809323 223
1757626387171 0.13503540091376173 224
1757626387221 0.13426104849649395 225
1757626387271 0.13351654284507133 226
1757626387324 0.1328006946736195 227
1757626387383 0.13211236253083147 228
1757626387432 0.1314504508703881 229
1757626387482 0.13081390819929958 230
1757626387530 0.1302017253010183 231
1757626387579 0.12961293353030096 232
1757626387633 0.12904660317692343 233
1757626387686 0.12850184189546623 234
1757626387737 0.12797779319850042 235
1757626387788 0.12747363501061187 236
1757626387839 0.12698857828081025 237
1757626387890 0.12652186565095913 238
1757626387943 0.1260727701779683 239
1757626387996 0.12564059410757164 240
1757626388049 0.12522466769761273 241
1757626388099 0.12482434808883304 242
1757626388150 0.12443901822124691 243
1757626388204 0.12406808579426064 244
1757626388261 0.12371098226876981 245
1757626388321 0.12336716190953628 246
1757626388381 0.1230361008662222 247
1757626388437 0.12271729629151609 248
1757626388491 0.12241026549485454 249
1757626388545 0.12211454513030137 250
1757626388599 0.12182969041720365 251
1757626388652 0.12155527439230288 252
1757626388709 0.12129088719202823 253
1757626388765 0.1210361353637562 254
1757626388820 0.12079064120486285 255
1757626388871 0.1205540421284488 256
1757626388926 0.12032599005466042 257
1757626388980 0.12010615082656959 258
1757626389032 0.11989420364962491 259
1757626389084 0.11968984055372016 260
1757626389146 0.11949276587696563 261
1757626389198 0.11930269577028858 262
1757626389250 0.11911935772201918 263
1757626389304 0.11894249010165606 264
1757626389357 0.11877184172203757 265
1757626389408 0.11860717141917397 266
1757626389459 0.11844824764902881 267
1757626389509 0.11829484810056451 268
1757626389558 0.11814675932439496 269
1757626389606 0.11800377637641667 270
1757626389657 0.11786570247581105 271
1757626389708 0.11773234867684029 272
1757626389758 0.11760353355387838 273
1757626389807 0.11747908289914244 274
1757626389861 0.117358829432614 275
1757626389911 0.11724261252365598 276
1757626389963 0.1171302779238523 277
1757626390015 0.1170216775106209 278
1757626390066 0.1169166690411611 279
1757626390116 0.11681511591632124 280
1757626390166 0.11671688695398395 281
1757626390273 0.1166218561715858 282
1757626390325 0.1165299025774036 283
1757626390376 0.11644090997025071 284
1757626390424 0.11635476674724743 285
1757626390474 0.11627136571933706 286
1757626390525 0.11619060393423586 287
1757626390575 0.1161123825065162 288
1757626390626 0.11603660645453749 289
1757626390676 0.11596318454394439 290
1757626390730 0.1158920291374713 291
1757626390778 0.11582305605079583 292
1757626390830 0.11575618441419895 293
1757626390882 0.11569133653979682 294
1757626390933 0.11562843779411854 295
1757626390997 0.1155674164758163 296
1757626391055 0.11550820369829884 297
1757626391107 0.11545073327709007 298
1757626391174 0.1153949416217237 299
1757626391235 0.11534076763198789 300
1757626391292 0.1152881525983479 301
1757626391346 0.11523704010637559 302
1757626391398 0.11518737594502504 303
1757626391449 0.11513910801859935 304
1757626391501 0.1150921862622597 305
1757626391553 0.11504656256093354 306
1757626391604 0.11500219067148412 307
1757626391658 0.1149590261480124 308
1757626391709 0.11491702627016112 309
1757626391771 0.11487614997430357 310
1757626391822 0.11483635778749916 311
1757626391873 0.1147976117641029 312
1757626391926 0.1147598754249249 313
1757626391977 0.11472311369883482 314
1757626392028 0.11468729286671198 315
1757626392080 0.11465238050765021 316
1757626392132 0.11461834544732157 317
1757626392183 0.11458515770841653 318
1757626392233 0.1145527884630737 319
1757626392288 0.11452120998722039 320
1757626392341 0.11449039561674679 321
1757626392393 0.11446031970543992 322
1757626392443 0.11443095758460547 323
1757626392518 0.11440228552431113 324
1757626392570 0.1143742806961854 325
1757626392621 0.11434692113770764 326
1757626392672 0.11432018571793275 327
1757626392725 0.11429405410458907 328
1757626392777 0.11426850673249596 329
1757626392828 0.11424352477324841 330
1757626392880 0.11421909010611656 331
1757626392931 0.11419518529011073 332
1757626392982 0.11417179353716728 333
1757626393087 0.11414889868640771 334
1757626393143 0.11412648517942893 335
1757626393201 0.11410453803658349 336
1757626393260 0.114083042834209 337
1757626393314 0.11406198568276937 338
1757626393367 0.11404135320587043 339
1757626393419 0.11402113252011539 340
1757626393472 0.11400131121576614 341
1757626393523 0.11398187733817697 342
1757626393577 0.1139628193699724 343
1757626393629 0.11394412621393528 344
1757626393681 0.11392578717657968 345
1757626393733 0.1139077919523798 346
1757626393787 0.11389013060862906 347
1757626393838 0.11387279357090248 348
1757626393890 0.11385577160910072 349
1757626393941 0.11383905582404949 350
1757626393993 0.11382263763463478 351
1757626394044 0.11380650876545005 352
1757626394096 0.11379066123493578 353
1757626394148 0.11377508734399261 354
1757626394200 0.11375977966504658 355
1757626394252 0.11374473103155086 356
1757626394304 0.11372993452790456 357
1757626394355 0.11371538347977321 358
1757626394409 0.11370107144479359 359
1757626394461 0.11368699220364868 360
1757626394514 0.11367313975149664 361
1757626394566 0.11365950828974059 362
1757626394618 0.11364609221812517 363
1757626394670 0.11363288612714642 364
1757626394725 0.1136198847907632 365
1757626394777 0.11360708315939683 366
1757626394830 0.11359447635320902 367
1757626394882 0.11358205965564518 368
1757626394934 0.11356982850723399 369
1757626394986 0.11355777849963215 370
1757626395038 0.11354590536990407 371
1757626395090 0.11353420499502846 372
1757626395142 0.11352267338662118 373
1757626395194 0.11351130668586708 374
1757626395250 0.1135001011586509 375
1757626395303 0.1134890531908813 376
1757626395355 0.11347815928399801 377
1757626395407 0.1134674160506567 378
1757626395464 0.11345682021058301 379
1757626395517 0.11344636858659032 380
1757626395569 0.11343605810075322 381
1757626395623 0.11342588577073177 382
1757626395677 0.11341584870624007 383
1757626395730 0.11340594410565276 384
1757626395781 0.11339616925274469 385
1757626395834 0.11338652151355841 386
1757626395886 0.11337699833339437 387
1757626395940 0.11336759723391769 388
1757626396004 0.11335831581037926 389
1757626396062 0.11334915172894432 390
1757626396116 0.1133401027241254 391
1757626396168 0.11333116659631548 392
1757626396224 0.11332234120941653 393
1757626396276 0.1133136244885608 394
1757626396329 0.11330501441792053 395
1757626396382 0.11329650903860174 396
1757626396435 0.11328810644662105 397
1757626396489 0.11327980479095923 398
1757626396542 0.11327160227169165 399
1757626396595 0.11326349713818931 400
1757626396648 0.11325548768739009 401
1757626396702 0.11324757226213684 402
1757626396757 0.11323974924957832 403
1757626396810 0.11323201707963308 404
1757626396863 0.11322437422351071 405
1757626396917 0.1132168191922911 406
1757626396972 0.11320935053555696 407
1757626397026 0.11320196684007934 408
1757626397081 0.11319466672855295 409
1757626397135 0.11318744885837992 410
1757626397189 0.11318031192049934 411
1757626397242 0.11317325463826175 412
1757626397300 0.1131662757663462 413
1757626397387 0.11315937408971796 414
1757626397444 0.11315254842262602 415
1757626397498 0.11314579760763833 416
1757626397550 0.1131391205147131 417
1757626397605 0.11313251604030528 418
1757626397658 0.11312598310650666 419
1757626397713 0.11311952066021753 420
1757626397770 0.11311312767235028 421
1757626397824 0.11310680313706191 422
1757626397876 0.11310054607101526 423
1757626397931 0.11309435551266811 424
1757626397986 0.11308823052158797 425
1757626398039 0.11308217017779278 426
1757626398092 0.11307617358111559 427
1757626398145 0.11307023985059275 428
1757626398203 0.11306436812387458 429
1757626398257 0.11305855755665714 430
1757626398311 0.1130528073221364 431
1757626398372 0.11304711661047959 432
1757626398425 0.11304148462831852 433
1757626398479 0.11303591059825913 434
1757626398532 0.11303039375841055 435
1757626398593 0.11302493336192941 436
1757626398647 0.11301952867658203 437
1757626398701 0.11301417898432141 438
1757626398755 0.11300888358087952 439
1757626398811 0.1130036417753742 440
1757626398866 0.11299845288993038 441
1757626398919 0.11299331625931362 442
1757626398974 0.11298823123057793 443
1757626399027 0.1129831971627251 444
1757626399085 0.11297821342637594 445
1757626399140 0.11297327940345382 446
1757626399194 0.11296839448687825 447
1757626399250 0.11296355808026938 448
1757626399311 0.11295876959766352 449
1757626399368 0.11295402846323681 450
1757626399423 0.11294933411103986 451
1757626399481 0.11294468598474114 452
1757626399536 0.11294008353737829 453
1757626399592 0.11293552623111847 454
1757626399648 0.11293101353702716 455
1757626399706 0.11292654493484376 456
1757626399767 0.11292211991276564 457
1757626399823 0.11291773796723886 458
1757626399881 0.11291339860275562 459
1757626399937 0.11290910133165907 460
1757626399997 0.11290484567395383 461
1757626400053 0.11290063115712358 462
1757626400109 0.11289645731595277 463
1757626400164 0.11289232369235698 464
1757626400220 0.11288822983521549 465
1757626400276 0.11288417530021211 466
1757626400331 0.11288015964967901 467
1757626400386 0.11287618245244625 468
1757626400442 0.11287224328369663 469
1757626400500 0.11286834172482363 470
1757626400555 0.11286447736329554 471
1757626400610 0.11286064979252224 472
1757626400664 0.11285685861172702 473
1757626400722 0.11285310342582211 474
1757626400777 0.11284938384528784 475
1757626400832 0.11284569948605541 476
1757626400891 0.11284204996939326 477
1757626400947 0.11283843492179749 478
1757626401016 0.11283485397488432 479
1757626401073 0.1128313067652862 480
1757626401128 0.11282779293455175 481
1757626401183 0.11282431212904723 482
1757626401238 0.11282086399986206 483
1757626401293 0.11281744820271626 484
1757626401352 0.11281406439787126 485
1757626401407 0.11281071225004202 486
1757626401463 0.11280739142831309 487
1757626401518 0.11280410160605603 488
1757626401574 0.11280084246084951 489
1757626401628 0.11279761367440123 490
1757626401683 0.11279441493247255 491
1757626401738 0.11279124592480474 492
1757626401794 0.11278810634504724 493
1757626401851 0.11278499589068781 494
1757626401954 0.11278191426298498 495
1757626402014 0.1127788611669015 496
1757626402071 0.11277583631104036 497
1757626402129 0.11277283940758141 498
1757626402188 0.11276987017222133 499
