1757641098896 166.5923980164758 0
1757641098951 166.25868977179854 1
1757641099001 165.75909490908325 2
1757641099052 165.17780532071154 3
1757641099106 164.55698343091996 4
1757641099154 163.91772305391444 5
1757641099203 163.27057018073873 6
1757641099252 162.62079350921007 7
1757641099302 161.97102225616322 8
1757641099349 161.3225657043348 9
1757641099398 160.67607313727933 10
1757641099446 160.0318638476347 11
1757641099494 159.39009215159783 12
1757641099542 158.7508298987683 13
1757641099591 158.11410772769136 14
1757641099639 157.47993569372971 15
1757641099688 156.84831358295864 16
1757641099736 156.21923606903184 17
1757641099784 155.59269529152039 18
1757641099837 154.96868214498375 19
1757641099888 154.34718692340564 20
1757641099938 153.72819964231198 21
1757641099987 153.11171019973 22
1757641100036 152.49770845656843 23
1757641100085 151.88618427670855 24
1757641100140 151.277127546951 25
1757641100188 150.67052818689137 26
1757641100237 150.06637615376033 27
1757641100286 149.4646614447469 28
1757641100334 148.86537409806309 29
1757641100384 148.2685041933808 30
1757641100433 147.6740418519545 31
1757641100482 147.08197723658762 32
1757641100531 146.49230055152114 33
1757641100580 145.90500204228428 34
1757641100629 145.32007199552606 35
1757641100677 144.7375007388381 36
1757641100727 144.1572786405737 37
1757641100778 143.5793961096653 38
1757641100831 143.00384359544157 39
1757641100879 142.430611587445 40
1757641100928 141.85969061525014 41
1757641100976 141.2910712482827 42
1757641101026 140.72474409563927 43
1757641101074 140.16069980590814 44
1757641101124 139.59892906699105 45
1757641101172 139.03942260592578 46
1757641101221 138.48217118870974 47
1757641101271 137.9271656201243 48
1757641101320 137.3743967435602 49
1757641101369 136.82385544084391 50
1757641101418 136.27553263206474 51
1757641101467 135.72941927540276 52
1757641101515 135.18550636695804 53
1757641101565 134.6437849405801 54
1757641101614 134.10424606769902 55
1757641101663 133.56688085715666 56
1757641101712 133.03168045503938 57
1757641101761 132.4986360445112 58
1757641101816 131.96773884564786 59
1757641101870 131.4389801152722 60
1757641101921 130.91235114678952 61
1757641101972 130.38784327002466 62
1757641102021 129.86544785105932 63
1757641102072 129.3451562920704 64
1757641102123 128.8269600311694 65
1757641102173 128.31085054224215 66
1757641102225 127.79681933478962 67
1757641102274 127.28485795376976 68
1757641102324 126.77495797943979 69
1757641102374 126.26711102719926 70
1757641102424 125.76130874743433 71
1757641102473 125.25754282536238 72
1757641102532 124.75580498087758 73
1757641102590 124.25608696839733 74
1757641102641 123.75838057670937 75
1757641102692 123.26267762881955 76
1757641102742 122.76896998180062 77
1757641102792 122.27724952664167 78
1757641102843 121.78750818809817 79
1757641102903 121.29973792454292 80
1757641102963 120.81393072781785 81
1757641103014 120.33007862308621 82
1757641103065 119.84817366868585 83
1757641103115 119.36820795598307 84
1757641103166 118.8901736092272 85
1757641103217 118.41406278540596 86
1757641103268 117.93986767410136 87
1757641103320 117.46758049734666 88
1757641103370 116.99719350948362 89
1757641103420 116.52869899702087 90
1757641103471 116.06208927849259 91
1757641103522 115.59735670431824 92
1757641103590 115.13449365666266 93
1757641103642 114.67349254929711 94
1757641103693 114.2143458274609 95
1757641103744 113.75704596772364 96
1757641103796 113.30158547784829 97
1757641103847 112.84795689665472 98
1757641103901 112.3961527938842 99
1757641103955 111.94616577006418 100
1757641104006 111.4979884563741 101
1757641104057 111.05161351451162 102
1757641104108 110.60703363655958 103
1757641104234 110.16424154485367 104
1757641104291 109.72322999185054 105
1757641104347 109.28399175999685 106
1757641104402 108.84651966159868 107
1757641104456 108.41080653869173 108
1757641104508 107.97684526291214 109
1757641104560 107.54462873536782 110
1757641104611 107.11414988651065 111
1757641104663 106.6854016760089 112
1757641104713 106.25837709262073 113
1757641104764 105.83306915406787 114
1757641104816 105.40947090691034 115
1757641104868 104.98757542642129 116
1757641104920 104.56737581646291 117
1757641104976 104.14886520936258 118
1757641105027 103.73203676578984 119
1757641105081 103.31688367463379 120
1757641105133 102.90339915288124 121
1757641105185 102.4915764454953 122
1757641105240 102.08140882529463 123
1757641105291 101.67288959283322 124
1757641105343 101.26601207628076 125
1757641105396 100.8607696313037 126
1757641105450 100.45715564094657 127
1757641105501 100.0551635155142 128
1757641105552 99.65478669245435 129
1757641105603 99.25601863624087 130
1757641105655 98.85885283825746 131
1757641105705 98.46328281668198 132
1757641105756 98.06930211637126 133
1757641105808 97.6769043087466 134
1757641105858 97.28608299167956 135
1757641105909 96.89683178937858 136
1757641105966 96.50914435227588 137
1757641106019 96.12301435691509 138
1757641106071 95.73843550583926 139
1757641106124 95.3554015274795 140
1757641106175 94.97390617604407 141
1757641106226 94.59394323140806 142
1757641106276 94.21550649900358 143
1757641106332 93.83858980971033 144
1757641106391 93.46318701974694 145
1757641106446 93.08929201056253 146
1757641106499 92.71689868872896 147
1757641106551 92.3460009858337 148
1757641106602 91.97659285837275 149
1757641106654 91.60866828764459 150
1757641106705 91.24222127964427 151
1757641106756 90.87724586495818 152
1757641106807 90.51373609865914 153
1757641106859 90.1516860602022 154
1757641106910 89.79108985332063 155
1757641106962 89.43194160592283 156
1757641107017 89.07423546998918 157
1757641107069 88.71796562146974 158
1757641107124 88.36312626018244 159
1757641107177 88.00971160971142 160
1757641107229 87.65771591730615 161
1757641107281 87.30713345378095 162
1757641107334 86.95795851341491 163
1757641107386 86.61018541385224 164
1757641107439 86.2638084960031 165
1757641107491 85.9188221239451 166
1757641107543 85.57522068482498 167
1757641107595 85.23299858876068 168
1757641107648 84.89215026874434 169
1757641107700 84.55267018054512 170
1757641107751 84.21455280261294 171
1757641107804 83.87779263598243 172
1757641107856 83.5423842041774 173
1757641107922 83.20832205311568 174
1757641107984 82.87560075101452 175
1757641108039 82.54421488829632 176
1757641108093 82.2141590774947 177
1757641108146 81.8854279531613 178
1757641108199 81.55801617177266 179
1757641108252 81.23191841163782 180
1757641108306 80.90712937280603 181
1757641108360 80.58364377697522 182
1757641108412 80.26145636740063 183
1757641108465 79.94056190880396 184
1757641108518 79.6209551872829 185
1757641108572 79.3026310102211 186
1757641108625 78.98558420619857 187
1757641108677 78.66980962490236 188
1757641108731 78.35530213703781 189
1757641108785 78.04205663424014 190
1757641108838 77.73006802898632 191
1757641108891 77.41933125450757 192
1757641108945 77.10984126470198 193
1757641108999 76.80159303404788 194
1757641109052 76.49458155751714 195
1757641109138 76.18880185048937 196
1757641109248 75.88424894866597 197
1757641109306 75.58091790798515 198
1757641109362 75.27880380453676 199
1757641109418 74.97790173447794 200
1757641109473 74.67820681394889 201
1757641109528 74.37971417898913 202
1757641109582 74.08241898545418 203
1757641109643 73.78631640893238 204
1757641109696 73.49140164466242 205
1757641109750 73.19766990745097 206
1757641109803 72.9051164315908 207
1757641109857 72.61373647077923 208
1757641109911 72.32352529803697 209
1757641109964 72.03447820562731 210
1757641110023 71.74659050497561 211
1757641110076 71.45985752658929 212
1757641110130 71.17427461997804 213
1757641110184 70.8898371535744 214
1757641110237 70.60654051465487 215
1757641110291 70.32438010926107 216
1757641110345 70.04335136212146 217
1757641110400 69.7634497165734 218
1757641110453 69.48467063448554 219
1757641110507 69.20700959618038 220
1757641110561 68.9304621003575 221
1757641110615 68.65502366401684 222
1757641110669 68.38068982238244 223
1757641110722 68.10745612882656 224
1757641110775 67.83531815479404 225
1757641110828 67.56427148972706 226
1757641110881 67.2943117409902 227
1757641110934 67.02543453379583 228
1757641110988 66.75763551112985 229
1757641111040 66.49091033367777 230
1757641111093 66.22525467975107 231
1757641111147 65.96066424521388 232
1757641111200 65.69713474341005 233
1757641111254 65.43466190509054 234
1757641111308 65.17324147834096 235
1757641111361 64.9128692285097 236
1757641111414 64.65354093813616 237
1757641111468 64.39525240687932 238
1757641111521 64.13799945144683 239
1757641111575 63.88177790552408 240
1757641111628 63.62658361970387 241
1757641111682 63.37241246141619 242
1757641111736 63.11926031485847 243
1757641111789 62.86712308092598 244
1757641111842 62.61599667714264 245
1757641111896 62.365877037592135 246
1757641111949 62.11676011284921 247
1757641112003 61.868641869911436 248
1757641112064 61.621518292131185 249
1757641112118 61.37538537914777 250
1757641112172 61.13023914682022 251
1757641112227 60.886075627160025 252
1757641112280 60.64289086826429 253
1757641112334 60.400680934249195 254
1757641112388 60.15944190518376 255
1757641112442 59.91916987702388 256
1757641112495 59.67986096154654 257
1757641112560 59.44151128628453 258
1757641112615 59.20411699446125 259
1757641112670 58.96767424492593 260
1757641112725 58.73217921208901 261
1757641112780 58.497628085857876 262
1757641112835 58.26401707157293 263
1757641112895 58.03134238994381 264
1757641112959 57.79960027698593 265
1757641113014 57.56878698395735 266
1757641113068 57.33889877729588 267
1757641113130 57.10993193855642 268
1757641113186 56.88188276434864 269
1757641113240 56.654747566274864 270
1757641113295 56.42852267086827 271
1757641113350 56.20320441953134 272
1757641113406 55.97878916847457 273
1757641113462 55.755273288655445 274
1757641113516 55.5326531657177 275
1757641113571 55.3109251999308 276
1757641113626 55.090085806129665 277
1757641113680 54.87013141365481 278
1757641113734 54.65105846629252 279
1757641113787 54.43286342221539 280
1757641113841 54.21554275392321 281
1757641113894 53.99909294818389 282
1757641113949 53.78351050597486 283
1757641114004 53.56879194242457 284
1757641114068 53.354933786754266 285
1757641114124 53.141932582220136 286
1757641114181 52.92978488605551 287
1757641114236 52.718487269413465 288
1757641114294 52.50803631730962 289
1757641114349 52.298428628565105 290
1757641114403 52.089660815749944 291
1757641114457 51.88172950512652 292
1757641114512 51.674631336593336 293
1757641114568 51.46836296362906 294
1757641114623 51.2629210532367 295
1757641114677 51.05830228588819 296
1757641114731 50.854503355469 297
1757641114786 50.6515209692232 298
1757641114841 50.44935184769852 299
1757641114895 50.24799272469193 300
1757641114950 50.047440347195185 301
1757641115086 49.847691475340724 302
1757641115145 49.64874288234784 303
1757641115207 49.45059135446895 304
1757641115274 49.2532336909363 305
1757641115331 49.056666703908604 306
1757641115387 48.860887218418206 307
1757641115443 48.665892072318265 308
1757641115500 48.47167811623027 309
1757641115556 48.27824221349172 310
1757641115612 48.085581240104034 311
1757641115667 47.893692084680744 312
1757641115724 47.7025716483958 313
1757641115779 47.51221684493224 314
1757641115835 47.32262460043088 315
1757641115891 47.133791853439405 316
1757641115946 46.94571555486158 317
1757641116002 46.758392667906755 318
1757641116058 46.571820168039416 319
1757641116118 46.38599504292917 320
1757641116174 46.20091429240075 321
1757641116230 46.016574928384415 322
1757641116285 45.83297397486632 323
1757641116340 45.65010846783938 324
1757641116395 45.467975455254084 325
1757641116450 45.28657199696972 326
1757641116505 45.105895164705615 327
1757641116559 44.92594204199277 328
1757641116615 44.74670972412558 329
1757641116670 44.56819531811377 330
1757641116724 44.390395942634555 331
1757641116779 44.21330872798504 332
1757641116834 44.0369308160347 333
1757641116889 43.861259360178224 334
1757641116944 43.68629152528839 335
1757641116999 43.51202448766932 336
1757641117054 43.338455435009706 337
1757641117109 43.16558156633647 338
1757641117166 42.993400091968475 339
1757641117221 42.82190823347042 340
1757641117276 42.65110322360698 341
1757641117332 42.48098230629722 342
1757641117388 42.31154273656901 343
1757641117443 42.14278178051376 344
1757641117497 41.97469671524132 345
1757641117553 41.80728482883512 346
1757641117608 41.64054342030735 347
1757641117663 41.47446979955446 348
1757641117719 41.30906128731285 349
1757641117774 41.14431521511467 350
1757641117829 40.9802289252438 351
1757641117890 40.816799770692164 352
1757641117957 40.65402511511602 353
1757641118014 40.49190233279252 354
1757641118070 40.33042880857656 355
1757641118130 40.16960193785765 356
1757641118189 40.00941912651699 357
1757641118246 39.849877790884854 358
1757641118303 39.690975357698 359
1757641118360 39.532709264057296 360
1757641118417 39.37507695738564 361
1757641118473 39.21807589538584 362
1757641118530 39.0617035459989 363
1757641118587 38.905957387362314 364
1757641118643 38.75083490776858 365
1757641118698 38.596333605623954 366
1757641118754 38.44245098940728 367
1757641118809 38.28918457762901 368
1757641118865 38.13653189879048 369
1757641118921 37.984490491343266 370
1757641118979 37.83305790364871 371
1757641119034 37.682231693937666 372
1757641119090 37.532009430270385 373
1757641119146 37.38238869049658 374
1757641119202 37.23336706221564 375
1757641119257 37.084942142737 376
1757641119314 36.9371115390407 377
1757641119370 36.789872867738154 378
1757641119426 36.64322375503295 379
1757641119481 36.49716183668193 380
1757641119537 36.35168475795642 381
1757641119593 36.20679017360353 382
1757641119649 36.06247574780775 383
1757641119704 35.91873915415259 384
1757641119760 35.77557807558244 385
1757641119816 35.63299020436457 386
1757641119873 35.49097324205132 387
1757641119929 35.34952489944234 388
1757641119985 35.20864289654716 389
1757641120040 35.068324962547784 390
1757641120096 34.92856883576141 391
1757641120154 34.78937226360349 392
1757641120215 34.650733002550716 393
1757641120273 34.51264881810433 394
1757641120330 34.3751174847535 395
1757641120386 34.23813678593887 396
1757641120443 34.10170451401626 397
1757641120499 33.96581847022053 398
1757641120556 33.83047646462955 399
1757641120613 33.695676316128385 400
1757641120670 33.561415852373564 401
1757641120726 33.42769290975756 402
1757641120782 33.29450533337336 403
1757641120838 33.16185097697917 404
1757641120894 33.02972770296337 405
1757641120950 32.89813338230952 406
1757641121006 32.76706589456149 407
1757641121062 32.63652312778885 408
1757641121120 32.50650297855225 409
1757641121177 32.37700335186913 410
1757641121233 32.248022161179335 411
1757641121289 32.11955732831113 412
1757641121346 31.991606783447153 413
1757641121402 31.8641684650906 414
1757641121459 31.737240320031535 415
1757641121516 31.610820303313353 416
1757641121571 31.48490637819932 417
1757641121628 31.35949651613936 418
1757641121686 31.23458869673689 419
1757641121743 31.110180907715783 420
1757641121799 30.986271144887525 421
1757641121856 30.862857412118522 422
1757641121913 30.739937721297444 423
1757641121970 30.61751009230281 424
1757641122026 30.495572552970614 425
1757641122083 30.374123139062178 426
1757641122141 30.253159894232038 427
1757641122202 30.13268086999607 428
1757641122261 30.01268412569963 429
1757641122320 29.893167728485945 430
1757641122381 29.774129753264525 431
1757641122443 29.655568282679795 432
1757641122500 29.537481407079778 433
1757641122568 29.419867224484964 434
1757641122627 29.302723840557302 435
1757641122686 29.186049368569268 436
1757641122744 29.06984192937312 437
1757641122801 28.954099651370267 438
1757641122859 28.838820670480725 439
1757641122932 28.72400313011274 440
1757641122992 28.609645181132528 441
1757641123051 28.495744981834125 442
1757641123109 28.382300697909386 443
1757641123168 28.269310502418037 444
1757641123226 28.156772575757977 445
1757641123284 28.044685105635583 446
1757641123343 27.933046287036202 447
1757641123401 27.8218543221947 448
1757641123459 27.711107420566247 449
1757641123516 27.600803798797095 450
1757641123574 27.49094168069555 451
1757641123638 27.381519297203045 452
1757641123696 27.272534886365335 453
1757641123753 27.163986693303773 454
1757641123810 27.0558729701868 455
1757641123868 26.948191976201443 456
1757641123928 26.840941977524963 457
1757641123987 26.734121247296684 458
1757641124045 26.62772806558981 459
1757641124150 26.521760719383526 460
1757641124207 26.41621750253502 461
1757641124270 26.311096715751802 462
1757641124328 26.206396666564004 463
1757641124386 26.102115669296857 464
1757641124443 25.998252045043262 465
1757641124501 25.89480412163649 466
1757641124559 25.791770233622962 467
1757641124617 25.68914872223517 468
1757641124676 25.5869379353647 469
1757641124733 25.48513622753535 470
1757641124790 25.38374195987639 471
1757641124849 25.282753500095897 472
1757641124906 25.182169222454235 473
1757641124964 25.081987507737587 474
1757641125022 24.982206743231668 475
1757641125082 24.882825322695492 476
1757641125140 24.78384164633522 477
1757641125199 24.685254120778268 478
1757641125257 24.587061159047295 479
1757641125315 24.489261180534488 480
1757641125372 24.39185261097582 481
1757641125430 24.2948338824255 482
1757641125488 24.198203433230507 483
1757641125546 24.101959708005204 484
1757641125604 24.006101157606054 485
1757641125663 23.91062623910647 486
1757641125739 23.815533415771775 487
1757641125800 23.720821157034162 488
1757641125860 23.62648793846794 489
1757641125918 23.53253224176471 490
1757641125977 23.4389525547087 491
1757641126035 23.345747371152285 492
1757641126094 23.252915190991427 493
1757641126153 23.160454520141364 494
1757641126212 23.068363870512417 495
1757641126275 22.976641759985704 496
1757641126336 22.88528671238919 497
1757641126395 22.794297257473673 498
1757641126453 22.703671930888937 499
