1757645117407 0.033030995229511695 0
1757645117508 0.052552690949577645 1
1757645117612 0.1282903715070666 2
1757645117710 0.001372826602798753 3
1757645117809 0.028667569966398288 4
1757645117906 0.11672437272833078 5
1757645118003 0.009067724729555008 6
1757645118101 3.994887515922614e-05 7
1757645118199 0.10654788905777594 8
1757645118296 0.10619012854247256 9
1757645118392 0.0036791116920454744 10
1757645118489 0.004520697373764158 11
1757645118589 0.00012152983029443673 12
1757645118689 0.28310339385719535 13
1757645118802 0.0008708630821349655 14
1757645118908 0.4991488478139127 15
1757645119004 0.10973663604947012 16
1757645119101 0.03997091093027935 17
1757645119199 0.09699868487785898 18
1757645119298 0.25717814871854466 19
1757645119403 0.0007995575396864441 20
1757645119503 0.022672203126397505 21
1757645119602 0.2435987516017065 22
1757645119700 0.004252598442297874 23
1757645119803 0.007470791434462599 24
1757645119904 0.042818104532858385 25
1757645120005 0.02068686412737807 26
1757645120117 0.22280889920352284 27
1757645120222 0.7999789422483278 28
1757645120329 0.0017020141433592407 29
1757645120432 0.003024879803001484 30
1757645120532 0.038357652980848776 31
1757645120633 0.7921236505032169 32
1757645120732 0.03613462491799877 33
1757645120831 0.05610730986977486 34
1757645120936 0.022180079376907053 35
1757645121037 0.2656462979140213 36
1757645121137 0.2974876082349098 37
1757645121236 0.0022900630125638278 38
1757645121337 0.0027123720981101964 39
1757645121444 0.3039111953839165 40
1757645121544 0.04707960797301471 41
1757645121643 0.03883115820651114 42
1757645121750 0.2970859544338509 43
1757645121862 0.002135796207964233 44
1757645121961 0.05162614637394478 45
1757645122071 0.021395056127491388 46
1757645122178 0.09588913312110929 47
1757645122280 0.10641885396096527 48
1757645122383 0.00014978300954474562 49
1757645122483 0.30812690738621384 50
1757645122584 0.013095134218279448 51
1757645122683 0.063536699659843 52
1757645122799 0.11707342537699174 53
1757645122901 0.03131328967657391 54
1757645123004 0.23684993438374163 55
1757645123105 0.00010735239716459064 56
1757645123204 0.039518265555463034 57
1757645123305 0.010607010065810467 58
1757645123417 0.014121444124860763 59
1757645123518 0.04992600018413621 60
1757645123618 0.016820714156986192 61
1757645123717 0.12038711804016453 62
1757645123844 0.007042522134208897 63
1757645123944 0.09841529991702247 64
1757645124102 0.012442955027183213 65
1757645124205 0.029254478120169482 66
1757645124305 0.08140856586538102 67
1757645124404 0.3072027162122703 68
1757645124504 0.015546095160470796 69
1757645124601 0.2613631760933824 70
1757645124702 0.2078348760518499 71
1757645124801 0.05875051838843109 72
1757645124903 0.04163493118912678 73
1757645125000 0.3677749663695474 74
1757645125099 0.06470197349289292 75
1757645125198 0.20004443766029165 76
1757645125298 0.69564292185317 77
1757645125398 0.11624116944640593 78
1757645125505 0.0064559684134696 79
1757645125603 0.012578108722848987 80
1757645125704 0.029142836345495384 81
1757645125803 0.11258428274965356 82
1757645125903 0.012185264257240636 83
1757645126002 0.07859289336995871 84
1757645126102 0.029785489914575896 85
1757645126201 0.03079136006179251 86
1757645126299 0.350671571038142 87
1757645126399 0.00017137229258414334 88
1757645126500 1.4282684359132862 89
1757645126600 0.020084610220960135 90
1757645126699 0.1308844221759855 91
1757645126800 0.07933196846845537 92
1757645126901 2.6963095534171952e-05 93
1757645127001 0.010714707656550214 94
1757645127102 0.10649596215591804 95
1757645127201 0.005546067450625856 96
1757645127301 0.13681224777778764 97
1757645127399 0.033169643653538784 98
1757645127506 0.11257461517803075 99
1757645127628 0.09246161684191946 100
1757645127730 0.04767825047633075 101
1757645127879 0.17857322222979 102
1757645127986 0.028310857987655935 103
1757645128165 0.0222353822610752 104
1757645128267 0.07190724932762954 105
1757645128370 0.4235810184712953 106
1757645128471 0.004105552226027003 107
1757645128570 0.04110907430012077 108
1757645128669 0.029019366824847532 109
1757645128772 0.009414754299747226 110
1757645128886 0.001757256247294112 111
1757645128987 0.023263435130336185 112
1757645129087 0.8259144774564185 113
1757645129186 0.03430908165983896 114
1757645129286 3.074465638855014e-06 115
1757645129386 0.043261799674751696 116
1757645129486 0.06727722257194221 117
1757645129591 7.251533074453264e-05 118
1757645129692 0.7552677819570887 119
1757645129792 0.004731662024519515 120
1757645129899 0.31308042543149067 121
1757645129998 0.04134681765236922 122
1757645130099 0.005287827714231174 123
1757645130199 0.09505577051577184 124
1757645130299 0.009016799325239702 125
1757645130399 0.033791160403220874 126
1757645130500 0.02335749098107589 127
1757645130600 0.00028682499740060035 128
1757645130700 0.04830622246032765 129
1757645130800 0.012998808995604365 130
1757645130900 0.23288222527285166 131
1757645131003 0.024787998388008686 132
1757645131103 0.2328609316109507 133
1757645131205 0.558905087872653 134
1757645131306 0.06786681341681029 135
1757645131407 0.042294925951964886 136
1757645131508 0.11087642511935832 137
1757645131615 0.13055251384530422 138
1757645131716 0.017483378889242635 139
1757645131817 0.042053529259464616 140
1757645131919 0.08081777065121346 141
1757645132020 0.13254758354212004 142
1757645132121 0.1685759533471101 143
1757645132223 0.02127417796779635 144
1757645132324 0.05534095400818178 145
1757645132425 0.013313652467546275 146
1757645132525 0.05235122158203097 147
1757645132627 0.07266250239595069 148
1757645132727 0.04324636224457151 149
1757645132827 0.0036221348926390815 150
1757645132929 0.01781746646042431 151
1757645133029 0.06165529282993407 152
1757645133128 0.010532664266831764 153
1757645133229 0.48156840424976044 154
1757645133331 0.0918501063926156 155
1757645133432 0.019695285788706593 156
1757645133532 0.08129115371093247 157
1757645133637 0.2696378238961759 158
1757645133737 0.2104696563493008 159
1757645133865 0.07727474217157752 160
1757645133969 0.31008556978932683 161
1757645134070 0.015185459850144415 162
1757645134172 0.6807920861425303 163
1757645134272 0.008216880706366692 164
1757645134374 0.026066273578225975 165
1757645134476 0.02593005406393355 166
1757645134577 0.0017967355902776695 167
1757645134677 0.035997544699913606 168
1757645134779 0.0012775130230726335 169
1757645134883 0.11969624134657487 170
1757645134984 0.02609120998552331 171
1757645135086 0.00015550792700088885 172
1757645135187 0.0015241956946229697 173
1757645135288 0.005810377262687907 174
1757645135389 0.0016950428075575342 175
1757645135497 0.13251259610010208 176
1757645135599 0.19419125605120605 177
1757645135705 0.024288066178701568 178
1757645135806 0.13437424231781414 179
1757645135907 0.34140358496457157 180
1757645136007 0.13621665305286487 181
1757645136108 0.0965028856237811 182
1757645136210 0.03325344323647016 183
1757645136313 0.04096985343711955 184
1757645136421 0.18002685731382964 185
1757645136522 3.0307945325278546e-05 186
1757645136623 8.658703572748715e-05 187
1757645136725 0.0015011460458673625 188
1757645136827 0.2072764041299187 189
1757645136929 0.041990132944606115 190
1757645137029 0.025242259837987408 191
1757645137130 0.02398003203178462 192
1757645137232 0.0031492067899334857 193
1757645137335 0.4704310590977792 194
1757645137437 0.057827135294201 195
1757645137539 0.0409870269363847 196
1757645137643 1.0449444877803196 197
1757645137749 0.39096982730269964 198
1757645137850 0.08877435036214186 199
1757645137952 0.17104575242204742 200
1757645138053 0.07181911235036328 201
1757645138156 0.007573496131231847 202
1757645138257 0.05764006165216448 203
1757645138361 0.04233809737908335 204
1757645138463 0.02158506570859252 205
1757645138566 0.056584659193720147 206
1757645138669 0.00019123314585383394 207
1757645138775 0.10542213338574614 208
1757645138894 0.18038287206182405 209
1757645138997 0.020744369061202212 210
1757645139099 0.23432071380874697 211
1757645139200 0.19277745231134014 212
1757645139303 0.18446569463489537 213
1757645139406 0.23257287925013645 214
1757645139507 0.15090437374555304 215
1757645139609 0.013337240923527647 216
1757645139717 0.03151090814419413 217
1757645139820 0.4440251247095258 218
1757645139924 0.0790405963607636 219
1757645140026 0.14157122031599842 220
1757645140128 0.04168918980491634 221
1757645140229 0.17749722056808537 222
1757645140331 0.08189703897278262 223
1757645140433 6.392858985016517e-06 224
1757645140535 0.13147106792153582 225
1757645140636 0.011015742187114414 226
1757645140739 0.1373312383306547 227
1757645140843 0.04758869448094257 228
1757645140947 0.008870044251693986 229
1757645141049 0.03667246818948124 230
1757645141152 0.009493693742088362 231
1757645141254 0.0006288157855946579 232
1757645141361 0.02869515894642759 233
1757645141463 0.01219312494545855 234
1757645141566 0.15111028186885578 235
1757645141671 0.0032398642162107484 236
1757645141779 0.06978786399781532 237
1757645141883 0.0004912024444181733 238
1757645141988 0.0017788175694327677 239
1757645142133 0.03347770504853098 240
1757645142240 0.0467368836068169 241
1757645142347 0.056013591892367876 242
1757645142450 0.0938592331963287 243
1757645142553 0.49144396758203557 244
1757645142656 0.02703228641537134 245
1757645142760 0.1665063759787349 246
1757645142863 0.006880934478857624 247
1757645142967 0.004840298691984672 248
1757645143071 0.03498994355303694 249
1757645143174 0.008625794558743608 250
1757645143277 0.029462647617954994 251
1757645143380 0.00028382478245407133 252
1757645143483 0.005029770437028396 253
1757645143585 0.11841516588208292 254
1757645143688 0.8224158110911574 255
1757645143805 0.0033251721332731533 256
1757645143917 0.9532313100684718 257
1757645144021 0.412275305868702 258
1757645144125 0.5653035767540812 259
1757645144227 0.02333856149959665 260
1757645144329 0.04274598018495047 261
1757645144432 0.001071922823833031 262
1757645144536 0.005656838020424857 263
1757645144639 0.1276026086068473 264
1757645144742 0.004604075361079442 265
1757645144846 0.01117037645981146 266
1757645144950 0.461767402781015 267
1757645145053 0.043326413044506296 268
1757645145156 0.024466708018827454 269
1757645145262 0.003980292320554663 270
1757645145380 0.021890593814872888 271
1757645145487 0.021826337899579037 272
1757645145592 0.005409159537087118 273
1757645145709 0.019389328690297743 274
1757645145825 0.0010653545312998562 275
1757645145929 1.1158527047780682 276
1757645146033 0.0003954936708067366 277
1757645146137 0.10862012304230943 278
1757645146240 0.07918391100108224 279
1757645146344 0.1278255562755868 280
1757645146448 0.0868084717120311 281
1757645146551 0.7817999075329588 282
1757645146654 0.14096937115296215 283
1757645146758 0.008040355641167325 284
1757645146862 0.014176513866397572 285
1757645146965 0.22797163949653151 286
1757645147068 0.10347229593049044 287
1757645147172 0.1382468222772985 288
1757645147276 0.07249480603497253 289
1757645147379 0.016168827747610637 290
1757645147483 0.3854499192629934 291
1757645147586 0.14737375384853835 292
1757645147690 0.01912989952725855 293
1757645147793 0.054422330972691696 294
1757645147902 0.03569591705294452 295
1757645148006 0.06312422280552726 296
1757645148110 0.0024121882029005818 297
1757645148216 0.2567857208283264 298
1757645148324 0.002510376929526769 299
1757645148431 0.1579996700988344 300
1757645148534 0.2498533200842086 301
1757645148639 0.3248007706583569 302
1757645148744 0.2908912979250479 303
1757645148869 0.07401474511685957 304
1757645148974 0.08051092696833266 305
1757645149078 0.0632940349393777 306
1757645149180 0.021792984521835642 307
1757645149284 0.003240010118046129 308
1757645149389 0.0542267866520866 309
1757645149493 0.05144865851957991 310
1757645149597 0.028139637897275617 311
1757645149701 0.495302652368639 312
1757645149806 0.0040840645255395824 313
1757645149916 0.027227487209301016 314
1757645150021 0.1514317161743421 315
1757645150126 0.0033350072266304593 316
1757645150230 1.5836579692949546 317
1757645150334 0.2632775986109322 318
1757645150438 0.0005332799821442967 319
1757645150542 0.005955772624120069 320
1757645150662 0.014533818750811918 321
1757645150767 0.310607219757283 322
1757645150872 0.3137041805655477 323
1757645150977 0.0003357059841183061 324
1757645151081 0.0770124977127675 325
1757645151186 0.14631893896967996 326
1757645151291 0.004899715643001988 327
1757645151396 0.022353134659345738 328
1757645151500 0.2530066715606514 329
1757645151605 0.009073017786040355 330
1757645151709 0.014689200424934446 331
1757645151902 0.21732717841046853 332
1757645152010 0.3664194163074932 333
1757645152115 0.01267490291012494 334
1757645152220 0.4874000677040832 335
1757645152325 0.064918527185971 336
1757645152436 0.10085166641775728 337
1757645152541 0.1544683834604951 338
1757645152645 0.48499022562682415 339
1757645152753 0.010341352893677082 340
1757645152859 0.031429689880145384 341
1757645152964 0.051784113210244974 342
1757645153068 0.0022353277007687586 343
1757645153173 0.003943751131865696 344
1757645153283 0.07249623577891579 345
1757645153402 0.00041755837869016045 346
1757645153509 0.039837578905841754 347
1757645153612 0.8049963268849847 348
1757645153717 0.12469745701802407 349
1757645153836 0.2512511255999358 350
1757645153954 0.010996480493297512 351
1757645154059 0.15497760147754613 352
1757645154164 0.193983641891452 353
1757645154321 0.000640802735292583 354
1757645154432 3.113141280276183e-05 355
1757645154537 0.11807862437474392 356
1757645154643 0.012548758037031323 357
1757645154749 0.0031225690695441794 358
1757645154858 1.226042951832277 359
1757645154965 0.12900495090385367 360
1757645155070 0.03154906617614412 361
1757645155175 0.08226670462661097 362
1757645155281 0.025976960588797185 363
1757645155462 0.03978015819788649 364
1757645155573 0.00042478897444682233 365
1757645155685 0.7659352915898547 366
1757645155806 0.008553809119853865 367
1757645155916 0.16215454317500785 368
1757645156031 0.004567556879329774 369
1757645156139 0.06004159561947279 370
1757645156245 0.17489998279286748 371
1757645156353 0.04866406829793184 372
1757645156460 0.2054020957288074 373
1757645156566 0.1333016897615619 374
1757645156673 0.0054426394114991455 375
1757645156779 0.6017281416849235 376
1757645156885 0.00860334835582925 377
1757645156993 0.32326361155915173 378
1757645157100 0.4420733195892202 379
1757645157210 0.001991564241532528 380
1757645157321 0.02428087865899773 381
1757645157427 0.049609297465619 382
1757645157534 0.09007680569791197 383
1757645157642 0.18916355711983057 384
1757645157749 0.6358305660588862 385
1757645157856 0.014763697435286651 386
1757645157963 0.000731820293778527 387
1757645158076 0.00245525808324693 388
1757645158184 0.011281123507954712 389
1757645158292 0.03709809828917487 390
1757645158399 0.24690406480330185 391
1757645158505 0.2539712217518007 392
1757645158612 0.0017498371088949301 393
1757645158720 0.024005352278347093 394
1757645158840 0.019101618536904657 395
1757645158950 0.11695672551041374 396
1757645159056 0.004510572188252901 397
1757645159163 0.31899287595055575 398
1757645159269 0.0016715906403771965 399
1757645159377 0.039759000949965526 400
1757645159485 0.023332913979886686 401
1757645159591 0.0215344535562393 402
1757645159699 0.4463222184411748 403
1757645159806 0.5042451313529336 404
1757645159915 0.03300044917713951 405
1757645160025 0.2676828093070323 406
1757645160136 1.7208682343432995 407
1757645160244 0.03328194822626303 408
1757645160350 0.00012681343057524197 409
1757645160457 0.0230269711340035 410
1757645160567 0.1035376871850339 411
1757645160672 0.0845769726410102 412
1757645160778 0.0168855580433614 413
1757645160885 0.001025216390915345 414
1757645160992 0.06364705733031648 415
1757645161100 0.21104724423947294 416
1757645161207 0.005917824765208237 417
1757645161313 0.07522499119345491 418
1757645161419 0.23105413236849465 419
1757645161528 0.5034930291464028 420
1757645161636 4.612876088032226e-06 421
1757645161742 0.3042082103694516 422
1757645161849 0.0038969509136194094 423
1757645161957 0.20148724935050039 424
1757645162066 0.011540938008601032 425
1757645162177 0.3934098995393823 426
1757645162284 0.04087816280726125 427
1757645162391 0.01065493802227094 428
1757645162498 0.12871288554422264 429
1757645162605 0.2659663753098972 430
1757645162713 0.1257692037343513 431
1757645162822 1.0176944406568787e-05 432
1757645162933 0.16077673921882976 433
1757645163041 0.005560511398419894 434
1757645163148 0.035084162289343475 435
1757645163260 0.007229388812621976 436
1757645163369 0.32115865020484796 437
1757645163476 0.04034557839297417 438
1757645163583 0.010486797500089127 439
1757645163692 0.25297961185211554 440
1757645163817 0.5658510935136999 441
1757645163932 0.010840478514144176 442
1757645164041 0.01917360859309105 443
1757645164152 2.7766086879173e-05 444
1757645164261 0.16552776910590888 445
1757645164369 0.2507905887987364 446
1757645164477 0.04928182612848652 447
1757645164585 0.8762894267421021 448
1757645164693 0.016363089538899013 449
1757645164801 0.06488245165366283 450
1757645164912 0.000998500886737869 451
1757645165021 0.0037262487147374087 452
1757645165130 0.00017815467542811885 453
1757645165237 0.010979982644032275 454
1757645165346 0.08659303052307726 455
1757645165453 0.17210726644099736 456
1757645165562 0.039018506452293746 457
1757645165672 0.4025480201343803 458
1757645165787 0.016224310908165795 459
1757645165902 0.07323331235489117 460
1757645166012 0.07808740340341896 461
1757645166124 0.004733294197693196 462
1757645166238 0.013743737604645045 463
1757645166347 0.008426296863851369 464
1757645166456 0.030480619163029438 465
1757645166564 0.19845576601644774 466
1757645166674 0.09683433443255957 467
1757645166783 0.008103521386538491 468
1757645166891 0.01397523221201372 469
1757645167000 0.10288368765306316 470
1757645167108 0.002180998779883175 471
1757645167217 0.6111353674616768 472
1757645167327 0.04353066648394234 473
1757645167436 0.07279773598549126 474
1757645167544 0.001171885889799551 475
1757645167654 0.060339444640918324 476
1757645167762 0.17973183406767013 477
1757645167873 0.016087815888530498 478
1757645167981 0.038363860098406574 479
1757645168088 0.021865638946432293 480
1757645168202 0.7466632503280454 481
1757645168310 0.36169292929033303 482
1757645168420 0.048525543519381195 483
1757645168530 0.02571544902100218 484
1757645168639 0.09715544519662069 485
1757645168748 0.07513450086266026 486
1757645168870 0.04131073517763867 487
1757645168980 0.003650622759086976 488
1757645169090 0.06798629977840058 489
1757645169197 0.0010549820343943063 490
1757645169304 0.04748637334236949 491
1757645169412 0.09380132532433515 492
1757645169521 0.24868644589074201 493
1757645169631 0.12307859657263087 494
1757645169739 0.06439744153252093 495
1757645169849 0.16268163154636991 496
1757645169957 0.18738448346811273 497
1757645170066 0.008659480830162315 498
1757645170176 0.23452747761945064 499
