1757627643891 0.00010705613247290533 0
1757627643983 0.0014981241636560917 1
1757627644076 0.047924211394058364 2
1757627644167 6.751581935807458e-06 3
1757627644267 0.0023288600807341744 4
1757627644364 0.006765523857735042 5
1757627644454 0.036457901239275316 6
1757627644569 0.01685729519586879 7
1757627644661 0.019584036054500646 8
1757627644749 0.0002063740153588314 9
1757627644840 0.0567315393862045 10
1757627644940 0.06434412968396068 11
1757627645036 0.0019563594739326257 12
1757627645141 0.3414356537527602 13
1757627645255 0.2463904873652265 14
1757627645345 0.00023087776360531482 15
1757627645431 0.1361816316894949 16
1757627645518 0.04201569624097656 17
1757627645612 0.22462906618767725 18
1757627645712 0.1857963785194682 19
1757627645880 0.020800159885801764 20
1757627645972 0.0781819330235296 21
1757627646068 4.4902354160136776e-05 22
1757627646179 0.13585492530894386 23
1757627646290 0.00010082142491658234 24
1757627646381 0.013142541646690398 25
1757627646470 0.04950160248286366 26
1757627646560 0.43749039812697665 27
1757627646651 0.012976028630095685 28
1757627646743 0.09646437290699691 29
1757627646833 0.010725780467995938 30
1757627646928 0.002934249992822087 31
1757627647032 0.011713029301102258 32
1757627647132 0.02571060148471142 33
1757627647241 0.01510885441702984 34
1757627647340 0.00784735771711591 35
1757627647437 0.042600124236814155 36
1757627647530 0.05700352711178435 37
1757627647620 0.2968559305741049 38
1757627647713 0.3464690159998171 39
1757627647820 0.38627798600922536 40
1757627647914 0.12977489532449654 41
1757627648003 0.1647823820053216 42
1757627648090 0.048395508922533005 43
1757627648178 2.2422579090429013 44
1757627648266 0.011205964809980557 45
1757627648360 0.004776786974050697 46
1757627648467 0.07509760200803262 47
1757627648563 0.017080748876022442 48
1757627648655 0.051431566966574103 49
1757627648758 0.0634151264232646 50
1757627648924 0.08607830602070833 51
1757627649029 0.03262603326146249 52
1757627649130 0.03647340348279457 53
1757627649232 0.04048802096418519 54
1757627649336 0.004016095043477226 55
1757627649428 0.40208850512521077 56
1757627649517 0.03849891101369953 57
1757627649604 0.032516093113296216 58
1757627649689 0.00022686533473684263 59
1757627649775 0.013119556719856694 60
1757627649869 0.15498220848448477 61
1757627649967 0.03396690636241768 62
1757627650056 0.2564326929438965 63
1757627650162 0.018184536005633953 64
1757627650265 0.11150010198504783 65
1757627650369 0.06028762088209857 66
1757627650463 0.2801290322079752 67
1757627650564 0.14604236919567717 68
1757627650765 0.017890487300282008 69
1757627650860 0.051502780369716165 70
1757627650955 0.012815549278920306 71
1757627651046 0.020876478652023942 72
1757627651136 0.01823523168145931 73
1757627651234 0.030176927897951202 74
1757627651326 6.90268622203011e-05 75
1757627651425 0.22836905671178204 76
1757627651530 0.624163220378225 77
1757627651635 0.5962712556626292 78
1757627651735 0.0001371883593987309 79
1757627651837 0.30250896353497775 80
1757627651929 0.0038742042345500318 81
1757627652022 0.014278974142726969 82
1757627652124 0.04222382603622983 83
1757627652219 0.049129268888400204 84
1757627652313 0.007281112097234808 85
1757627652416 0.05097213584188079 86
1757627652507 0.01797087093340293 87
1757627652596 0.10634483877523539 88
1757627652694 0.11910536892666146 89
1757627652800 0.1512393142360083 90
1757627652906 0.3298349244446787 91
1757627653007 0.28367932034517523 92
1757627653105 0.03114920801212133 93
1757627653203 0.08091023283437995 94
1757627653300 1.503618298855458 95
1757627653391 0.02666262904379141 96
1757627653481 0.18562421298615447 97
1757627653583 0.03872766270683369 98
1757627653697 0.010495159350260547 99
1757627653795 0.33501129409785213 100
1757627653890 0.13197975609133022 101
1757627653983 0.020698189347285102 102
1757627654101 0.004736625054171014 103
1757627654260 0.0987765290128637 104
1757627654356 0.017709279883306686 105
1757627654446 0.0029728947213752527 106
1757627654535 0.052429541209991874 107
1757627654627 0.001983580451608413 108
1757627654729 0.017756402521722857 109
1757627654831 0.013179351990413181 110
1757627654951 0.9227063176337416 111
1757627655057 0.005448145345661746 112
1757627655157 0.023912482415462726 113
1757627655261 0.0018711307305806764 114
1757627655364 0.07412210315415042 115
1757627655466 0.16788546567277468 116
1757627655591 0.09605996445232605 117
1757627655682 0.020066093226886156 118
1757627655771 0.008293119438061965 119
1757627655862 0.18837020895133072 120
1757627655954 0.013537342491795484 121
1757627656052 0.018654283119378542 122
1757627656166 0.24367338075615644 123
1757627656266 0.0015290284268787081 124
1757627656362 0.0026882152568369617 125
1757627656454 0.0023127845658659674 126
1757627656542 0.022943923676676123 127
1757627656628 0.396607272879008 128
1757627656717 0.27364279707899325 129
1757627656807 0.052573755550925784 130
1757627656895 0.17053245565165553 131
1757627656990 0.0010830825707064443 132
1757627657085 0.07295704572426938 133
1757627657176 0.10034283111023841 134
1757627657268 0.07659678262585093 135
1757627657390 0.3725816704241661 136
1757627657492 1.1316605767891545 137
1757627657591 0.15797124747220972 138
1757627657688 0.017982578866451455 139
1757627657798 0.03435455323953548 140
1757627657912 0.015814160268372436 141
1757627658020 0.1298341207071965 142
1757627658125 0.0027136878356086107 143
1757627658225 0.02667264885423816 144
1757627658322 0.00014994648106127255 145
1757627658421 0.0006645303370615023 146
1757627658513 0.011609172198347409 147
1757627658602 0.03251470310490322 148
1757627658691 0.0003531750497402784 149
1757627658778 0.03452920939448725 150
1757627658867 0.2913020687725515 151
1757627658953 0.008326770189257902 152
1757627659039 0.17890028691468854 153
1757627659125 0.00861598806487252 154
1757627659210 0.04645840725187619 155
1757627659295 0.0879388488551724 156
1757627659380 0.0017301452305621746 157
1757627659473 0.016079192155278484 158
1757627659557 0.0001443903244011479 159
1757627659643 0.0004294862164353745 160
1757627659729 0.13702000183434687 161
1757627659815 0.008378428434262107 162
1757627659917 0.1482193391253574 163
1757627660003 0.24774449903127976 164
1757627660088 0.07259840110441354 165
1757627660173 0.0038704054441747863 166
1757627660258 0.3126957934555474 167
1757627660345 0.0708271470510613 168
1757627660432 0.0778423596819608 169
1757627660521 5.2376578724741484e-05 170
1757627660613 0.026431801016090606 171
1757627660699 0.006642570302563046 172
1757627660786 0.11320873822209263 173
1757627660872 0.1457895271524161 174
1757627660958 0.09986100131905665 175
1757627661045 0.08271952094758905 176
1757627661132 8.76860144402983e-05 177
1757627661220 0.9333461327398739 178
1757627661309 0.08633581166757227 179
1757627661399 0.025920590049098614 180
1757627661493 0.0013231702364150829 181
1757627661582 0.201971230814257 182
1757627661671 0.007600508418567459 183
1757627661760 0.04495696691819925 184
1757627661853 0.07461483729015018 185
1757627661941 0.42328829487718544 186
1757627662030 0.14488478763367976 187
1757627662119 0.06300771526213443 188
1757627662209 0.0019552524134793573 189
1757627662296 0.0842756848356381 190
1757627662386 0.06109695862377355 191
1757627662476 0.0017118333643757813 192
1757627662566 0.03205464530059442 193
1757627662654 0.004833907511051814 194
1757627662743 0.21698097694434557 195
1757627662831 0.0358504857383179 196
1757627662922 0.06918811728535733 197
1757627663012 0.24481246559912362 198
1757627663101 0.0009571537782030426 199
1757627663191 0.3981262072024347 200
1757627663280 0.015807490326652296 201
1757627663370 0.029747545250375446 202
1757627663468 0.001750485013326547 203
1757627663559 0.32929238519251663 204
1757627663649 0.014062961205855219 205
1757627663740 0.0034830346246769958 206
1757627663829 0.10554805861877387 207
1757627663919 0.35285188416330304 208
1757627664010 0.13265342388313642 209
1757627664100 0.09556650713530526 210
1757627664190 0.12722279130732048 211
1757627664279 0.17652897114280172 212
1757627664369 0.027461475696896723 213
1757627664459 0.06918053956840974 214
1757627664550 0.014005918661460743 215
1757627664640 0.007025117315515841 216
1757627664735 0.04560313027102886 217
1757627664825 0.4970278973467155 218
1757627664931 0.07884399707750066 219
1757627665026 0.43075963661942074 220
1757627665121 0.02260260687837084 221
1757627665216 0.1350643700582808 222
1757627665306 0.30712339493309276 223
1757627665393 0.03842002592309803 224
1757627665481 0.010070030157598334 225
1757627665577 0.38439359331411965 226
1757627665714 0.661001760504184 227
1757627665857 0.0018129528044061093 228
1757627665978 0.17084043464122012 229
1757627666079 0.14262044406652413 230
1757627666183 0.13082302144534133 231
1757627666284 0.11394404226578907 232
1757627666390 0.02400072443189559 233
1757627666516 0.01463392023702121 234
1757627666625 0.14117260472885113 235
1757627666728 0.00580040385702972 236
1757627666830 0.0006092939134404956 237
1757627666926 0.08735219534000385 238
1757627667019 0.13073634173667212 239
1757627667111 0.23217783829352848 240
1757627667204 0.01788192314217877 241
1757627667296 0.08052732608145122 242
1757627667389 0.18171335607224415 243
1757627667492 0.05120652958294047 244
1757627667608 0.1316208324793577 245
1757627667723 0.07834154312444074 246
1757627667851 0.016376590504860705 247
1757627667978 0.004592923557096277 248
1757627668099 0.5698784314250623 249
1757627668214 0.03138925809376414 250
1757627668335 0.3279271264030716 251
1757627668448 0.014157844554766711 252
1757627668557 0.16324422835747368 253
1757627668663 0.023562657346796977 254
1757627668768 0.0035372777385015274 255
1757627668872 0.17717230367860223 256
1757627668973 0.10841312287802309 257
1757627669072 0.005871364964787103 258
1757627669168 8.460545107700606e-05 259
1757627669268 0.0001370170962794201 260
1757627669362 0.11064266314335432 261
1757627669463 0.0933783552217984 262
1757627669572 0.0033975346091318025 263
1757627669674 0.35588745648100106 264
1757627669790 0.031021951737147366 265
1757627669912 0.06833907290578088 266
1757627670019 0.0052284492318191485 267
1757627670129 0.05685973976882909 268
1757627670242 0.033435826490630004 269
1757627670353 0.007887294535897756 270
1757627670455 0.08486687832908253 271
1757627670556 0.03730843307987549 272
1757627670708 0.009023173220684046 273
1757627670816 0.16053881595715036 274
1757627670923 0.0007784687043048276 275
1757627671026 0.003007622756824287 276
1757627671133 5.639209749745523e-06 277
1757627671262 0.13257678065287057 278
1757627671385 0.007725430975795901 279
1757627671507 0.0004984528388269807 280
1757627671636 0.0019471890727630868 281
1757627671760 0.014745637941281309 282
1757627671866 0.0045526816851547015 283
1757627671973 0.019298489411144263 284
1757627672077 0.03802367691288649 285
1757627672178 0.0012537655352866733 286
1757627672280 1.5578104448592633 287
1757627672378 0.0018145274952079333 288
1757627672477 0.031715482784083975 289
1757627672573 0.006843112613372157 290
1757627672668 0.17657555688119378 291
1757627672760 0.027982644165603622 292
1757627672857 0.0027108241311089494 293
1757627672960 0.04324518004569803 294
1757627673063 0.1708896132371788 295
1757627673157 0.01382691989084217 296
1757627673250 0.0017300994523273662 297
1757627673386 0.031166355006966615 298
1757627673489 0.028271363021709052 299
1757627673585 0.005883629813420733 300
1757627673685 0.08021370782523171 301
1757627673781 7.799672934853943e-05 302
1757627673875 0.0050074805679463 303
1757627674030 0.04883453657516683 304
1757627674141 0.025902238240335756 305
1757627674255 0.018053988345188503 306
1757627674373 1.1279346999419442 307
1757627674473 0.040076929567672316 308
1757627674580 0.004986273599768281 309
1757627674678 0.009405903780841229 310
1757627674776 0.0075660773836774406 311
1757627674878 0.36363600347080083 312
1757627674985 0.23191441738184063 313
1757627675091 1.125724989299079 314
1757627675193 0.23142681308943436 315
1757627675344 0.040647286195406154 316
1757627675465 0.05253572710999647 317
1757627675583 0.5153361486526795 318
1757627675695 0.00679042665770705 319
1757627675807 0.0018386641130600067 320
1757627675910 0.4174222235462556 321
1757627676012 0.19452288337770043 322
1757627676115 0.0013920661043316926 323
1757627676219 0.1205804907297008 324
1757627676326 0.022414170494123323 325
1757627676428 0.5194848142773334 326
1757627676526 0.05204555725759254 327
1757627676624 0.005797305918251685 328
1757627676725 1.1768275574144542 329
1757627676827 0.5673939843127934 330
1757627676926 0.6408644259542472 331
1757627677024 0.01429017825909436 332
1757627677122 0.17276929343007166 333
1757627677219 0.024629682210780584 334
1757627677316 0.040003592817280255 335
1757627677422 0.04230625971696798 336
1757627677560 0.07514697032328639 337
1757627677716 3.462748916090306e-05 338
1757627677848 0.030445104817477222 339
1757627677955 0.08153739771597977 340
1757627678060 0.09112863893279778 341
1757627678206 0.3832543556818987 342
1757627678327 0.004269212600606251 343
1757627678462 0.0007469052006865833 344
1757627678578 0.05090276550905839 345
1757627678694 1.0526394910353942 346
1757627678803 0.24102621001202287 347
1757627678906 0.05830846184334701 348
1757627679008 0.0020061702021823436 349
1757627679105 0.045819686788852176 350
1757627679203 0.0003030911091634578 351
1757627679302 0.32731728476902383 352
1757627679403 0.1284089085622983 353
1757627679503 0.08311354150422119 354
1757627679597 0.010057445213444665 355
1757627679692 0.04413284712696757 356
1757627679868 0.004576118021098637 357
1757627679978 0.06312425557691378 358
1757627680150 0.292641575685768 359
1757627680258 0.30096615496392826 360
1757627680362 0.08244557721249367 361
1757627680461 0.13366559047811374 362
1757627680560 0.018253713468084787 363
1757627680660 0.20558529366887143 364
1757627680760 0.6520664217056188 365
1757627680857 0.3109652073985552 366
1757627680953 0.25253183427841164 367
1757627681049 0.010820310820942423 368
1757627681144 0.07864560318073079 369
1757627681239 0.14145898313206398 370
1757627681338 0.013277078784187464 371
1757627681434 0.22679384637604402 372
1757627681530 0.001909075817448856 373
1757627681624 0.17504169266995132 374
1757627681719 0.09621734644266147 375
1757627681816 0.02217661037296833 376
1757627681913 0.016998327542104303 377
1757627682008 0.014931894326959004 378
1757627682104 1.0504017186621102 379
1757627682200 0.07814796278463043 380
1757627682296 0.4178564640995595 381
1757627682392 0.0005000933156887658 382
1757627682487 0.4277713467974424 383
1757627682581 0.003620298571468778 384
1757627682674 0.08685708714204152 385
1757627682768 0.09479953425714856 386
1757627682862 0.008983902894138852 387
1757627682956 0.004352766898315192 388
1757627683058 0.2234919855672168 389
1757627683165 0.0005040571380098087 390
1757627683270 0.07075607845810586 391
1757627683374 0.20625124653610585 392
1757627683479 0.0021917078512066054 393
1757627683577 0.06591014725551231 394
1757627683674 0.06527934956019327 395
1757627683774 0.024606623047905847 396
1757627683887 0.033000282505304165 397
1757627683999 0.5683550110355347 398
1757627684104 0.005426956358457048 399
1757627684203 0.03788991693277867 400
1757627684305 0.3557967769202654 401
1757627684409 0.05925716890801909 402
1757627684518 0.03452066623216029 403
1757627684630 0.1731782510783586 404
1757627684741 0.06821879390361045 405
1757627684855 0.0023487879961744487 406
1757627685010 0.07854046464724504 407
1757627685130 0.3512303561230699 408
1757627685236 0.20700257209250655 409
1757627685339 0.3529181266190509 410
1757627685439 0.0035281458237256353 411
1757627685542 0.9429128164207367 412
1757627685641 0.0001284532805943562 413
1757627685747 0.0028399752456301783 414
1757627685855 0.26547144985561766 415
1757627685958 8.091531452025377e-06 416
1757627686059 8.219564529426699e-05 417
1757627686156 0.32844562360191926 418
1757627686265 0.0013334152396050271 419
1757627686377 0.0489254143925746 420
1757627686488 0.14421819285436144 421
1757627686601 0.020215059687101494 422
1757627686727 0.07027531761587368 423
1757627686844 0.8373021179597994 424
1757627686966 0.010413057337492378 425
1757627687094 0.0004648716294993685 426
1757627687214 0.1445058737768378 427
1757627687337 0.09558607806241422 428
1757627687449 0.11586799878083635 429
1757627687570 0.2513437850418946 430
1757627687699 0.002972655564128426 431
1757627687834 0.08393751250302067 432
1757627687968 0.004807278767818468 433
1757627688094 0.09302954359010966 434
1757627688236 0.05911075405958837 435
1757627688421 0.03732561863312667 436
1757627688548 0.17081736290777466 437
1757627688680 0.07504957405082921 438
1757627688829 0.01506954749321442 439
1757627688948 0.01741019223997899 440
1757627689090 0.002751466166380424 441
1757627689236 0.010512357922937178 442
1757627689412 0.01369837377967974 443
1757627689597 0.12063482999311431 444
1757627689820 0.048470253771757434 445
1757627690007 5.508078801044319e-05 446
1757627690153 0.03261117422608257 447
1757627690295 5.555680601869093e-05 448
1757627690491 0.03792787618012815 449
1757627690665 0.00024292722945605053 450
1757627690831 0.05487634048392986 451
1757627690990 0.005031239831064918 452
1757627691157 0.13924733446757448 453
1757627691329 0.2833160504442966 454
1757627691496 0.04464139346355394 455
1757627691658 0.08896779367515155 456
1757627691815 0.6090798796192196 457
1757627691992 0.006708185942231314 458
1757627692176 0.04449370773455069 459
1757627692354 0.002634678514816089 460
1757627692510 0.007677669984640294 461
1757627692667 0.07849284205318696 462
1757627692833 0.050320042453688284 463
1757627692989 0.0019093984327022068 464
1757627693121 0.01234318173400384 465
1757627693244 0.037058977514871985 466
1757627693361 0.06351305015974316 467
1757627693477 0.04203254986004946 468
1757627693589 0.0005688843643953726 469
1757627693708 0.3124071393346497 470
1757627693840 0.049548620715424894 471
1757627693964 0.002371118850284471 472
1757627694086 0.003158721064358111 473
1757627694207 0.013820663406350563 474
1757627694325 0.0011217705196367503 475
1757627694456 0.009683486307018523 476
1757627694583 0.09558937225080795 477
1757627694698 0.008237020662083667 478
1757627694817 0.0010000636762860168 479
1757627694944 0.09101864248305232 480
1757627695056 0.4107701876860341 481
1757627695165 0.1537405638258421 482
1757627695274 0.03378772170097542 483
1757627695377 0.07848567177584785 484
1757627695479 0.09620531333713686 485
1757627695580 0.026442364754889806 486
1757627695682 0.3316185073825716 487
1757627695827 0.002834259969207376 488
1757627695932 0.0004007920324704326 489
1757627696037 9.068547529082974e-05 490
1757627696142 0.07884781263057443 491
1757627696244 0.047299635224721574 492
1757627696349 0.12328616303383755 493
1757627696456 0.1633035836988801 494
1757627696567 0.0003170364205198281 495
1757627696676 0.17436509747185516 496
1757627696799 0.009013477201994819 497
1757627696915 0.0036284710689682307 498
1757627697031 0.2686877473503093 499
