1757630620199 155.5825710624265 0
1757630620247 148.40433656589374 1
1757630620294 143.60222845726537 2
1757630620340 139.33586662978382 3
1757630620389 134.6855660755026 4
1757630620436 130.8794378875035 5
1757630620484 128.25856321884515 6
1757630620545 121.4564641450177 7
1757630620600 118.09483773124711 8
1757630620649 115.53100135854808 9
1757630620699 110.75350294615001 10
1757630620748 109.69222767411102 11
1757630620796 102.1263254987729 12
1757630620843 103.88624215946038 13
1757630620892 97.94642905855211 14
1757630620941 95.77385288240171 15
1757630620991 92.96897135778354 16
1757630621039 85.06937813758088 17
1757630621087 86.6073969502427 18
1757630621136 81.84958023005231 19
1757630621186 80.84068559685298 20
1757630621233 76.80281222019379 21
1757630621280 72.97465811183397 22
1757630621326 69.99562777387146 23
1757630621374 71.04521050115521 24
1757630621423 67.16410798905765 25
1757630621471 63.06556784011035 26
1757630621517 62.51142873977801 27
1757630621563 59.84992717814231 28
1757630621611 56.95020797922655 29
1757630621662 55.27201573229411 30
1757630621714 54.56396353281609 31
1757630621765 51.08141235878266 32
1757630621813 49.97212618956202 33
1757630621862 47.75000701317457 34
1757630621908 46.77098917292176 35
1757630621954 43.87489818789153 36
1757630622001 43.8518405070709 37
1757630622049 43.487343344193896 38
1757630622096 40.399660491452394 39
1757630622142 38.991425955954575 40
1757630622190 38.204413268175394 41
1757630622238 36.30026645691837 42
1757630622283 36.411491915545 43
1757630622332 33.364403096684924 44
1757630622380 32.62047775902734 45
1757630622426 31.791682403746208 46
1757630622473 29.768741848924712 47
1757630622521 29.311953579066987 48
1757630622573 29.224500667972805 49
1757630622622 28.426258138082368 50
1757630622670 28.7117205919673 51
1757630622718 26.134260778438673 52
1757630622765 26.3236113929158 53
1757630622818 24.27199752086646 54
1757630622866 24.25325293739519 55
1757630622916 23.680032533231383 56
1757630622965 23.114741913512013 57
1757630623014 21.960643057493662 58
1757630623062 20.70920528471199 59
1757630623110 18.97939016046399 60
1757630623158 19.67368156153495 61
1757630623207 19.01358788386011 62
1757630623256 17.831724114936378 63
1757630623303 17.400484165550274 64
1757630623353 17.282342583740313 65
1757630623412 17.27984364165743 66
1757630623462 16.322017729708204 67
1757630623512 14.956711099080328 68
1757630623560 14.60728746857755 69
1757630623608 13.75937019691912 70
1757630623656 13.707961366279534 71
1757630623709 13.450872321998752 72
1757630623761 12.954527934876246 73
1757630623809 11.104249949985483 74
1757630623857 12.210362579426395 75
1757630623906 11.454128797774166 76
1757630623954 11.131908112571528 77
1757630624002 11.484994429584836 78
1757630624051 10.521678681759989 79
1757630624098 10.43382381407212 80
1757630624147 8.796650657338528 81
1757630624196 9.97442489542841 82
1757630624244 9.159730485310828 83
1757630624291 8.74183577482562 84
1757630624339 8.472555118109007 85
1757630624387 7.75702466348023 86
1757630624437 8.254029951083295 87
1757630624484 8.234698698967467 88
1757630624532 7.121164609883946 89
1757630624580 7.414430516693151 90
1757630624628 7.5413765882668535 91
1757630624676 6.803472058956366 92
1757630624723 6.405159780375444 93
1757630624771 6.598669847307111 94
1757630624818 6.027820042687979 95
1757630624866 5.986171896968774 96
1757630624914 5.651993852433233 97
1757630624962 5.671835640877422 98
1757630625010 5.448289223633916 99
1757630625059 5.332272712519986 100
1757630625106 4.925355245603997 101
1757630625153 4.6809290184998975 102
1757630625202 4.551061645095432 103
1757630625251 4.60060257873991 104
1757630625299 4.527161396564892 105
1757630625346 3.880092993033541 106
1757630625395 4.386560593554611 107
1757630625443 4.17376787590098 108
1757630625494 3.630718707558686 109
1757630625556 3.7076918550716815 110
1757630625609 3.1059067030800636 111
1757630625659 3.6686550122769765 112
1757630625709 3.4733563558474847 113
1757630625774 2.843975544587467 114
1757630625828 3.179857222692802 115
1757630625881 2.8505876377280748 116
1757630625931 3.2355468581311575 117
1757630625983 2.7019749916078224 118
1757630626035 2.694133704512499 119
1757630626085 2.711842388802108 120
1757630626137 2.976955812812215 121
1757630626189 2.6094739557608966 122
1757630626239 2.2126060266387833 123
1757630626289 2.3154791569085593 124
1757630626338 2.3150324467477876 125
1757630626388 2.228799162271748 126
1757630626436 2.1187515206190244 127
1757630626489 1.948938853213607 128
1757630626543 1.9912877319901825 129
1757630626599 1.759753634693866 130
1757630626657 1.9010970461392218 131
1757630626713 1.9898967084406705 132
1757630626770 1.9732188565806124 133
1757630626827 2.029684131156276 134
1757630626881 1.5391259658219059 135
1757630626934 1.3876884868949844 136
1757630626986 1.644669193223604 137
1757630627040 1.4943809204238914 138
1757630627091 1.4787496384483598 139
1757630627143 1.5858397412754144 140
1757630627197 1.4022606844315502 141
1757630627254 1.5009351825362183 142
1757630627310 1.3738981458707236 143
1757630627363 1.0097596744135093 144
1757630627416 1.1645415703977364 145
1757630627468 1.317013756143881 146
1757630627522 1.0599414949945614 147
1757630627573 0.9272429533624733 148
1757630627626 1.2019676005242759 149
1757630627676 1.0628066394237845 150
1757630627729 0.9423198098563287 151
1757630627782 1.0103182080790383 152
1757630627836 0.9466165045829368 153
1757630627894 0.7479200353650546 154
1757630627949 0.9841732766693791 155
1757630628004 0.8541223072165747 156
1757630628060 0.8643171104550991 157
1757630628117 0.7064457167495445 158
1757630628173 1.1477817123109206 159
1757630628230 0.9306987075501933 160
1757630628285 0.5885462397234807 161
1757630628340 0.7088067549184607 162
1757630628394 0.7196172655779984 163
1757630628449 0.6811904423147206 164
1757630628504 0.6927521438797024 165
1757630628557 0.9415219146255424 166
1757630628628 0.5708255995506379 167
1757630628689 0.5399248811612237 168
1757630628744 0.5910925179530405 169
1757630628799 0.48633554691010605 170
1757630628854 0.5402516662586528 171
1757630628909 0.5696430878213904 172
1757630628962 0.5034658509467833 173
1757630629017 0.5422940739628437 174
1757630629071 0.4847886019864216 175
1757630629127 0.6240307868880276 176
1757630629183 0.5589051002332176 177
1757630629238 0.44583439980901207 178
1757630629291 0.5728407169708958 179
1757630629344 0.35420444616369895 180
1757630629400 0.43933065969997986 181
1757630629453 0.33906185127062016 182
1757630629507 0.44710722569768074 183
1757630629560 0.45981566374547206 184
1757630629614 0.35037368911147315 185
1757630629669 0.33719926507077025 186
1757630629724 0.33098059077851294 187
1757630629781 0.3634242418333308 188
1757630629872 0.3377121894339695 189
1757630629934 0.3113194993864788 190
1757630629990 0.236669767779194 191
1757630630047 0.29611343017856695 192
1757630630108 0.25068196416598343 193
1757630630164 0.31373995969860935 194
1757630630221 0.3924464721186923 195
1757630630277 0.31996680105996644 196
1757630630332 0.2294501937709769 197
1757630630407 0.3368239293320352 198
1757630630574 0.2740329160322067 199
1757630630653 0.28006482553925294 200
1757630630723 0.32848348440388303 201
1757630630791 0.3719130567371568 202
1757630630854 0.23265254104179536 203
1757630630915 0.23630515234882937 204
1757630630975 0.3769858579885937 205
1757630631035 0.3012813602787934 206
1757630631091 0.3191132768633086 207
1757630631151 0.17975507301488194 208
1757630631208 0.17560585287114722 209
1757630631264 0.24569494978273043 210
1757630631318 0.19545902457447717 211
1757630631371 0.21268215689429984 212
1757630631424 0.23919667957909835 213
1757630631476 0.16853456141742856 214
1757630631532 0.2020219369785562 215
1757630631590 0.19033935102193372 216
1757630631647 0.22805856062874286 217
1757630631703 0.2529264565196452 218
1757630631757 0.1883281911941807 219
1757630631814 0.25910063310800935 220
1757630631876 0.15546161787060167 221
1757630631932 0.17841735289407423 222
1757630631985 0.20275301435789095 223
1757630632106 0.1716520092493075 224
1757630632161 0.20218362008980384 225
1757630632217 0.13760326216548974 226
1757630632272 0.18620487269395136 227
1757630632329 0.1767524832438813 228
1757630632383 0.16745927369913624 229
1757630632438 0.1999580025218503 230
1757630632491 0.22608565325116126 231
1757630632550 0.2202140019885522 232
1757630632607 0.1334688150141427 233
1757630632663 0.252259420422776 234
1757630632719 0.15567660422947216 235
1757630632774 0.21307302314818252 236
1757630632830 0.1976436801737456 237
1757630632884 0.22691454530990668 238
1757630632941 0.12418522738857264 239
1757630632995 0.07877183593198318 240
1757630633050 0.4553657233242496 241
1757630633106 0.1549898703491267 242
1757630633161 0.21049041260653045 243
1757630633216 0.19245570983124724 244
1757630633274 0.10886564597691507 245
1757630633329 0.1783693215495455 246
1757630633385 0.13165719962215694 247
1757630633438 0.17034604782155324 248
1757630633492 0.07902519955726744 249
1757630633544 0.1440768560219388 250
1757630633597 0.1096223226391022 251
1757630633650 0.14160343965281608 252
1757630633703 0.1837277468239467 253
1757630633756 0.15715642874017385 254
1757630633808 0.16456772301842698 255
1757630633863 0.13721870161424948 256
1757630633920 0.15972477422871206 257
1757630633975 0.13359042675504415 258
1757630634030 0.12756543282145733 259
1757630634082 0.12925558749300212 260
1757630634135 0.10051773101449743 261
1757630634189 0.10588562268205512 262
1757630634243 0.13352777507251545 263
1757630634296 0.20859456604077076 264
1757630634349 0.1106931202741123 265
1757630634402 0.1694393371177485 266
1757630634455 0.12792850970111863 267
1757630634508 0.16469899945535765 268
1757630634561 0.14007580141952092 269
1757630634613 0.13688283332093884 270
1757630634666 0.1476294376757349 271
1757630634720 0.1290477354998695 272
1757630634773 0.14451909590375717 273
1757630634825 0.4641931314548187 274
1757630634879 0.24337654094401417 275
1757630634933 0.13928582320142302 276
1757630634986 0.11892361480627707 277
1757630635038 0.13396125987269214 278
1757630635091 0.14237102616046882 279
1757630635144 0.20751402350705123 280
1757630635198 0.11392207439160637 281
1757630635252 0.14610054944770934 282
1757630635304 0.21129119609668048 283
1757630635357 0.17325162240884812 284
1757630635410 0.11844577354600452 285
1757630635463 0.22131516663222234 286
1757630635525 0.15201329824976226 287
1757630635590 0.11711947500502554 288
1757630635646 0.10363106209684884 289
1757630635703 0.09376651690841319 290
1757630635769 0.1327247063159563 291
1757630635829 0.1161705583450863 292
1757630635886 0.24327436850441192 293
1757630636084 0.1275356243405776 294
1757630636308 0.12876790235870778 295
1757630636435 0.09540313125228886 296
1757630636497 0.09083567128269956 297
1757630636556 0.07870703165978436 298
1757630636618 0.2323685976450104 299
1757630636678 0.14113042142910345 300
1757630636741 0.08724709971362153 301
1757630636799 0.09719967491959619 302
1757630636855 0.16145558892126766 303
1757630636911 0.12568349548363966 304
1757630636967 0.1716841088353923 305
1757630637025 0.21401274806272452 306
1757630637081 0.10557201408227024 307
1757630637137 0.10032522972845498 308
1757630637194 0.10993460185446388 309
1757630637250 0.18559514319642237 310
1757630637306 0.11904148169059858 311
1757630637361 0.20581249630922255 312
1757630637417 0.13952333020651903 313
1757630637471 0.1032420254214271 314
1757630637525 0.11207740589529647 315
1757630637579 0.15289771173893693 316
1757630637633 0.07550993724677774 317
1757630637688 0.12490773011641165 318
1757630637741 0.10718840841122293 319
1757630637794 0.14209383223131122 320
1757630637849 0.12108547709663316 321
1757630637904 0.09936216586117516 322
1757630637969 0.1713990417061748 323
1757630638026 0.09045819813511957 324
1757630638081 0.13871271045125916 325
1757630638135 0.11066468275345762 326
1757630638190 0.15727526830010544 327
1757630638244 0.09146763989088336 328
1757630638299 0.08497740764653897 329
1757630638354 0.21472933972789127 330
1757630638409 0.22838485100950284 331
1757630638464 0.13760691565071603 332
1757630638518 0.12780018935358656 333
1757630638572 0.15652201022939197 334
1757630638645 0.14850185060532378 335
1757630638702 0.3466504590910412 336
1757630638758 0.10551833241445935 337
1757630638813 0.10600635428381318 338
1757630638867 0.21931146858766287 339
1757630638922 0.11243876655401844 340
1757630638977 0.1786346825989746 341
1757630639033 0.13486584958918138 342
1757630639088 0.15945900135401503 343
1757630639143 0.16849978953001576 344
1757630639199 0.12687398519219137 345
1757630639254 0.11385013415967987 346
1757630639308 0.09290705391071152 347
1757630639362 0.08216348860743752 348
1757630639418 0.11044065370140341 349
1757630639473 0.1564933470498384 350
1757630639528 0.08266318954849253 351
1757630639582 0.1458459865861717 352
1757630639638 0.1888619338631088 353
1757630639693 0.17106278091242064 354
1757630639749 0.09143225062724952 355
1757630639805 0.09705279061744349 356
1757630639859 0.10729000615966283 357
1757630639913 0.13774164899990166 358
1757630639971 0.10888680598945491 359
1757630640042 0.3202730075035792 360
1757630640103 0.09148409129574014 361
1757630640160 0.08076736269489004 362
1757630640218 0.18478324519913825 363
1757630640274 0.11896377061544947 364
1757630640328 0.14109757463857292 365
1757630640384 0.1108102983394852 366
1757630640440 0.06150605724000919 367
1757630640500 0.17422133859721722 368
1757630640571 0.13330981830010866 369
1757630640630 0.12179944792166533 370
1757630640687 0.10913504264769477 371
1757630640744 0.15665720322276372 372
1757630640801 0.0930738764936898 373
1757630640857 0.09074179143596722 374
1757630640911 0.1270507161238516 375
1757630640967 0.260263934323837 376
1757630641022 0.17052511401711012 377
1757630641077 0.11311750936619898 378
1757630641134 0.1087122817666599 379
1757630641190 0.10361895696380752 380
1757630641249 0.10744986929730921 381
1757630641304 0.128168033385397 382
