1757635338533 164.40839510345253 0
1757635338583 161.11292372905254 1
1757635338633 154.97746791657877 2
1757635338683 146.51049181419197 3
1757635338739 136.24050713638118 4
1757635338784 124.68889801094292 5
1757635338830 112.34847653847044 6
1757635338886 99.66751954634339 7
1757635338932 87.03886155197513 8
1757635338978 74.79349283457015 9
1757635339022 63.19803174596853 10
1757635339067 52.45540232095189 11
1757635339112 42.70804605854723 12
1757635339156 34.04302392645889 13
1757635339200 26.498414427923063 14
1757635339252 20.070479340753963 15
1757635339297 14.72114432901925 16
1757635339342 10.385421576940452 17
1757635339386 6.978481301429478 18
1757635339433 4.402154805382742 19
1757635339480 2.5507209330473852 20
1757635339531 1.3158885825083881 21
1757635339582 0.5909393348609553 22
1757635339627 0.27403598499801884 23
1757635339672 0.27073507144266495 24
1757635339718 0.4957650832132405 25
1757635339768 0.8741478305317117 26
1757635339813 1.3417496213035973 27
1757635339858 1.8453525601049834 28
1757635339909 2.342335628847204 29
1757635339954 2.8000512821361 30
1757635339997 3.1949770373883966 31
1757635340042 3.5117137602796458 32
1757635340086 3.74189369427621 33
1757635340132 3.8830522737192337 34
1757635340178 3.937508783075984 35
1757635340224 3.9112922640999774 36
1757635340272 3.8131409250160617 37
1757635340317 3.6535958018143457 38
1757635340362 3.4442026418317124 39
1757635340407 3.196829968769443 40
1757635340453 2.923106065729676 41
1757635340498 2.6339731805542814 42
1757635340552 2.339353604303227 43
1757635340612 2.0479193768932373 44
1757635340658 1.7669552016607772 45
1757635340706 1.5023026611828094 46
1757635340750 1.258372968695776 47
1757635340800 1.0382152021145945 48
1757635340844 0.8436271815927117 49
1757635340890 0.6752967902739124 50
1757635340941 0.5329625198291481 51
1757635340986 0.4155832635941043 52
1757635341032 0.32150879717870845 53
1757635341077 0.24864389935892445 54
1757635341123 0.19460060124999054 55
1757635341169 0.1568345443110551 56
1757635341214 0.1327628233764325 57
1757635341260 0.11986194721284689 58
1757635341310 0.11574563596412661 59
1757635341355 0.11822307431215832 60
1757635341401 0.1253389446444298 61
1757635341447 0.13539707938962137 62
1757635341492 0.14696990771881605 63
1757635341543 0.15889604719726233 64
1757635341632 0.17026842834270656 65
1757635341690 0.1804152645525875 66
1757635341741 0.18887601741618523 67
1757635341787 0.19537428319617306 68
1757635341838 0.19978926346878317 69
1757635341883 0.20212720195948247 70
1757635341933 0.20249388755054545 71
1757635341983 0.2010690537196586 72
1757635342031 0.1980832571709999 73
1757635342077 0.19379759967477786 74
1757635342125 0.1884864707118081 75
1757635342170 0.18242333552190637 76
1757635342327 0.17586947272108616 77
1757635342374 0.16906547549569573 78
1757635342419 0.16222526727352482 79
1757635342467 0.1555323429697978 80
1757635342514 0.14913792650296526 81
1757635342563 0.14316073046874825 82
1757635342611 0.13768801113973556 83
1757635342658 0.13277762821666655 84
1757635342707 0.12846084134898578 85
1757635342752 0.12474560218081161 86
1757635342797 0.12162012980979141 87
1757635342848 0.11905658769521939 88
1757635342894 0.1170147101602674 89
1757635342941 0.11544525589752991 90
1757635342998 0.11429319370090198 91
1757635343049 0.11350055155332711 92
1757635343096 0.11300888385623116 93
1757635343143 0.11276133273846119 94
1757635343191 0.11270427785058894 95
1757635343237 0.11278858472186354 96
1757635343284 0.11297047458424059 97
1757635343331 0.11321204856828011 98
1757635343438 0.11348150643228898 99
1757635343489 0.11375310464609592 100
1757635343539 0.11400690092163807 101
1757635343590 0.11422833242432558 102
1757635343645 0.11440767321476478 103
1757635343693 0.11453941329231308 104
1757635343741 0.11462159728789993 105
1757635343788 0.11465515573155627 106
1757635343835 0.11464325623398347 107
1757635343887 0.11459069617796641 108
1757635343936 0.11450335288354807 109
1757635343982 0.11438770191428937 110
1757635344032 0.1142504094044206 111
1757635344080 0.1140980001307076 112
1757635344128 0.11393659960112575 113
1757635344174 0.11377174571197178 114
1757635344222 0.11360826352308258 115
1757635344269 0.11345019537218118 116
1757635344317 0.11330077782432464 117
1757635344366 0.11316245674484206 118
1757635344419 0.11303693199901758 119
1757635344465 0.11292522382205786 120
1757635344512 0.11282775367508756 121
1757635344560 0.11274443332153583 122
1757635344608 0.11267475684876965 123
1757635344655 0.11261789136043769 124
1757635344703 0.11257276302732018 125
1757635344750 0.11253813607325817 126
1757635344799 0.11251268306467646 127
1757635344847 0.11249504555451847 128
1757635344895 0.11248388469993417 129
1757635344947 0.11247792193029463 130
1757635344995 0.11247597009540498 131
1757635345046 0.11247695578356724 132
1757635345095 0.11247993367747455 133
1757635345142 0.11248409392538182 134
1757635345190 0.11248876355777943 135
1757635345237 0.11249340298716291 136
1757635345285 0.1124975986004488 137
1757635345332 0.1125010523987408 138
1757635345379 0.1125035695647553 139
1757635345432 0.11250504475028436 140
1757635345480 0.11250544777953941 141
1757635345527 0.11250480936315588 142
1757635345576 0.112503207315395 143
1757635345624 0.1125007536664715 144
1757635345677 0.11249758296532952 145
1757635345727 0.112493841977563 146
1757635345776 0.11248968090020572 147
1757635345824 0.11248524614110285 148
1757635345872 0.11248067464654286 149
