1757624808201 0.0017306427171911898 0
1757624808282 0.019142773613248665 1
1757624808367 0.15422396209107198 2
1757624808451 2.5188721265365803 3
1757624808536 0.021625112688703634 4
1757624808621 1.104450075745789 5
1757624808705 0.5506118037962467 6
1757624808792 0.25527672347333896 7
1757624808879 0.36901911584612357 8
1757624808969 0.07838414674414858 9
1757624809053 0.05710793259732777 10
1757624809138 0.0005254377080076131 11
1757624809223 0.01744172878903028 12
1757624809312 0.0014767749347453425 13
1757624809408 0.5191827520456482 14
1757624809496 0.01928431701342455 15
1757624809606 0.028352486502387662 16
1757624809691 0.386838690020888 17
1757624809775 0.1513437617330449 18
1757624809860 0.011536285507908662 19
1757624809945 0.03127451726730879 20
1757624810029 0.00023981054464158722 21
1757624810114 0.16846456169818433 22
1757624810199 0.17827857041968298 23
1757624810285 0.013123139746305112 24
1757624810370 0.11692302530795015 25
1757624810456 0.0006571729697906607 26
1757624810543 0.0001910001215957814 27
1757624810627 0.004219938195662835 28
1757624810712 0.09950916225897727 29
1757624810797 0.06010991556846176 30
1757624810882 0.022652374447586495 31
1757624810966 0.012248023638625543 32
1757624811051 0.010884122898244255 33
1757624811136 0.0025790135107766907 34
1757624811220 0.13670954187398568 35
1757624811304 0.26186626298618987 36
1757624811389 0.08278656838176786 37
1757624811473 0.00030199525460791575 38
1757624811563 0.16570385365566806 39
1757624811648 0.0072832324728921505 40
1757624811732 0.06325175561296066 41
1757624811817 0.1994771291329076 42
1757624811903 0.18405667823168886 43
1757624811986 0.04763134706155502 44
1757624812073 0.005725192128276057 45
1757624812158 0.09133740509731016 46
1757624812242 0.0012612319219582507 47
1757624812326 0.10890230275756098 48
1757624812410 0.04758196044739976 49
1757624812495 0.004166945601753882 50
1757624812579 0.07597837744583662 51
1757624812664 0.0414316778110349 52
1757624812749 0.08779543799984137 53
1757624812833 0.3407372755289646 54
1757624812918 0.04141420417310243 55
1757624813003 0.6698994867036756 56
1757624813088 0.0032234251811793747 57
1757624813173 0.023954827321553747 58
1757624813259 0.0009304800043081195 59
1757624813345 0.00012010087947757085 60
1757624813431 0.10682733578579282 61
1757624813519 0.056742770666885406 62
1757624813608 0.07383475562574578 63
1757624813694 0.0011074347146820655 64
1757624813779 0.0025539182349217666 65
1757624813864 0.8841782400963435 66
1757624813950 1.130465257428234e-05 67
1757624814036 0.027505978810958964 68
1757624814121 0.05451861164363727 69
1757624814205 0.21642310587358896 70
1757624814294 0.004327772778751369 71
1757624814426 0.10462109806836555 72
1757624814521 0.26972519440996784 73
1757624814613 0.0006288395945668865 74
1757624814699 1.0159871784609469 75
1757624814787 0.03921369805559497 76
1757624814874 0.08620570478354841 77
1757624814958 0.06089137205744332 78
1757624815045 0.05071812390841933 79
1757624815131 0.0019420311155756102 80
1757624815217 0.2956733004122085 81
1757624815304 0.08662651462412196 82
1757624815391 0.03334133217689155 83
1757624815477 1.1281905136980224 84
1757624815568 0.02311784974563746 85
1757624815654 0.6150102416557091 86
1757624815741 0.05024410328388499 87
1757624815827 0.1829992330711778 88
1757624815912 0.5714877786687581 89
1757624815998 0.012698564871002927 90
1757624816085 0.004165944222402742 91
1757624816171 0.6103656935096264 92
1757624816258 0.0024026178053930857 93
1757624816344 0.018583186151897774 94
1757624816430 0.008153101213076051 95
1757624816516 0.9592301543298869 96
1757624816604 0.001106585541403798 97
1757624816689 0.26840538192434066 98
1757624816774 1.2222626562865917 99
1757624816860 0.06968952489371016 100
1757624816956 0.004679665241041667 101
1757624817041 0.029810491749192806 102
1757624817128 0.10963924730469161 103
1757624817214 0.03498558519916146 104
1757624817300 0.07979444470108601 105
1757624817386 0.02003592081269561 106
1757624817473 0.03925657615109184 107
1757624817560 0.15456006803427158 108
1757624817653 6.294389139267708e-05 109
1757624817740 0.02850372197282882 110
1757624817827 0.23390010673525644 111
1757624817915 0.03141624474866008 112
1757624818002 0.21116381183489757 113
1757624818090 0.17578720761516117 114
1757624818178 0.07986069227095118 115
1757624818264 0.0711834195721329 116
1757624818352 0.09197964431817263 117
1757624818510 0.005358639591639557 118
1757624818605 0.21205640684648108 119
1757624818692 0.003207580485080903 120
1757624818780 0.0064212672997005634 121
1757624818866 0.11215266696317946 122
1757624818954 0.013496740486701436 123
1757624819041 0.12692829284012191 124
1757624819130 0.038676081966917755 125
1757624819218 0.003513959870074319 126
1757624819310 0.0009139743734495185 127
1757624819410 0.022748854606516197 128
1757624819503 0.010789182079493625 129
1757624819592 0.000522066082443974 130
1757624819684 0.7505608105621515 131
1757624819777 0.044966931177585046 132
1757624819865 9.837798519995696e-05 133
1757624819953 0.002864377385039479 134
1757624820040 0.001552643213350254 135
1757624820126 0.0036849191118235986 136
1757624820213 1.0915292600885238 137
1757624820301 0.0043490142291460155 138
1757624820391 0.007601929308204085 139
1757624820478 0.02913321492989028 140
1757624820566 0.07592451527700471 141
1757624820655 0.11704646877773366 142
1757624820743 0.003961499915653163 143
1757624820831 0.030359629908726732 144
1757624820919 2.60416332970794 145
1757624821009 1.2966436394952447 146
1757624821097 0.15557800042830405 147
1757624821184 0.018777841521018187 148
1757624821271 0.019398577963217183 149
1757624821359 0.0755705543529525 150
1757624821445 0.019222568561916894 151
1757624821534 3.8919657187218596e-05 152
1757624821622 0.14488164148866958 153
1757624821715 0.47825781846984444 154
1757624821803 0.05327433700915797 155
1757624821890 0.021837413818502044 156
1757624821978 0.6647563118853284 157
1757624822066 0.2919663983425317 158
1757624822154 0.04773663958885842 159
1757624822242 0.004983568375469341 160
1757624822331 0.007983574231791291 161
1757624822419 0.16915155608323745 162
1757624822507 0.8065832170647381 163
1757624822595 0.044682022597807416 164
1757624822683 0.9221624058983638 165
1757624822772 0.002176799867327443 166
1757624822859 0.16403759416102218 167
1757624822947 0.7332838339692508 168
1757624823036 0.0751789431959122 169
1757624823125 0.05133591474523568 170
1757624823213 0.17529833403723655 171
1757624823302 0.07216531891538512 172
1757624823390 0.33690615675829166 173
1757624823479 0.005418149463613151 174
1757624823568 0.00011662606589093005 175
1757624823656 0.24037860558847846 176
1757624823749 0.021491995242827085 177
1757624823837 0.014771525363188891 178
1757624823928 0.0007641947838610278 179
1757624824016 0.0019675132467566353 180
1757624824105 0.10608730759052579 181
1757624824193 0.06400326465095492 182
1757624824284 0.022347967002501825 183
1757624824386 0.31078811880116164 184
1757624824476 0.054537326786167864 185
1757624824566 0.03716041188622643 186
1757624824654 0.0016788772212983747 187
1757624824746 0.6532635072715244 188
1757624824835 0.024625391197078465 189
1757624824923 0.08009244352358645 190
1757624825013 0.007968342623369451 191
1757624825103 0.0005834749345475004 192
1757624825191 0.0011258505544517728 193
1757624825279 0.048450378913308105 194
1757624825370 0.35337703604988746 195
1757624825461 0.27015160499479535 196
1757624825549 0.037291697051788725 197
1757624825639 0.2004550842531624 198
1757624825733 0.006570692737831573 199
1757624825825 0.01142288079584723 200
1757624825914 0.05806502857724331 201
1757624826005 0.6641056381087408 202
1757624826095 0.0017469624545704005 203
1757624826184 0.007434232694714945 204
1757624826274 0.03483775263597257 205
1757624826362 0.03934617804871057 206
1757624826453 0.1361263548947005 207
1757624826542 0.06171152889325552 208
1757624826633 0.011282802215531646 209
1757624826721 0.04249092473990518 210
1757624826810 0.03450037219027003 211
1757624826903 0.06227402785577487 212
1757624826991 0.009419761596220527 213
1757624827083 0.23108717359558933 214
1757624827173 0.01788589148792461 215
1757624827264 0.050033164757104474 216
1757624827354 0.3142406808860197 217
1757624827443 0.5754636409178046 218
1757624827533 0.08153625792643046 219
1757624827623 0.4433000234711998 220
1757624827713 0.015039676530986146 221
1757624827812 0.019802042181488597 222
1757624827903 0.02417551827124893 223
1757624827994 0.3501197957661162 224
1757624828084 0.06404362110864548 225
1757624828174 0.03627235900993145 226
1757624828264 0.09139062081141654 227
1757624828354 0.02631070877611572 228
1757624828445 0.21965188392038834 229
1757624828535 0.2681709605542982 230
1757624828625 0.20066730210324477 231
1757624828714 0.0016503426350522705 232
1757624828804 0.04385405605134778 233
1757624828892 0.1516145835014142 234
1757624828985 0.3206542317948046 235
1757624829075 0.007107782595223166 236
1757624829165 1.8146319265711297 237
1757624829255 0.4469375324831422 238
1757624829356 0.03132928765298524 239
1757624829451 0.03654484926665985 240
1757624829541 0.199528055279498 241
1757624829632 0.07024364838164168 242
1757624829723 0.6045507571998524 243
1757624829822 0.743268202680513 244
1757624829913 0.438469709974239 245
1757624830005 0.009093959111814178 246
1757624830097 0.13420795481194528 247
1757624830187 0.0012145180854539236 248
1757624830278 0.010084716204406534 249
1757624830369 0.010854225043767943 250
1757624830462 1.6172996434261653 251
1757624830552 0.018629994717186394 252
1757624830643 0.1417820273000847 253
1757624830736 0.014764722883024273 254
1757624830826 0.08181272055669697 255
1757624830916 0.01251809870358882 256
1757624831007 0.030878804469804795 257
1757624831098 0.021080434310916038 258
1757624831189 0.049774424503199244 259
1757624831279 0.10283380832408046 260
1757624831369 0.08838887216302849 261
1757624831462 0.13961061001226185 262
1757624831552 0.10446220542775635 263
1757624831644 0.008627006432064994 264
1757624831734 0.00041366365403680707 265
1757624831828 0.004077060775133471 266
1757624831920 0.0007596911704439702 267
1757624832009 0.13159543905938498 268
1757624832100 0.041536637323773065 269
1757624832191 0.5660437271255173 270
1757624832282 0.7797301166091927 271
1757624832372 0.06621570654862773 272
1757624832468 0.9841805830189595 273
1757624832562 0.031117954429149056 274
1757624832655 0.32091624225903914 275
1757624832748 0.002865749336977065 276
1757624832840 0.1355014589062342 277
1757624832932 0.03294832044092612 278
1757624833023 0.15847880357926042 279
1757624833115 0.007026033102636479 280
1757624833208 0.27596301745403945 281
1757624833299 0.18893871032107368 282
1757624833390 0.01937341293923216 283
1757624833482 0.2844500070080699 284
1757624833573 0.7957757609169186 285
1757624833664 0.008661664722607272 286
1757624833756 0.05919843710239649 287
1757624833852 3.7010842012420966 288
1757624833945 0.00035490978822368883 289
1757624834036 0.08547077133673779 290
1757624834127 0.03312717459021815 291
1757624834219 0.025552082246819163 292
1757624834315 0.3022751552336355 293
1757624834417 0.1814868479576621 294
1757624834510 0.0590058331361667 295
1757624834602 1.1126630389866892 296
1757624834696 0.13364940694492683 297
1757624834787 0.00011231815375729575 298
1757624834880 0.020956174959298027 299
1757624834972 0.04447600042804154 300
1757624835063 0.27231305070387274 301
1757624835156 0.073642262532398 302
1757624835248 0.11162874658249106 303
1757624835340 0.03207315049734531 304
1757624835433 0.47077572309039145 305
1757624835525 0.011602824400135029 306
1757624835618 0.01839142859956039 307
1757624835710 0.00042156896012137676 308
1757624835802 0.05131061400594372 309
1757624835897 0.3368109871048877 310
1757624835990 0.05259978746898701 311
1757624836082 0.003263530949418796 312
1757624836174 0.09981553242434844 313
1757624836266 0.008754109973403678 314
1757624836358 0.10501574998114332 315
1757624836449 0.003036352498835104 316
1757624836542 0.0022243350589150517 317
1757624836634 0.014381817509034675 318
1757624836727 0.1326766574499423 319
1757624836818 1.5449677698873478e-06 320
1757624836913 0.01298695464031159 321
1757624837006 0.7515900266544573 322
1757624837099 0.02071078841238506 323
1757624837190 0.005794461780945768 324
1757624837282 0.016720225702504463 325
1757624837374 0.06838622481113961 326
1757624837467 0.08228482727474648 327
1757624837558 0.5881612825636653 328
1757624837650 0.04588052469343325 329
1757624837742 0.03794243047987691 330
1757624837835 1.5829128809051549e-07 331
1757624837931 0.03740276473878276 332
1757624838027 0.029900438038664382 333
1757624838120 0.42356998725695816 334
1757624838213 0.00019805896292272678 335
1757624838306 0.0019317289444712711 336
1757624838398 0.6044216916859052 337
1757624838491 0.018477380194387015 338
1757624838585 0.06578302041987608 339
1757624838678 0.08364789078721582 340
1757624838772 0.00021927693931804407 341
1757624838864 1.0311605609859797 342
1757624838959 0.8610790586919664 343
1757624839052 0.6659265352002528 344
1757624839145 0.5549707332676188 345
1757624839237 0.029874510792019124 346
1757624839338 0.12903609884840936 347
1757624839436 0.04512607383561191 348
1757624839529 0.12498537937936913 349
1757624839622 0.013018227686066823 350
1757624839715 0.010244063354411248 351
1757624839808 0.11036789643379843 352
1757624839900 0.2723939801767404 353
1757624840002 0.3667442303718703 354
1757624840095 0.04785264379106393 355
1757624840189 0.5327176945133042 356
1757624840283 0.23609901950627415 357
1757624840378 0.4262772769156889 358
1757624840519 0.1173730754066722 359
1757624840619 0.03309283470909764 360
1757624840714 0.6309154667513872 361
1757624840808 0.005641586064960348 362
1757624840902 0.00648876948727722 363
1757624840997 0.13398892869978152 364
1757624841091 0.007140284588078626 365
1757624841184 0.0037821033028656945 366
1757624841278 0.1971593814746 367
1757624841372 0.004918969543472691 368
1757624841466 0.06314806552822981 369
1757624841558 0.041001589838665066 370
1757624841652 0.23568096068318173 371
1757624841746 0.14667258460719693 372
1757624841840 0.5235960308354036 373
1757624841934 0.10304145792235606 374
1757624842029 0.07624282816789765 375
1757624842123 0.6301308320033696 376
1757624842218 0.013074216286028204 377
1757624842311 5.475681367048064e-05 378
1757624842406 0.08627043771289683 379
1757624842500 0.0009368858664505025 380
1757624842595 0.001103286530547049 381
1757624842690 0.16944599147381803 382
1757624842783 0.2949949468507827 383
1757624842878 0.008264225341836491 384
1757624842973 0.026913191693340673 385
1757624843067 0.11765434767021257 386
1757624843161 0.08398504305401827 387
1757624843255 0.16150949645414767 388
1757624843349 0.0008663980101974709 389
1757624843443 0.06393215179564367 390
1757624843537 0.04171935977094277 391
1757624843631 0.06520770491892655 392
1757624843726 0.20463031564383233 393
1757624843820 0.006884168598985534 394
1757624843915 0.05625731772126757 395
1757624844011 0.03218004538001621 396
1757624844106 0.23085158074985068 397
1757624844202 0.6188877229213805 398
1757624844299 0.4092559197022595 399
1757624844407 0.152889687088423 400
1757624844502 0.025995275709463684 401
1757624844597 0.014172554964583774 402
1757624844692 0.019880603394951086 403
1757624844786 0.044651540265086206 404
1757624844881 0.019895121763671888 405
1757624844976 3.6550326642841762e-06 406
1757624845070 0.19284012143386436 407
1757624845166 0.837681720689848 408
1757624845261 0.07438795377575945 409
1757624845355 0.7338891809047277 410
1757624845453 0.06973442085602581 411
1757624845547 0.005830760222894557 412
1757624845642 0.021686942909312643 413
1757624845738 0.01303861625170155 414
1757624845832 0.17530734390017233 415
1757624845928 0.16624147843141415 416
1757624846026 0.05466644211472686 417
1757624846123 0.016843036432800704 418
1757624846218 0.20063212859258323 419
1757624846313 0.007526482740900885 420
1757624846409 0.08074772833054158 421
1757624846504 0.42878741657029157 422
1757624846598 0.0026090055206706496 423
1757624846692 0.00026871923570455516 424
1757624846787 0.03727088040447891 425
1757624846883 0.029909552663113723 426
1757624846984 0.000835207283868232 427
1757624847079 0.047100871293180906 428
1757624847175 0.0004168380244440048 429
1757624847269 0.003392188550310792 430
1757624847365 0.032753903465500035 431
1757624847461 0.09589281733804025 432
1757624847556 0.010691120883130562 433
1757624847651 0.007378041507418279 434
1757624847746 0.18450182262892123 435
1757624847841 0.7731858193006069 436
1757624847937 0.3031511376885007 437
1757624848037 0.2436391774791968 438
1757624848135 0.09346040457284376 439
1757624848231 0.10658009898041283 440
1757624848326 0.05655287691950928 441
1757624848423 0.07400957757717821 442
1757624848519 0.00042009994718138926 443
1757624848615 0.00016813627868233287 444
1757624848711 0.14402364090695455 445
1757624848806 0.006904649638265716 446
1757624848901 2.3372490441267004 447
1757624848999 0.029688887776257496 448
1757624849095 0.34179143896740294 449
1757624849190 0.025060135966616902 450
1757624849287 0.016507528650791206 451
1757624849398 0.006694113428631703 452
1757624849496 0.002431934960859101 453
1757624849593 0.010171023118975513 454
1757624849690 2.0820535419283315e-05 455
1757624849786 0.009026437147633579 456
1757624849881 0.3996608137947841 457
1757624849977 0.09952339102389011 458
1757624850077 0.024942704027879948 459
1757624850174 0.7742600415627916 460
1757624850269 0.12389210814828193 461
1757624850364 0.0235545765529957 462
1757624850461 0.0007887213364352913 463
1757624850557 0.004369337897081956 464
1757624850653 0.36069327718059996 465
1757624850750 0.5644013190805762 466
1757624850847 0.002815934437528659 467
1757624850943 0.02715414211301291 468
1757624851043 0.004563850157666132 469
1757624851139 9.424265624853129e-05 470
1757624851240 0.1163465265538246 471
1757624851337 0.528143616541661 472
1757624851433 3.848693787033378 473
1757624851530 0.223377006965103 474
1757624851628 0.05188223887795118 475
1757624851725 0.037743497500002374 476
1757624851821 0.12744663510357523 477
1757624851918 0.22867539705312084 478
1757624852016 0.0017985829295562613 479
1757624852115 0.005028588215278109 480
1757624852215 0.12817207818961687 481
1757624852311 6.0774108176137134e-05 482
1757624852408 0.0014288069863365306 483
1757624852505 0.06314606563247063 484
1757624852602 0.016367650390888177 485
1757624852699 0.03061055886964755 486
1757624852796 0.002732480681649832 487
1757624852894 0.733650383450326 488
1757624852995 0.00017467391524940266 489
1757624853091 0.09036357647315238 490
1757624853189 1.228336139514625 491
1757624853286 0.000451802782924237 492
1757624853383 0.33373836563752735 493
1757624853480 0.340007547987807 494
1757624853578 0.0018514315952737968 495
1757624853675 0.012723862853109415 496
1757624853772 0.3001256940795978 497
1757624853869 0.0781935536830141 498
1757624853967 0.08986535263411097 499
