1757630137625 5.661600733933195 0
1757630137680 0.29048536566581024 1
1757630137725 0.06831539291102136 2
1757630137770 0.33293031297800785 3
1757630137832 0.08476321583352274 4
1757630137883 0.08975470009092483 5
1757630137934 0.09462856942987434 6
1757630137981 0.09269398379539447 7
1757630138025 0.12967209142568875 8
1757630138069 0.15090020629073816 9
1757630138115 0.0768446205660618 10
1757630138165 0.12115713402127957 11
1757630138209 0.08357805387100459 12
1757630138254 0.15871010793238724 13
1757630138299 0.10852175308494919 14
1757630138345 0.10153124735021996 15
1757630138389 0.10141995234327496 16
1757630138434 0.11057392813291393 17
1757630138484 0.0997250036813866 18
1757630138540 0.10694751472803266 19
1757630138587 0.14372123559600453 20
1757630138634 0.14642091074727162 21
1757630138680 0.11957785457531635 22
1757630138725 0.11631672509852883 23
1757630138770 0.07887385574761795 24
1757630138815 0.09506678227958859 25
1757630138864 0.13499075579232422 26
1757630138910 0.1490136823530612 27
1757630138955 0.16036076278188074 28
1757630139000 0.09988327333379539 29
1757630139045 0.09259505176167328 30
1757630139090 0.09798316679391737 31
1757630139136 0.13178098369020358 32
1757630139181 0.10842533525539223 33
1757630139231 0.1831218220614544 34
1757630139278 0.11076937544494637 35
1757630139326 0.149360878495497 36
1757630139373 0.12799627414037545 37
1757630139421 0.0864233687172802 38
1757630139466 0.20475393445740872 39
1757630139513 0.15054565306135853 40
1757630139559 0.13734250697769604 41
1757630139605 0.10658419549379498 42
1757630139650 0.19628627427734247 43
1757630139696 0.19420365878193838 44
1757630139741 0.23722255399774322 45
1757630139786 0.1045423294902397 46
1757630139833 0.1655481382402005 47
1757630139885 0.14571102423168658 48
1757630139934 0.0934572044280242 49
1757630139980 0.15695094877212337 50
1757630140026 0.1443619100966958 51
1757630140072 0.1124281838678483 52
1757630140118 0.09630320359204184 53
1757630140164 0.13520841803149106 54
1757630140210 0.10361323266797479 55
1757630140256 0.16579221820725712 56
1757630140301 0.16469760267637087 57
1757630140348 0.09786161835455394 58
1757630140394 0.12029953243098712 59
1757630140442 0.10362187484632594 60
1757630140503 0.14427670197285014 61
1757630140559 0.16298380321693376 62
1757630140608 0.10848703436450532 63
1757630140656 0.08064359091930125 64
1757630140704 0.15197994030197629 65
1757630140752 0.16239678878135128 66
1757630140798 0.054178206081598394 67
1757630140844 0.11587912060078491 68
1757630140889 0.1315021130423906 69
1757630140936 0.12451227408137173 70
1757630140982 0.05472520484617468 71
1757630141031 0.1601558019078161 72
1757630141078 0.09272488737519967 73
1757630141124 0.15005682295635717 74
1757630141171 0.11321585243709231 75
1757630141219 0.08709981736878993 76
1757630141265 0.1416619801133717 77
1757630141312 0.09880249330468564 78
1757630141358 0.08483836847770547 79
1757630141405 0.1324212105351539 80
1757630141452 0.07670017672391782 81
1757630141499 0.07713809866964899 82
1757630141547 0.07836593275205044 83
1757630141612 0.13442639839773746 84
1757630141666 0.10410762995080214 85
1757630141714 0.08775513891727536 86
1757630141762 0.12613542506549655 87
1757630141808 0.2074388368809094 88
1757630141856 0.13535149421841458 89
1757630141905 0.11316125019135534 90
1757630141958 0.16022230614068245 91
1757630142005 0.11451272481066162 92
1757630142051 0.2004515199294444 93
1757630142098 0.13714426053540305 94
1757630142145 0.143645871083845 95
1757630142191 0.14952315133760546 96
1757630142239 0.16900319057363697 97
1757630142286 0.19652087203679616 98
1757630142333 0.12553507493177762 99
1757630142381 0.09422598439584337 100
1757630142428 0.11453972151983385 101
1757630142475 0.135063631985784 102
1757630142523 0.07032145901950396 103
1757630142571 0.08337045800684255 104
1757630142619 0.11731656779878867 105
1757630142666 0.092929265037977 106
1757630142714 0.0934440105146809 107
1757630142760 0.07994442091057423 108
1757630142808 0.15777021341962974 109
1757630142855 0.12646006694747383 110
1757630142902 0.13309488044333445 111
1757630142949 0.17774499124968754 112
1757630142997 0.08941554084122122 113
1757630143044 0.1337622859306349 114
1757630143092 0.12412957737466447 115
1757630143140 0.13355855803203714 116
1757630143187 0.13372821442871935 117
1757630143235 0.17584985723643526 118
1757630143283 0.12572808648012007 119
1757630143330 0.1182118486215416 120
1757630143378 0.09670319657020378 121
1757630143425 0.08854171710443186 122
1757630143473 0.5001332405633011 123
1757630143520 0.16793322938253846 124
1757630143568 0.1567189444607634 125
1757630143616 0.05155428844333252 126
1757630143664 0.13383240780136493 127
1757630143712 0.1820373274349097 128
1757630143760 0.2059400246561261 129
1757630143808 0.13742443101983118 130
1757630143855 0.118492475855108 131
1757630143902 0.1366035021959212 132
1757630143956 0.10061523028666587 133
1757630144004 0.09229733318384961 134
1757630144053 0.186588525375669 135
1757630144101 0.10962456298352417 136
1757630144149 0.09243350561011043 137
1757630144197 0.16742599256177682 138
1757630144244 0.16305305779654694 139
1757630144293 0.14036465596815884 140
1757630144341 0.10281406039341197 141
1757630144388 0.14167295422707252 142
1757630144436 0.12076811803324904 143
1757630144485 0.11380620766243697 144
1757630144533 0.15172713052205591 145
1757630144581 0.15005312761807643 146
1757630144629 0.17495144216224545 147
1757630144676 0.08457798681553468 148
1757630144725 0.11828056840281348 149
1757630144772 0.09117631827014185 150
1757630144881 0.6881349991228741 151
1757630144942 0.09263954847314526 152
1757630144997 0.06648436296359218 153
1757630145050 0.07583920254267276 154
1757630145103 0.14256600828923338 155
1757630145157 0.10200062411791182 156
1757630145208 0.10355226061005199 157
1757630145257 0.09112563333867373 158
1757630145306 0.1778878540677539 159
1757630145355 0.15663851989774835 160
1757630145403 0.10937204712271217 161
1757630145456 0.1518908193928479 162
1757630145521 0.06110381000105455 163
1757630145575 0.16508569623561808 164
1757630145630 0.1289703126840992 165
1757630145680 0.21504278882934982 166
1757630145769 0.10002094498941959 167
1757630145833 0.15562725016523626 168
1757630145893 0.17609693608503374 169
1757630145943 0.11732490160777227 170
1757630146003 0.09555516547857834 171
1757630146053 0.12164437640402602 172
1757630146103 0.11408724085971907 173
1757630146154 0.11284105945997482 174
1757630146203 0.1992510890563399 175
1757630146252 0.09505242455832694 176
1757630146301 0.17510134883529388 177
1757630146351 0.1304261404919411 178
1757630146401 0.059880768133434126 179
1757630146450 0.09515432643872615 180
1757630146500 0.19105435590239686 181
1757630146551 0.17260218206969868 182
1757630146601 0.1511877716644664 183
1757630146650 0.1539383922231807 184
1757630146700 0.05460767323008807 185
1757630146751 0.16962912541849914 186
1757630146800 0.06695054765524212 187
1757630146849 0.17013779195344042 188
1757630146899 0.1043355963451507 189
1757630146949 0.08710004912219044 190
1757630146998 0.1332729982818664 191
1757630147048 0.1701673427561762 192
1757630147098 0.14397123698550954 193
1757630147148 0.19360146015565743 194
1757630147198 0.13964738504661459 195
1757630147249 0.1331166676813929 196
1757630147300 0.1116291966591292 197
1757630147349 0.1841801750536194 198
1757630147398 0.11691607846944284 199
1757630147447 0.08649522352498869 200
1757630147496 0.13054751569212716 201
1757630147546 0.25698495779261255 202
1757630147595 0.0687350604180193 203
1757630147644 0.20008302050995846 204
1757630147694 0.11752294809446191 205
1757630147743 0.14408974676676423 206
1757630147792 0.09684233461524241 207
1757630147853 0.10680465235554944 208
1757630147979 0.11855330645669723 209
1757630148040 0.11944974125534462 210
1757630148094 0.12917067809415936 211
1757630148154 0.08806215995495668 212
1757630148207 0.14562943943045176 213
1757630148258 0.12803839932177188 214
1757630148309 0.10701274604490427 215
1757630148359 0.09572925005028808 216
1757630148410 0.17063671422569296 217
1757630148460 0.09530998584738894 218
1757630148528 0.10535051230907946 219
1757630148580 0.15223269414286372 220
1757630148631 0.16996196814794912 221
1757630148681 0.17436256579766055 222
1757630148731 0.13836472169306108 223
1757630148782 0.19885276820900696 224
1757630148833 0.10703192476663852 225
1757630148884 0.10359668470983169 226
1757630148935 0.13755252489743644 227
1757630148985 0.16613852749952587 228
1757630149036 0.11281662930325974 229
1757630149086 0.1278496020794643 230
1757630149137 0.08928777915924543 231
1757630149192 0.15924050983015856 232
1757630149243 0.24248186174764028 233
1757630149297 0.09041802648934417 234
1757630149348 0.16044395979021187 235
1757630149398 0.149248206035076 236
1757630149449 0.06745392471744002 237
1757630149500 0.08371282094709391 238
1757630149551 0.16092257239843977 239
1757630149602 0.09164783465488116 240
1757630149653 0.08659584803598522 241
1757630149703 0.1324770543162047 242
1757630149755 0.06384960358254188 243
1757630149818 0.21134067207978013 244
1757630149895 0.13526908494699 245
1757630149948 0.16149329093197226 246
1757630149999 0.12019070371328429 247
1757630150055 0.133630732664964 248
1757630150107 0.11264155060971459 249
1757630150158 0.1323288377284646 250
1757630150210 0.13917084668089547 251
1757630150261 0.07474034714321931 252
1757630150312 0.08775763698809781 253
1757630150363 0.06919951156090566 254
1757630150414 0.1549271425719668 255
1757630150471 0.07088088813633649 256
1757630150535 0.13530088416467276 257
1757630150589 0.10399655129892688 258
1757630150643 0.11917842529963006 259
1757630150695 0.20751727632124073 260
1757630150747 0.1907996888247179 261
1757630150798 0.13662534266730916 262
1757630150849 0.17450894456539603 263
1757630150901 0.1470083047548873 264
1757630150953 0.10901391503159832 265
1757630151004 0.142399562254123 266
1757630151058 0.1140157434789116 267
1757630151109 0.17009474330453553 268
1757630151160 0.14399026785099173 269
1757630151212 0.13907993572266317 270
1757630151263 0.11688702127343573 271
1757630151315 0.19184023385291382 272
1757630151366 0.09146516891282924 273
1757630151418 0.17164005964539952 274
1757630151469 0.22480259446358364 275
1757630151520 0.08590671791815949 276
1757630151574 0.10271952764654108 277
1757630151625 0.10778787763688098 278
1757630151675 0.1738605396963914 279
1757630151726 0.0847233898470744 280
1757630151776 0.14638661652379603 281
1757630151827 0.14658333580980526 282
1757630151878 0.0953384509344861 283
1757630151929 0.09242760346452439 284
1757630151980 0.189204289627375 285
1757630152030 0.11339748677256818 286
1757630152085 0.17768555254784385 287
1757630152137 0.1497763068646325 288
1757630152190 0.1359120382955042 289
1757630152242 0.0751259009744247 290
1757630152292 0.24729769146918762 291
1757630152344 0.11659698386585449 292
1757630152396 0.1666219788328467 293
1757630152446 0.10454852553527204 294
1757630152498 0.15524724478995497 295
1757630152549 0.15988656082280947 296
1757630152601 0.1723294984872078 297
1757630152652 0.11219038697852292 298
1757630152703 0.08521200551650622 299
1757630152754 0.16389247368976545 300
1757630152806 0.1116873575019324 301
1757630152858 0.13068294687809032 302
1757630152909 0.19787614478516394 303
1757630152960 0.17004833821106477 304
1757630153011 0.10392805013380252 305
1757630153063 0.10101164789576506 306
1757630153114 0.11814018735766979 307
1757630153167 0.18365633473148857 308
1757630153221 0.10393350644694203 309
1757630153274 0.07474058833128568 310
1757630153327 0.13501856736731138 311
1757630153381 0.12216842757060206 312
1757630153434 0.1094251357752568 313
1757630153486 0.1098395298636897 314
1757630153538 0.11038261970582583 315
1757630153590 0.20873908873402774 316
1757630153642 0.1274817866614439 317
1757630153694 0.6111123872302793 318
1757630153745 0.10875488971154233 319
1757630153797 0.15674337936330354 320
1757630153850 0.12512802677334378 321
1757630153900 0.10718125539274362 322
1757630153952 0.18294189650603568 323
1757630154003 0.13294437130477282 324
1757630154055 0.17808354434860552 325
1757630154111 0.1552374188001415 326
1757630154165 0.12288838072166744 327
1757630154217 0.179589817499293 328
1757630154270 0.06065348715156464 329
1757630154321 0.5894732824212282 330
1757630154374 0.10264384620291202 331
1757630154432 0.14812014792627956 332
1757630154486 0.10684849700947507 333
1757630154539 0.1344450966105302 334
1757630154592 0.06656612413660026 335
1757630154648 0.1644424772747713 336
1757630154700 0.10200804196896887 337
1757630154752 0.08262334068868109 338
1757630154805 0.09578615271205637 339
1757630154857 0.04649681235267126 340
1757630154909 0.16333414239199243 341
1757630154960 0.20602833194162926 342
1757630155015 0.11751537093026689 343
1757630155067 0.1655685548935985 344
1757630155120 0.10446505433773313 345
1757630155172 0.13451700642877973 346
1757630155224 0.10254834655186727 347
1757630155277 0.09769377215886543 348
1757630155328 0.13778692627967304 349
1757630155381 0.13544677579267522 350
1757630155434 0.08822228941431964 351
1757630155498 0.05321676733147816 352
1757630155558 0.0713214497874486 353
1757630155612 0.21216057383979642 354
1757630155665 0.1804144445893608 355
1757630155739 0.22372438813647205 356
1757630155792 0.20005046725021888 357
1757630155846 0.11201757356282227 358
1757630155902 0.21169717175602726 359
1757630155955 0.15997751265549728 360
1757630156009 0.10456764728216836 361
1757630156064 0.048381828071383255 362
1757630156119 0.0548983559389604 363
1757630156176 0.1493161578176285 364
1757630156231 0.12413541644798462 365
1757630156285 0.1256199539101152 366
1757630156338 0.10905310619922501 367
1757630156392 0.09790423299642717 368
1757630156444 0.17572400661327295 369
1757630156497 0.2904821083669725 370
1757630156551 0.12501355037162434 371
1757630156605 0.11850433088427807 372
1757630156658 0.16397860125317287 373
1757630156711 0.09569288355870985 374
1757630156764 0.1955079626758898 375
1757630156817 0.14714089539823832 376
1757630156871 0.2470064351578277 377
1757630156923 0.18407158392482828 378
1757630156976 0.1277318059400076 379
1757630157030 0.07806854785718242 380
1757630157083 0.09100840110727812 381
1757630157136 0.13414319907167427 382
1757630157189 0.1088985348783846 383
1757630157242 0.14144997551136307 384
1757630157355 0.08460040524183284 385
1757630157410 0.17197123464049127 386
1757630157465 0.10335488635550615 387
1757630157520 0.06536523689299432 388
1757630157574 0.14537434209643812 389
1757630157627 0.18959853614675842 390
1757630157681 0.14704167427608297 391
1757630157736 0.22973837968893324 392
1757630157791 0.07526476312699504 393
1757630157845 0.17245536147307605 394
1757630157900 0.2204305817762696 395
1757630157954 0.06251384576039812 396
1757630158008 0.08082798634716544 397
1757630158062 0.10396109332208804 398
1757630158116 0.1802609055184033 399
1757630158174 0.1206826422357623 400
1757630158230 0.08016647565316562 401
1757630158284 0.14404254851023238 402
1757630158337 0.148166349274338 403
1757630158392 0.09534394240399487 404
1757630158445 0.13017734841773557 405
1757630158507 0.12344284759178369 406
1757630158563 0.11645443267799692 407
1757630158618 0.14822592728438588 408
1757630158673 0.16732433585463108 409
1757630158727 0.11171635116080852 410
1757630158781 0.1356556093820378 411
1757630158835 0.11300761013553186 412
1757630158889 0.12977326163087 413
1757630158943 0.14200985845776085 414
1757630158997 0.12104181349547216 415
1757630159052 0.11486045858313648 416
1757630159107 0.13831529521652008 417
1757630159161 0.13341313301075838 418
1757630159215 0.10986450820990608 419
1757630159268 0.1259963863858687 420
1757630159322 0.08340179554288996 421
1757630159377 0.13717478538036101 422
1757630159431 0.08214501942291502 423
1757630159485 0.15028934463989732 424
1757630159540 0.11891112150105534 425
1757630159594 0.20204263692191174 426
1757630159648 0.16277782313681463 427
1757630159702 0.11346390572646536 428
1757630159756 0.14395253572498157 429
1757630159810 0.14156854998017807 430
1757630159864 0.12833805801415535 431
1757630159918 0.1432207266055243 432
1757630159973 0.06238299728307976 433
1757630160034 0.19029647605678154 434
1757630160090 0.08354754325688989 435
1757630160145 0.10097594574877494 436
1757630160204 0.15186281559205386 437
1757630160259 0.11291703786495262 438
1757630160314 0.1608430085745412 439
1757630160369 0.1491240779841677 440
1757630160423 0.17643459858771485 441
1757630160487 0.13621619387859257 442
1757630160550 0.18988785747045508 443
1757630160606 0.09252426174163465 444
1757630160661 0.11174259103291594 445
1757630160716 0.08086758769119207 446
1757630160772 0.11065088547399961 447
1757630160827 0.15768741395004457 448
1757630160883 0.12541786247470033 449
1757630160939 0.1399204798138509 450
1757630160994 0.18641359247001985 451
1757630161052 0.1552807702505255 452
1757630161107 0.09599803330880079 453
1757630161161 0.1382682737088667 454
1757630161215 0.0702239967664256 455
1757630161269 0.2397793322134617 456
1757630161324 0.20533246186504095 457
1757630161378 0.1599094715053405 458
1757630161458 0.0724563665283056 459
1757630161513 0.2415039920832555 460
1757630161569 0.14943897260192326 461
1757630161623 0.10902123319840501 462
1757630161678 0.5695669185418213 463
1757630161733 0.22508844925734103 464
1757630161788 0.07786485928181028 465
1757630161842 0.13428427302502605 466
1757630161897 0.15525580222093774 467
1757630161952 0.11707137082208392 468
1757630162006 0.1394094029301622 469
1757630162062 0.13757086469401936 470
1757630162116 0.09709148195117308 471
1757630162171 0.09714636662156041 472
1757630162230 0.07750656202790157 473
1757630162286 0.12414927686713308 474
1757630162342 0.12327692618617096 475
1757630162397 0.212403080617036 476
1757630162452 0.11593661725715308 477
1757630162508 0.16456316796495976 478
1757630162562 0.11321907763661916 479
1757630162617 0.1757662306524657 480
1757630162674 0.07787406939264245 481
1757630162728 0.10995888715067577 482
1757630162783 0.20402021138289228 483
1757630162838 0.10623355205348202 484
1757630162893 0.11686213482840693 485
1757630162949 0.1530020968689835 486
1757630163004 0.1196647736869299 487
1757630163060 0.1479494440353233 488
1757630163114 0.0890063479223862 489
1757630163171 0.1064568156078142 490
1757630163226 0.13782329623767525 491
1757630163281 0.09717888139880534 492
1757630163336 0.09705617213230534 493
1757630163392 0.1180167433011495 494
1757630163447 0.06284814044901343 495
1757630163503 0.1714040117309012 496
1757630163558 0.11695079752832697 497
1757630163619 0.08327931621771766 498
1757630163675 0.1353784880560117 499
