1757635083874 166.14156996884196 0
1757635083929 162.82275869930297 1
1757635083976 156.64207473419793 2
1757635084023 148.10879080065843 3
1757635084070 137.7521306486949 4
1757635084117 126.09457537332253 5
1757635084165 113.6307690280748 6
1757635084221 100.81173939998015 7
1757635084268 88.03400318054807 8
1757635084315 75.63302214785423 9
1757635084363 63.880413991331125 10
1757635084411 52.98607859903272 11
1757635084466 43.09641262096364 12
1757635084514 34.30210256368032 13
1757635084559 26.64424055375399 14
1757635084606 20.12127241260699 15
1757635084654 14.696343323007238 16
1757635084705 10.30467505865115 17
1757635084752 6.860678266820168 18
1757635084798 4.264570826865083 19
1757635084845 2.4083366519362204 20
1757635084893 1.1809168350010293 21
1757635084946 0.47257567139789425 22
1757635084993 0.17842719996144785 23
1757635085040 0.20114328035973253 24
1757635085090 0.4528919900142369 25
1757635085141 0.8565756722102191 26
1757635085194 1.34645189203073 27
1757635085251 1.8682285934097929 28
1757635085307 2.378727719248881 29
1757635085359 2.845210315178474 30
1757635085407 3.2444515416552693 31
1757635085458 3.561646889220993 32
1757635085508 3.7892219886651444 33
1757635085556 3.925608414670046 34
1757635085605 3.974037392370227 35
1757635085654 3.9414392911511644 36
1757635085703 3.837148149914174 37
1757635085750 3.6721945119589807 38
1757635085796 3.458484044731652 39
1757635085845 3.2081076031060682 40
1757635085895 2.932783141987853 41
1757635085962 2.6434248559203364 42
1757635086013 2.3498310235383624 43
1757635086064 2.0604791976654337 44
1757635086111 1.782415513868007 45
1757635086161 1.521223878402774 46
1757635086209 1.28106051650385 47
1757635086265 1.0647396852982136 48
1757635086315 0.873857155162052 49
1757635086363 0.7089392179063788 50
1757635086413 0.5696063781854376 51
1757635086461 0.45474242630855427 52
1757635086523 0.3626611900648684 53
1757635086586 0.29126484833143257 54
1757635086636 0.23818920248859463 55
1757635086684 0.20093269912582676 56
1757635086733 0.17682991595306702 57
1757635086781 0.16339168445120733 58
1757635086830 0.15829495732760013 59
1757635086880 0.1594296678325043 60
1757635086929 0.16492921410660172 61
1757635086981 0.17318654797171093 62
1757635087034 0.18285801484353928 63
1757635087083 0.19285714103301582 64
1757635087133 0.2023405187319111 65
1757635087180 0.21070164888458717 66
1757635087231 0.21745439955050463 67
1757635087280 0.22230756121973588 68
1757635087330 0.2251355181886252 69
1757635087461 0.22594832874050777 70
1757635087518 0.22486246204137678 71
1757635087567 0.22207318465938103 72
1757635087618 0.21782934241438393 73
1757635087667 0.21238366714050821 74
1757635087715 0.20600482023863698 75
1757635087766 0.19896884102948012 76
1757635087815 0.1915449440456407 77
1757635087864 0.1839844200829016 78
1757635087913 0.17651247501564588 79
1757635087962 0.1693053443508448 80
1757635088010 0.16249622229427327 81
1757635088064 0.15619517626093468 82
1757635088113 0.15048756942668468 83
1757635088161 0.1454337118885687 84
1757635088211 0.1410695562945393 85
1757635088260 0.1373781516670374 86
1757635088318 0.13432457855472635 87
1757635088365 0.13186878756801532 88
1757635088416 0.1299667774314776 89
1757635088465 0.12857169485219494 90
1757635088514 0.1276348515819822 91
1757635088568 0.12709737207964747 92
1757635088620 0.12688317084379458 93
1757635088669 0.12692809484198006 94
1757635088720 0.127178745849861 95
1757635088767 0.12759112511329587 96
1757635088820 0.12812921756385054 97
1757635088867 0.12872739656878276 98
1757635088917 0.12933739920567403 99
1757635088965 0.12992816014231648 100
1757635089016 0.13048269818339808 101
1757635089070 0.13099502795990933 102
1757635089119 0.13147380000468636 103
1757635089166 0.1319014289668054 104
1757635089216 0.13227183653665447 105
1757635089265 0.1325875554959096 106
1757635089312 0.13285706561966432 107
1757635089364 0.13305398859976147 108
1757635089414 0.1331756904822303 109
1757635089463 0.13323018777153658 110
1757635089511 0.13323286068658557 111
1757635089561 0.13321637758878704 112
1757635089615 0.1331793922254266 113
1757635089664 0.1331270444893265 114
1757635089715 0.13306875595457865 115
1757635089777 0.1329813387787685 116
1757635089830 0.13286630136604477 117
1757635089886 0.13273276119702032 118
1757635089936 0.13261085976957934 119
1757635089987 0.13249863275453003 120
1757635090038 0.13239931125338517 121
1757635090094 0.1322871687275646 122
1757635090148 0.1321634846502287 123
1757635090197 0.1320363079193636 124
1757635090245 0.13192765811027984 125
1757635090301 0.13183168973553389 126
1757635090366 0.13174893982129127 127
1757635090418 0.13168431855406548 128
1757635090479 0.1316103608317222 129
1757635090539 0.13152265505277136 130
1757635090595 0.13142536251133521 131
1757635090646 0.1313284791976664 132
1757635090696 0.13125074646822812 133
1757635090744 0.13118332744526137 134
1757635090796 0.13112500570740554 135
1757635090846 0.1310799701298734 136
1757635090897 0.13105579231688172 137
1757635090946 0.13102216845118717 138
1757635090997 0.13097111321288993 139
1757635091047 0.13090454254001296 140
1757635091097 0.13083135836829118 141
1757635091150 0.130764799196292 142
1757635091200 0.1307208794143711 143
1757635091248 0.13068722056418355 144
1757635091301 0.13066025401740283 145
1757635091351 0.1306428365042517 146
1757635091409 0.13064204151800493 147
1757635091459 0.13063819909823363 148
1757635091516 0.13062420893277782 149
1757635091582 0.13060189204244044 150
1757635091637 0.13059485470949786 151
1757635091686 0.13060111855191853 152
1757635091735 0.1305977746289044 153
