1757649177744 180.9831204223155 0
1757649177815 180.62165804200188 1
1757649177874 180.08050298906136 2
1757649177938 179.4508417261556 3
1757649177997 178.77833880943896 4
1757649178054 178.08584008726217 5
1757649178113 177.3847675898963 6
1757649178170 176.68082783278834 7
1757649178228 175.97686868981324 8
1757649178284 175.27430851106197 9
1757649178345 174.57385085168565 10
1757649178403 173.8758418784283 11
1757649178460 173.18044908315588 12
1757649178524 172.48775064200868 13
1757649178585 171.79778009544998 14
1757649178644 171.11054868831172 15
1757649178701 170.42605653974098 16
1757649178758 169.74429822808068 17
1757649178817 169.0652655832163 18
1757649178875 168.38894908265868 19
1757649178932 167.71533854949593 20
1757649178999 167.04442350128164 21
1757649179057 166.3761933243913 22
1757649179113 165.71063736111427 23
1757649179171 165.04774495311327 24
1757649179230 164.38750546306838 25
1757649179288 163.7299082854137 26
1757649179346 163.07494285162056 27
1757649179403 162.42259863275422 28
1757649179461 161.77286514066822 29
1757649179526 161.12573192851715 30
1757649179596 160.48118859092946 31
1757649179655 159.83922476401054 32
1757649179716 159.19983012526123 33
1757649179775 158.56299439345418 34
1757649179836 157.92870732848993 35
1757649179897 157.2969587312427 36
1757649179956 156.66773844340182 37
1757649180017 156.04103634731055 38
1757649180085 155.41684236580514 39
1757649180144 154.79514646205308 40
1757649180202 154.17593863939192 41
1757649180260 153.55920894116883 42
1757649180319 152.94494745058026 43
1757649180378 152.33314429051265 44
1757649180437 151.72378962338337 45
1757649180497 151.11687365098265 46
1757649180565 150.5123866143158 47
1757649180627 149.91031879344624 48
1757649180687 149.3106605073392 49
1757649180747 148.7134021137059 50
1757649180805 148.11853400884857 51
1757649180863 147.5260466275056 52
1757649180921 146.93593044269812 53
1757649180978 146.3481759655765 54
1757649181036 145.7627737452676 55
1757649181094 145.17971436872298 56
1757649181151 144.59898846056726 57
1757649181212 144.0205866829473 58
1757649181270 143.44449973538227 59
1757649181328 142.87071835461364 60
1757649181385 142.29923331445636 61
1757649181443 141.73003542565056 62
1757649181502 141.1631155357133 63
1757649181562 140.59846452879196 64
1757649181623 140.03607332551698 65
1757649181682 139.47593288285623 66
1757649181741 138.91803419396933 67
1757649181799 138.36236828806273 68
1757649181859 137.80892623024565 69
1757649181919 137.257699121386 70
1757649181978 136.7086780979676 71
1757649182038 136.1618543319472 72
1757649182097 135.6172190306128 73
1757649182155 135.07476343644208 74
1757649182214 134.53447882696142 75
1757649182271 133.99635651460576 76
1757649182330 133.4603878465788 77
1757649182388 132.92656420471377 78
1757649182445 132.39487700533476 79
1757649182504 131.86531769911875 80
1757649182562 131.33787777095804 81
1757649182628 130.81254873982334 82
1757649182687 130.28932215862702 83
1757649182746 129.76818961408785 84
1757649182805 129.24914272659493 85
1757649182862 128.73217315007363 86
1757649182921 128.21727257185074 87
1757649182980 127.70443271252103 88
1757649183038 127.19364532581412 89
1757649183096 126.68490219846163 90
1757649183155 126.17819515006529 91
1757649183213 125.67351603296517 92
1757649183271 125.1708567321088 93
1757649183330 124.67020916492037 94
1757649183400 124.17156528117107 95
1757649183460 123.6749170628493 96
1757649183520 123.1802565240319 97
1757649183580 122.68757571075548 98
1757649183639 122.19686670088873 99
1757649183697 121.70812160400487 100
1757649183755 121.22133256125463 101
1757649183814 120.73649174524003 102
1757649183874 120.25359135988838 103
1757649183931 119.77262364032687 104
1757649183990 119.29358085275774 105
1757649184050 118.81645529433378 106
1757649184109 118.34123929303453 107
1757649184168 117.86792520754284 108
1757649184228 117.39650542712194 109
1757649184287 116.9269723714931 110
1757649184346 116.45931849071356 111
1757649184405 115.99353626505525 112
1757649184464 115.52961820488379 113
1757649184535 115.06755685053797 114
1757649184608 114.60734477220979 115
1757649184676 114.14897456982501 116
1757649184736 113.69243887292404 117
1757649184796 113.2377303405435 118
1757649184856 112.78484166109804 119
1757649184917 112.33376555226278 120
1757649184978 111.88449476085621 121
1757649185051 111.4370220627235 122
1757649185111 110.99134026262033 123
1757649185172 110.54744219409704 124
1757649185233 110.10532071938364 125
1757649185295 109.66496872927468 126
1757649185357 109.22637914301517 127
1757649185417 108.7895449081865 128
1757649185476 108.35445900059317 129
1757649185536 107.92111442414972 130
1757649185600 107.48950421076825 131
1757649185661 107.0596214202463 132
1757649185722 106.63145914015524 133
1757649185783 106.20501048572919 134
1757649185845 105.78026859975415 135
1757649185920 105.35722665245775 136
1757649185984 104.93587784139952 137
1757649186056 104.5162153913613 138
1757649186118 104.09823255423842 139
1757649186180 103.68192260893107 140
1757649186241 103.26727886123632 141
1757649186302 102.85429464374032 142
1757649186365 102.44296331571113 143
1757649186426 102.03327826299194 144
1757649186488 101.62523289789469 145
1757649186550 101.21882065909405 146
1757649186612 100.81403501152204 147
1757649186680 100.4108694462627 148
1757649186743 100.00931748044765 149
1757649186804 99.60937265715171 150
1757649186865 99.21102854528901 151
1757649186926 98.81427873950969 152
1757649186988 98.41911686009675 153
1757649187049 98.02553655286353 154
1757649187111 97.63374733633535 155
1757649187172 97.24363342226668 156
1757649187231 96.85513385672054 157
1757649187291 96.46821506946429 158
1757649187353 96.08285718397963 159
1757649187414 95.69904718081348 160
1757649187474 95.31677548106894 161
1757649187536 94.93603423844813 162
1757649187598 94.55681648525044 163
1757649187657 94.1791157052988 164
1757649187717 93.80292562033297 165
1757649187777 93.42824008314439 166
1757649187837 93.05505302408851 167
1757649187899 92.68335842428887 168
1757649187975 92.31315030218946 169
1757649188058 91.9444227067822 170
1757649188181 91.57716971417267 171
1757649188249 91.21138542581522 172
1757649188315 90.8470639675835 173
1757649188378 90.48419948925843 174
1757649188441 90.12278616422559 175
1757649188503 89.76281818927704 176
1757649188565 89.40428978446607 177
1757649188627 89.04719519298821 178
1757649188689 88.69152868107555 179
1757649188756 88.33728453789834 180
1757649188817 87.9844570754699 181
1757649188878 87.63304062855359 182
1757649188939 87.28302955457104 183
1757649189001 86.93441823351108 184
1757649189062 86.58720106783935 185
1757649189124 86.24137248240818 186
1757649189186 85.8969269243671 187
1757649189248 85.55385886307349 188
1757649189310 85.21216279000389 189
1757649189370 84.8718332186654 190
1757649189433 84.5328646845076 191
1757649189495 84.19525174483482 192
1757649189571 83.8589889787186 193
1757649189634 83.52407098691073 194
1757649189696 83.19049239175651 195
1757649189759 82.85824783710835 196
1757649189821 82.52733198823972 197
1757649189889 82.19773953175955 198
1757649189956 81.86946517552677 199
1757649190018 81.54250364856546 200
1757649190081 81.21684970097999 201
1757649190143 80.89249810387096 202
1757649190207 80.56944364925094 203
1757649190268 80.24768114996102 204
1757649190330 79.9272054395874 205
1757649190391 79.60801137237846 206
1757649190453 79.29009382316211 207
1757649190515 78.9734476872634 208
1757649190577 78.65806788042262 209
1757649190641 78.34394933871364 210
1757649190703 78.03108701846247 211
1757649190770 77.71947589616637 212
1757649190834 77.40911096841313 213
1757649190897 77.09998725180067 214
1757649190958 76.7920997828571 215
1757649191020 76.4854436179608 216
1757649191082 76.1800138332613 217
1757649191145 75.8758055246 218
1757649191206 75.57281380743142 219
1757649191267 75.2710338167448 220
1757649191330 74.97046070698595 221
1757649191391 74.67108965197946 222
1757649191451 74.3729158448511 223
1757649191513 74.07593449795066 224
1757649191574 73.78014084277511 225
1757649191634 73.48553012989194 226
1757649191695 73.1920976288629 227
1757649191757 72.89983862816803 228
1757649191818 72.60874843512998 229
1757649191880 72.3188223758387 230
1757649191941 72.03005579507627 231
1757649192002 71.74244405624222 232
1757649192064 71.45598254127898 233
1757649192124 71.17066665059784 234
1757649192186 70.88649180300496 235
1757649192247 70.6034534356278 236
1757649192307 70.32154700384191 237
1757649192369 70.040938347105 238
1757649192431 69.76153694596576 239
1757649192492 69.48329534493885 240
1757649192552 69.20618759327493 241
1757649192614 68.93019849631648 242
1757649192677 68.65531824697828 243
1757649192739 68.3815397419406 244
1757649192805 68.10885723934335 245
1757649192868 67.83726568725976 246
1757649192930 67.56676038769025 247
1757649192992 67.2973368284103 248
1757649193054 67.0289905988 249
1757649193114 66.76171734769376 250
1757649193175 66.49551276225513 251
1757649193236 66.23037255737218 252
1757649193298 65.96629247031683 253
1757649193359 65.70326825803873 254
1757649193422 65.44129569577709 255
1757649193483 65.1803705763322 256
1757649193546 64.9204887096675 257
1757649193607 64.6616459226767 258
1757649193669 64.40383805903403 259
1757649193731 64.14706097908588 260
1757649193791 63.891310559763646 261
1757649193852 63.63658269450691 262
1757649193914 63.38287329319239 263
1757649193976 63.13017828206537 264
1757649194036 62.87849360367307 265
1757649194098 62.62781521679862 266
1757649194160 62.37813909639582 267
1757649194221 62.1294612335242 268
1757649194283 61.8817776352845 269
1757649194344 61.63508432475441 270
1757649194405 61.38937734092461 271
1757649194466 61.14465273863501 272
1757649194537 60.90090658851136 273
1757649194609 60.65813497690207 274
1757649194742 60.416334005815195 275
1757649194838 60.1754997928558 276
1757649194907 59.93562847116357 277
1757649194975 59.69671618935051 278
1757649195052 59.458759111439164 279
1757649195120 59.22175341680079 280
1757649195184 58.98569530009401 281
1757649195248 58.750580971203576 282
1757649195312 58.51640665517946 283
1757649195376 58.28316859217609 284
1757649195439 58.05086303739194 285
1757649195503 57.819486261009324 286
1757649195567 57.589034548134364 287
1757649195631 57.35950419873731 288
1757649195695 57.13089152759298 289
1757649195759 56.90319286422155 290
1757649195822 56.67640455282957 291
1757649195886 56.450522952251056 292
1757649195950 56.22554443588905 293
1757649196014 56.00146539165727 294
1757649196078 55.778282221922 295
1757649196140 55.5559913434443 296
1757649196203 55.33458918732232 297
1757649196266 55.11407219893396 298
1757649196333 54.89443683787971 299
1757649196397 54.67567957792569 300
1757649196459 54.45779690694701 301
1757649196519 54.240785326871226 302
1757649196582 54.02464135362211 303
1757649196646 53.80936151706368 304
1757649196712 53.594942360944366 305
1757649196774 53.38138044284139 306
1757649196839 53.1686723341055 307
1757649196908 52.956814619805805 308
1757649196973 52.74580389867482 309
1757649197038 52.53563678305387 310
1757649197103 52.3263098988385 311
1757649197164 52.11781988542437 312
1757649197226 51.910163395653086 313
1757649197290 51.70333709575846 314
1757649197353 51.49733766531286 315
1757649197416 51.292161797173875 316
1757649197479 51.08780619743109 317
1757649197543 50.884267585353136 318
1757649197607 50.681542693334976 319
1757649197669 50.47962826684532 320
1757649197733 50.27852106437432 321
1757649197794 50.078217857381446 322
1757649197856 49.878715430243595 323
1757649197920 49.68001058020335 324
1757649197984 49.48210011731753 325
1757649198048 49.28498086440586 326
1757649198112 49.08864965699991 327
1757649198175 48.89310334329224 328
1757649198238 48.698338784085664 329
1757649198300 48.50435285274283 330
1757649198364 48.31114243513592 331
1757649198428 48.11870442959662 332
1757649198490 47.927035746866196 333
1757649198554 47.736133310045865 334
1757649198617 47.54599405454733 335
1757649198680 47.35661492804347 336
1757649198743 47.167992890419335 337
1757649198806 46.98012491372315 338
1757649198870 46.79300798211778 339
1757649198939 46.60663909183213 340
1757649199004 46.42101525111288 341
1757649199068 46.23613348017645 342
1757649199131 46.05199081116097 343
1757649199194 45.8685842880787 344
1757649199257 45.685910966768404 345
1757649199320 45.50396791484804 346
1757649199384 45.32275221166766 347
1757649199447 45.14226094826243 348
1757649199516 44.96249122730584 349
1757649199594 44.78344016306311 350
1757649199659 44.60510488134487 351
1757649199724 44.42748251946091 352
1757649199789 44.250570226174084 353
1757649199854 44.07436516165465 354
1757649199920 43.89886449743443 355
1757649199986 43.72406541636144 356
1757649200052 43.54996511255458 357
1757649200117 43.3765607913585 358
1757649200180 43.20384966929871 359
1757649200244 43.031828974036806 360
1757649200308 42.86049594432592 361
1757649200371 42.68984782996631 362
1757649200434 42.51988189176112 363
1757649200499 42.350595401472454 364
1757649200562 42.18198564177736 365
1757649200628 42.01404990622428 366
1757649200693 41.84678549918948 367
1757649200757 41.680189735833714 368
1757649200821 41.51425994205904 369
1757649200886 41.348993454465926 370
1757649200956 41.18438762031032 371
1757649201021 41.02043979746107 372
1757649201085 40.85714735435746 373
1757649201151 40.69450766996683 374
1757649201215 40.53251813374254 375
1757649201279 40.37117614558192 376
1757649201344 40.21047911578453 377
1757649201408 40.05042446501049 378
1757649201472 39.891009624239054 379
1757649201536 39.732232034727254 380
1757649201601 39.57408914796883 381
1757649201664 39.41657842565324 382
1757649201727 39.25969733962484 383
1757649201793 39.10344337184223 384
1757649201857 38.947814014337865 385
1757649201921 38.79280676917761 386
1757649201986 38.638419148420695 387
1757649202050 38.48464867407963 388
1757649202114 38.33149287808046 389
1757649202178 38.17894930222304 390
1757649202244 38.02701549814151 391
1757649202307 37.87568902726497 392
1757649202370 37.72496746077827 393
1757649202437 37.57484837958295 394
1757649202501 37.42532937425839 395
1757649202565 37.27640804502304 396
1757649202630 37.128082001695866 397
1757649202696 36.98034886365791 398
1757649202760 36.833206259814084 399
1757649202825 36.68665182855494 400
1757649202890 36.54068321771886 401
1757649202959 36.39529808455409 402
1757649203027 36.250494095681205 403
1757649203094 36.10626892705552 404
1757649203158 35.9626202639298 405
1757649203222 35.81954580081698 406
1757649203287 35.677043241453184 407
1757649203352 35.53511029876076 408
1757649203422 35.393744694811524 409
1757649203486 35.25294416079018 410
1757649203551 35.112706436957765 411
1757649203615 34.97302927261548 412
1757649203679 34.833910426068336 413
1757649203745 34.69534766458925 414
1757649203809 34.5573387643831 415
1757649203874 34.41988151055096 416
1757649203941 34.28297369705461 417
1757649204005 34.14661312668092 418
1757649204070 34.01079761100664 419
1757649204135 33.87552497036321 420
1757649204201 33.74079303380167 421
1757649204265 33.606599639057876 422
1757649204328 33.472942632517594 423
1757649204394 33.33981986918204 424
1757649204460 33.20722921263323 425
1757649204537 33.07516853499987 426
1757649204612 32.94363571692294 427
1757649204678 32.812628647521706 428
1757649204746 32.68214522435985 429
1757649204812 32.55218335341158 430
1757649204879 32.42274094902807 431
1757649204947 32.29381593390381 432
1757649205033 32.16540623904338 433
1757649205101 32.03750980372807 434
1757649205169 31.910124575482804 435
1757649205236 31.783248510043133 436
1757649205303 31.656879571322417 437
1757649205370 31.531015731379057 438
1757649205438 31.405654970383914 439
1757649205504 31.28079527658788 440
1757649205572 31.15643464628948 441
1757649205640 31.03257108380271 442
1757649205709 30.909202601424955 443
1757649205776 30.786327219405052 444
1757649205841 30.66394296591145 445
1757649205908 30.542047877000524 446
1757649205975 30.420639996585003 447
1757649206043 30.29971737640258 448
1757649206109 30.179278075984513 449
1757649206175 30.05932016262452 450
1757649206240 29.93984171134768 451
1757649206306 29.820840804879477 452
1757649206373 29.702315533615025 453
1757649206441 29.58426399558835 454
1757649206510 29.46668429644184 455
1757649206584 29.34957454939578 456
1757649206657 29.23293287521803 457
1757649206725 29.116757402193848 458
1757649206791 29.001046266095788 459
1757649206859 28.885797610153737 460
1757649206927 28.77100958502508 461
1757649206999 28.65668034876498 462
1757649207072 28.54280806679676 463
1757649207139 28.429390911882447 464
1757649207208 28.3164270640934 465
1757649207276 28.203914710781014 466
1757649207349 28.09185204654766 467
1757649207418 27.980237273217636 468
1757649207487 27.869068599808244 469
1757649207555 27.75834424250104 470
1757649207625 27.64806242461318 471
1757649207691 27.538221376568814 472
1757649207756 27.4288193358707 473
1757649207824 27.319854547071845 474
1757649207890 27.2113252617473 475
1757649207956 27.10322973846608 476
1757649208024 26.995566242763168 477
1757649208090 26.88833304711162 478
1757649208160 26.781528430894827 479
1757649208227 26.675150680378852 480
1757649208295 26.569198088684914 481
1757649208360 26.46366895576192 482
1757649208426 26.358561588359162 483
1757649208495 26.253874299999094 484
1757649208562 26.14960541095026 485
1757649208628 26.045753248200285 486
1757649208696 25.94231614542896 487
1757649208762 25.839292442981506 488
1757649208829 25.736680487841895 489
1757649208896 25.634478633606236 490
1757649208963 25.532685240456416 491
1757649209031 25.431298675133643 492
1757649209105 25.330317310912257 493
1757649209174 25.2297395275736 494
1757649209241 25.129563711379916 495
1757649209308 25.029788255048505 496
1757649209375 24.930411557725797 497
1757649209442 24.831432024961735 498
1757649209514 24.73284806868405 499
