1757629178522 0.0025378880641272745 0
1757629178607 0.6787882251489445 1
1757629178694 0.12302663678601117 2
1757629178777 0.011653657155754416 3
1757629178862 0.08102313552399126 4
1757629178949 0.0003872916495426066 5
1757629179035 0.0003169408257351876 6
1757629179121 0.5483629318994855 7
1757629179206 0.2322567654021573 8
1757629179289 0.011712607456476789 9
1757629179373 0.2615147532304276 10
1757629179455 0.016606424370472127 11
1757629179538 0.36451136174057014 12
1757629179621 0.18211516691199411 13
1757629179704 0.23964097648039193 14
1757629179786 0.05954345690918027 15
1757629179871 0.07164581307623764 16
1757629179954 0.014204512330722403 17
1757629180036 0.0625945677090131 18
1757629180122 0.05787039166708004 19
1757629180215 0.015818401767172478 20
1757629180310 0.0750290513156774 21
1757629180395 0.07121355971595869 22
1757629180481 0.0020428311551115787 23
1757629180568 0.09212263375772536 24
1757629180652 0.07027970381651073 25
1757629180736 0.3021633641171455 26
1757629180819 0.0918098430577875 27
1757629180903 0.027007138443881893 28
1757629180988 0.0074880915429638055 29
1757629181072 0.2745339757417931 30
1757629181162 0.0004409624196681173 31
1757629181250 0.14694247871931168 32
1757629181336 0.6793718900955641 33
1757629181422 0.003037151647070652 34
1757629181505 0.014309719285696772 35
1757629181588 0.0419841168294671 36
1757629181671 0.13122965453578206 37
1757629181756 0.26593543081894006 38
1757629181838 0.03139932121719101 39
1757629181921 0.23551070981238464 40
1757629182005 0.26313479941315226 41
1757629182095 0.4770863965684973 42
1757629182182 0.030738140243787206 43
1757629182269 0.06267343768597315 44
1757629182357 0.13557741083854186 45
1757629182442 0.27631708729720844 46
1757629182527 0.04093614947871449 47
1757629182612 0.008909204027884471 48
1757629182694 0.008976194303627826 49
1757629182778 0.08418328345459634 50
1757629182861 0.08954707355062026 51
1757629182947 0.0034086536213134805 52
1757629183030 0.05621434749771927 53
1757629183114 0.1033900655829064 54
1757629183198 0.021706823814866247 55
1757629183282 0.01578275282412505 56
1757629183366 0.0004874899666866554 57
1757629183450 0.15056941228160134 58
1757629183533 0.12810163896202753 59
1757629183618 0.031870479797774784 60
1757629183701 6.0433109472031404e-05 61
1757629183785 0.1443933943573362 62
1757629183869 0.0015965995190698333 63
1757629183954 0.12722555809946107 64
1757629184038 0.005989712847465978 65
1757629184123 0.0251429180783321 66
1757629184207 0.4033706072720071 67
1757629184293 0.039047411359279235 68
1757629184379 0.26638199834993403 69
1757629184463 0.005474859257217135 70
1757629184547 0.07651934695836365 71
1757629184631 0.008017803741166847 72
1757629184716 0.15741141346377638 73
1757629184800 0.11972752725880936 74
1757629184884 0.03223940062716504 75
1757629184969 0.05532857223324487 76
1757629185052 0.39380193646527123 77
1757629185137 0.033475893573474476 78
1757629185234 0.48067010993592896 79
1757629185322 0.11539893169886124 80
1757629185407 0.021188379259285805 81
1757629185492 0.5088935758814626 82
1757629185576 0.6165790643481884 83
1757629185664 0.08378981315383476 84
1757629185793 0.02295354012091377 85
1757629185886 0.003930645259984769 86
1757629185976 0.01336269689318829 87
1757629186065 1.2351730236477717e-05 88
1757629186197 0.12598022854893376 89
1757629186290 0.007648188816168941 90
1757629186385 0.39472717650379757 91
1757629186473 0.0018094364911539799 92
1757629186561 0.0004078252486250914 93
1757629186648 8.4980207114888e-05 94
1757629186733 0.07122539771743606 95
1757629186819 0.02767066089668585 96
1757629186905 0.07881331078476521 97
