1757650538187 0.33205589709840616 0
1757650538302 0.22185095325641335 1
1757650538500 0.31080879653930293 2
1757650538621 0.16006149000946945 3
1757650538740 0.0005484607626813038 4
1757650538857 2.8076656368913845e-05 5
1757650538973 0.238220737168316 6
1757650539089 0.11666781220341721 7
1757650539206 0.4944895181049529 8
1757650539330 0.007611290273535297 9
1757650539484 0.06126943634182821 10
1757650539605 0.028613360046410175 11
1757650539724 0.040997047620904836 12
1757650539843 0.011285973913110954 13
1757650539978 0.24118093307396823 14
1757650540096 0.03326812443916495 15
1757650540219 0.0755570066051395 16
1757650540339 0.31049585511648237 17
1757650540458 0.027206813664792693 18
1757650540574 0.06764823828925737 19
1757650540691 0.08201650225405936 20
1757650540813 0.015834540649672626 21
1757650540945 0.030265510481471428 22
1757650541069 0.07478392749510034 23
1757650541191 8.415987188069353e-05 24
1757650541310 0.2447021318334703 25
1757650541431 0.04261975515852828 26
1757650541559 0.014000670364964378 27
1757650541677 0.00022705251418982052 28
1757650541793 0.0484456078958594 29
1757650541914 0.08785552002251701 30
1757650542037 0.5624239394011195 31
1757650542160 0.02167388946090079 32
1757650542276 0.10942628443882592 33
1757650542402 0.0004971989928631218 34
1757650542520 0.00020456398494626742 35
1757650542638 0.02788776079548369 36
1757650542755 0.09111556294293156 37
1757650542871 0.18146339286765292 38
1757650542988 0.02613139899853208 39
1757650543101 0.031158256725397102 40
1757650543212 0.026316945935058882 41
1757650543325 0.021482476979735453 42
1757650543437 0.01447295497848605 43
1757650543552 0.004111283345358942 44
1757650543670 0.000897198348336069 45
1757650543783 0.11093508154503805 46
1757650543896 0.0067895344208974235 47
1757650544029 0.007936153726239422 48
1757650544144 0.0005062362096798616 49
1757650544258 0.024978717378788227 50
1757650544370 0.011263205360593602 51
1757650544482 0.019101937955443685 52
1757650544598 0.0645684269765463 53
1757650544716 0.4359462558015787 54
1757650544830 0.00019484766827627319 55
1757650544960 0.008516180807572271 56
1757650545077 0.00029320755808391087 57
1757650545196 0.00039315032469722987 58
1757650545384 0.38359346592861243 59
1757650545506 0.04224679287683369 60
1757650545657 0.03193340227836236 61
1757650545824 0.4589855265079697 62
1757650545963 0.009865713233563512 63
1757650546082 0.09363258195953533 64
1757650546201 0.4164546528920131 65
1757650546319 0.1005389332813774 66
1757650546437 0.0005226530773011627 67
1757650546555 0.02531674903935705 68
1757650546672 0.033770795455077614 69
1757650546784 0.10846051778579706 70
1757650546900 0.148334800522351 71
1757650547023 0.3943961754422153 72
1757650547139 0.20524941000716512 73
1757650547252 0.0008959731800870065 74
1757650547366 0.03149227195494354 75
1757650547480 0.07246595788044066 76
1757650547594 2.0849824904122842 77
1757650547724 0.00039286755351059226 78
1757650547843 0.15254248216589797 79
1757650547959 0.1241085081694746 80
1757650548077 0.0911923490422238 81
1757650548191 0.10598200450419676 82
1757650548314 0.02037191772133209 83
1757650548503 0.07968444498952444 84
1757650548633 0.0009359401404746474 85
1757650548752 0.043965154912919836 86
1757650548870 0.059027102836331946 87
1757650548987 0.010942822360820729 88
1757650549105 0.157845144850574 89
1757650549219 0.018818116410086672 90
1757650549332 0.010290206715923875 91
1757650549444 0.01229317151336074 92
1757650549558 0.0008361161089548219 93
1757650549679 0.010057246377630804 94
1757650549797 0.01089718406660699 95
1757650549919 0.13133922130992015 96
1757650550041 0.31767069357694216 97
1757650550160 0.003875012180029916 98
1757650550276 0.18264257240011586 99
1757650550389 0.5587367488382782 100
1757650550503 0.9246740053652494 101
1757650550616 0.0026683111141674303 102
1757650550730 0.022977252636016177 103
1757650550843 0.046797661700643624 104
1757650550956 0.0005095202492271522 105
1757650551131 0.20066700334544924 106
1757650551257 0.012415105078054853 107
1757650551375 0.004681152055409588 108
1757650551493 0.07249671567865551 109
1757650551633 0.012242387962713796 110
1757650551771 0.03455013891102909 111
1757650551891 0.007980774297391698 112
1757650552016 0.228120744834803 113
1757650552142 0.02166597848429088 114
1757650552260 0.018788500290531373 115
1757650552374 0.12278923722576598 116
1757650552489 0.18375476908569652 117
1757650552604 0.06790602821333065 118
1757650552719 0.0628860423215273 119
1757650552835 0.038080883529800484 120
1757650552949 0.20358906472086738 121
1757650553061 0.018818179097357737 122
1757650553182 0.3009680437146161 123
1757650553297 0.242815931797151 124
1757650553413 0.04802863377496427 125
1757650553566 0.000969525600883979 126
1757650553775 0.059616292326799054 127
1757650553939 0.08777509423722514 128
1757650554081 0.0002919381335994296 129
1757650554209 1.772856061493011 130
1757650554334 0.058990210581214154 131
1757650554454 0.016472958554211152 132
1757650554573 0.1517617573894501 133
1757650554713 0.02861465132898356 134
1757650554832 0.001376575258755806 135
1757650554969 0.15231648076168033 136
1757650555090 0.0009100907233394348 137
1757650555211 0.11252878525031673 138
1757650555335 0.09711117366780843 139
1757650555455 0.14249754993790303 140
1757650555593 0.0011052468809137881 141
1757650555715 0.04286509713735741 142
1757650555846 0.16315437640299976 143
1757650555969 0.025667228466523792 144
1757650556086 0.01958800662651782 145
1757650556201 0.6748732982006945 146
1757650556320 0.0004993647765868236 147
1757650556437 0.055142878210891616 148
1757650556552 0.03257227912038424 149
1757650556675 0.5932723801548386 150
1757650556790 0.2600923584464206 151
1757650556906 0.06286457789609563 152
1757650557021 0.05516697947109074 153
1757650557135 7.621080819954855e-07 154
1757650557249 0.015433449908987104 155
1757650557363 0.012014265519182754 156
1757650557482 0.43715962687509374 157
1757650557604 0.013484953551477457 158
1757650557718 0.0012554758475546196 159
1757650557836 0.008308249004036454 160
1757650557960 0.004637844250437067 161
1757650558074 0.0655495381455071 162
1757650558194 1.5770465982619342 163
1757650558312 0.28108075640873703 164
1757650558426 0.0042321598478384835 165
1757650558542 0.007237449006895152 166
1757650558657 0.026816757356077983 167
1757650558772 0.027051437738425537 168
1757650558886 1.4104302079030333 169
1757650559002 2.2653685682103935e-06 170
1757650559126 0.05808943202726861 171
1757650559242 0.08049653505186535 172
1757650559356 0.08232788040408788 173
1757650559469 0.41247635451319903 174
1757650559584 0.030509548802180094 175
1757650559700 0.0017876780941646438 176
1757650559814 0.015551395603655664 177
1757650559951 0.13578187641031736 178
1757650560075 0.01131832591120748 179
1757650560197 0.3818963721601359 180
1757650560317 0.10922107255082913 181
1757650560437 0.0012106122697343443 182
1757650560553 0.054815500789253076 183
1757650560670 0.01061970291358453 184
1757650560785 0.04460845282287131 185
1757650560900 0.06907960046795708 186
1757650561017 0.0029733932900561106 187
1757650561133 0.0008616300932010392 188
1757650561249 0.15641170946719665 189
1757650561371 0.009934391160138754 190
1757650561488 0.009923647286541675 191
1757650561610 0.002245742317941968 192
1757650561725 0.04561396596637189 193
1757650561841 0.013952463871428684 194
1757650561961 0.07047966286131543 195
1757650562079 0.06953055841724719 196
1757650562197 0.2282931501527312 197
1757650562313 0.005710524062732588 198
1757650562428 0.11246282730292367 199
1757650562544 0.05039784695921824 200
1757650562659 0.13051268127790205 201
1757650562775 0.013546416811220706 202
1757650562890 0.027379783641849842 203
1757650563005 0.23250258675909324 204
1757650563127 0.09508292365242177 205
1757650563251 0.07834294357744653 206
1757650563370 0.04419479050030509 207
1757650563486 0.38532108237551327 208
1757650563602 0.16754969705259892 209
1757650563718 0.036766954348290595 210
1757650563834 0.006085326157662236 211
1757650563951 0.08821380617292648 212
1757650564073 0.050889000050058995 213
1757650564189 0.20466894349853137 214
1757650564305 0.07754595710507639 215
1757650564420 0.3289505273882985 216
1757650564535 0.07216396157202426 217
1757650564651 0.010656314593651779 218
1757650564766 0.5637670025824818 219
1757650564887 0.019379763264115387 220
1757650565147 0.1685035400833147 221
1757650565304 0.0016389740785589693 222
1757650565436 0.5128291622702327 223
1757650565575 0.03819420320041227 224
1757650565764 0.01357869359283471 225
1757650565906 0.023365291775580558 226
1757650566062 0.22051562235699101 227
1757650566193 0.08147107903825572 228
1757650566316 0.0778707839211827 229
1757650566438 0.07571389414302178 230
1757650566560 0.03372448008903718 231
1757650566682 0.20348737448308357 232
1757650566799 0.06969912179850193 233
1757650566916 0.08313840254053784 234
1757650567034 0.0015207111189729317 235
1757650567151 0.09553940815034792 236
1757650567267 0.9958259679530279 237
1757650567398 0.09973976033384523 238
1757650567520 0.023378992303304043 239
1757650567641 0.08361941070290908 240
1757650567757 0.6153196982202527 241
1757650567879 0.2520490168140593 242
1757650568006 0.03316464917010111 243
1757650568138 0.009331301983366154 244
1757650568257 0.018363609991957876 245
1757650568375 0.000200099037193485 246
1757650568493 1.542124535958621 247
1757650568609 0.03591578620751123 248
1757650568728 0.05145502632701077 249
1757650568852 0.34591707350211837 250
1757650568972 0.011236143141519519 251
1757650569094 0.02315215504466525 252
1757650569212 0.02799129922422757 253
1757650569328 0.2048647266148967 254
1757650569445 0.09353467369040223 255
1757650569562 0.191199909320088 256
1757650569680 0.07277914229487951 257
1757650569797 0.08778239434840397 258
1757650569924 0.005137648635478632 259
1757650570054 0.167225175087726 260
1757650570181 0.00940422158632933 261
1757650570303 0.05854707967881819 262
1757650570426 0.03888730848752611 263
1757650570544 0.030121547630259277 264
1757650570664 0.0052282201214478964 265
1757650570781 0.03241494794374554 266
1757650570897 0.016056569675952814 267
1757650571017 0.03375700443837735 268
1757650571135 0.04521461955534111 269
1757650571252 0.7819364929292704 270
1757650571369 0.24722183256880917 271
1757650571487 0.2717485184314204 272
1757650571605 0.05940983856923251 273
1757650571723 0.12853913338211298 274
1757650571842 0.9230225668431409 275
1757650571965 0.07338288606247012 276
1757650572082 4.730511800251564 277
1757650572213 0.07959352581816498 278
1757650572331 0.038731816148069816 279
1757650572451 0.0030664915780461047 280
1757650572573 0.2021599409931001 281
1757650572698 0.12917786679911472 282
1757650572816 0.00030466935302873795 283
1757650572934 0.6566757569122507 284
1757650573055 0.01873468399557473 285
1757650573178 0.01016989636348962 286
1757650573297 0.06631187006073197 287
1757650573416 0.03605086103028004 288
1757650573537 0.02200997698134948 289
1757650573654 0.13066949965650312 290
1757650573773 0.3189830044001687 291
1757650573891 0.1684832709477685 292
1757650574009 0.0575947550670351 293
1757650574131 0.2327806883823306 294
1757650574257 0.0069934103858596665 295
1757650574375 0.024954676203029647 296
1757650574494 0.08002688623653247 297
1757650574613 0.43733481840241195 298
1757650574731 0.5078659049491432 299
1757650574850 0.10517566698765794 300
1757650574986 0.08225653119463887 301
1757650575110 0.040453675594281785 302
1757650575233 0.03451694647191457 303
1757650575354 0.029563183178192814 304
1757650575471 0.05750171511500147 305
1757650575603 0.00019430513829894652 306
1757650575727 0.014327723461412725 307
1757650575848 0.006756532726586421 308
1757650575968 0.29453096096927295 309
1757650576087 0.04510783887804497 310
1757650576210 0.11232476713236374 311
1757650576331 0.09953465150762042 312
1757650576450 0.004119784645090481 313
1757650576570 0.1624557806892449 314
1757650576689 0.052002565828550375 315
1757650576807 0.03054350026164885 316
1757650576926 0.015386919346828969 317
1757650577047 0.03735696003100913 318
1757650577176 0.04271879797736864 319
1757650577295 0.023117780770440077 320
1757650577414 0.1980790200629152 321
1757650577532 0.010873072114042093 322
1757650577652 0.12549674798340282 323
1757650577770 0.8780400667040418 324
1757650577889 0.05478565704822732 325
1757650578008 0.01309419360048558 326
1757650578129 0.19678570855652602 327
1757650578253 0.08525790609692878 328
1757650578375 0.11316671763009957 329
1757650578494 0.04488101259024744 330
1757650578613 0.11700574129304576 331
1757650578730 0.01396051057276986 332
1757650578849 0.002014533768068604 333
1757650578968 0.012660190759761549 334
1757650579087 0.11376325409316515 335
1757650579206 0.0069294493712433545 336
1757650579323 0.005336018608177895 337
1757650579443 0.1718563794806952 338
1757650579562 0.003463436278878764 339
1757650579681 0.932525596623886 340
1757650579799 0.2809802217351668 341
1757650579925 0.00022925247563531387 342
1757650580052 0.8370804905594428 343
1757650580176 0.0380291324751742 344
1757650580300 0.11955348704168392 345
1757650580421 0.011269877613738433 346
1757650580541 0.0001354409785963804 347
1757650580660 0.023138371735767837 348
1757650580779 0.007436978592896916 349
1757650580897 0.010068445025657444 350
1757650581019 0.06087024440762513 351
1757650581138 0.011617081197429109 352
1757650581257 0.02366567438263735 353
1757650581374 0.01397720681058875 354
1757650581494 0.4325719179921178 355
1757650581614 0.004210309291991487 356
1757650581732 0.015466703810990138 357
1757650581851 0.0020223884548893623 358
1757650581970 0.4505969146244824 359
1757650582089 0.6996893796137553 360
1757650582208 0.061077671475964566 361
1757650582330 0.0491052805537382 362
1757650582449 0.2014260645099603 363
1757650582633 0.09588891010688382 364
1757650582762 0.028082859067194797 365
1757650582890 7.858931762642332e-05 366
1757650583013 0.22151315379395706 367
1757650583133 0.1178604570640668 368
1757650583253 0.15588535435765108 369
1757650583372 0.08906491052004242 370
1757650583493 0.1808725631661153 371
1757650583612 0.14247982254039615 372
1757650583732 0.5817964983390634 373
1757650583851 0.02751483864050246 374
1757650583970 0.12775973744438357 375
1757650584090 0.037989775074931044 376
1757650584212 0.003122130371848815 377
1757650584333 0.6580218529388597 378
1757650584453 0.012391479939769032 379
1757650584572 0.060555799333002786 380
1757650584692 0.0011559104443152406 381
1757650584811 0.00937601436624796 382
1757650584941 0.01315091718739052 383
1757650585067 0.09552678229036136 384
1757650585190 0.008439048029824998 385
1757650585311 0.03383539036204746 386
1757650585431 0.0630051453565525 387
1757650585559 0.13514411580752445 388
1757650585685 0.00505889598828388 389
1757650585807 0.3312441165105099 390
1757650585927 0.1703100476791746 391
1757650586048 0.022577809905046018 392
1757650586171 0.06448428936433973 393
1757650586292 0.017434206033911548 394
1757650586418 0.06029030327010089 395
1757650586539 0.3900969384919682 396
1757650586661 0.053598136304111275 397
1757650586781 0.14877340998223634 398
1757650586901 0.1446116778831796 399
1757650587021 0.014867095747403348 400
1757650587141 0.006901277236978113 401
1757650587262 0.09942177211572001 402
1757650587382 0.43025490730686583 403
1757650587504 1.267965641575597 404
1757650587624 8.282519944699784e-06 405
1757650587745 0.40888584243398224 406
1757650587868 0.26595900408010165 407
1757650587988 53.721125441983155 408
1757650588108 0.004382799448654745 409
1757650588230 0.386623717799798 410
1757650588350 0.0003679710378098802 411
1757650588476 0.6233257828982884 412
1757650588598 1.7282834390732212e-07 413
1757650588718 0.0015816939878505753 414
1757650588839 0.02676047569356084 415
1757650588960 0.4489677128686579 416
1757650589080 0.002264937409284518 417
1757650589200 0.0123965360547867 418
1757650589322 0.017378453988304062 419
1757650589441 0.07511418958029406 420
1757650589561 0.028679985021555044 421
1757650589681 0.1395169051875972 422
1757650589802 0.05421979638576616 423
1757650589931 0.5487670378103243 424
1757650590058 0.17473550750290312 425
1757650590178 0.21317912540090186 426
1757650590305 0.006213854526630874 427
1757650590430 0.06244770264224222 428
1757650590556 0.012316508000954417 429
1757650590676 0.04379840986064247 430
1757650590797 0.001478158249914335 431
1757650590918 0.016818545512236816 432
1757650591040 0.044129087208376425 433
1757650591161 0.03454902368199374 434
1757650591283 0.06362892261375616 435
1757650591403 0.0017006137289037513 436
1757650591524 0.02943369868533763 437
1757650591646 0.12852685773919426 438
1757650591766 0.1972489407363817 439
1757650591889 0.04849063952799401 440
1757650592009 0.000588052536001437 441
1757650592129 0.07301029653024506 442
1757650592333 0.0025800463554885686 443
1757650592465 0.006582908471127016 444
1757650592593 0.04693150269059614 445
1757650592720 0.06324199204454374 446
1757650592847 0.0006802382892573485 447
1757650592974 0.023655990657277512 448
1757650593098 0.06507025194332068 449
1757650593224 0.2057371010059125 450
1757650593344 0.12291054103972052 451
1757650593471 0.0464855649885582 452
1757650593592 0.06233984583101101 453
1757650593715 0.5740789615296119 454
1757650593835 0.01616384697636792 455
1757650593957 0.12216621974390345 456
1757650594080 0.0031818659387988927 457
1757650594201 0.0005095558757230385 458
1757650594322 0.07711613128097025 459
1757650594444 0.0047584605999156674 460
1757650594571 0.02704901700808979 461
1757650594691 0.0020202769264931505 462
1757650594813 0.02467399141896706 463
1757650594943 0.015429728692365259 464
1757650595073 0.15601135191164162 465
1757650595199 0.3360209680521272 466
1757650595324 0.03475790885951258 467
1757650595445 0.05903280775737778 468
1757650595579 0.010651210574584983 469
1757650595708 0.00011806207291605035 470
1757650595835 0.10651123812005425 471
1757650595962 0.011231527412865873 472
1757650596085 0.08237393045550631 473
1757650596207 0.150885186570677 474
1757650596329 0.03725104959453537 475
1757650596450 0.002578365639264555 476
1757650596584 0.3418742024486519 477
1757650596707 0.020828295293719417 478
1757650596828 0.004919984678163422 479
1757650596950 0.13578198599127722 480
1757650597072 0.007969243170634696 481
1757650597196 0.09214550574100083 482
1757650597317 0.06950501043570431 483
1757650597439 0.02228259496431283 484
1757650597561 0.10136840607139751 485
1757650597685 0.2355400173458556 486
1757650597807 0.020802044388393445 487
1757650597928 0.12754330435365138 488
1757650598050 0.37720380412985266 489
1757650598174 0.29282990011763355 490
1757650598296 0.1922795655375043 491
1757650598418 0.14176275702701152 492
1757650598540 0.0010118357753824674 493
1757650598668 0.21890687614598642 494
1757650598791 0.0034877697479438223 495
1757650598913 0.15164889603600284 496
1757650599035 0.05559095875928809 497
1757650599158 0.007525855824150978 498
1757650599281 0.03595007388077099 499
