1757628184069 26.421470921578198 0
1757628184163 4.271924266375752 1
1757628184258 1.99812875743478 2
1757628184351 0.04559977427014701 3
1757628184447 0.5985965501657143 4
1757628184542 0.07794023695244233 5
1757628184710 0.04758007317725398 6
1757628184826 0.0016611729488423966 7
1757628184942 0.43741804043194454 8
1757628185066 0.0011538663425142571 9
1757628185180 0.05430616888425827 10
1757628185303 0.0010058663227952476 11
1757628185422 0.03550240023638036 12
1757628185543 0.005741794094213541 13
1757628185646 0.0012288138158294071 14
1757628185757 0.04677378050103635 15
1757628185875 0.2882030307972454 16
1757628185984 0.0037215134769772776 17
1757628186088 0.17495965700709534 18
1757628186194 0.3073627036660733 19
1757628186298 1.2089978472223473 20
1757628186397 0.005519342919897934 21
1757628186495 0.018873234351779594 22
1757628186591 0.10576535159524278 23
1757628186694 0.0605922489218212 24
1757628186801 0.020412473346779803 25
1757628186912 0.047851662111985875 26
1757628187020 0.0053751345601753785 27
1757628187130 0.05131316690876411 28
1757628187248 0.0020122821378276627 29
1757628187361 0.1365516570245841 30
1757628187468 0.012983258202861432 31
1757628187569 0.07702609840212375 32
1757628187670 0.0016724999383884805 33
