1757647419020 169.17813275916612 0
1757647419078 165.80819472757315 1
1757647419135 160.85445292369621 2
1757647419192 155.23091117418372 3
1757647419251 149.39708904257583 4
1757647419321 143.58000116902457 5
1757647419378 137.8885615120181 6
1757647419436 132.3721703826221 7
1757647419493 127.05187068560036 8
1757647419550 121.93335240011659 9
1757647419610 117.01511077305284 10
1757647419670 112.29264503688985 11
1757647419728 107.75968348762089 12
1757647419785 103.4091262848437 13
1757647419841 99.23423051660093 14
1757647419898 95.2280917440823 15
1757647419954 91.38410275452058 16
1757647420011 87.69567666955952 17
1757647420066 84.15627527752733 18
1757647420121 80.76020036283758 19
1757647420176 77.50145392853315 20
1757647420233 74.37450967351585 21
1757647420290 71.37387142220629 22
1757647420348 68.49460022386236 23
1757647420405 65.73200362211857 24
1757647420460 63.0812546406824 25
1757647420514 60.53764123556665 26
1757647420570 58.09666025184145 27
1757647420625 55.75460231267748 28
1757647420680 53.50708850703123 29
1757647420735 51.350650794843176 30
1757647420791 49.28118509383486 31
1757647420847 47.295604368192635 32
1757647420902 45.39041395478627 33
1757647420959 43.56218186820514 34
1757647421014 41.80751137971105 35
1757647421069 40.124046005727884 36
1757647421124 38.50864600724159 37
1757647421180 36.95848212407083 38
1757647421236 35.47097961932036 39
1757647421292 34.043662700721 40
1757647421349 32.67376296272943 41
1757647421406 31.359363853748654 42
1757647421462 30.098207517639143 43
1757647421518 28.888210192257823 44
1757647421573 27.72692568316388 45
1757647421632 26.6123576085502 46
1757647421695 25.543138158378255 47
1757647421754 24.517134345165537 48
1757647421811 23.532475702129602 49
1757647421868 22.587560973974085 50
1757647421927 21.680711172536284 51
1757647421984 20.810522318981533 52
1757647422041 19.97580458758193 53
1757647422097 19.174842566507767 54
1757647422153 18.406274207190688 55
1757647422208 17.66812982440599 56
1757647422265 16.96025776388279 57
1757647422322 16.280955422849384 58
1757647422379 15.629182506583863 59
1757647422435 15.003843858375474 60
1757647422491 14.403576066302753 61
1757647422548 13.827170799508009 62
1757647422604 13.274513354365912 63
1757647422660 12.744180960236262 64
1757647422717 12.235409930610606 65
1757647422773 11.746877888217357 66
1757647422830 11.278170041012272 67
1757647422887 10.828440062679714 68
1757647422945 10.396803072677876 69
1757647423001 9.982914400183748 70
1757647423057 9.585591828393232 71
1757647423114 9.204058970887203 72
1757647423170 8.838080324137838 73
1757647423228 8.487089073673241 74
1757647423289 8.150130685628946 75
1757647423348 7.826939710550233 76
1757647423406 7.516556280167097 77
1757647423464 7.218779948852693 78
1757647423522 6.933017709025657 79
1757647423578 6.658989392278616 80
1757647423635 6.396004353556064 81
1757647423758 6.1436571720965745 82
1757647423820 5.901148740177577 83
1757647423882 5.668585414248521 84
1757647423943 5.4456266934988 85
1757647424001 5.231864590303106 86
1757647424061 5.0262538791199525 87
1757647424120 4.829021176701415 88
1757647424180 4.6396275657790005 89
1757647424240 4.458034001813538 90
1757647424314 4.283807179403566 91
1757647424374 4.116715190770479 92
1757647424440 3.9562117527715657 93
1757647424502 3.8018958460140846 94
1757647424562 3.6541865089956906 95
1757647424620 3.512503130746491 96
1757647424680 3.3766071246219704 97
1757647424739 3.245922119640582 98
1757647424799 3.1204054970695494 99
1757647424858 3.0002343346341167 100
1757647424917 2.885024472878916 101
1757647424975 2.7742821181934407 102
1757647425035 2.6679641876692335 103
1757647425094 2.565979397856832 104
1757647425151 2.467992445308767 105
1757647425210 2.374121843323333 106
1757647425269 2.284038774713206 107
1757647425326 2.1974945000267225 108
1757647425384 2.1144848129222242 109
1757647425442 2.034945855100083 110
1757647425500 1.9585943734291063 111
1757647425558 1.8851721563551276 112
1757647425616 1.8149591324513306 113
1757647425672 1.7475608443350314 114
1757647425734 1.6825823472584458 115
1757647425800 1.6202555355826165 116
1757647425866 1.5605764910147122 117
1757647425926 1.5033822904196228 118
1757647425986 1.4486651265031683 119
1757647426045 1.3956096918594465 120
1757647426103 1.3448593683342152 121
1757647426161 1.2964156048695203 122
1757647426218 1.2499323073868718 123
1757647426274 1.205224993496522 124
1757647426331 1.1621487497946874 125
1757647426391 1.1209423717727498 126
1757647426450 1.0813905123229284 127
1757647426508 1.0434161510880973 128
1757647426567 1.0072188617277653 129
1757647426625 0.9721985484464589 130
1757647426683 0.9385803907053665 131
1757647426741 0.9062941004277802 132
1757647426798 0.875522236111097 133
1757647426858 0.8460318099470849 134
1757647426916 0.8176170654950059 135
1757647426977 0.7901343829783058 136
1757647427035 0.7637979620273666 137
1757647427094 0.738760315317951 138
1757647427152 0.7148838208849156 139
1757647427211 0.691477832108612 140
1757647427269 0.6692974271958287 141
1757647427327 0.6480265918521786 142
1757647427384 0.6276535898599362 143
1757647427442 0.6079492076961653 144
1757647427501 0.5890234491557023 145
1757647427560 0.5709303757243239 146
1757647427618 0.5537086805218868 147
1757647427677 0.5370072982351264 148
1757647427735 0.5210619239559796 149
1757647427794 0.5057741906891589 150
1757647427859 0.49084899898703926 151
1757647427920 0.4766358423843647 152
1757647427978 0.46324341746380376 153
1757647428036 0.4503871914122956 154
1757647428096 0.43800542324023267 155
1757647428155 0.4257744645078903 156
1757647428213 0.41421454689834464 157
1757647428272 0.4032291088040816 158
1757647428331 0.3926799113802383 159
1757647428389 0.38254184724052165 160
1757647428448 0.3725960935620151 161
1757647428507 0.36332722142279306 162
1757647428565 0.35426179643377503 163
1757647428623 0.34561891255619487 164
1757647428683 0.337557834077886 165
1757647428741 0.3293457818950238 166
1757647428800 0.32160245501300694 167
1757647428860 0.314381643408689 168
1757647428918 0.3074900552776242 169
1757647428977 0.30089924791404177 170
1757647429036 0.2942084571864548 171
1757647429094 0.2877657313682149 172
1757647429152 0.2819150409778782 173
1757647429220 0.2764599741934661 174
1757647429315 0.27110738072439894 175
1757647429445 0.2655255460972086 176
1757647429513 0.2602275250893658 177
1757647429578 0.255462586595447 178
1757647429640 0.25085387161016615 179
1757647429701 0.2465700059663912 180
1757647429761 0.24216537535834384 181
1757647429825 0.23805379703138982 182
1757647430081 0.23410849939386166 183
1757647430260 0.23028034470397052 184
1757647430330 0.22675737102625332 185
1757647430398 0.22328502421163599 186
1757647430463 0.21977361931177625 187
1757647430527 0.21655687449883596 188
1757647430593 0.21348863897809028 189
1757647430658 0.21070398077978483 190
1757647430722 0.20779915746851635 191
1757647430821 0.20500850779642918 192
1757647430887 0.20244645105763587 193
1757647430951 0.19964719886485846 194
1757647431013 0.19723709989284874 195
1757647431074 0.19514365951854404 196
1757647431135 0.19284442339399702 197
1757647431197 0.1905102094351643 198
1757647431259 0.18850804940242397 199
1757647431322 0.1866425152522642 200
1757647431384 0.18489172405221072 201
1757647431445 0.18285656239097908 202
1757647431506 0.18123113479167471 203
1757647431568 0.1794929263755133 204
1757647431628 0.1779183024787333 205
1757647431686 0.17627424831815597 206
1757647431754 0.17492509726840608 207
1757647431814 0.17346435606505126 208
1757647431874 0.1722878076183195 209
1757647431933 0.17080482285993187 210
1757647432006 0.16953001050699745 211
1757647432075 0.16850051472854463 212
1757647432137 0.1672000983777434 213
1757647432199 0.1660364104364062 214
1757647432259 0.16498715857345156 215
1757647432408 0.16400877152351898 216
1757647432474 0.16327171836693402 217
1757647432538 0.16204221933180443 218
1757647432601 0.161008485501431 219
1757647432663 0.16014678761697465 220
1757647432725 0.15953621589977052 221
1757647432787 0.15866608700679094 222
1757647432848 0.15806235677827782 223
1757647432911 0.1572003272569275 224
1757647432974 0.15636661207743824 225
1757647433036 0.15560749763914486 226
1757647433099 0.1550958271232769 227
1757647433162 0.1547460711486466 228
1757647433223 0.15392465180883053 229
1757647433284 0.1532183378471783 230
1757647433345 0.15263719530556785 231
1757647433409 0.1521793641763044 232
1757647433475 0.1518906799444813 233
1757647433541 0.15113188508147224 234
1757647433608 0.15052618149384028 235
1757647433673 0.15021206666028988 236
1757647433736 0.15003335227040074 237
1757647433798 0.14946527958458825 238
1757647433860 0.14905998278728205 239
1757647433921 0.14860478333775073 240
1757647433980 0.14822234282472882 241
1757647434049 0.14785275864753467 242
1757647434111 0.1475951621944656 243
1757647434174 0.14732432043843846 244
1757647434234 0.14698873511746055 245
1757647434313 0.14651277614322059 246
1757647434379 0.14634265488275186 247
1757647434449 0.14602455343019807 248
1757647434514 0.1457970350532537 249
1757647434577 0.14550269395824142 250
1757647434640 0.14508159064550225 251
1757647434703 0.14494325212653722 252
1757647434767 0.14495894756987135 253
1757647434829 0.14457425200482105 254
1757647434891 0.14445231805824688 255
1757647434955 0.1442275455716123 256
1757647435018 0.14395516965801625 257
1757647435078 0.1439098638665463 258
1757647435138 0.14368707581993984 259
1757647435200 0.14352640433601108 260
1757647435261 0.14327275273265772 261
1757647435322 0.14327570993089028 262
1757647435386 0.14287787121167733 263
1757647435447 0.14271508922593423 264
1757647435509 0.14276041301101416 265
1757647435572 0.1427433903163394 266
1757647435632 0.14236846602724693 267
1757647435692 0.1422137248434317 268
1757647435755 0.1422899403822372 269
1757647435816 0.14227829838036338 270
1757647435877 0.14208261672485095 271
1757647435940 0.14159788271676643 272
1757647436002 0.14152559516019989 273
1757647436069 0.14159235664835823 274
1757647436133 0.14156527202819016 275
1757647436195 0.14156986147898373 276
1757647436255 0.14159685665026014 277
1757647436317 0.14135189244482507 278
1757647436379 0.14104881709342937 279
1757647436441 0.14104245096428816 280
1757647436504 0.14118980694794783 281
1757647436566 0.14112195207452471 282
1757647436627 0.14100900365913344 283
1757647436689 0.1407923811333878 284
1757647436749 0.14067963180055648 285
1757647436813 0.1408014067112161 286
1757647436879 0.14066903736893693 287
1757647436942 0.14077060674942557 288
1757647437010 0.14059641094076789 289
1757647437081 0.14054553918371615 290
1757647437145 0.14050567105646583 291
1757647437210 0.14044428779029827 292
1757647437274 0.14048107655598463 293
1757647437338 0.14039813419605626 294
1757647437402 0.14023662033101358 295
1757647437467 0.1401402845466469 296
1757647437532 0.14025332247921243 297
1757647437599 0.14021045804549842 298
1757647437660 0.14035929805565794 299
1757647437741 0.14013050883316228 300
1757647437802 0.13992315032577313 301
1757647437864 0.13999111583806062 302
1757647437925 0.14021762949618233 303
1757647437986 0.14001951995920034 304
1757647438049 0.13980835353260287 305
1757647438118 0.13976624908051033 306
1757647438182 0.13994153467545672 307
1757647438244 0.14005338136192252 308
1757647438308 0.1399223328996764 309
1757647438369 0.13988900027791837 310
1757647438433 0.13980397648774798 311
1757647438495 0.13982915779239694 312
1757647438556 0.13979541378295796 313
1757647438621 0.13980801114206917 314
1757647438684 0.1398691114166183 315
1757647438746 0.13981894324117364 316
1757647438809 0.13949196316928747 317
1757647438871 0.13953563467487856 318
1757647438935 0.13972943247901368 319
1757647438998 0.1397133419474536 320
1757647439059 0.13967535913170828 321
1757647439121 0.13959428578876718 322
1757647439185 0.13946834928955146 323
1757647439251 0.13955865221605473 324
1757647439329 0.13980421019868586 325
1757647439394 0.13977574137082174 326
1757647439459 0.13953597232136664 327
1757647439523 0.13947647302499167 328
1757647439589 0.13946994444729074 329
1757647439655 0.13943371795194606 330
1757647439720 0.13960013753555 331
1757647439786 0.13976962058715597 332
1757647439851 0.13947897844669982 333
1757647439916 0.13930384086843264 334
1757647439981 0.13942727581612147 335
1757647440049 0.13951432206602982 336
1757647440121 0.13959175038896007 337
1757647440187 0.13934062433710115 338
1757647440251 0.13917078169367644 339
1757647440314 0.13926166411213978 340
1757647440380 0.13945807371906832 341
1757647440443 0.1397675356426036 342
1757647440507 0.13962265109763547 343
1757647440570 0.13920948776493552 344
1757647440633 0.13918916852137012 345
1757647440696 0.13935348128760955 346
1757647440758 0.13942701022351597 347
1757647440821 0.13950311832709653 348
1757647440885 0.1393169972102035 349
1757647440948 0.13932095420274632 350
1757647441012 0.1392899564373744 351
1757647441075 0.1392711657112163 352
1757647441138 0.13944982760877397 353
1757647441201 0.1396318991638095 354
1757647441265 0.13917084774931832 355
1757647441327 0.13909666296687537 356
1757647441389 0.13927186845093972 357
1757647441454 0.13939005636733853 358
1757647441518 0.13952147603840542 359
1757647441581 0.13954616325849 360
1757647441646 0.13937151481397883 361
1757647441708 0.1393389132768013 362
1757647441772 0.139475820942509 363
1757647441835 0.1392469270064118 364
1757647441900 0.13934350366435438 365
1757647441963 0.1393105963477955 366
1757647442028 0.1393361084123829 367
1757647442092 0.13917391320964698 368
1757647442161 0.13929654836966815 369
1757647442227 0.13942476066235238 370
1757647442292 0.1394986192049764 371
1757647442356 0.13915477193188827 372
1757647442425 0.1391709973057891 373
1757647442488 0.13921793078457573 374
1757647442552 0.13930901918222313 375
1757647442616 0.13953262326525404 376
1757647442684 0.13923191017687025 377
1757647442747 0.13912719830329534 378
1757647442811 0.13925050068101844 379
1757647442874 0.13952357156362527 380
1757647442942 0.13935626795895326 381
1757647443006 0.13943026071226705 382
1757647443068 0.1391299551087761 383
1757647443133 0.13918631535199996 384
1757647443198 0.13918138214337394 385
1757647443262 0.1392320748882213 386
1757647443325 0.13931265877499882 387
1757647443390 0.1392756900053176 388
1757647443454 0.139329576170836 389
1757647443519 0.13917393581760423 390
1757647443582 0.13927411565279785 391
1757647443644 0.13942002508055068 392
1757647443709 0.13949588050580472 393
1757647443774 0.13912974306213324 394
1757647443838 0.13915536460392022 395
1757647443903 0.13935341825834838 396
1757647443967 0.13933748201359078 397
1757647444032 0.13929794502198214 398
1757647444097 0.13933950282125485 399
1757647444160 0.13917167448067908 400
1757647444232 0.13924093192715603 401
1757647444313 0.13927562335676516 402
1757647444382 0.13921047259730782 403
1757647444459 0.139364895883219 404
1757647444533 0.13925356002861702 405
1757647444600 0.13923070052144498 406
1757647444667 0.1391827579950657 407
1757647444734 0.13923531545327336 408
1757647444801 0.13931785662307375 409
1757647444868 0.1395459180099717 410
1757647444936 0.139215364344755 411
1757647445004 0.13908804864701266 412
1757647445069 0.13923213819509678 413
1757647445132 0.13937689637504183 414
1757647445197 0.13938440506015204 415
1757647445262 0.13905742980838082 416
1757647445327 0.13910090465226155 417
1757647445394 0.13916247856312194 418
1757647445461 0.13926179248360188 419
1757647445528 0.13927848783355828 420
1757647445593 0.13946451720610284 421
1757647445658 0.13922206468459972 422
1757647445723 0.13927826321038447 423
1757647445796 0.13930368069038773 424
1757647445866 0.13923863661340397 425
1757647445937 0.1393537739905189 426
1757647446007 0.13948029062554046 427
1757647446075 0.1391275287841369 428
1757647446141 0.13913302555191825 429
1757647446209 0.13918500950677098 430
1757647446278 0.13939763898686747 431
1757647446346 0.13934423562354623 432
1757647446409 0.1389824492609877 433
1757647446474 0.13899030604213117 434
1757647446542 0.13918077943028723 435
1757647446607 0.13934026861710613 436
1757647446673 0.1393834068558559 437
1757647446738 0.13932821891314576 438
1757647446803 0.13925461958690477 439
1757647446868 0.13939744225834752 440
1757647446933 0.13913644481642762 441
1757647447000 0.13919122371901704 442
1757647447066 0.13943263584646995 443
1757647447133 0.1392128361099716 444
1757647447198 0.13903905144129428 445
1757647447263 0.13913827611259494 446
1757647447328 0.13914420867481456 447
1757647447394 0.13932676255656992 448
1757647447460 0.13948744428474458 449
1757647447527 0.13927276868891597 450
1757647447592 0.13919773833704024 451
1757647447658 0.1392314892652236 452
1757647447724 0.13927785818502345 453
1757647447789 0.13926945459219506 454
1757647447855 0.13936406674115406 455
1757647447920 0.13932994998286147 456
1757647447986 0.13931727145393266 457
1757647448052 0.13916213761672278 458
1757647448117 0.13929402588235415 459
1757647448182 0.13928135248432888 460
1757647448254 0.13920186925150427 461
1757647448324 0.13931275645098043 462
1757647448392 0.13910345864957566 463
1757647448458 0.13917597481646848 464
1757647448525 0.13939957569184228 465
1757647448592 0.1395777888611265 466
1757647448657 0.1392216388959143 467
1757647448722 0.13910575177503212 468
1757647448789 0.1390903022520771 469
1757647448854 0.13926019638369994 470
1757647448920 0.13923013375687254 471
1757647448987 0.1393948682208992 472
1757647449052 0.13922397082322707 473
1757647449119 0.13920840750161223 474
1757647449184 0.13941268621135108 475
1757647449252 0.1393259242187584 476
1757647449333 0.13933032252217786 477
1757647449403 0.13927719465067664 478
1757647449473 0.13928430105564965 479
1757647449541 0.13913798179203662 480
1757647449609 0.13924929186613055 481
1757647449677 0.13922676760997718 482
1757647449743 0.13942771450970734 483
1757647449809 0.13919808143937118 484
1757647449875 0.13916028738688216 485
1757647449942 0.13917203235118517 486
1757647450008 0.13939136975214433 487
1757647450074 0.13941774201574728 488
1757647450140 0.13910691667796185 489
1757647450206 0.13914035542005715 490
1757647450276 0.13925268880567565 491
1757647450348 0.13933746120576251 492
1757647450416 0.13923577951717547 493
1757647450483 0.13934219684556445 494
1757647450550 0.13919281128841263 495
1757647450617 0.13919602579568416 496
1757647450683 0.13916189175323118 497
1757647450748 0.13920371051554342 498
1757647450816 0.13926901369180303 499
