1757645516625 0.000866047206368876 0
1757645516727 0.5842977403959924 1
1757645516826 0.008818374142901882 2
1757645516921 0.04994262797158342 3
1757645517015 0.8242117463943319 4
1757645517111 0.5626751675812185 5
1757645517211 0.11077419431980677 6
1757645517304 0.006522405255830357 7
1757645517420 0.0022033677711584447 8
1757645517515 0.36343030653771985 9
1757645517613 0.003223923327184602 10
1757645517707 0.019062741040501516 11
1757645517802 0.03798978444446318 12
1757645517897 0.0019293523533773437 13
1757645517991 0.0059980741469732556 14
1757645518086 0.18994925990478612 15
1757645518180 0.5955406032865508 16
1757645518275 0.2270408874931974 17
1757645518369 0.05910970440455384 18
1757645518462 0.7518038936350422 19
1757645518563 9.577296277889314e-12 20
1757645518659 0.07682497402984233 21
1757645518755 0.002966286368771884 22
1757645518848 0.024450426813687896 23
1757645518949 0.01745845939016995 24
1757645519052 0.2801534859099217 25
1757645519145 0.013665138581544565 26
1757645519240 0.05512694471355256 27
1757645519336 0.004193382001638058 28
1757645519430 0.07480602901125565 29
1757645519524 0.09094896878528622 30
1757645519618 0.040737798226140834 31
1757645519713 0.054337662807386486 32
1757645519809 0.008238883604639095 33
1757645519904 0.10132301134775686 34
1757645520001 0.004098290447036662 35
1757645520095 0.00038411512026726525 36
1757645520191 0.03025046662720041 37
1757645520285 0.12182381968960052 38
1757645520380 0.020292509009139505 39
1757645520475 0.6228785560603326 40
1757645520575 0.05994612743324098 41
1757645520672 0.13068564350243222 42
1757645520766 0.00025970026334530197 43
1757645520861 0.13121272377328805 44
1757645520955 0.10869019773154612 45
1757645521051 0.06126334607429955 46
1757645521147 0.023487626679200783 47
1757645521243 0.13630184126251885 48
1757645521337 0.00888040779515272 49
1757645521432 6.627536043850054e-07 50
1757645521527 0.003949650349120081 51
1757645521622 0.0015912836615276588 52
1757645521718 0.07680992966102754 53
1757645521812 0.006436684142595234 54
1757645521906 0.18259071898628093 55
1757645522002 0.15496676090149414 56
1757645522097 0.6832983893701733 57
1757645522193 0.03579823127588523 58
1757645522290 0.2720832184045552 59
1757645522384 0.04773519797523721 60
1757645522481 0.5767455083647811 61
1757645522581 0.07916481900295376 62
1757645522677 0.03776426042876142 63
1757645522773 0.03099268435175007 64
1757645522869 0.010409610004732402 65
1757645522965 0.10096842249746671 66
1757645523059 0.3275939461972166 67
1757645523154 0.11038739425866241 68
1757645523249 0.14586193467971093 69
1757645523344 0.004182771090218641 70
1757645523440 0.009218587846843955 71
1757645523536 0.0589980467868328 72
1757645523631 0.057013759113454715 73
1757645523731 0.025948727882230377 74
1757645523826 0.04937688390167795 75
1757645523927 0.011755361171355025 76
1757645524048 5.06323038570865e-05 77
1757645524143 0.24078236292362443 78
1757645524240 0.21095429585870715 79
1757645524336 0.056857698526465036 80
1757645524431 0.002693860149416331 81
1757645524527 0.2563731267631463 82
1757645524628 0.09211306605830537 83
1757645524726 0.00015252162702620946 84
1757645524819 0.011472866719091491 85
1757645524915 0.005021744876285811 86
1757645525011 0.03728664123040805 87
1757645525107 0.010866635949302855 88
1757645525203 0.019367436618918998 89
1757645525300 0.0003322761033435666 90
1757645525395 0.00042300945187409637 91
1757645525491 0.9465800884508905 92
1757645525589 0.033580955307650553 93
1757645525686 0.053389298911583054 94
1757645525784 0.0015366493433231826 95
1757645525884 0.026874134942984927 96
1757645525987 0.34452742735311226 97
1757645526084 0.0822808953025879 98
1757645526179 0.1697314886819398 99
1757645526276 0.2648030326534695 100
1757645526373 0.2132659377898612 101
1757645526469 0.0021334387921227043 102
1757645526566 0.18886148553839546 103
1757645526666 0.12393438318823226 104
1757645526771 0.14169747679572525 105
1757645526942 0.08906804332070778 106
1757645527043 0.06501432789226358 107
1757645527139 0.14329840403616417 108
1757645527236 0.0011865207456319246 109
1757645527332 0.0026533328818845146 110
1757645527429 0.4364493024178706 111
1757645527525 0.129350551807834 112
1757645527624 0.002118134557595342 113
1757645527721 0.005750502496725038 114
1757645527816 2.4270648165086836e-05 115
1757645527913 0.013945726950334051 116
1757645528009 0.012831693783309507 117
1757645528105 0.17263748065458978 118
1757645528203 0.059394657763344676 119
1757645528301 0.000982788403981316 120
1757645528398 0.2984750113531217 121
1757645528495 0.13164693773046632 122
1757645528591 0.047214011426408756 123
1757645528692 0.12476507872925706 124
1757645528790 0.13041664507152112 125
1757645528887 0.0003374339900368402 126
1757645528995 1.4691640766800191 127
1757645529094 0.005330596226015237 128
1757645529190 0.011222086087451892 129
1757645529289 0.0003157575746400419 130
1757645529387 0.03130800685613497 131
1757645529483 0.42870318590126 132
1757645529579 0.051984041679294615 133
1757645529677 0.0035188708348974835 134
1757645529773 0.16191132648905682 135
1757645529869 0.23058928728005998 136
1757645529965 0.0003286532100054154 137
1757645530063 0.04487899927155198 138
1757645530162 0.04860621891472817 139
1757645530261 0.035272408741932375 140
1757645530358 0.00729815226109906 141
1757645530455 0.0012787143968106993 142
1757645530553 0.021650550595141062 143
1757645530650 2.5204611981567108e-05 144
1757645530755 0.0026586629438776046 145
1757645530852 0.001100492700396299 146
1757645530948 0.04779487233649655 147
1757645531044 0.060758776263361194 148
1757645531141 0.002577851525863448 149
1757645531239 0.19286718733835082 150
1757645531336 0.0695187724087586 151
1757645531433 0.5344566297373948 152
1757645531530 0.003449218570210096 153
1757645531626 0.011157296732537288 154
1757645531725 0.5653913228565839 155
1757645531823 0.00044214141940662684 156
1757645531920 0.010955761365018144 157
1757645532016 0.6400160711383555 158
1757645532115 0.0008630281495947856 159
1757645532212 0.005679328289514014 160
1757645532311 0.0637240920962798 161
1757645532409 1.1104153532289776 162
1757645532507 0.021311025791563534 163
1757645532604 0.01812142140337111 164
1757645532703 0.5699977845939284 165
1757645532806 0.032299654856537394 166
1757645532905 0.1769841066918506 167
1757645533004 0.0011461391578725705 168
1757645533100 0.06993191992932493 169
1757645533196 0.24681112957443785 170
1757645533294 0.07231926534531216 171
1757645533393 0.0959337020574048 172
1757645533492 0.03815729367557208 173
1757645533591 0.6194954106235027 174
1757645533691 0.02205108664902334 175
1757645533789 0.1091568104713581 176
1757645533887 0.02177608093927277 177
1757645533998 0.00019820480474164935 178
1757645534098 0.07756262101244815 179
1757645534196 0.40467297644081496 180
1757645534297 0.024956240987336006 181
1757645534396 0.0005122106954088001 182
1757645534573 0.00479453774491978 183
1757645534679 0.1591466201299044 184
1757645534783 0.18437766043396525 185
1757645534885 0.08712037339535955 186
1757645534983 0.00723139005945295 187
1757645535083 0.15511279282053936 188
1757645535181 0.4126419275143468 189
1757645535281 0.0012254583271634164 190
1757645535381 0.09831321240086939 191
1757645535480 0.0028177588377018515 192
1757645535577 0.07929263622848717 193
1757645535676 0.025212335035208523 194
1757645535775 0.034418837407226746 195
1757645535875 0.1403978828118414 196
1757645535974 0.015409805382334284 197
1757645536073 0.02016578411391462 198
1757645536172 0.2008249947824693 199
1757645536271 0.0035337717851891466 200
1757645536370 0.022883192450018703 201
1757645536470 0.09527474946679383 202
1757645536570 0.12113897649550837 203
1757645536669 0.12269746427490306 204
1757645536767 0.019792932404432122 205
1757645536872 0.08395947766325303 206
1757645536970 0.010654872449345366 207
1757645537068 0.5210530252538049 208
1757645537168 7.442953821613147e-06 209
1757645537266 0.015214250836289831 210
1757645537365 0.23873661336682292 211
1757645537466 0.0670914083510269 212
1757645537564 0.1278015456433146 213
1757645537664 0.07798767893010283 214
1757645537765 0.013987421210352567 215
1757645537864 0.06634907329870617 216
1757645537963 0.2484764673184961 217
1757645538062 0.16816182823143447 218
1757645538161 0.035989946053690616 219
1757645538261 0.007158065165959843 220
1757645538361 0.031996866140096066 221
1757645538460 0.20358351467162616 222
1757645538558 0.31168972487073376 223
1757645538657 0.15537433679350401 224
1757645538756 0.02315947705630328 225
1757645538860 0.0810194977202281 226
1757645538968 0.020779942190990386 227
1757645539071 0.004047841781899696 228
1757645539169 0.268264748481988 229
1757645539270 0.09277711330249849 230
1757645539369 0.00028709221908615034 231
1757645539469 0.005847402360568748 232
1757645539570 0.11295116549533157 233
1757645539668 0.027171563491186077 234
1757645539767 0.000661873754917617 235
1757645539867 0.009682574541489235 236
1757645539968 0.5311879868102245 237
1757645540070 0.12203064155421674 238
1757645540170 0.17265018248052594 239
1757645540269 0.14239098843503195 240
1757645540369 0.033781163364092585 241
1757645540467 0.002022864104420741 242
1757645540567 0.11904854881756731 243
1757645540667 0.4478859027584549 244
1757645540766 0.12954311553303913 245
1757645540871 0.0003236851614195844 246
1757645540972 0.607705631897414 247
1757645541070 0.6455617306040878 248
1757645541171 0.10945573714878964 249
1757645541271 0.01795643128955844 250
1757645541370 0.051808440384173954 251
1757645541470 0.045079050199560315 252
1757645541570 0.17485429064240499 253
1757645541669 0.08867517664079184 254
1757645541769 0.28300402174716227 255
1757645541871 0.11792053044828534 256
1757645541972 0.18358876842453906 257
1757645542072 0.015167027025700943 258
1757645542170 0.005701654791429704 259
1757645542270 0.0024934325194447375 260
1757645542372 0.0025902401434542404 261
1757645542473 0.002409095757501302 262
1757645542572 0.03285794801090267 263
1757645542671 0.6860404464183942 264
1757645542771 0.12597559089034022 265
1757645542874 0.05517661977050484 266
1757645542981 0.1004293546326831 267
1757645543081 0.04061835384520307 268
1757645543181 0.10961304142221608 269
1757645543280 3.245915584401425e-05 270
1757645543380 0.17473835614349006 271
1757645543481 0.4125912195724456 272
1757645543584 0.0055705430569262865 273
1757645543684 0.010919784719153806 274
1757645543784 0.02033615079532537 275
1757645543885 0.4496274963668277 276
1757645544003 0.06952126428256372 277
1757645544105 0.14354991473042247 278
1757645544206 0.10892893218150068 279
1757645544305 0.0981677794085201 280
1757645544405 0.28080621636682773 281
1757645544504 0.00010518545032598371 282
1757645544603 0.0266255747550343 283
1757645544704 0.00040408268259211174 284
1757645544805 0.031459254935135066 285
1757645544910 0.06923407067852506 286
1757645545014 0.004048363353720365 287
1757645545115 0.26748904147418934 288
1757645545219 0.07740193634186066 289
1757645545320 0.016340041036796978 290
1757645545421 0.14352651753573734 291
1757645545523 0.1300403067639047 292
1757645545624 0.0030219763286394126 293
1757645545725 0.0007271057947510309 294
1757645545827 0.042890700364463845 295
1757645545927 0.11015029897668327 296
1757645546029 0.00011959281617563707 297
1757645546129 0.3009945460888713 298
1757645546230 0.07142217911949768 299
1757645546331 0.18647849378643028 300
1757645546432 0.014888445692074771 301
1757645546538 0.01790979334168312 302
1757645546640 0.01086607140289757 303
1757645546739 1.0969205054880637 304
1757645546840 0.0027671947736587054 305
1757645546943 0.04978465445687929 306
1757645547049 0.11645399351326968 307
1757645547151 0.03757706727664542 308
1757645547252 0.12840347344313585 309
1757645547353 0.07461257249522685 310
1757645547454 0.001735847227007802 311
1757645547556 0.4104596612680408 312
1757645547658 0.5986502318339096 313
1757645547759 0.0005730765220092974 314
1757645547861 0.021527583973844584 315
1757645547963 0.010423149794001456 316
1757645548065 0.0009078579594951647 317
1757645548165 0.11786736082792564 318
1757645548269 6.567280926134476e-05 319
1757645548370 0.48248865964723814 320
1757645548471 0.07403392183946057 321
1757645548573 0.10775286825864765 322
1757645548675 0.21928261722103104 323
1757645548777 0.021347347997681128 324
1757645548880 0.05691770119297841 325
1757645548994 0.24221108944454087 326
1757645549098 1.9051906937651503e-05 327
1757645549201 0.06312966914179664 328
1757645549302 0.16366360643432798 329
1757645549405 0.050657298626187 330
1757645549508 0.0008698129823447464 331
1757645549665 0.06967583958891949 332
1757645549770 0.10764935923282908 333
1757645549875 0.0974023755740754 334
1757645549977 0.07508927590294782 335
1757645550080 0.03330094631705037 336
1757645550184 0.5905414749065346 337
1757645550286 0.0025865275395584053 338
1757645550388 4.419738371001689e-06 339
1757645550489 0.3889726404084245 340
1757645550592 0.003313735891825265 341
1757645550695 0.039593822994867946 342
1757645550796 0.0039761334790886175 343
1757645550898 0.036278693798532734 344
1757645551001 0.003204873551499474 345
1757645551107 0.016398197069338778 346
1757645551211 0.4052907618984497 347
1757645551314 0.02700555500025392 348
1757645551414 0.0029791766166234342 349
1757645551515 0.2543894041163906 350
1757645551617 0.19395440701516597 351
1757645551717 0.018930187145757456 352
1757645551820 0.004814575687993988 353
1757645551922 0.15405670194969553 354
1757645552023 0.06601470307641373 355
1757645552124 0.12236495483344935 356
1757645552226 0.02955150293871818 357
1757645552329 0.23790358811251747 358
1757645552432 0.3115816337554151 359
1757645552534 0.24192285271498284 360
1757645552635 0.04636172684507296 361
1757645552738 0.019370299618127928 362
1757645552839 0.014160981530130597 363
1757645552940 0.37366351087214733 364
1757645553045 0.0009671177382557578 365
1757645553152 0.22697242667180215 366
1757645553253 0.1358731644828257 367
1757645553356 0.0003942417519332903 368
1757645553458 0.6837389125516028 369
1757645553562 0.08479390588276493 370
1757645553665 0.0652315507408669 371
1757645553766 0.0010996511828856098 372
1757645553868 0.0028135009911961456 373
1757645553987 0.18531928020530286 374
1757645554092 0.4018349303174177 375
1757645554195 0.38845116963588255 376
1757645554298 0.7169738144411404 377
1757645554470 0.0037249825505213203 378
1757645554572 0.16873001385017714 379
1757645554674 0.009892880938213796 380
1757645554778 0.25873649620457523 381
1757645554879 0.005632792698607103 382
1757645554983 0.000238483366923127 383
1757645555091 0.049645823420581985 384
1757645555196 0.5969337884951965 385
1757645555299 0.10157043991175467 386
1757645555402 0.017369026057449374 387
1757645555506 0.001994254903163491 388
1757645555624 0.01598052358310201 389
1757645555727 0.06044276474753841 390
1757645555829 0.006637705914339942 391
1757645555937 0.22419140533609816 392
1757645556042 0.13993273801284173 393
1757645556146 0.2884326781006674 394
1757645556253 0.009395519294334407 395
1757645556357 0.09931062784294367 396
1757645556462 0.03676903179055517 397
1757645556568 0.029753022866278105 398
1757645556673 0.06610926657288714 399
1757645556777 0.0001036584842095285 400
1757645556881 0.01872737375202933 401
1757645556985 0.07033493302328227 402
1757645557088 0.0002789361079759477 403
1757645557199 0.02745980286257812 404
1757645557305 0.005696919578472975 405
1757645557410 0.691942790489949 406
1757645557513 0.9320564376570912 407
1757645557617 0.07661510084632898 408
1757645557721 0.016043868448305278 409
1757645557825 0.1867292901395083 410
1757645557928 0.009357898663354727 411
1757645558032 0.020419807025234927 412
1757645558136 0.3354469204314335 413
1757645558240 0.09093492970504197 414
1757645558345 0.07849790447090495 415
1757645558451 0.0014672752825856394 416
1757645558555 0.005593569267558776 417
1757645558658 0.21679972812050347 418
1757645558762 0.09321562892002817 419
1757645558867 0.015331571388667059 420
1757645558983 0.038803767935423214 421
1757645559089 0.0002384563677267559 422
1757645559198 0.07920374447141092 423
1757645559305 0.015273923140606268 424
1757645559408 0.08225856502951852 425
1757645559513 0.06550552139907954 426
1757645559619 0.03132931746907864 427
1757645559723 0.041320780799738534 428
1757645559826 0.0047078826964430595 429
1757645559930 0.05606731388732678 430
1757645560036 0.2565640462079251 431
1757645560142 0.03484913642089016 432
1757645560246 0.43803551862702683 433
1757645560350 0.12511473644548962 434
1757645560458 0.1573337029407999 435
1757645560564 7.191674411050112e-05 436
1757645560668 0.008447087108275188 437
1757645560774 0.4387069038656528 438
1757645560880 0.06229086131293723 439
1757645560984 0.22971945899033308 440
1757645561166 0.2540782057717231 441
1757645561280 0.5394691025422328 442
1757645561387 0.030517243219015673 443
1757645561492 0.09406887834510769 444
1757645561596 0.5653548982692137 445
1757645561700 0.5418094482212975 446
1757645561804 0.10244716193786925 447
1757645561909 0.33370388450186605 448
1757645562014 0.2324003940884413 449
1757645562117 0.15917358719295194 450
1757645562221 0.42988578937178046 451
1757645562326 0.0005301898345657411 452
1757645562432 0.0016345152182124442 453
1757645562536 0.023944150473887163 454
1757645562641 0.10750716149176187 455
1757645562745 0.03286211323474607 456
1757645562849 0.12394313498409779 457
1757645562953 0.03249220221809889 458
1757645563058 0.29593055603340584 459
1757645563163 0.06673432473312564 460
1757645563271 0.08325397311555548 461
1757645563376 0.0084597476207453 462
1757645563482 0.038678646410812124 463
1757645563586 0.32274387801921295 464
1757645563692 0.0006058909088585623 465
1757645563796 0.014292832625568817 466
1757645563900 0.02573016097152664 467
1757645564086 0.44705212477839057 468
1757645564194 0.09657048455124731 469
1757645564300 0.031355376338621836 470
1757645564405 0.02411825656885572 471
1757645564510 0.0025920223642353513 472
1757645564614 0.12912002360336994 473
1757645564718 0.0009691437630871836 474
1757645564822 0.20023887539229576 475
1757645564926 0.0772259584362423 476
1757645565033 0.044375164550159225 477
1757645565139 0.0024347726223024435 478
1757645565244 0.03300916377585794 479
1757645565355 0.0015092566088011326 480
1757645565460 0.28504647881881984 481
1757645565566 0.009212201686237525 482
1757645565671 0.0015383011789460402 483
1757645565780 0.0010091374589601015 484
1757645565886 0.19663919908577762 485
1757645565990 0.17643326076411606 486
1757645566094 0.15793327666485515 487
1757645566200 0.4411781454271287 488
1757645566305 0.0031557059387564684 489
1757645566409 0.7961643781846481 490
1757645566517 0.004685434723791444 491
1757645566623 0.07303886819951734 492
1757645566730 0.01902398149093886 493
1757645566837 0.16450647840679156 494
1757645566942 0.18055003484365992 495
1757645567047 0.1312968257126414 496
1757645567151 0.07606659802888477 497
1757645567257 0.3505137161875912 498
1757645567370 0.1016903203670447 499
