1757646107548 141.9511401499138 0
1757646107611 123.4439469801444 1
1757646107664 99.79199799368163 2
1757646107719 86.04582788617535 3
1757646107777 72.30559623437986 4
1757646107831 61.47744631541601 5
1757646107890 50.49244900386499 6
1757646107946 43.57485893548695 7
1757646108000 35.85023574734441 8
1757646108054 29.14969386935359 9
1757646108106 25.372721931123543 10
1757646108160 21.614306887478037 11
1757646108213 18.464282641266145 12
1757646108265 15.531939702016414 13
1757646108319 12.272428595384113 14
1757646108372 11.443197744125662 15
1757646108425 8.934487669070055 16
1757646108477 8.233775388769114 17
1757646108533 6.072749913514682 18
1757646108586 5.559580827744817 19
1757646108641 4.537133332671852 20
1757646108695 3.7393254705130756 21
1757646108751 3.5739815626720093 22
1757646108809 2.9578962652328187 23
1757646108861 2.893847510608704 24
1757646108915 2.3647500399370234 25
1757646108966 1.7352160485291717 26
1757646109021 1.5872569192955255 27
1757646109089 1.2543004623073415 28
1757646109151 1.2012491082268788 29
1757646109203 0.6601747379775682 30
1757646109257 0.7554040856264361 31
1757646109310 0.6531623833178042 32
1757646109364 0.5813513435081796 33
1757646109417 0.5867403891749343 34
1757646109471 0.46228502057550114 35
1757646109524 0.26144104618425346 36
1757646109577 0.29373741507307927 37
1757646109630 0.29348498375288434 38
1757646109683 0.3272592575609837 39
1757646109736 0.220631973825963 40
1757646109788 0.2048272815289373 41
1757646109843 0.3024128112219464 42
1757646109897 0.31660523098459825 43
1757646109950 0.3650288084968625 44
1757646110003 0.13838504086604225 45
1757646110057 0.2115073844160181 46
1757646110111 0.16239028105711334 47
1757646110166 0.14112534781622807 48
1757646110220 0.17190946254179623 49
1757646110274 0.14179650606273128 50
1757646110327 0.15019723104590177 51
1757646110381 0.0867530994249694 52
1757646110434 0.16158968147849587 53
1757646110486 0.107214782776251 54
1757646110541 0.14512878126667467 55
1757646110594 0.10558709751082149 56
1757646110648 0.0972521922238318 57
1757646110713 0.18004921929484427 58
1757646110799 0.15257019698800012 59
1757646110854 0.12411495783906298 60
1757646110910 0.10883817144280677 61
1757646110964 0.16785642378315196 62
1757646111018 0.11058231602096055 63
1757646111072 0.15415335270436145 64
1757646111124 0.12476997556252277 65
1757646111185 0.17736792418665487 66
1757646111240 0.1164022834968356 67
1757646111294 0.12065044052264143 68
1757646111349 0.09580127902753485 69
1757646111403 0.18279241039590644 70
1757646111457 0.09135400110263933 71
1757646111511 0.13778171541784995 72
1757646111564 0.22794668532959525 73
1757646111618 0.19676380965353474 74
1757646111671 0.14919598382578103 75
