1757630368196 142.6082734302596 0
1757630368266 122.38781299294928 1
1757630368332 97.23583781451937 2
1757630368425 85.58817602708072 3
1757630368507 73.57701870997496 4
1757630368648 61.38687217633661 5
1757630368725 49.51383153953183 6
1757630368794 43.69060705994573 7
1757630368869 35.275505631444524 8
1757630368937 28.953220301433724 9
1757630369008 26.51329836355334 10
1757630369079 20.645505306251447 11
1757630369147 17.988719983138346 12
1757630369211 15.77000511136404 13
1757630369274 13.027976510853026 14
1757630369331 11.156445087624228 15
1757630369393 9.194238085958682 16
1757630369460 7.209541540171874 17
1757630369519 6.663269171772133 18
1757630369579 5.4331687146022345 19
1757630369642 4.627535679010835 20
1757630369701 4.2325203513087155 21
1757630369759 3.6193580110872574 22
1757630369816 2.947822775897324 23
1757630369876 2.4897956362193177 24
1757630369935 2.0646597521910945 25
1757630369994 2.290989385047007 26
1757630370059 1.4931077234333432 27
1757630370114 1.3642980325934544 28
1757630370167 1.2786842075257452 29
1757630370218 1.0918785922752732 30
1757630370269 0.8120845412211994 31
1757630370318 0.7079531275085931 32
1757630370368 0.5415847848342492 33
1757630370417 0.6014328627890475 34
1757630370467 0.5815696201913068 35
1757630370530 0.3616809756107401 36
1757630370584 0.48476838784647336 37
1757630370634 0.3381280744582975 38
1757630370682 0.23692355637785634 39
1757630370730 0.24744184287031606 40
1757630370781 0.2722448320785588 41
1757630370830 0.264534012884415 42
1757630370878 0.18850932584255367 43
1757630370926 0.19611387677869335 44
1757630370974 0.2513185787637976 45
1757630371021 0.14431847742585713 46
1757630371070 0.18541246029754158 47
1757630371116 0.16418705179369392 48
1757630371166 0.09434654528795583 49
1757630371215 0.10342545032567127 50
1757630371261 0.11840592740577184 51
1757630371306 0.14761435172601958 52
1757630371353 0.12909079638167115 53
1757630371400 0.13210552898785305 54
1757630371447 0.10797843445283493 55
1757630371493 0.12187126863838812 56
1757630371538 0.12078631331267332 57
1757630371587 0.15228065945225808 58
1757630371635 0.11911935525625986 59
1757630371682 0.08261746417008911 60
1757630371730 0.16367168223717038 61
1757630371777 0.15362069057828776 62
1757630371825 0.16282934915639413 63
1757630371872 0.11066680289245845 64
1757630371920 0.10853574594165673 65
1757630371969 0.14158205300401228 66
1757630372022 0.13702070645315387 67
1757630372076 0.0829472850508651 68
1757630372127 0.17552710596363835 69
1757630372181 0.13058200713829354 70
1757630372231 0.13589809055460045 71
1757630372280 0.1173342102779609 72
1757630372328 0.16182538036038766 73
1757630372376 0.106281863894058 74
1757630372425 0.10789439923311993 75
1757630372473 0.09781185583161456 76
1757630372519 0.15253643559747382 77
1757630372566 0.14796135670617655 78
