1757624467602 173.04164675387509 0
1757624467644 169.58617530594233 1
1757624467684 163.15152672196012 2
1757624467726 154.26878084209204 3
1757624467767 143.48983508321828 4
1757624467817 131.35939625707732 5
1757624467861 118.39286019097489 6
1757624467903 105.05979410247653 7
1757624467943 91.77257394458013 8
1757624467987 78.88104458590814 9
1757624468032 66.6661403264932 10
1757624468074 55.3426053266062 11
1757624468119 45.06139883857689 12
1757624468160 35.915132200385145 13
1757624468203 27.945481355613996 14
1757624468247 21.150434031915015 15
1757624468307 15.491889508776026 16
1757624468352 10.903298989492813 17
1757624468399 7.296712093236259 18
1757624468442 4.569708118522727 19
1757624468485 2.6114472228953534 20
1757624468528 1.3079302654122675 21
1757624468570 0.5464174455924277 22
1757624468615 0.2189979832343612 23
1757624468657 0.22533698542415082 24
1757624468700 0.4744025555294299 25
1757624468743 0.8864521972908572 26
1757624468787 1.392763045472164 27
1757624468834 1.9363222001457072 28
1757624468876 2.471142717934273 29
1757624468928 2.9621897615741206 30
1757624468970 3.384130340048843 31
1757624469014 3.7205855098016514 32
1757624469059 3.9629671814979193 33
1757624469102 4.109186552046088 34
1757624469144 4.162412798015227 35
1757624469186 4.129603607990232 36
1757624469232 4.020611041040995 37
1757624469288 3.8474412288810247 38
1757624469337 3.6226126201460533 39
1757624469379 3.3589629410888198 40
1757624469421 3.0687675424861776 41
1757624469462 2.763540473122705 42
1757624469505 2.4536812719964147 43
1757624469547 2.148166725403963 44
1757624469588 1.8544498501082887 45
1757624469630 1.5784484291169836 46
1757624469671 1.3245579811783683 47
1757624469713 1.0957973110563612 48
1757624469755 0.8937338982386263 49
1757624469797 0.7189296840855792 50
1757624469839 0.5710483403075588 51
1757624469881 0.44886276142934173 52
1757624469924 0.3507762098327324 53
1757624469968 0.2748990039130226 54
1757624470010 0.21869713893770734 55
1757624470051 0.1797651242681471 56
1757624470096 0.15536792040373767 57
1757624470139 0.14257697966659308 58
1757624470180 0.13894590754327138 59
1757624470222 0.14222492476376253 60
1757624470263 0.15035051309904082 61
1757624470305 0.1617827226336642 62
1757624470349 0.1749254252754584 63
1757624470393 0.18827013788821798 64
1757624470439 0.20083925351440168 65
1757624470481 0.21194314158989463 66
1757624470522 0.22089278641933824 67
1757624470564 0.2277588858108944 68
1757624470607 0.2325761182579383 69
1757624470650 0.23530111684395977 70
1757624470692 0.23602416112191188 71
1757624470736 0.23493509180265928 72
1757624470778 0.23232711782810173 73
1757624470821 0.228365643481747 74
1757624470865 0.22304735596084657 75
1757624470906 0.21647299280376686 76
1757624470949 0.20908364086110331 77
1757624470993 0.20138337240604154 78
1757624471035 0.19354838356962606 79
1757624471077 0.1860726784458069 80
1757624471119 0.17902989031372468 81
1757624471161 0.17266820646298292 82
1757624471204 0.1669474629058481 83
1757624471247 0.1618371329382128 84
1757624471290 0.1571151656704843 85
1757624471332 0.1526082867672125 86
1757624471375 0.1487651336429335 87
1757624471419 0.14568135720719858 88
1757624471462 0.14337495622290408 89
1757624471505 0.14175628952297156 90
1757624471547 0.14056576630391565 91
1757624471589 0.13965338671339783 92
1757624471631 0.139020991998983 93
1757624471675 0.1386827654494452 94
1757624471719 0.1385506577925594 95
1757624471764 0.13877388945171343 96
1757624471808 0.13928344387149147 97
1757624471854 0.13965743764447294 98
1757624471898 0.13984462868669462 99
1757624471945 0.14012929504293498 100
1757624471989 0.14041745233895778 101
1757624472034 0.14047504023540666 102
1757624472080 0.14030592849094034 103
1757624472126 0.14034260705871204 104
1757624472170 0.14056191682682898 105
1757624472216 0.14094268745561755 106
1757624472265 0.14107968544281035 107
1757624472310 0.14098722093061425 108
1757624472357 0.14093185887837278 109
1757624472401 0.14065858913915033 110
1757624472452 0.14019169354827113 111
1757624472497 0.13975801842779448 112
1757624472542 0.13954919100216778 113
1757624472589 0.13943378869570827 114
1757624472636 0.13943002408562205 115
1757624472681 0.139625314540973 116
1757624472724 0.14001634245552882 117
1757624472771 0.14053456019822247 118
1757624472815 0.140658838870708 119
1757624472860 0.14014917766337587 120
1757624472904 0.13961656552379598 121
1757624472948 0.13910028144411535 122
1757624472991 0.13886635520451246 123
