1757627850671 0.0835299555042502 0
1757627850773 0.0026669039682546704 1
1757627850864 0.2785336488641903 2
1757627850954 0.5228276217678501 3
1757627851045 0.101388825710569 4
1757627851137 0.013639595226180426 5
1757627851240 0.018554965729871663 6
1757627851347 0.006435444788692162 7
1757627851437 0.12266716662062056 8
1757627851523 0.1060277279997552 9
1757627851612 0.1344155852834347 10
1757627851701 0.01647810750622389 11
1757627851788 0.0021593173046819524 12
1757627851877 0.00013739946018047423 13
1757627851965 0.0891993682015477 14
1757627852054 0.09656288734070062 15
1757627852142 0.1988145865622526 16
1757627852230 0.1506169694459443 17
1757627852318 0.09438654902882537 18
1757627852406 0.03617070311260094 19
1757627852496 0.005457405405138832 20
1757627852585 0.027806753956317896 21
1757627852675 0.3269667314793358 22
1757627852770 0.03370489148751508 23
1757627852859 0.27911394414290336 24
1757627852949 0.004635043963639784 25
1757627853038 0.08613273969732602 26
1757627853126 0.18368383815226183 27
1757627853213 0.05085965607553247 28
1757627853302 0.020070356771302044 29
1757627853391 0.10665348591609554 30
1757627853478 0.05624129529099069 31
1757627853567 0.16005201786457046 32
1757627853657 0.014735421814517962 33
1757627853749 0.018960627037045815 34
1757627853838 2.8557605221235067 35
1757627853928 0.006905557484816444 36
1757627854015 1.424532631123134 37
1757627854107 0.03456602905543382 38
1757627854197 0.9042908368051298 39
1757627854286 0.272102021735417 40
1757627854382 0.04787665508706711 41
1757627854474 0.03893185439648042 42
1757627854574 0.060255782877012595 43
1757627854664 0.1471001289349083 44
1757627854763 0.013305553507302217 45
1757627854858 0.06393272109281262 46
1757627854966 0.025855479957967126 47
1757627855059 0.028044007048054057 48
1757627855151 0.0016330352610111865 49
1757627855243 0.09397829518597951 50
1757627855331 0.22375726827055065 51
1757627855419 0.045452683001789 52
1757627855510 0.266822732596983 53
1757627855669 0.15142551001536764 54
1757627855777 0.03359409922574633 55
1757627855868 0.0009459437168228323 56
1757627855958 0.05072200763308823 57
1757627856048 0.15612741626466164 58
1757627856138 0.13055494468428427 59
1757627856229 0.011867213405906539 60
1757627856320 0.03829620041908287 61
1757627856409 0.11097102936869999 62
1757627856503 0.12081783919247835 63
1757627856596 0.3058096520382417 64
1757627856723 0.0010040603015515808 65
1757627856833 0.07847143288365174 66
1757627856929 0.04854148964466611 67
1757627857063 0.019396230849725884 68
1757627857167 0.07922863655060172 69
1757627857259 0.7179101145704465 70
1757627857351 0.11298962811020184 71
1757627857443 0.10649675280071258 72
1757627857535 0.12275802840661931 73
1757627857627 1.0789708287764963 74
1757627857720 0.0021404825303181583 75
1757627857810 0.19392483319729725 76
1757627858092 0.0220455720388689 77
1757627858219 0.17729320606228496 78
1757627858314 0.002229487430839717 79
1757627858403 0.04689903754750543 80
1757627858571 0.11816616960082016 81
1757627858712 0.0016396361852841104 82
1757627858847 0.000652977778670954 83
1757627858944 8.137836462659974e-06 84
1757627859041 0.1146416617650469 85
1757627859133 0.05154956112523 86
1757627859239 0.009530399954647405 87
1757627859368 0.03571069389968058 88
1757627859482 0.0105979554160346 89
1757627859583 0.047415514779589385 90
1757627859677 0.021610554911721837 91
1757627859770 0.000690315978785405 92
1757627859863 0.1421043433380538 93
1757627859984 0.03389528148304712 94
1757627860096 0.00031153092482456 95
1757627860195 0.9786633335424478 96
1757627860289 0.0007244699120737484 97
1757627860380 0.14872223065998366 98
1757627860471 0.0011200835045381166 99
1757627860577 0.0018751398820185897 100
1757627860678 1.6051569097796297 101
1757627860773 0.04722846858726264 102
1757627860884 0.055327657837343766 103
1757627861062 0.16345680160243997 104
1757627861172 0.029569410131534562 105
1757627861271 0.002221599288759443 106
1757627861374 0.10665216272427881 107
1757627861469 0.010135665634550244 108
1757627861566 0.001415987454935599 109
1757627861666 0.0035729954362525296 110
1757627861763 0.004890991302423836 111
1757627861870 0.22634543982561459 112
1757627861967 0.008547491179599189 113
1757627862071 0.011362757444321641 114
1757627862171 0.0009714144580173644 115
1757627862279 0.590244645687878 116
1757627862377 0.0007320879798626666 117
1757627862472 0.0033147642345626982 118
1757627862566 0.0007190397673491045 119
1757627862656 0.40751435636483874 120
1757627862748 0.1321420086108966 121
1757627862858 0.12084752145420173 122
1757627862972 0.06411228966592612 123
1757627863073 0.591329578144344 124
1757627863174 0.1982576128663117 125
1757627863283 0.23244966042416998 126
1757627863394 0.005974115940783847 127
1757627863505 0.12606546326301948 128
1757627863624 0.030776516758014995 129
1757627863740 0.17086457989712972 130
1757627863856 0.511110855002799 131
1757627863982 0.0033445684521054273 132
1757627864113 0.01631073958709168 133
1757627864234 0.12146035798191224 134
1757627864365 0.0007182017217858148 135
1757627864482 0.2690357040416185 136
1757627864599 0.0691746763938958 137
1757627864759 0.0009722000088636329 138
1757627864911 0.11893640838745602 139
1757627865069 0.023141407172463893 140
1757627865192 0.023992967186430243 141
1757627865315 0.006192383245383522 142
1757627865434 0.00197756786748148 143
1757627865559 9.451127909571882e-05 144
1757627865675 0.3480990792622176 145
1757627865860 0.06206805201377552 146
1757627865986 0.06415022525223636 147
1757627866109 0.13480552474377533 148
1757627866237 0.45618878024556725 149
1757627866358 0.012318208359887785 150
1757627866481 0.10447533737820083 151
1757627866600 0.2246858969946001 152
1757627866722 1.5848418403804152 153
1757627866894 0.37972327145057105 154
1757627867024 1.4543936918376625 155
1757627867151 0.001996511072236746 156
1757627867272 0.09897383679924382 157
1757627867392 0.16130602110191639 158
1757627867515 0.13691315568942383 159
1757627867680 0.13510133784981582 160
1757627867819 0.022126557957640614 161
1757627867986 0.08176480783218934 162
1757627868110 0.06231525879561049 163
1757627868230 0.012544362364311827 164
1757627868349 0.01522905933632993 165
1757627868468 0.0015435378533233512 166
1757627868587 0.005361204245684202 167
1757627868706 0.019250798123012378 168
1757627868825 0.026662425370757865 169
1757627868947 0.22846048643274022 170
1757627869071 0.11383798748852889 171
1757627869201 1.4146033079217566 172
1757627869322 0.5865943941496485 173
1757627869441 0.28793225043550325 174
1757627869562 0.09991113368140551 175
1757627869692 0.009748657285842543 176
1757627869924 0.08777972403231984 177
1757627870064 0.5466190318930763 178
1757627870179 0.07058555481300012 179
1757627870289 0.19492118758461996 180
1757627870403 0.019342148624373293 181
1757627870505 0.17230972038407527 182
1757627870602 0.2895034014750662 183
1757627870699 0.0761745577146739 184
1757627870796 0.10502789969185786 185
1757627870890 0.018887612103433003 186
1757627870985 0.1408864828543144 187
1757627871085 0.1282612080277952 188
1757627871187 0.5160581517232911 189
1757627871280 0.12395497247021522 190
1757627871374 0.07465516091622973 191
1757627871468 0.40614898551969153 192
1757627871620 0.19797623183630225 193
1757627871717 0.0002754052091904476 194
1757627871812 0.002672936087302627 195
1757627871907 0.24253171567673357 196
1757627872002 0.0003273924345659071 197
1757627872097 0.15361298042538285 198
1757627872200 0.22304137347828643 199
1757627872298 0.023262199441306516 200
1757627872406 0.0013493695544282128 201
1757627872512 0.023309985432700377 202
1757627872611 0.0973997833313886 203
1757627872707 0.04440984653384772 204
1757627872814 0.13777882622918763 205
1757627872926 0.07624993526346571 206
1757627873023 1.0304227264433874 207
1757627873248 0.16690239003387003 208
1757627873375 0.00036401081138963664 209
1757627873506 0.008738262345663045 210
1757627873636 0.007827672831084409 211
1757627873764 0.16288758528996475 212
1757627873876 0.011411485466867394 213
1757627873982 0.001795959471441329 214
1757627874083 0.032095699521079 215
1757627874182 0.004487977273060967 216
1757627874288 0.057119817060404164 217
1757627874389 0.007304859239966248 218
1757627874487 0.10052324742282452 219
1757627874583 0.01390777442519765 220
1757627874679 0.006772005476188555 221
1757627874829 0.02153982464958059 222
1757627874967 0.00875320676499983 223
1757627875073 0.011315017969343828 224
1757627875178 0.08328125547612089 225
1757627875289 0.27576492496141636 226
1757627875389 0.002261571038257565 227
1757627875492 0.010322922941859509 228
1757627875592 0.015252757438400969 229
1757627875688 0.0015811303035501412 230
1757627875783 0.18245097267184893 231
1757627875876 0.6568801610532393 232
1757627875968 0.003922818187955127 233
1757627876062 0.06490543600699375 234
1757627876166 0.007055820182389051 235
1757627876264 0.07523354715857651 236
1757627876358 1.4285808091985626e-06 237
1757627876450 19.509084250048936 238
1757627876542 0.0038636933711870005 239
1757627876638 0.14550874466097471 240
1757627876754 0.6047913849035651 241
1757627876862 0.06196433174090756 242
1757627876962 0.05542486889747338 243
1757627877058 0.060530763574733006 244
1757627877161 0.0005378693124943912 245
1757627877272 0.6631341390679037 246
1757627877372 0.3927762384665796 247
1757627877465 0.0031714984889863068 248
1757627877570 0.06833320592097697 249
1757627877661 0.03025664464900031 250
1757627877753 0.09114096289914557 251
1757627877867 2.0514347208572055 252
1757627877967 0.0026341749329951503 253
1757627878062 0.00536787195337972 254
1757627878165 0.04209349269537958 255
1757627878270 0.0596754207209746 256
1757627878392 0.00016596411024921484 257
1757627878485 0.21992977381439907 258
1757627878606 0.0015594990452706752 259
1757627878698 0.0004812962775278237 260
1757627878789 0.010810131836153914 261
1757627878882 0.33615747075551716 262
1757627878976 0.5571574714048451 263
1757627879067 0.0009816536170847996 264
1757627879158 0.0046347283431576285 265
1757627879251 0.0025368277470687317 266
1757627879349 0.005202524330883303 267
1757627879449 0.35958576950012483 268
1757627879543 1.9987204574606492 269
1757627879636 0.10361452262847097 270
1757627879729 0.010791075717591851 271
1757627879821 0.0003975540535372136 272
1757627879928 0.00657331071185043 273
1757627880028 0.21010059864032124 274
1757627880125 0.024471847688405393 275
1757627880222 0.26476355498290877 276
1757627880316 0.0025083015428860422 277
1757627880411 0.880016503737368 278
1757627880506 0.09697474725647579 279
1757627880599 0.0027837079282449833 280
1757627880692 0.05771652791028669 281
1757627880785 0.13126564969732296 282
1757627880879 0.004808169444500322 283
1757627880971 0.6010925743049753 284
1757627881064 0.002423911539876598 285
1757627881157 0.29570548301364125 286
1757627881250 0.04020307338001767 287
1757627881342 0.06021310197434523 288
1757627881443 0.00030614256635305974 289
1757627881537 0.0010330361431835275 290
1757627881632 0.24086843325323135 291
1757627881725 0.05793631749056669 292
1757627881819 0.006617772151388686 293
1757627881912 0.1480417712794944 294
1757627882005 3.4863172228943116 295
1757627882098 0.20395083222288676 296
1757627882191 0.03174210251633775 297
1757627882284 0.92977776860716 298
1757627882377 0.0026236333402222508 299
1757627882471 0.10795851945146186 300
1757627882563 2.571430179294647e-06 301
1757627882656 0.1728631955316065 302
1757627882750 0.14256876824225911 303
1757627882843 9.828052061165629 304
1757627882948 0.09404124187004191 305
1757627883063 0.10235771187330268 306
1757627883176 0.014278873115498785 307
1757627883279 0.04442513610929699 308
1757627883384 0.0005953198838390772 309
1757627883501 0.004131705348885922 310
1757627883607 0.008845999427848946 311
1757627883716 0.057512974845640816 312
1757627883824 0.0001654450494044148 313
1757627883930 0.04398332439903672 314
1757627884034 0.0866888476844744 315
1757627884135 0.2515293487372494 316
1757627884234 0.005337358071455651 317
1757627884332 0.03963074471680707 318
1757627884430 0.02155131637349086 319
1757627884524 0.4370500656976582 320
1757627884618 0.6121789863308764 321
1757627884712 0.2572773931268876 322
1757627884813 0.038333762494435146 323
1757627884939 0.03086600660980925 324
1757627885041 0.033193716724449866 325
1757627885139 0.039968949404505294 326
1757627885235 0.16140103972363745 327
1757627885330 0.01114835494543605 328
1757627885428 0.00046600377755335145 329
1757627885529 0.16693888496898776 330
1757627885625 0.20334502468858312 331
1757627885720 0.21248125349337432 332
1757627885815 0.012993023949703955 333
1757627885921 0.01156385001122144 334
1757627886077 0.14921461244645612 335
1757627886346 0.15690065045358867 336
1757627886472 1.0219668303839538 337
1757627886674 0.033412760113053976 338
1757627886793 0.02426516422633053 339
1757627886903 0.1512673965670346 340
1757627887013 0.04152796646675037 341
1757627887145 0.6193914573298116 342
1757627887266 0.0017326182181800886 343
1757627887373 0.7951431227232854 344
1757627887488 0.010585652098315093 345
1757627887599 0.2154978010950892 346
1757627887701 0.04014816117701976 347
1757627887803 0.023745896065321414 348
1757627887934 0.07855835545196273 349
1757627888041 0.00414367666475211 350
1757627888146 0.1610233859022555 351
1757627888250 0.07513943918301866 352
1757627888371 0.00017073549640036822 353
1757627888480 0.1820818552247818 354
1757627888610 0.16196555219800632 355
1757627888745 0.028738647793120388 356
1757627888895 0.12530873977740783 357
1757627889016 0.0021504416328130016 358
1757627889135 0.08300659567833285 359
1757627889246 0.07581193940008761 360
1757627889439 0.10311317176082933 361
1757627889568 0.006253533455658634 362
1757627889703 0.0017531799576558061 363
1757627889813 0.18797227586416088 364
1757627889941 0.04063065542418603 365
1757627890057 0.04355275526260791 366
1757627890168 0.08003492309163142 367
1757627890279 0.24919266949155897 368
1757627890388 0.007121396210603665 369
1757627890507 0.17896117164351583 370
1757627890631 0.5346402543579803 371
1757627890755 0.07205060758866191 372
1757627890870 0.0076166869131204466 373
1757627890986 0.11650488777914549 374
1757627891094 0.10314191780682794 375
1757627891199 0.00572637372546015 376
1757627891325 0.10036177933865702 377
1757627891427 0.00034127955079131457 378
1757627891527 0.11605842989997348 379
1757627891632 0.004742233248248562 380
1757627891730 0.007966500050373304 381
1757627891831 0.019298801658306566 382
1757627891933 0.00639517964794292 383
1757627892035 0.00010279967276883558 384
1757627892137 0.10557732410676733 385
1757627892238 0.06881837298628588 386
1757627892340 0.0002468671240295278 387
1757627892441 0.23907432147746 388
1757627892541 0.045371263420473866 389
1757627892647 0.017963820258301226 390
1757627892756 0.2123256532314898 391
1757627892865 0.17500506934745944 392
1757627892978 0.14523522275651796 393
1757627893084 0.178281890822666 394
1757627893189 0.16182444578971367 395
1757627893290 0.03945830892342585 396
1757627893389 0.002449095196754502 397
1757627893489 0.14397982950435562 398
1757627893597 0.06225648692880711 399
1757627893700 0.1794632223883435 400
1757627893803 0.002571849780315546 401
1757627893915 0.031228901864778013 402
1757627894034 0.3622688478641522 403
1757627894150 0.19973082351890648 404
1757627894260 0.004433311631707195 405
1757627894371 0.008791268829246395 406
1757627894480 0.24582256367674016 407
1757627894593 0.05162084526749461 408
1757627894701 0.15263654188007958 409
1757627894806 0.10955202248797782 410
1757627894912 0.046013030029308295 411
1757627895024 0.021436831879421015 412
1757627895136 0.011308054574615384 413
1757627895246 0.024336559523576214 414
1757627895353 0.017694077250301865 415
1757627895455 0.00046876978910841095 416
1757627895561 0.3551051574588802 417
1757627895674 0.38216303555716363 418
1757627895786 0.013311354347788507 419
1757627895891 0.2817847561572331 420
1757627895998 0.2333601951427386 421
1757627896110 0.0009372784798276205 422
1757627896221 0.39543470616285376 423
1757627896325 1.3647975483655552 424
1757627896428 0.12649550254911804 425
1757627896540 0.0538058358516065 426
1757627896649 0.17048848135807 427
1757627896751 0.08010807584005203 428
1757627896852 0.01879675396112971 429
1757627896952 0.011653226290507168 430
1757627897068 0.019287007605072418 431
1757627897183 0.8189307056004375 432
1757627897296 0.25616412493981033 433
1757627897402 0.014871761295768393 434
1757627897508 2.9320258781585102 435
1757627897617 0.20915432114272514 436
1757627897742 0.0006410968314992748 437
1757627897867 0.0044485079500115494 438
1757627897976 0.005848817363455792 439
1757627898087 0.23647798321256155 440
1757627898195 0.21545901865856107 441
1757627898300 0.07785962939284578 442
1757627898403 0.01869268359536485 443
1757627898503 2.7076139552329708 444
1757627898604 0.0008048184050411228 445
1757627898710 0.08139036992101692 446
1757627898825 0.005513233722755399 447
1757627898940 0.6016224796019533 448
1757627899049 0.21390896202166426 449
1757627899151 3.996900814076365e-07 450
1757627899251 0.0005631042958378477 451
1757627899351 0.03803124402526939 452
1757627899450 0.07784313591233268 453
1757627899547 0.02511278766692619 454
1757627899648 0.06908065292111872 455
1757627899750 0.026202492341426433 456
1757627899853 0.3194445040719407 457
1757627899982 0.03565146766265074 458
1757627900091 0.01796683403367691 459
1757627900197 0.13267161646469047 460
1757627900300 0.017365813983397583 461
1757627900402 1.5081973368996822 462
1757627900502 0.015100500701740417 463
1757627900682 0.00025547581115035746 464
1757627900801 0.2554862594305441 465
1757627900913 0.4128432361992386 466
1757627901022 3.5828251370485495 467
1757627901127 0.10773324517797474 468
1757627901231 0.09825492498770522 469
1757627901359 0.4110775529281825 470
1757627901486 0.016076644276183102 471
1757627901608 0.9397592585071554 472
1757627901733 0.12293035116710557 473
1757627901861 0.037854117683072425 474
1757627901990 0.8757880478286891 475
1757627902109 0.20384269315295545 476
1757627902237 0.24254834849776782 477
1757627902364 0.8274038156567611 478
1757627902489 0.4885462471661099 479
1757627902612 0.001571385920343953 480
1757627902732 0.08013421783243123 481
1757627902853 0.6286309529354329 482
1757627902964 0.04134689287104268 483
1757627903076 0.03177925630699556 484
1757627903205 0.0004956952212519797 485
1757627903335 2.0459469955930974e-05 486
1757627903458 0.00017592606699771748 487
1757627903574 0.005285623494457149 488
1757627903684 0.03502724628900194 489
1757627903797 0.016183134736480767 490
1757627903913 0.061607749519245324 491
1757627904031 0.6478085358682044 492
1757627904144 0.006393687227060863 493
1757627904254 0.9334898752935261 494
1757627904363 0.05729148761891381 495
1757627904469 0.0015587434959335232 496
1757627904577 1.4510744556675286 497
1757627904682 0.06377790444888728 498
1757627904788 0.3401423790702499 499
