1757639655229 177.27221956995518 0
1757639655274 167.54308464230476 1
1757639655322 169.80447788826157 2
1757639655370 164.31782275862244 3
1757639655419 161.30930614713793 4
1757639655465 154.19215541251936 5
1757639655513 147.35363416184452 6
1757639655557 154.55644423766557 7
1757639655603 148.22536965885655 8
1757639655648 139.49245830482332 9
1757639655695 151.86002176498576 10
1757639655741 141.20441580568547 11
1757639655788 139.98742383811202 12
1757639655834 135.5562957190414 13
1757639655881 135.51936625510496 14
1757639655929 137.00177530828228 15
1757639655976 128.6558930716265 16
1757639656030 124.65850097882218 17
1757639656085 126.1127753850939 18
1757639656134 126.13623844569858 19
1757639656182 118.3638121490781 20
1757639656229 121.35718406261242 21
1757639656276 117.31989838138854 22
1757639656323 108.67039782039171 23
1757639656372 116.76321149288349 24
1757639656421 113.85245752121425 25
1757639656473 109.7350031229379 26
1757639656525 108.26358853429473 27
1757639656575 103.39654906493078 28
1757639656628 105.29788057995911 29
1757639656682 103.19941584614486 30
1757639656736 98.26214521261454 31
1757639656786 97.97855715794897 32
1757639656835 97.41574258437399 33
1757639656885 95.32230990477763 34
1757639656935 90.663362123744 35
1757639656986 91.96624435730224 36
1757639657037 89.96542648303475 37
1757639657088 86.16790167657908 38
1757639657138 89.42736132025568 39
1757639657189 82.7034621614306 40
1757639657239 85.91636284820514 41
1757639657289 84.80782008576604 42
1757639657338 80.77341804984354 43
1757639657389 80.25174575936222 44
1757639657439 79.04587612838601 45
1757639657489 77.18716161049839 46
1757639657538 75.19569542941164 47
1757639657587 74.38967701525036 48
1757639657638 76.95834341801338 49
1757639657701 72.0854808038937 50
1757639657756 71.30101881625792 51
1757639657806 68.4604826014618 52
1757639657855 70.23315187154355 53
1757639657906 68.2860427525839 54
1757639657957 66.88947060956893 55
1757639658008 63.69125300566142 56
1757639658058 62.72342416511779 57
1757639658109 64.98699336533286 58
1757639658158 63.03809600849142 59
1757639658209 60.8093499941486 60
1757639658265 61.54880145894923 61
1757639658314 59.709375331910756 62
1757639658364 58.472570178015836 63
1757639658415 60.426848958675244 64
1757639658466 56.462720727921514 65
1757639658520 55.600310568824625 66
1757639658569 55.566438412444946 67
1757639658619 53.7996814366138 68
1757639658675 52.92631697840306 69
1757639658728 51.71138093320404 70
1757639658782 50.95332092588733 71
1757639658832 49.23292992894674 72
1757639658884 48.16885265334693 73
1757639658934 47.11246991695681 74
1757639658985 48.60610747543516 75
1757639659035 45.26615341408409 76
1757639659083 45.692123724243615 77
1757639659135 44.31454936519925 78
1757639659184 44.582639902246434 79
1757639659234 43.89664537311587 80
1757639659284 40.18157543667441 81
1757639659332 42.30812553811116 82
1757639659381 40.55088044027744 83
1757639659433 40.05966301320139 84
1757639659482 38.87177580302703 85
1757639659531 38.7880232744958 86
1757639659581 38.33526150866278 87
1757639659631 38.100250033343634 88
1757639659681 37.62073598100644 89
1757639659732 38.200727089078455 90
1757639659783 34.903286241972026 91
1757639659832 35.82850041773644 92
1757639659882 34.35977197084845 93
1757639659934 34.29143757858384 94
1757639659984 34.86499930668902 95
1757639660034 32.74624258369146 96
1757639660084 31.964252786229665 97
1757639660135 30.85925953917426 98
1757639660185 30.986944389372997 99
1757639660236 30.275145971442868 100
1757639660287 30.592417448626456 101
1757639660336 29.352864515821004 102
1757639660386 30.02401555945316 103
1757639660439 30.138300444452877 104
1757639660489 29.059313564434845 105
1757639660538 27.209958891731038 106
1757639660588 27.70187445917138 107
1757639660640 27.306143744209738 108
1757639660693 26.75844045803006 109
1757639660747 25.24416109472795 110
1757639660799 24.66631209277781 111
1757639660850 24.786872069641802 112
1757639660900 24.867033178447393 113
1757639660952 22.83430366030258 114
1757639661003 24.06835524838796 115
1757639661055 22.916430520011573 116
1757639661106 22.286220293264 117
1757639661157 21.836030703177777 118
1757639661208 22.340112386827577 119
1757639661258 20.930695418279416 120
1757639661308 23.48127183414554 121
1757639661358 20.24361143049751 122
1757639661410 20.581636675783493 123
1757639661460 20.111083989958455 124
1757639661511 19.758687901632975 125
1757639661561 19.73028058250866 126
1757639661612 19.106070271676806 127
1757639661664 19.752719739526295 128
1757639661715 18.722914723635302 129
1757639661765 18.69355341478555 130
1757639661815 18.548807412459478 131
1757639661865 17.587760776035367 132
1757639661918 17.87034069245483 133
1757639661969 19.05410344999722 134
1757639662022 16.047479289096703 135
1757639662073 16.968061193641876 136
1757639662130 16.61623722528669 137
1757639662191 15.82721241702002 138
1757639662245 17.186998064185627 139
1757639662298 16.10060696540423 140
1757639662350 15.174538156120752 141
1757639662402 14.286744042363084 142
1757639662455 14.694833207446365 143
1757639662505 14.477221034784176 144
1757639662557 15.021110664170433 145
1757639662608 14.316781195825666 146
1757639662667 13.37941591215488 147
1757639662734 13.448002556604532 148
1757639662788 13.051394600120846 149
1757639662841 13.482827355654344 150
1757639662893 12.030956099469652 151
1757639662947 12.759914108353449 152
1757639663000 12.81467004904352 153
1757639663054 12.883806318889127 154
1757639663107 12.172564531854098 155
1757639663161 11.595866804898193 156
1757639663214 11.245546369607055 157
1757639663267 11.33475373040786 158
1757639663318 10.829159160236815 159
1757639663369 10.84914722425055 160
1757639663422 10.326274660929133 161
1757639663473 10.601271031014143 162
1757639663531 9.758556298764592 163
1757639663585 9.894742166993533 164
1757639663637 10.623859519732099 165
1757639663689 9.512173870610743 166
1757639663743 9.76259623826054 167
1757639663795 9.59255896097906 168
1757639663846 9.876752404623682 169
1757639663899 8.886399416550637 170
1757639663952 9.17554506023375 171
1757639664003 9.798034431359962 172
1757639664054 8.336409741556505 173
1757639664106 8.845818051808358 174
1757639664159 8.65476096923307 175
1757639664216 8.796315480008495 176
1757639664272 7.841114296102218 177
1757639664325 7.596755212055619 178
1757639664376 7.962558294613531 179
1757639664430 7.4757686478836565 180
1757639664482 7.751539544441245 181
1757639664534 7.52399103341632 182
1757639664586 7.504584890208421 183
1757639664639 8.098240917134557 184
1757639664694 7.305411071630344 185
1757639664747 6.815300816775362 186
1757639664809 8.277497194498743 187
1757639664862 6.533613811827649 188
1757639664916 7.238257436944532 189
1757639664969 6.161904905994719 190
1757639665021 6.474009842294776 191
1757639665073 6.457584301602098 192
1757639665125 6.3138984086108305 193
1757639665178 6.652689896666903 194
1757639665230 6.480955797044149 195
1757639665282 6.070862913753835 196
1757639665334 5.83152671538256 197
1757639665386 5.898276440280304 198
1757639665470 5.666756616091744 199
1757639665527 5.710940923948488 200
1757639665582 5.649847469872213 201
1757639665636 5.1050086542373325 202
1757639665691 5.2952332680928125 203
1757639665745 5.277488174025618 204
1757639665799 4.957294449642536 205
1757639665852 4.587897744676955 206
1757639665905 4.651999479552777 207
1757639665958 4.773639798848782 208
1757639666063 4.966511085064351 209
1757639666121 5.431982455819805 210
1757639666177 4.586347772690371 211
1757639666233 4.919487981734818 212
1757639666288 4.613190772166765 213
1757639666342 4.582650944638573 214
1757639666396 4.209098171602626 215
1757639666450 4.536930738449859 216
1757639666505 3.9756564345174334 217
1757639666558 3.9963246489893134 218
1757639666611 4.597419045772229 219
1757639666664 4.365339699450545 220
1757639666717 4.086360124585427 221
1757639666772 4.008748509347965 222
1757639666834 3.616598468789062 223
1757639666889 4.515359336498985 224
1757639666943 3.95745776333364 225
1757639666997 3.6863770115336147 226
1757639667050 3.777011568977371 227
1757639667109 3.765478853860733 228
1757639667163 3.451198406015664 229
1757639667216 3.518171737954432 230
1757639667269 3.5486179315026427 231
1757639667325 3.3868212011597816 232
1757639667379 3.1307730500332607 233
1757639667431 2.924512574008055 234
1757639667485 2.676877841135507 235
1757639667539 3.4705346574015064 236
1757639667594 3.346516455224206 237
1757639667650 2.9862315460841207 238
1757639667717 2.876977214669678 239
1757639667773 2.8725007039487958 240
1757639667828 2.7467787126390837 241
1757639667884 2.855379788439392 242
1757639667953 3.1213330537022475 243
1757639668009 2.5820056044544617 244
1757639668064 2.5922992350064287 245
1757639668120 2.667894138791678 246
1757639668175 2.601356591112619 247
1757639668301 2.857006089858773 248
1757639668356 2.4321820124447298 249
1757639668409 2.73466639915 250
1757639668462 2.3221361337153046 251
1757639668516 2.7462317360597317 252
1757639668571 2.6387898894120694 253
1757639668625 2.230725577291143 254
1757639668680 1.9093565576631064 255
1757639668734 2.201066884893898 256
1757639668788 1.9342904406179209 257
1757639668846 2.4479140471011913 258
1757639668900 2.209907657241589 259
1757639668954 1.9006169014328391 260
1757639669009 2.0251058455814777 261
1757639669062 1.885996451629754 262
1757639669117 2.054311019901368 263
1757639669170 1.9682929518083079 264
1757639669224 1.9986342952483507 265
1757639669277 1.839685804234505 266
1757639669331 2.2678764369806435 267
1757639669391 1.7906801706999018 268
1757639669444 1.9853999778137394 269
1757639669500 1.6634634751769284 270
1757639669560 2.0086594189930325 271
1757639669614 2.154605439525985 272
1757639669669 1.3674242214262917 273
1757639669724 1.5392128087095196 274
1757639669778 1.7064870648732797 275
1757639669832 1.5190252233540373 276
1757639669887 1.5542329817442415 277
1757639669941 1.214663660922879 278
1757639669996 1.6004742029411114 279
1757639670050 1.5630828523569726 280
1757639670105 1.8162820906280974 281
1757639670159 1.4548885834004717 282
1757639670214 1.388837328358663 283
1757639670267 1.4553735634659242 284
1757639670322 1.5336980714911619 285
1757639670376 1.1409109373688895 286
1757639670430 1.3591583585712055 287
1757639670487 1.3773579650307823 288
1757639670542 1.1037151534584273 289
1757639670597 1.1940149780540004 290
1757639670652 1.1857521634185149 291
1757639670707 1.2235616338007138 292
1757639670761 1.455274883464513 293
1757639670816 1.200182531071916 294
1757639670878 1.020878468629058 295
1757639670934 1.2509514010533902 296
1757639670989 0.9575414618903128 297
1757639671044 1.0943857263125825 298
1757639671099 1.1604963861959523 299
1757639671154 1.0973950004378707 300
1757639671209 1.3169270322285527 301
1757639671263 1.0259449985464317 302
1757639671318 1.15343361605885 303
1757639671373 0.9008220518317012 304
1757639671427 1.069580069840673 305
1757639671482 0.9360459388373156 306
1757639671537 1.1801880689776623 307
1757639671592 1.0432684005518365 308
1757639671646 0.9576221431580788 309
1757639671703 0.9042821174306938 310
1757639671757 1.0608320537995592 311
1757639671812 0.7321733933685304 312
1757639671868 0.6792734182752261 313
1757639671922 0.8450989813911559 314
1757639671976 0.8254653132858706 315
1757639672034 1.0754810528604897 316
1757639672093 0.743651625174057 317
1757639672167 0.8534615411999296 318
1757639672229 0.9717353586304603 319
1757639672292 0.7803798187242276 320
1757639672350 0.7139749402857658 321
1757639672407 0.7666870691379135 322
1757639672462 0.596259941934852 323
1757639672517 0.7329751526519239 324
1757639672572 0.7172502934907097 325
1757639672628 0.7362505588091361 326
1757639672699 0.7092441943825081 327
1757639672762 0.5876084191661777 328
1757639672820 0.5650414707636213 329
1757639672882 0.6145515042064396 330
1757639672943 0.72979897478677 331
1757639672999 0.9775361711137215 332
1757639673056 0.8616895201203861 333
1757639673114 0.7046182339680924 334
1757639673173 0.6206234702170228 335
1757639673228 0.7959624241578237 336
1757639673284 0.5449585904992121 337
1757639673341 0.41392089815339617 338
1757639673396 0.6580228375751374 339
1757639673451 0.7314875488344764 340
1757639673507 0.7112544660695079 341
1757639673564 0.7808804403478342 342
1757639673620 0.4686246632066309 343
1757639673676 0.5144819700087312 344
1757639673734 0.6484599013980339 345
1757639673790 0.6131746698399019 346
1757639673845 0.43359396378855986 347
1757639673902 0.5556384325527786 348
1757639673957 0.5006332106368565 349
1757639674011 0.5740916607705314 350
1757639674068 0.5666019314489403 351
1757639674125 0.6642734936466762 352
1757639674182 0.4986302859325167 353
1757639674238 0.43480354083772826 354
1757639674294 0.49105826886679804 355
1757639674350 0.6320306522894111 356
1757639674406 0.546557563410103 357
1757639674461 0.5716677648849194 358
1757639674517 0.513883042945154 359
1757639674573 0.5328874110331522 360
1757639674629 0.5832267173776964 361
1757639674688 0.6228566209513867 362
1757639674747 0.5092168303829357 363
1757639674803 0.32143893765529646 364
1757639674859 0.7159633530291237 365
1757639674920 0.43421438812391966 366
1757639674980 0.36299856337230557 367
1757639675037 0.39242066053561614 368
1757639675095 0.5147003078699256 369
1757639675151 0.2755489725153492 370
1757639675233 0.3504192165430834 371
1757639675291 0.5198826566702712 372
1757639675349 0.5078636494650273 373
1757639675407 0.37259656209334346 374
1757639675463 0.5194722358575036 375
1757639675519 0.37283512706771443 376
1757639675576 0.7172398555778279 377
1757639675633 0.47048373309214114 378
1757639675689 0.3527239189806554 379
1757639675745 0.37227484800220056 380
1757639675801 0.22398530685663795 381
1757639675857 0.37507126860586437 382
1757639675913 0.3084062620330419 383
1757639675969 0.4642895478713699 384
1757639676025 0.33911205084063945 385
1757639676083 0.32088149861046056 386
1757639676140 0.3308713361743955 387
1757639676197 0.2605285562819966 388
1757639676253 0.3460001675614693 389
1757639676310 0.32265034245075686 390
1757639676367 0.2875916241130755 391
1757639676423 0.28504318712567744 392
1757639676480 0.3806980924337943 393
1757639676543 0.24806767508654146 394
1757639676599 0.35271565132214877 395
1757639676656 0.3813173957063569 396
1757639676714 0.35647403024138363 397
1757639676771 0.2928551022545253 398
1757639676833 0.2947261361059213 399
1757639676890 0.34986989969441334 400
1757639676947 0.2988469175277148 401
1757639677013 0.3911521191291232 402
1757639677072 0.2797825003120998 403
1757639677129 0.29203530410733924 404
1757639677187 0.31083377333565454 405
1757639677244 0.517980650664051 406
1757639677301 0.4288653633705396 407
1757639677358 0.1822841972307181 408
1757639677414 0.20568923014648371 409
1757639677471 0.2129547639235986 410
1757639677529 0.27792209499705567 411
1757639677586 0.3306346603926818 412
1757639677644 0.35584948242032416 413
1757639677718 0.26140656407936125 414
1757639677779 0.19563378599432568 415
1757639677837 0.32333571332740085 416
1757639677896 0.19353682178864026 417
1757639677955 0.27662269592884947 418
1757639678014 0.26658687621234506 419
1757639678073 0.20332351368358292 420
1757639678131 0.21655632897561622 421
1757639678188 0.2421772871794778 422
1757639678246 0.2214321990845961 423
1757639678303 0.28795974871521574 424
1757639678443 0.18538249764691503 425
1757639678504 0.20419312691007593 426
1757639678564 0.22792130302275246 427
1757639678624 0.16169365752413903 428
1757639678685 0.20839380010663738 429
1757639678746 0.2980392737248547 430
1757639678806 0.22294415131804113 431
1757639678865 0.2708316697531327 432
1757639678924 0.23307749334918548 433
1757639678985 0.27522904298281836 434
1757639679047 0.2154715863753785 435
1757639679106 0.2728311026934814 436
1757639679166 0.22131141978788632 437
1757639679224 0.2500536138068518 438
1757639679282 0.17712141172441034 439
1757639679339 0.1786868303162072 440
1757639679396 0.16963132472847522 441
1757639679455 0.2233875783917544 442
1757639679511 0.09008594387502064 443
1757639679569 0.18139176840671134 444
1757639679627 0.2734941678450293 445
1757639679686 0.28444036770325665 446
1757639679743 0.23401038641985242 447
1757639679801 0.2937040653542815 448
1757639679858 0.25562012910742343 449
1757639679916 0.26480840776558145 450
1757639679973 0.2423184732690321 451
1757639680030 0.18789327046210968 452
1757639680088 0.21370770631750566 453
1757639680146 0.17415288215118552 454
1757639680204 0.21022641763147304 455
1757639680261 0.25923607388764575 456
1757639680319 0.24390772652099693 457
1757639680377 0.2209331364163917 458
1757639680435 0.1810301876789161 459
1757639680495 0.13663293678948488 460
1757639680554 0.21518439819089147 461
1757639680612 0.19205070612669464 462
1757639680670 0.11781625651267148 463
1757639680729 0.2350734068605293 464
1757639680788 0.1561826256937519 465
1757639680848 0.16825634777281062 466
1757639680911 0.20436290742529148 467
1757639680972 0.1277170702177963 468
1757639681034 0.14963302683434365 469
1757639681095 0.14713242976796206 470
1757639681155 0.15206092307636165 471
1757639681213 0.1845022982780018 472
1757639681271 0.19480369367005604 473
1757639681330 0.309723897619148 474
1757639681388 0.16892227264962537 475
1757639681445 0.20109579815953255 476
1757639681503 0.13993669251088803 477
1757639681561 0.20731942510109755 478
1757639681620 0.17562818326162857 479
1757639681679 0.15732547352204865 480
1757639681739 0.20498785568121375 481
1757639681798 0.08604973861565327 482
1757639681858 0.140509675710701 483
1757639681917 0.21444488557072805 484
1757639681976 0.11556778475005464 485
1757639682033 0.12843015439115646 486
1757639682091 0.1509809357436745 487
1757639682165 0.12997442423483216 488
1757639682227 0.15994343561989693 489
1757639682287 0.16162651666645877 490
1757639682348 0.21419601826494847 491
1757639682406 0.10045168118442814 492
1757639682465 0.19130367348362462 493
1757639682523 0.1691551605261673 494
1757639682581 0.13242057575878746 495
1757639682640 0.17606739233211782 496
1757639682717 0.21924325402047218 497
1757639682779 0.2116384942631651 498
1757639682839 0.15284440403342084 499
