1757640927357 168.87672819721146 0
1757640927412 168.84299363333614 1
1757640927462 168.80926582294197 2
1757640927514 168.77554476467304 3
1757640927569 168.74183045717382 4
1757640927629 168.70812289908903 5
1757640927680 168.67442208906363 6
1757640927730 168.64072802574287 7
1757640927781 168.60704070777237 8
1757640927832 168.5733601337978 9
1757640927902 168.53968630246533 10
1757640927955 168.50601921242128 11
1757640928006 168.4723588623123 12
1757640928057 168.43870525078526 13
1757640928108 168.40505837648737 14
1757640928160 168.37141823806598 15
1757640928211 168.33778483416896 16
1757640928262 168.30415816344419 17
1757640928313 168.27053822454 18
1757640928363 168.23692501610483 19
1757640928413 168.20331853678766 20
1757640928463 168.1697187852374 21
1757640928513 168.13612576010354 22
1757640928565 168.10253946003562 23
1757640928616 168.06895988368362 24
1757640928666 168.03538702969763 25
1757640928717 168.00182089672825 26
1757640928768 167.96826148342603 27
1757640928819 167.93470878844204 28
1757640928871 167.9011628104276 29
1757640928923 167.86762354803417 30
1757640928975 167.83409099991363 31
1757640929025 167.800565164718 32
1757640929076 167.76704604109972 33
1757640929127 167.73353362771135 34
1757640929177 167.7000279232058 35
1757640929225 167.6665289262363 36
1757640929275 167.63303663545625 37
1757640929326 167.5995510495194 38
1757640929377 167.5660721670797 39
1757640929426 167.53259998679147 40
1757640929477 167.4991345073092 41
1757640929528 167.46567572728773 42
1757640929584 167.43222364538215 43
1757640929642 167.39877826024775 44
1757640929695 167.3653395705402 45
1757640929745 167.33190757491542 46
1757640929797 167.29848227202953 47
1757640929849 167.26506366053897 48
1757640929903 167.2316517391005 49
1757640929955 167.19824650637105 50
1757640930007 167.16484796100792 51
1757640930057 167.1314561016686 52
1757640930109 167.0980709270109 53
1757640930159 167.06469243569288 54
1757640930211 167.03132062637286 55
1757640930261 166.9979554977095 56
1757640930310 166.96459704836167 57
1757640930360 166.93124527698853 58
1757640930413 166.89790018224943 59
1757640930465 166.8645617628041 60
1757640930516 166.83123001731258 61
1757640930567 166.797904944435 62
1757640930619 166.76458654283195 63
1757640930670 166.73127481116413 64
1757640930719 166.69796974809267 65
1757640930770 166.66467135227882 66
1757640930821 166.63137962238423 67
1757640930871 166.59809455707068 68
1757640930922 166.5648161550004 69
1757640930971 166.53154441483568 70
1757640931023 166.4982793352393 71
1757640931075 166.46502091487412 72
1757640931126 166.43176915240338 73
1757640931176 166.3985240464906 74
1757640931227 166.36528559579943 75
1757640931284 166.33205379899402 76
1757640931335 166.29882865473854 77
1757640931388 166.2656101616977 78
1757640931438 166.23239831853616 79
1757640931489 166.19919312391914 80
1757640931545 166.165994576512 81
1757640931598 166.1328026749803 82
1757640931653 166.09961741799006 83
1757640931710 166.06643880420737 84
1757640931763 166.03326683229872 85
1757640931818 166.00010150093084 86
1757640931870 165.9669428087707 87
1757640931923 165.93379075448559 88
1757640931976 165.90064533674303 89
1757640932030 165.86750655421073 90
1757640932081 165.83437440555684 91
1757640932133 165.80124888944968 92
1757640932185 165.7681300045579 93
1757640932237 165.7350177495503 94
1757640932288 165.70191212309604 95
1757640932341 165.66881312386454 96
1757640932393 165.6357207505255 97
1757640932444 165.60263500174884 98
1757640932533 165.5695558762048 99
1757640932588 165.53648337256382 100
1757640932642 165.5034174894967 101
1757640932695 165.4703582256745 102
1757640932749 165.4373055797684 103
1757640932802 165.40425955045006 104
1757640932864 165.37122013639132 105
1757640932928 165.33818733626416 106
1757640932983 165.30516114874106 107
1757640933035 165.27214157249463 108
1757640933089 165.23912860619777 109
1757640933142 165.20612224852357 110
1757640933194 165.17312249814557 111
1757640933251 165.14012935373748 112
1757640933305 165.1071428139732 113
1757640933361 165.07416287752702 114
1757640933416 165.04118954307344 115
1757640933470 165.00822280928725 116
1757640933524 164.97526267484352 117
1757640933577 164.9423091384175 118
1757640933632 164.90936219868482 119
1757640933688 164.87642185432128 120
1757640933745 164.84348810400306 121
1757640933797 164.81056094640653 122
1757640933852 164.7776403802083 123
1757640933905 164.74472640408536 124
1757640933963 164.7118190167148 125
1757640934017 164.6789182167742 126
1757640934070 164.64602400294118 127
1757640934124 164.61313637389372 128
1757640934177 164.58025532831016 129
1757640934230 164.54738086486898 130
1757640934284 164.5145129822489 131
1757640934337 164.48165167912913 132
1757640934392 164.44879695418885 133
1757640934444 164.41594880610774 134
1757640934497 164.38310723356565 135
1757640934551 164.35027223524264 136
1757640934603 164.31744380981917 137
1757640934656 164.28462195597584 138
1757640934709 164.2518066723936 139
1757640934761 164.21899795775366 140
1757640934813 164.18619581073744 141
1757640934865 164.15340023002673 142
1757640934917 164.12061121430344 143
1757640934970 164.08782876224987 144
1757640935024 164.05505287254852 145
1757640935080 164.0222835438822 146
1757640935132 163.98952077493396 147
1757640935186 163.9567645643871 148
1757640935249 163.92401491092525 149
1757640935303 163.8912718132322 150
1757640935361 163.85853526999213 151
1757640935422 163.82580527988938 152
1757640935479 163.79308184160865 153
1757640935534 163.7603649538348 154
1757640935588 163.72765461525304 155
1757640935642 163.69495082454884 156
1757640935695 163.66225358040785 157
1757640935759 163.6295628815161 158
1757640935814 163.59687872655985 159
1757640935868 163.56420111422557 160
1757640935923 163.53153004319998 161
1757640935977 163.49886551217028 162
1757640936029 163.46620751982363 163
1757640936083 163.43355606484766 164
1757640936137 163.40091114593022 165
1757640936191 163.36827276175936 166
1757640936244 163.3356409110235 167
1757640936297 163.3030155924112 168
1757640936351 163.27039680461147 169
1757640936404 163.23778454631335 170
1757640936458 163.20517881620637 171
1757640936512 163.17257961298014 172
1757640936565 163.13998693532466 173
1757640936618 163.10740078193012 174
1757640936675 163.07482115148701 175
1757640936729 163.0422480426861 176
1757640936783 163.0096814542184 177
1757640936837 162.9771213847752 178
1757640936892 162.94456783304798 179
1757640936948 162.91202079772862 180
1757640937002 162.87948027750917 181
1757640937057 162.84694627108195 182
1757640937109 162.81441877713954 183
1757640937163 162.78189779437486 184
1757640937217 162.74938332148096 185
1757640937272 162.71687535715134 186
1757640937326 162.68437390007955 187
1757640937379 162.6518789489596 188
1757640937435 162.6193905024856 189
1757640937489 162.58690855935203 190
1757640937554 162.5544331182536 191
1757640937627 162.52196417788528 192
1757640937682 162.48950173694232 193
1757640937736 162.4570457941202 194
1757640937798 162.4245963481147 195
1757640937931 162.39215339762188 196
1757640937996 162.35971694133795 197
1757640938056 162.32728697795957 198
1757640938114 162.29486350618348 199
1757640938171 162.26244652470675 200
1757640938230 162.23003603222682 201
1757640938285 162.19763202744122 202
1757640938341 162.16523450904782 203
1757640938397 162.13284347574478 204
1757640938453 162.10045892623054 205
1757640938510 162.0680808592037 206
1757640938565 162.03570927336318 207
1757640938621 162.0033441674082 208
1757640938676 161.9709855400382 209
1757640938732 161.9386333899529 210
1757640938787 161.90628771585227 211
1757640938842 161.87394851643649 212
1757640938897 161.84161579040617 213
1757640938953 161.809289536462 214
1757640939011 161.77696975330494 215
1757640939067 161.74465643963646 216
1757640939122 161.71234959415798 217
1757640939178 161.68004921557133 218
1757640939234 161.64775530257856 219
1757640939289 161.61546785388208 220
1757640939344 161.5831868681844 221
1757640939398 161.5509123441885 222
1757640939452 161.51864428059733 223
1757640939507 161.48638267611446 224
1757640939562 161.45412752944344 225
1757640939616 161.42187883928815 226
1757640939671 161.38963660435283 227
1757640939729 161.35740082334186 228
1757640939799 161.32517149496 229
1757640939861 161.2929486179121 230
1757640939919 161.2607321909034 231
1757640939976 161.2285222126395 232
1757640940037 161.19631868182603 233
1757640940094 161.164121597169 234
1757640940150 161.13193095737472 235
1757640940208 161.09974676114965 236
1757640940264 161.06756900720066 237
1757640940320 161.0353976942347 238
1757640940375 161.0032328209591 239
1757640940432 160.97107438608148 240
1757640940488 160.93892238830963 241
1757640940545 160.9067768263517 242
1757640940607 160.87463769891593 243
1757640940664 160.842505004711 244
1757640940721 160.8103787424458 245
1757640940778 160.77825891082944 246
1757640940839 160.7461455085713 247
1757640940893 160.71403853438105 248
1757640940948 160.68193798696868 249
1757640941004 160.64984386504426 250
1757640941061 160.6177561673182 251
1757640941116 160.58567489250132 252
1757640941172 160.5536000393045 253
1757640941228 160.521531606439 254
1757640941284 160.4894695926163 255
1757640941339 160.45741399654807 256
1757640941395 160.42536481694634 257
1757640941450 160.39332205252344 258
1757640941505 160.36128570199185 259
1757640941561 160.32925576406427 260
1757640941616 160.2972322374538 261
1757640941670 160.26521512087385 262
1757640941727 160.23320441303775 263
1757640941785 160.2012001126595 264
1757640941847 160.16920221845314 265
1757640941907 160.13721072913296 266
1757640941964 160.1052256434136 267
1757640942020 160.0732469600099 268
1757640942076 160.041274677637 269
1757640942132 160.00930879501024 270
1757640942188 159.97734931084534 271
1757640942243 159.94539622385804 272
1757640942297 159.91344953276464 273
1757640942355 159.88150923628154 274
1757640942411 159.84957533312533 275
1757640942473 159.81764782201302 276
1757640942540 159.78572670166173 277
1757640942597 159.753811970789 278
1757640942654 159.72190362811247 279
1757640942711 159.69000167235015 280
1757640942774 159.65810610222024 281
1757640942835 159.62621691644128 282
1757640942908 159.59433411373195 283
1757640942968 159.56245769281128 284
1757640943026 159.5305876523985 285
1757640943083 159.4987239912132 286
1757640943141 159.46686670797516 287
1757640943198 159.43501580140435 288
1757640943255 159.40317127022107 289
1757640943313 159.37133311314594 290
1757640943370 159.33950132889976 291
1757640943427 159.30767591620355 292
1757640943486 159.2758568737787 293
1757640943545 159.2440442003468 294
1757640943602 159.21223789462968 295
1757640943660 159.18043795534936 296
1757640943717 159.14864438122837 297
1757640943775 159.1168571709892 298
1757640943833 159.0850763233548 299
1757640943895 159.05330183704828 300
1757640943953 159.02153371079302 301
1757640944011 158.9897719433127 302
1757640944070 158.95801653333123 303
1757640944126 158.92626747957277 304
1757640944182 158.89452478076174 305
1757640944240 158.86278843562286 306
1757640944296 158.83105844288104 307
1757640944352 158.79933480126147 308
1757640944409 158.7676175094896 309
1757640944465 158.73590656629116 310
1757640944521 158.70420197039218 311
1757640944579 158.6725037205188 312
1757640944636 158.6408118153975 313
1757640944693 158.60912625375508 314
1757640944750 158.57744703431857 315
1757640944807 158.54577415581514 316
1757640944864 158.51410761697232 317
1757640944919 158.48244741651797 318
1757640944976 158.45079355317998 319
1757640945035 158.41914602568676 320
1757640945092 158.38750483276675 321
1757640945149 158.35586997314883 322
1757640945206 158.32424144556202 323
1757640945264 158.29261924873563 324
1757640945320 158.26100338139923 325
1757640945377 158.2293938422826 326
1757640945435 158.19779063011592 327
1757640945492 158.16619374362946 328
1757640945549 158.13460318155384 329
1757640945605 158.10301894261988 330
1757640945662 158.07144102555873 331
1757640945745 158.0398694291017 332
1757640945806 158.00830415198047 333
1757640945866 157.97674519292687 334
1757640945933 157.94519255067303 335
1757640945993 157.9136462239514 336
1757640946051 157.88210621149452 337
1757640946110 157.8505725120354 338
1757640946168 157.8190451243071 339
1757640946226 157.78752404704306 340
1757640946286 157.75600927897696 341
1757640946345 157.72450081884273 342
1757640946403 157.69299866537455 343
1757640946462 157.66150281730683 344
1757640946521 157.63001327337426 345
1757640946579 157.59853003231183 346
1757640946643 157.56705309285468 347
1757640946701 157.5355824537383 348
1757640946757 157.50411811369835 349
1757640946815 157.4726600714709 350
1757640946873 157.44120832579205 351
1757640946930 157.40976287539837 352
1757640946987 157.37832371902658 353
1757640947046 157.3468908554136 354
1757640947104 157.31546428329673 355
1757640947162 157.2840440014135 356
1757640947219 157.2526300085015 357
1757640947277 157.22122230329896 358
1757640947334 157.189820884544 359
1757640947393 157.15842575097514 360
1757640947451 157.1270369013312 361
1757640947509 157.09565433435117 362
1757640947568 157.06427804877433 363
1757640947625 157.03290804334026 364
1757640947682 157.00154431678868 365
1757640947740 156.97018686785972 366
1757640947798 156.9388356952936 367
1757640947861 156.90749079783086 368
1757640947931 156.8761521742124 369
1757640947995 156.84481982317922 370
1757640948056 156.8134937434726 371
1757640948116 156.78217393383417 372
1757640948175 156.75086039300578 373
1757640948234 156.71955311972945 374
1757640948293 156.68825211274748 375
1757640948352 156.65695737080253 376
1757640948411 156.6256688926374 377
1757640948471 156.59438667699519 378
1757640948531 156.56311072261923 379
1757640948591 156.53184102825315 380
1757640948650 156.5005775926408 381
1757640948708 156.46932041452624 382
1757640948766 156.43806949265388 383
1757640948824 156.40682482576835 384
1757640948883 156.3755864126145 385
1757640948942 156.34435425193738 386
1757640948999 156.31312834248249 387
1757640949059 156.28190868299532 388
1757640949117 156.25069527222195 389
1757640949175 156.21948810890828 390
1757640949234 156.18828719180087 391
1757640949293 156.15709251964623 392
1757640949351 156.1259040911914 393
1757640949410 156.09472190518338 394
1757640949468 156.06354596036968 395
1757640949525 156.03237625549792 396
1757640949584 156.00121278931596 397
1757640949643 155.97005556057204 398
1757640949701 155.93890456801452 399
1757640949759 155.90775981039204 400
1757640949819 155.87662128645357 401
1757640949877 155.84548899494825 402
1757640949935 155.81436293462548 403
1757640949999 155.783243104235 404
1757640950060 155.75212950252669 405
1757640950119 155.72102212825072 406
1757640950180 155.68992098015752 407
1757640950238 155.6588260569978 408
1757640950296 155.6277373575225 409
1757640950374 155.59665488048282 410
1757640950444 155.56557862463012 411
1757640950505 155.5345085887162 412
1757640950566 155.50344477149287 413
1757640950626 155.47238717171248 414
1757640950692 155.44133578812733 415
1757640950752 155.4102906194902 416
1757640950813 155.3792516645541 417
1757640950874 155.34821892207208 418
1757640950935 155.31719239079774 419
1757640950995 155.2861720694847 420
1757640951055 155.25515795688696 421
1757640951114 155.22415005175867 422
1757640951173 155.19314835285437 423
1757640951231 155.16215285892875 424
1757640951291 155.1311635687367 425
1757640951350 155.1001804810335 426
1757640951409 155.06920359457467 427
1757640951469 155.03823290811584 428
1757640951527 155.00726842041297 429
1757640951671 154.97631013022237 430
1757640951734 154.94535803630046 431
1757640951795 154.91441213740393 432
1757640951858 154.88347243228978 433
1757640951919 154.85253891971527 434
1757640951981 154.82161159843778 435
1757640952048 154.79069046721517 436
1757640952109 154.7597755248053 437
1757640952170 154.72886676996646 438
1757640952231 154.69796420145707 439
1757640952292 154.66706781803592 440
1757640952353 154.636177618462 441
1757640952414 154.60529360149445 442
1757640952480 154.57441576589284 443
1757640952549 154.54354411041686 444
1757640952612 154.51267863382645 445
1757640952673 154.48181933488198 446
1757640952734 154.4509662123438 447
1757640952794 154.42011926497264 448
1757640952862 154.38927849152952 449
1757640952935 154.3584438907757 450
1757640953000 154.32761546147262 451
1757640953063 154.29679320238208 452
1757640953125 154.26597711226592 453
1757640953186 154.2351671898865 454
1757640953247 154.2043634340063 455
1757640953308 154.17356584338796 456
1757640953370 154.14277441679454 457
1757640953431 154.11198915298922 458
1757640953492 154.08121005073548 459
1757640953556 154.05043710879713 460
1757640953617 154.01967032593808 461
1757640953678 153.98890970092256 462
1757640953739 153.95815523251505 463
1757640953800 153.92740691948032 464
1757640953859 153.89666476058326 465
1757640953920 153.86592875458922 466
1757640953981 153.83519890026355 467
1757640954041 153.80447519637204 468
1757640954107 153.77375764168067 469
1757640954169 153.7430462349556 470
1757640954231 153.71234097496344 471
1757640954291 153.68164186047076 472
1757640954351 153.65094889024462 473
1757640954412 153.6202620630522 474
1757640954472 153.58958137766098 475
1757640954533 153.55890683283863 476
1757640954593 153.5282384273532 477
1757640954654 153.49757615997285 478
1757640954714 153.46692002946605 479
1757640954774 153.43627003460153 480
1757640954835 153.40562617414824 481
1757640954896 153.37498844687536 482
1757640954958 153.34435685155236 483
1757640955021 153.31373138694897 484
1757640955082 153.28311205183513 485
1757640955141 153.25249884498106 486
1757640955202 153.22189176515715 487
1757640955263 153.19129081113417 488
1757640955323 153.160695981683 489
1757640955383 153.1301072755749 490
1757640955445 153.09952469158122 491
1757640955505 153.06894822847374 492
1757640955565 153.03837788502432 493
1757640955625 153.00781366000527 494
1757640955685 152.97725555218886 495
1757640955745 152.94670356034794 496
1757640955806 152.9161576832553 497
1757640955866 152.88561791968414 498
1757640955926 152.85508426840795 499
