1757648877710 169.35337134490703 0
1757648877768 169.01367422288462 1
1757648877821 168.6750136020177 2
1757648877878 168.3370328743008 3
1757648877934 167.99973067281573 4
1757648877989 167.66310563339704 5
1757648878042 167.32715639462668 6
1757648878096 166.9918815978284 7
1757648878148 166.65727988706206 8
1757648878203 166.32334990911824 9
1757648878263 165.9900903135128 10
1757648878324 165.65749975248113 11
1757648878384 165.32557688097296 12
1757648878447 164.9943203566467 13
1757648878506 164.66372883986406 14
1757648878559 164.3338009936844 15
1757648878612 164.00453548385966 16
1757648878670 163.6759309788285 17
1757648878736 163.3479861497113 18
1757648878793 163.02069967030434 19
1757648878848 162.6940702170747 20
1757648878902 162.36809646915484 21
1757648878959 162.04277710833696 22
1757648879014 161.71811081906796 23
1757648879068 161.3940962884439 24
1757648879121 161.07073220620472 25
1757648879177 160.74801726472901 26
1757648879229 160.42595015902828 27
1757648879285 160.10452958674213 28
1757648879338 159.78375424813277 29
1757648879396 159.46362284607963 30
1757648879450 159.14413408607416 31
1757648879518 158.8252866762146 32
1757648879591 158.50707932720064 33
1757648879644 158.1895107523283 34
1757648879705 157.8725796674844 35
1757648879761 157.5562847911417 36
1757648879814 157.24062484435362 37
1757648879866 156.92559855074865 38
1757648879919 156.61120463652557 39
1757648879972 156.2974418304482 40
1757648880025 155.9843088638401 41
1757648880080 155.67180447057942 42
1757648880132 155.35992738709382 43
1757648880193 155.04867635235527 44
1757648880260 154.73805010787495 45
1757648880319 154.42804739769824 46
1757648880380 154.11866696839925 47
1757648880435 153.8099075690761 48
1757648880495 153.5017679513457 49
1757648880556 153.19424686933857 50
1757648880614 152.8873430796939 51
1757648880674 152.58105534155433 52
1757648880737 152.27538241656126 53
1757648880799 151.97032306884927 54
1757648880855 151.6658760650415 55
1757648880912 151.36204017424458 56
1757648880969 151.0588141680434 57
1757648881024 150.75619682049637 58
1757648881078 150.4541869081302 59
1757648881131 150.1527832099352 60
1757648881185 149.85198450735993 61
1757648881242 149.55178958430668 62
1757648881301 149.25219722712617 63
1757648881358 148.95320622461276 64
1757648881414 148.6548153679995 65
1757648881472 148.35702345095325 66
1757648881528 148.0598292695696 67
1757648881585 147.76323162236827 68
1757648881641 147.46722931028796 69
1757648881696 147.17182113668156 70
1757648881751 146.87700590731131 71
1757648881806 146.5827824303438 72
1757648881860 146.28914951634545 73
1757648881915 145.99610597827726 74
1757648881983 145.70365063149023 75
1757648882048 145.41178229372042 76
1757648882104 145.12049978508432 77
1757648882159 144.82980192807386 78
1757648882214 144.53968754755167 79
1757648882269 144.25015547074625 80
1757648882322 143.9612045272474 81
1757648882377 143.6728335490012 82
1757648882432 143.38504137030546 83
1757648882486 143.09782682780474 84
1757648882541 142.81118876048598 85
1757648882596 142.52512600967336 86
1757648882651 142.23963741902395 87
1757648882706 141.95472183452264 88
1757648882761 141.6703781044779 89
1757648882822 141.38660507951658 90
1757648882876 141.10340161257972 91
1757648882931 140.82076655891746 92
1757648882986 140.5386987760847 93
1757648883042 140.2571971239362 94
1757648883097 139.97626046462233 95
1757648883152 139.69588766258386 96
1757648883212 139.41607758454782 97
1757648883267 139.1368290995227 98
1757648883321 138.85814107879398 99
1757648883376 138.58001239591917 100
1757648883434 138.30244192672373 101
1757648883488 138.02542854929627 102
1757648883543 137.7489711439837 103
1757648883598 137.4730685933872 104
1757648883653 137.19771978235738 105
1757648883708 136.9229235979896 106
1757648883763 136.64867892962 107
1757648883818 136.37498466882013 108
1757648883873 136.10183970939326 109
1757648883928 135.82924294736944 110
1757648883982 135.55719328100108 111
1757648884037 135.28568961075848 112
1757648884090 135.01473083932535 113
1757648884147 134.74431587159452 114
1757648884202 134.47444361466316 115
1757648884256 134.2051129778285 116
1757648884311 133.93632287258353 117
1757648884366 133.66807221261234 118
1757648884420 133.40035991378573 119
1757648884481 133.13318489415704 120
1757648884547 132.86654607395747 121
1757648884603 132.60044237559183 122
1757648884659 132.33487272363405 123
1757648884715 132.06983604482295 124
1757648884772 131.8053312680578 125
1757648884832 131.5413573243939 126
1757648884890 131.27791314703836 127
1757648884971 131.01499767134564 128
1757648885041 130.7526098348133 129
1757648885098 130.49074857707768 130
1757648885154 130.22941283990946 131
1757648885210 129.96860156720962 132
1757648885266 129.70831370500477 133
1757648885322 129.44854820144326 134
1757648885378 129.18930400679056 135
1757648885433 128.9305800734253 136
1757648885489 128.67237535583467 137
1757648885546 128.41468881061047 138
1757648885603 128.1575193964448 139
1757648885659 127.90086607412557 140
1757648885715 127.64472780653263 141
1757648885772 127.38910355863332 142
1757648885842 127.1339922974784 143
1757648885900 126.87939299219775 144
1757648885962 126.6253046139962 145
1757648886019 126.3717261361493 146
1757648886076 126.11865653399937 147
1757648886133 125.86609478495097 148
1757648886189 125.61403986846702 149
1757648886245 125.36249076606457 150
1757648886301 125.11144646131066 151
1757648886357 124.86090593981808 152
1757648886413 124.61086818924153 153
1757648886468 124.36133219927308 154
1757648886524 124.11229696163848 155
1757648886581 123.86376147009277 156
1757648886637 123.6157247204163 157
1757648886693 123.36818571041074 158
1757648886750 123.12114343989478 159
1757648886806 122.87459691070026 160
1757648886867 122.62854512666796 161
1757648886924 122.38298709364372 162
1757648886981 122.1379218194742 163
1757648887038 121.893348314003 164
1757648887094 121.64926558906664 165
1757648887152 121.40567265849037 166
1757648887208 121.1625685380843 167
1757648887263 120.91995224563945 168
1757648887320 120.67782280092354 169
1757648887375 120.43617922567726 170
1757648887431 120.19502054361013 171
1757648887489 119.95434578039655 172
1757648887544 119.71415396367185 173
1757648887601 119.4744441230284 174
1757648887657 119.23521529001155 175
1757648887713 118.99646649811578 176
1757648887769 118.75819678278077 177
1757648887825 118.52040518138737 178
1757648887891 118.28309073325387 179
1757648888019 118.04625247963187 180
1757648888105 117.80988946370259 181
1757648888167 117.57400073057283 182
1757648888231 117.33858532727123 183
1757648888292 117.1036423027442 184
1757648888352 116.86917070785226 185
1757648888411 116.63516959536605 186
1757648888468 116.4016380199625 187
1757648888525 116.16857503822104 188
1757648888582 115.93597970861966 189
1757648888639 115.70385109153122 190
1757648888696 115.47218824921951 191
1757648888752 115.24099024583552 192
1757648888810 115.01025614741357 193
1757648888867 114.77998502186756 194
1757648888929 114.55017593898712 195
1757648888986 114.32082797043397 196
1757648889043 114.09194018973794 197
1757648889101 113.86351167229334 198
1757648889158 113.63554149535524 199
1757648889215 113.40802873803554 200
1757648889273 113.18097248129942 201
1757648889331 112.9543718079615 202
1757648889389 112.7282258026821 203
1757648889446 112.50253355196358 204
1757648889513 112.27729414414657 205
1757648889575 112.05250666940637 206
1757648889633 111.82817021974904 207
1757648889690 111.60428388900795 208
1757648889747 111.38084677283996 209
1757648889804 111.15785796872171 210
1757648889861 110.93531657594612 211
1757648889919 110.71322169561849 212
1757648889977 110.49157243065312 213
1757648890035 110.27036788576939 214
1757648890092 110.0496071674883 215
1757648890150 109.82928938412884 216
1757648890207 109.60941364580424 217
1757648890265 109.38997906441847 218
1757648890322 109.17098475366255 219
1757648890378 108.952429829011 220
1757648890435 108.73431340771823 221
1757648890492 108.51663460881498 222
1757648890550 108.29939255310465 223
1757648890608 108.0825863631598 224
1757648890665 107.86621516331866 225
1757648890722 107.65027807968131 226
1757648890779 107.43477424010646 227
1757648890836 107.21970277420763 228
1757648890893 107.0050628133498 229
1757648890957 106.79085349064576 230
1757648891015 106.57707394095264 231
1757648891073 106.36372330086841 232
1757648891131 106.15080070872831 233
1757648891188 105.93830530460139 234
1757648891246 105.72623623028704 235
1757648891303 105.51459262931142 236
1757648891360 105.3033736469241 237
1757648891417 105.09257843009445 238
1757648891475 104.88220612750823 239
1757648891532 104.6722558895642 240
1757648891588 104.4627268683706 241
1757648891647 104.25361821774163 242
1757648891704 104.04492909319418 243
1757648891761 103.83665865194429 244
1757648891818 103.62880605290371 245
1757648891875 103.42137045667653 246
1757648891935 103.21435102555576 247
1757648891991 103.00774692351993 248
1757648892049 102.80155731622966 249
1757648892107 102.59578137102433 250
1757648892165 102.3904182569186 251
1757648892222 102.18546714459913 252
1757648892280 101.98092720642117 253
1757648892337 101.7767976164052 254
1757648892396 101.57307755023356 255
1757648892453 101.3697661852471 256
1757648892511 101.16686270044187 257
1757648892569 100.96436627646577 258
1757648892626 100.76227609561518 259
1757648892684 100.56059134183167 260
1757648892741 100.35931120069874 261
1757648892798 100.1584348594384 262
1757648892861 99.95796150690794 263
1757648892919 99.75789033359659 264
1757648892983 99.55822053162231 265
1757648893042 99.35895129472841 266
1757648893101 99.16008181828032 267
1757648893163 98.96161129926236 268
1757648893220 98.76353893627436 269
1757648893278 98.56586392952858 270
1757648893336 98.36858548084625 271
1757648893394 98.17170279365452 272
1757648893453 97.9752150729831 273
1757648893511 97.77912152546108 274
1757648893569 97.58342135931369 275
1757648893627 97.38811378435912 276
1757648893685 97.1931980120052 277
1757648893743 96.99867325524637 278
1757648893802 96.80453872866033 279
1757648893859 96.61079364840492 280
1757648893918 96.41743723221491 281
1757648893975 96.22446869939888 282
1757648894033 96.03188727083592 283
1757648894092 95.8396921689726 284
1757648894150 95.64788261781979 285
1757648894208 95.45645784294939 286
1757648894266 95.26541707149131 287
1757648894324 95.07475953213033 288
1757648894383 94.88448445510284 289
1757648894441 94.69459107219382 290
1757648894510 94.50507861673377 291
1757648894575 94.31594632359545 292
1757648894634 94.12719342919087 293
1757648894694 93.93881917146811 294
1757648894753 93.75082278990838 295
1757648894811 93.56320352552272 296
1757648894870 93.37596062084909 297
1757648894941 93.18909331994918 298
1757648895005 93.00260086840544 299
1757648895065 92.81648251331788 300
1757648895124 92.6307375033012 301
1757648895184 92.44536508848152 302
1757648895244 92.26036452049352 303
1757648895303 92.07573505247728 304
1757648895362 91.89147593907532 305
1757648895422 91.70758643642951 306
1757648895482 91.52406580217811 307
1757648895543 91.34091329545271 308
1757648895603 91.15812817687522 309
1757648895662 90.97570970855492 310
1757648895720 90.79365715408538 311
1757648895779 90.61196977854156 312
1757648895837 90.43064684847677 313
1757648895896 90.24968763191966 314
1757648895956 90.0690913983713 315
1757648896015 89.88885741880225 316
1757648896074 89.70898496564945 317
1757648896132 89.52947331281347 318
1757648896191 89.35032173565538 319
1757648896250 89.17152951099393 320
1757648896309 88.99309591710252 321
1757648896367 88.8150202337063 322
1757648896427 88.63730174197934 323
1757648896486 88.45993972454154 324
1757648896544 88.28293346545584 325
1757648896604 88.10628225022526 326
1757648896663 87.92998536579005 327
1757648896723 87.7540421005247 328
1757648896781 87.57845174423515 329
1757648896840 87.40321358815586 330
1757648896899 87.22832692494691 331
1757648896960 87.0537910486912 332
1757648897027 86.87960525489146 333
1757648897088 86.70576884046753 334
1757648897149 86.5322811037534 335
1757648897210 86.35914134449443 336
1757648897270 86.18634886384444 337
1757648897329 86.01390296436293 338
1757648897389 85.84180295001224 339
1757648897450 85.67004812615464 340
1757648897510 85.49863779954964 341
1757648897569 85.32757127835114 342
1757648897629 85.15684787210448 343
1757648897688 84.98646689174387 344
1757648897747 84.81642764958941 345
1757648897806 84.64672945934436 346
1757648897865 84.47737163609231 347
1757648897924 84.30835349629454 348
1757648897985 84.13967435778706 349
1757648898044 83.97133353977796 350
1757648898103 83.8033303628446 351
1757648898162 83.63566414893086 352
1757648898222 83.46833422134439 353
1757648898281 83.30133990475385 354
1757648898340 83.13468052518618 355
1757648898400 82.96835541002389 356
1757648898460 82.80236388800223 357
1757648898520 82.63670528920662 358
1757648898579 82.47137894506977 359
1757648898639 82.3063841883691 360
1757648898699 82.1417203532239 361
1757648898758 81.97738677509274 362
1757648898817 81.81338279077076 363
1757648898877 81.64970773838687 364
1757648898937 81.48636095740116 365
1757648898996 81.32334178860225 366
1757648899059 81.1606495741045 367
1757648899238 80.99828365734541 368
1757648899306 80.83624338308294 369
1757648899371 80.67452809739287 370
1757648899437 80.51313714766611 371
1757648899509 80.35206988260609 372
1757648899579 80.19132565222608 373
1757648899643 80.03090380784651 374
1757648899708 79.8708037020925 375
1757648899770 79.71102468889106 376
1757648899831 79.55156612346846 377
1757648899894 79.39242736234785 378
1757648899955 79.2336077633463 379
1757648900018 79.07510668557249 380
1757648900081 78.91692348942395 381
1757648900143 78.7590575365845 382
1757648900205 78.60150819002169 383
1757648900267 78.44427481398415 384
1757648900329 78.28735677399906 385
1757648900390 78.13075343686953 386
1757648900452 77.97446417067215 387
1757648900513 77.81848834475421 388
1757648900576 77.66282532973139 389
1757648900638 77.50747449748496 390
1757648900699 77.35243522115941 391
1757648900760 77.19770687515984 392
1757648900821 77.04328883514944 393
1757648900881 76.88918047804687 394
1757648900942 76.73538118202391 395
1757648901004 76.58189032650274 396
1757648901066 76.4287072921535 397
1757648901132 76.27583146089188 398
1757648901195 76.1232622158764 399
1757648901256 75.97099894150611 400
1757648901317 75.81904102341792 401
1757648901378 75.6673878484843 402
1757648901440 75.51603880481052 403
1757648901501 75.36499328173248 404
1757648901563 75.21425066981402 405
1757648901624 75.06381036084444 406
1757648901685 74.9136717478362 407
1757648901747 74.76383422502228 408
1757648901810 74.61429718785381 409
1757648901872 74.46506003299761 410
1757648901934 74.31612215833374 411
1757648901997 74.16748296295297 412
1757648902065 74.01914184715453 413
1757648902131 73.8710982124435 414
1757648902201 73.72335146152838 415
1757648902266 73.57590099831889 416
1757648902329 73.42874622792324 417
1757648902392 73.28188655664594 418
1757648902455 73.13532139198529 419
1757648902520 72.989050142631 420
1757648902582 72.84307221846186 421
1757648902645 72.69738703054313 422
1757648902708 72.55199399112442 423
1757648902771 72.40689251363716 424
1757648902834 72.26208201269223 425
1757648902897 72.11756190407753 426
1757648902960 71.97333160475577 427
1757648903021 71.82939053286196 428
1757648903083 71.68573810770114 429
1757648903155 71.54237374974589 430
1757648903219 71.39929688063415 431
1757648903281 71.25650692316675 432
1757648903346 71.11400330130512 433
1757648903411 70.97178544016896 434
1757648903473 70.82985276603384 435
1757648903542 70.68820470632896 436
1757648903605 70.54684068963476 437
1757648903667 70.40576014568063 438
1757648903730 70.26496250534264 439
1757648903794 70.12444720064113 440
1757648903857 69.98421366473843 441
1757648903918 69.84426133193668 442
1757648903980 69.70458963767538 443
1757648904042 69.56519801852916 444
1757648904105 69.42608591220554 445
1757648904166 69.28725275754253 446
1757648904228 69.1486979945065 447
1757648904290 69.01042106418983 448
1757648904353 68.87242140880858 449
1757648904415 68.73469847170036 450
1757648904482 68.59725169732195 451
1757648904555 68.46008053124717 452
1757648904618 68.3231844201645 453
1757648904681 68.1865628118749 454
1757648904745 68.0502151552896 455
1757648904809 67.91414090042781 456
1757648904874 67.7783394984145 457
1757648904950 67.64281040147817 458
1757648905015 67.50755306294869 459
1757648905079 67.37256693725497 460
1757648905146 67.23785147992285 461
1757648905213 67.10340614757284 462
1757648905277 66.96923039791788 463
1757648905342 66.83532368976121 464
1757648905406 66.70168548299418 465
1757648905471 66.56831523859398 466
1757648905534 66.43521241862152 467
1757648905599 66.3023764862192 468
1757648905663 66.1698069056088 469
1757648905725 66.03750314208924 470
1757648905789 65.90546466203443 471
1757648905851 65.77369093289111 472
1757648905914 65.64218142317674 473
1757648905978 65.51093560247719 474
1757648906040 65.37995294144477 475
1757648906103 65.249232911796 476
1757648906165 65.11877498630943 477
1757648906227 64.9885786388236 478
1757648906290 64.85864334423479 479
1757648906354 64.72896857849499 480
1757648906416 64.59955381860969 481
1757648906478 64.47039854263586 482
1757648906542 64.34150222967968 483
1757648906605 64.2128643598946 484
1757648906667 64.08448441447914 485
1757648906730 63.956361875674766 486
1757648906793 63.82849622676381 487
1757648906857 63.700886952067435 488
1757648906920 63.57353353694348 489
1757648906984 63.446435467784326 490
1757648907047 63.319592232014934 491
1757648907110 63.19300331809072 492
1757648907175 63.066668215495326 493
1757648907242 62.94058641473884 494
1757648907307 62.81475740735552 495
1757648907370 62.68918068590177 496
1757648907433 62.56385574395412 497
1757648907498 62.43878207610712 498
1757648907561 62.31395917797134 499
