1757625040850 31.21838782075986 0
1757625040910 5.146860897750914 1
1757625040963 1.0193596906661715 2
1757625041017 0.277229343702349 3
1757625041070 0.14700546358871308 4
1757625041119 0.09548296777307472 5
1757625041166 0.0684241159930211 6
1757625041209 0.07437829461685515 7
1757625041254 0.17339519376247906 8
1757625041302 0.16174202885699074 9
1757625041346 0.13401359155738843 10
1757625041390 0.1436633279107138 11
1757625041433 0.14498825283522082 12
1757625041478 0.11211830330121217 13
1757625041520 0.062069573085863666 14
1757625041566 0.1473927320334047 15
1757625041615 0.07993058367745969 16
1757625041662 0.1020083155046068 17
1757625041707 0.13571704394251718 18
1757625041750 0.19489748146290636 19
1757625041794 0.12023473699943252 20
1757625041837 0.12026905081745302 21
1757625041880 0.11617773289691558 22
1757625041924 0.12828713465768124 23
1757625041973 0.11269742165070443 24
1757625042022 0.13702495022571284 25
1757625042072 0.0895316665796412 26
1757625042121 0.1517253831280377 27
1757625042171 0.08421459414024558 28
1757625042229 0.16140699333264127 29
1757625042274 0.11637908850202157 30
1757625042318 0.09142374732009588 31
1757625042362 0.12267488642662634 32
1757625042406 0.10784302638621412 33
1757625042449 0.22163272737564715 34
1757625042493 0.12750226111643198 35
1757625042537 0.09897726261700797 36
1757625042583 0.11808188559085042 37
1757625042627 0.12781255433329408 38
1757625042673 0.12519738883164386 39
1757625042720 0.12881424348934478 40
1757625042770 0.09883957800846413 41
1757625042823 0.08089191270727128 42
1757625042873 0.2070703249775424 43
1757625042925 0.1463088379138105 44
1757625042974 0.08889925766327553 45
1757625043023 0.04600737377673664 46
1757625043071 0.14882488300412922 47
1757625043124 0.06351113015463433 48
1757625043172 0.09972109829247186 49
1757625043222 0.17139693229297565 50
1757625043272 0.11652389751524261 51
1757625043328 0.10845061470918324 52
1757625043373 0.1253902843896432 53
1757625043418 0.1155619743076059 54
1757625043466 0.10075401150980606 55
1757625043518 0.057277437225455564 56
1757625043574 0.14787967260496385 57
1757625043624 0.07143945238976791 58
1757625043672 0.12382868403549925 59
1757625043722 0.12833086706133684 60
1757625043774 0.130745496666295 61
1757625043825 0.06616347481285248 62
1757625043874 0.13664981017346756 63
1757625043922 0.1578092511022005 64
1757625043972 0.09951448467930757 65
1757625044024 0.22022586467741248 66
1757625044073 0.16372124636957774 67
1757625044126 0.09931287852839285 68
1757625044175 0.10111466752068288 69
1757625044223 0.10229850788652539 70
1757625044273 0.06469201572202987 71
1757625044326 0.1266084997970357 72
1757625044390 0.07416287659915075 73
1757625044446 0.15313247072951813 74
1757625044492 0.1047020178552619 75
1757625044539 0.09277193130047395 76
1757625044636 0.12400000464377908 77
1757625044690 0.07845729406021185 78
1757625044743 0.11659618206759481 79
1757625044796 0.10972691898798181 80
1757625044849 0.08015921455915738 81
1757625044905 0.09801652922081765 82
1757625044959 0.13642916038694933 83
1757625045012 0.08300722949113896 84
1757625045064 0.09226089070003973 85
1757625045117 0.12531968392330295 86
1757625045171 0.06013091717685732 87
1757625045224 0.04469097733004584 88
1757625045280 0.11317631743916998 89
1757625045337 0.1261250215267485 90
1757625045387 0.10868538087609467 91
1757625045436 0.06684725335206411 92
1757625045486 0.0996566600508685 93
1757625045547 0.12282553525559849 94
1757625045602 0.09618639716193841 95
1757625045656 0.0764531686218671 96
1757625045727 0.10268407865214682 97
1757625045786 0.1302155992655514 98
1757625045843 0.07587878454894512 99
1757625045899 0.10180545800440734 100
1757625045952 0.1552452994785623 101
1757625046006 0.0838687973061149 102
1757625046058 0.1193166912080819 103
1757625046114 0.11564964332877087 104
1757625046166 0.09618900326378563 105
1757625046213 0.1269839625824154 106
1757625046259 0.09547549628279 107
1757625046307 0.12499729819030318 108
1757625046356 0.09834688615973415 109
1757625046403 0.1913768917341855 110
1757625046454 0.11239238675846681 111
1757625046508 0.13897170455940436 112
1757625046556 0.1205698547262568 113
1757625046607 0.07182060572913561 114
1757625046660 0.14664287400132014 115
1757625046708 0.05908099293346106 116
1757625046756 0.09632981995837106 117
1757625046805 0.0752224187590956 118
1757625046858 0.11564335697410483 119
1757625046914 0.14052155867903912 120
1757625046986 0.10450734446225285 121
1757625047039 0.10519063643959876 122
1757625047094 0.04715935261998436 123
1757625047149 0.10497073479105798 124
1757625047203 0.12380772415409838 125
1757625047257 0.09932637163311436 126
1757625047306 0.056999715396158966 127
1757625047356 0.18966124923501437 128
1757625047408 0.13361352952624847 129
1757625047455 0.09054660580117897 130
1757625047509 0.08988486987532268 131
1757625047569 0.12077669586267793 132
1757625047621 0.08506354505366231 133
1757625047674 0.11066006898651261 134
1757625047726 0.20468306557961435 135
1757625047774 0.10146832748591844 136
1757625047821 0.0766838027359314 137
1757625047868 0.11806432305016752 138
1757625047918 0.17036848483130046 139
1757625047968 0.13253772198642005 140
1757625048021 0.11873662553387108 141
1757625048069 0.12508275059504728 142
1757625048118 0.18902354949132633 143
1757625048167 0.11342411364730484 144
1757625048214 0.05559542044159296 145
1757625048262 0.12587259871381906 146
1757625048310 0.09611944876779444 147
1757625048357 0.10459553061022359 148
1757625048406 0.32020262944885314 149
1757625048460 0.07635143938998144 150
1757625048516 0.16502273595817268 151
1757625048572 0.11851598505485074 152
1757625048629 0.09482070270942908 153
1757625048684 0.12311075421668782 154
1757625048739 0.10134812671295163 155
1757625048793 0.12310554591891956 156
1757625048847 0.13998432364931734 157
1757625048901 0.13740240928872505 158
1757625048955 0.11861721217803936 159
1757625049006 0.2191056787732517 160
1757625049053 0.15484196987104162 161
1757625049100 0.10684419005577431 162
1757625049148 0.1468005298074642 163
1757625049195 0.055558593936442566 164
1757625049247 0.11725078326193397 165
1757625049302 0.12054728713680717 166
1757625049366 0.05977127094387524 167
1757625049428 0.06279753352499917 168
1757625049478 0.119539758093017 169
1757625049538 0.06767277544146125 170
1757625049603 0.1103513763488942 171
1757625049651 0.06936030352633024 172
1757625049700 0.08573339701460773 173
1757625049748 0.15704141872991534 174
1757625049796 0.15540119185200796 175
1757625049845 0.17053250137527146 176
1757625049893 0.196542341955637 177
1757625049943 0.13936686581837113 178
1757625049990 0.11078054046337063 179
1757625050039 0.25238554349877246 180
1757625050088 0.10343880426623905 181
1757625050136 0.09766965970189516 182
1757625050186 0.06328005126827324 183
1757625050235 0.16104684298626198 184
1757625050283 0.15876509246009707 185
1757625050332 0.11512954739705161 186
1757625050381 0.14648177699144702 187
1757625050433 0.11524917616116993 188
1757625050482 0.08788053697312721 189
1757625050531 0.137056388864965 190
1757625050579 0.14530733888492198 191
1757625050629 0.0834660653862434 192
1757625050680 0.1094685102231558 193
1757625050728 0.08581959853319844 194
1757625050778 0.10540828093878653 195
1757625050826 0.10256043947174558 196
1757625050875 0.09308970813310194 197
1757625050925 0.10075684517557275 198
1757625050974 0.1307936598265525 199
1757625051022 0.17286702308378585 200
1757625051086 0.07659230530931928 201
1757625051197 0.1356954265193844 202
1757625051250 0.08704988767232363 203
1757625051302 0.13630135453740838 204
1757625051355 0.07229343921308154 205
1757625051407 0.048034187082923424 206
1757625051460 0.1015714197991258 207
1757625051510 0.1337339043638593 208
1757625051559 0.13071368220066065 209
1757625051609 0.09777162197918535 210
1757625051658 0.15957873177256535 211
1757625051708 0.08343088728070916 212
1757625051757 0.12448399209383618 213
1757625051806 0.08394691066793653 214
1757625051855 0.09440422557629899 215
1757625051905 0.07022558111474199 216
1757625051955 0.11519239311061007 217
1757625052004 0.1770847916130967 218
1757625052053 0.06747115882490326 219
1757625052103 0.13368824006427776 220
1757625052152 0.17400420550770748 221
1757625052202 0.1476821816423342 222
1757625052252 0.1904193597822887 223
1757625052302 0.0884857520746335 224
1757625052352 0.13667158834323023 225
1757625052401 0.06513301045093148 226
1757625052451 0.0979582765046565 227
1757625052499 0.1358094300723417 228
1757625052550 0.08651866045505575 229
1757625052600 0.12220465069572621 230
1757625052650 0.099781409732598 231
1757625052700 0.053833244883937495 232
1757625052750 0.07115369585612008 233
1757625052798 0.0862222917755206 234
1757625052849 0.12257998773048003 235
1757625052898 0.13504382905873083 236
1757625052949 0.07040438517553582 237
1757625052999 0.06436394866775799 238
1757625053049 0.09051375239528749 239
1757625053100 0.132893139538224 240
1757625053151 0.06576462323621463 241
1757625053202 0.11336715262012936 242
1757625053253 0.10177300086804228 243
1757625053303 0.10250221452399132 244
1757625053354 0.16837489951750126 245
1757625053405 0.13607631700215245 246
1757625053458 0.06723264450134982 247
1757625053511 0.11986826680084883 248
1757625053561 0.10257427964639394 249
1757625053612 0.10025543403666395 250
1757625053662 0.0894012706256222 251
1757625053713 0.15823780381515154 252
1757625053764 0.07750057856402 253
1757625053814 0.0647114274790074 254
1757625053865 0.11973423212513766 255
1757625053915 0.08429492295002836 256
1757625053966 0.08478275400569857 257
1757625054017 0.07680516918964553 258
1757625054068 0.09648715863798389 259
1757625054125 0.09060085948042935 260
1757625054177 0.07726150749941939 261
1757625054228 0.10204818504185023 262
1757625054279 0.1351725783150854 263
1757625054334 0.123531840587074 264
1757625054398 0.13552041770864537 265
1757625054456 0.07633096565163777 266
1757625054507 0.12153879796233981 267
1757625054559 0.2045939505508968 268
1757625054610 0.12175173538824391 269
1757625054661 0.07455807999694913 270
1757625054713 0.11422497617678501 271
1757625054767 0.13301445103715684 272
1757625054818 0.06843516199845331 273
1757625054870 0.07450578007151212 274
1757625054921 0.09073258074534393 275
1757625054973 0.13459901877589803 276
1757625055024 0.1719764099177013 277
1757625055076 0.17465041556349595 278
1757625055127 0.09896088268514562 279
1757625055178 0.0934605262941362 280
1757625055230 0.0949528861190976 281
1757625055280 0.14066682286632257 282
1757625055332 0.11424834598425371 283
1757625055382 0.06189278700805837 284
1757625055435 0.07160962540766683 285
1757625055489 0.09766590631575493 286
1757625055544 0.1033501262204157 287
1757625055596 0.09942340444023944 288
1757625055647 0.0839320072292204 289
1757625055699 0.12003950401856366 290
1757625055751 0.12149302447134869 291
1757625055803 0.14758183488853505 292
1757625055855 0.07487264423102052 293
1757625055907 0.09556469525934926 294
1757625055958 0.08346255810293235 295
1757625056011 0.10263785945923215 296
1757625056062 0.08746560897231391 297
1757625056113 0.08162400743032912 298
1757625056167 0.06322838583350564 299
1757625056223 0.14398502622885112 300
1757625056279 0.17737951169208882 301
1757625056331 0.06867108295479797 302
1757625056384 0.13377060466624963 303
1757625056436 0.1270385834980176 304
1757625056489 0.09935374967673155 305
1757625056541 0.10700259410264228 306
1757625056592 0.0975391140458684 307
1757625056644 0.12741537632286148 308
1757625056696 0.11543142402334763 309
1757625056749 0.09014249627452744 310
1757625056801 0.09978719318754406 311
1757625056853 0.11763057301804776 312
1757625056906 0.10035436112787396 313
1757625056972 0.1317068339167957 314
1757625057025 0.06787760894665545 315
1757625057077 0.07109396104017245 316
1757625057130 0.11495662995728315 317
1757625057182 0.10588066453658426 318
1757625057234 0.09373682534740352 319
1757625057286 0.10593841512266865 320
1757625057339 0.09850304481292078 321
1757625057392 0.0870139266118542 322
1757625057444 0.06030560755161625 323
1757625057496 0.1345562990104253 324
1757625057554 0.05314249155168567 325
1757625057607 0.10829602727632623 326
1757625057660 0.08691411494936578 327
1757625057712 0.13065238174264915 328
1757625057765 0.06468621813270871 329
1757625057819 0.05996421911577105 330
1757625057871 0.07378499651203299 331
1757625057923 0.20479263041387763 332
1757625057977 0.07544585288379665 333
1757625058031 0.15676419352580623 334
1757625058086 0.08754809616110172 335
1757625058145 0.07399772803042165 336
1757625058204 0.08465219060329057 337
1757625058257 0.21815848425426856 338
1757625058309 0.04508044669494503 339
1757625058362 0.12263120825690531 340
1757625058415 0.2503124463021779 341
1757625058468 0.12642143636613598 342
1757625058521 0.09593250677110182 343
1757625058575 0.13985409976700044 344
1757625058627 0.15154902617591076 345
1757625058681 0.1560653779261635 346
1757625058734 0.07150908384296392 347
1757625058787 0.12006004380102853 348
1757625058840 0.11778139023336225 349
1757625058893 0.08618309392423368 350
1757625058947 0.09036574250903504 351
1757625059001 0.09287428676582328 352
1757625059055 0.13993053571388828 353
1757625059108 0.1661725986586796 354
1757625059162 0.20486004074556569 355
1757625059215 0.09945610260113885 356
1757625059268 0.09518750189407463 357
1757625059323 0.07158231664450324 358
1757625059389 0.1294984963880852 359
1757625059446 0.3115863507645751 360
1757625059501 0.10982723436057885 361
1757625059559 0.04918233726635125 362
1757625059614 0.11735010908753009 363
1757625059667 0.1722057392805304 364
1757625059720 0.12006927598370001 365
1757625059778 0.13799693663192086 366
1757625059832 0.08811677667300744 367
1757625059885 0.09805123755530658 368
1757625059938 0.10570006587588536 369
1757625059991 0.08993971817548509 370
1757625060045 0.07395187752468074 371
1757625060099 0.10361407204775154 372
1757625060153 0.11784452691269982 373
1757625060206 0.06148931010131014 374
1757625060259 0.11682283305107413 375
1757625060313 0.0964617866341771 376
1757625060367 0.078165984225465 377
1757625060422 0.07268353526378016 378
1757625060476 0.16967402813416013 379
1757625060529 0.10101778136603314 380
1757625060583 0.10682531812274709 381
1757625060636 0.06401650315566237 382
1757625060690 0.07951774881691095 383
1757625060744 0.10394836674200769 384
1757625060797 0.12484524939241536 385
1757625060851 0.08923891637977266 386
1757625060905 0.10556248823878614 387
1757625060959 0.13527004717532423 388
1757625061013 0.1226018175015107 389
1757625061067 0.12641319418070393 390
1757625061120 0.11253124654138635 391
1757625061174 0.1284308462410895 392
1757625061227 0.1168378295013939 393
1757625061281 0.09174013850801667 394
1757625061334 0.06981700546516598 395
1757625061388 0.09736925654922599 396
1757625061442 0.10218442743004508 397
1757625061496 0.08271503042860173 398
1757625061551 0.07991497008040421 399
1757625061609 0.05758879672675406 400
1757625061663 0.08291445197158356 401
1757625061717 0.06874982631963707 402
1757625061772 0.16832612277733766 403
1757625061826 0.1142469981848726 404
1757625061880 0.16896761396274046 405
1757625061935 0.11294999977590846 406
1757625061989 0.1416192573398102 407
1757625062044 0.10448597117295158 408
1757625062098 0.1366175047601752 409
1757625062152 0.13819944008167523 410
1757625062207 0.12685575683849865 411
1757625062260 0.15824423687787043 412
1757625062314 0.1177856883167496 413
1757625062370 0.15214516113652185 414
1757625062425 0.04849695707376772 415
1757625062480 0.11826721184824068 416
1757625062535 0.10861970389148091 417
1757625062590 0.1319789990979972 418
1757625062645 0.1171341568431531 419
1757625062699 0.06937268019763676 420
1757625062753 0.17030189543093804 421
1757625062808 0.1490536484127028 422
1757625062862 0.07629171952305741 423
1757625062917 0.08170720529672915 424
1757625062972 0.25109219987726733 425
1757625063027 0.12773994372726266 426
1757625063087 0.10625376246884277 427
1757625063142 0.08766446861356303 428
1757625063197 0.1399590276195187 429
1757625063252 0.07118410632582281 430
1757625063307 0.09188269274504353 431
1757625063362 0.1080224855193648 432
1757625063420 0.12340642733791723 433
1757625063475 0.06484773349893003 434
1757625063531 0.11271641315376478 435
1757625063586 0.06194167110297773 436
1757625063647 0.08169298418411527 437
1757625063702 0.10304566791361697 438
1757625063757 0.08771121990682765 439
1757625063812 0.10679058516826323 440
1757625063867 0.13759348188006268 441
1757625063922 0.06736859060741955 442
1757625063977 0.11617575000614824 443
1757625064032 0.16468441834008107 444
1757625064087 0.09232668229764682 445
1757625064144 0.11962332350813859 446
1757625064210 0.17847622707392807 447
1757625064282 0.06897339170148303 448
1757625064364 0.10006618558828444 449
1757625064448 0.07728838079782993 450
1757625064521 0.09241864401524454 451
1757625064582 0.09320162209763422 452
1757625064649 0.11406960394650392 453
1757625064714 0.13526118911071344 454
1757625064778 0.08292065492118311 455
1757625064842 0.052005761571215614 456
1757625064900 0.12279058188682929 457
1757625064956 0.06965875399014426 458
1757625065011 0.15876511604278662 459
1757625065067 0.136537476123136 460
1757625065122 0.12003572990683051 461
1757625065179 0.06313611202613653 462
1757625065243 0.12890584460929685 463
1757625065309 0.1537227235249364 464
1757625065373 0.15196490591771883 465
1757625065436 0.10591984299968149 466
1757625065498 0.12108198673235142 467
1757625065556 0.07973885710989281 468
1757625065611 0.09016285228611812 469
1757625065673 0.06093044267652989 470
1757625065730 0.0924026292537173 471
1757625065798 0.0803477800489513 472
1757625065858 0.0805993120766212 473
1757625065918 0.0895290480764036 474
1757625065978 0.1030655291587946 475
1757625066054 0.0837781340775672 476
1757625066204 0.20162169274300573 477
1757625066273 0.101353286065938 478
1757625066365 0.16748186413192823 479
1757625066430 0.1272700756447191 480
1757625066721 0.0570699518840696 481
1757625066776 0.11412282162825726 482
1757625066859 0.12332785106215902 483
1757625066918 0.1138104633909236 484
1757625066988 0.1059493702030276 485
1757625067044 0.13288894807700818 486
1757625067100 0.07886419105626079 487
1757625067174 0.08841897090600195 488
1757625067240 0.10916735011386991 489
1757625067299 0.08832111630214087 490
1757625067364 0.08049076058914409 491
1757625067427 0.09294765391724502 492
1757625067521 0.05605763288952384 493
1757625067583 0.1262483763341944 494
1757625067643 0.09676358388278036 495
1757625067708 0.09287089070459964 496
1757625067765 0.10309840679931882 497
1757625067831 0.12323913418514658 498
1757625067889 0.08302517093378643 499
