1757646418568 29.910558729003768 0
1757646418622 5.4516043695844845 1
1757646418673 1.2128364193025263 2
1757646418728 0.30283615977972045 3
1757646418779 0.2321623739717315 4
1757646418834 0.18779589024164514 5
1757646418889 0.1338407354084402 6
1757646418949 0.15417731863771544 7
1757646419011 0.1599233207924349 8
1757646419071 0.08210960372875886 9
1757646419130 0.11760408784430323 10
1757646419199 0.07764513440614819 11
1757646419259 0.203333699662566 12
1757646419315 0.13828212123527078 13
1757646419384 0.10555304597496154 14
1757646419444 0.14657193775060062 15
1757646419501 0.10624886961961641 16
1757646419559 0.10723375802963282 17
1757646419615 0.08409558653215296 18
1757646419672 0.0888019906032963 19
1757646419728 0.1357151895215489 20
1757646419785 0.1483180357824416 21
1757646419842 0.10836792193417358 22
1757646419901 0.09464783561631072 23
1757646419957 0.13231120554278128 24
1757646420015 0.08382187233487344 25
1757646420075 0.18591905967373995 26
1757646420131 0.12426556523550453 27
1757646420188 0.16770439904186377 28
1757646420246 0.15795625799833055 29
1757646420305 0.10242418984320709 30
1757646420363 0.1586155724011587 31
1757646420419 0.12980981329033311 32
1757646420476 0.09645629057240707 33
1757646420534 0.08145542759626724 34
1757646420590 0.15532904637826989 35
1757646420645 0.09264157519339915 36
1757646420704 0.08252268322563935 37
1757646420759 0.17249516604822418 38
1757646420816 0.16716197519296305 39
1757646420873 0.21273216105571174 40
1757646420931 0.1032646046737639 41
1757646420989 0.1378151667154007 42
1757646421048 0.10411019478921625 43
1757646421114 0.12449603862610248 44
1757646421170 0.14370358774881153 45
1757646421228 0.11627691780004767 46
1757646421286 0.12752336780763324 47
1757646421345 0.1332807792829085 48
1757646421404 0.20268348634011732 49
1757646421471 0.1590717416784847 50
1757646421531 0.0988249051800506 51
1757646421590 0.13004663013710205 52
1757646421646 0.06851885967889246 53
1757646421703 0.19806474845375013 54
1757646421760 0.11188852610610713 55
1757646421817 0.05518349950822991 56
1757646421878 0.06534154741932179 57
1757646421938 0.11469499330638494 58
1757646421996 0.14395323709146868 59
1757646422052 0.1698397651049789 60
1757646422109 0.16662191650239172 61
1757646422164 0.13252692286605897 62
1757646422221 0.11716076429683336 63
1757646422277 0.08835004738926538 64
1757646422334 0.12771593130691053 65
1757646422390 0.15235378742672626 66
1757646422447 0.10351955589042758 67
1757646422503 0.09628456169265026 68
1757646422559 0.18593874271612523 69
1757646422615 0.0840807512935491 70
1757646422671 0.11064086804971526 71
1757646422728 0.1107061993207318 72
1757646422784 0.07202262397931104 73
1757646422839 0.06399429514382533 74
1757646422896 0.12387092954315364 75
1757646422953 0.13294312362849606 76
1757646423010 0.14699606648527277 77
1757646423066 0.08628043102188312 78
1757646423125 0.09561289270201255 79
1757646423180 0.10057561336356352 80
1757646423237 0.1356407384094054 81
1757646423293 0.12013422811669064 82
1757646423349 0.13017776276362364 83
1757646423408 0.12171735480028169 84
1757646423469 0.22951264014791467 85
1757646423530 0.13691269173546047 86
1757646423587 0.1471277228290543 87
1757646423645 0.18440632573259558 88
1757646423702 0.13379438235394117 89
1757646423759 0.14306425615483478 90
1757646423817 0.15686225861253666 91
1757646423874 0.14427020693438558 92
1757646423939 0.1600136917906146 93
1757646423996 0.09999339328122128 94
1757646424053 0.1265515619726133 95
1757646424110 0.15876776650482596 96
1757646424188 0.06338789618918315 97
1757646424277 0.13739589046123066 98
1757646424337 0.11845179853134792 99
1757646424396 0.13550404122740123 100
1757646424454 0.18286862999896591 101
1757646424511 0.08840591389345427 102
1757646424567 0.08043486488396497 103
1757646424624 0.1585021415851889 104
1757646424681 0.06799614140121502 105
1757646424738 0.07723201961452211 106
1757646424794 0.16937757376181767 107
1757646424876 0.27143403348125944 108
1757646424934 0.1342411014478371 109
1757646424991 0.1142719906306554 110
1757646425049 0.14802121648031516 111
1757646425105 0.11769346176834695 112
1757646425163 0.08271968061309405 113
1757646425220 0.17733005088980108 114
1757646425280 0.18996609684576587 115
1757646425336 0.10840816734079932 116
1757646425393 0.08525220330118208 117
1757646425450 0.1372190178238283 118
1757646425512 0.10936658907793892 119
1757646425568 0.09710265928771898 120
1757646425627 0.11217405725703024 121
1757646425685 0.09306711173523209 122
1757646425743 0.16714686070008838 123
1757646425814 0.16008042753464533 124
1757646425877 0.11467277467701308 125
1757646425937 0.10996605654956067 126
1757646425999 0.17128851365407374 127
1757646426058 0.10509550388034655 128
1757646426116 0.13965066815837188 129
1757646426173 0.13788625373231284 130
1757646426233 0.11938373931098799 131
1757646426291 0.18976174588804517 132
1757646426349 0.08724891602642361 133
1757646426407 0.14110366933497356 134
1757646426465 0.10438782698358089 135
1757646426523 0.08472003421182563 136
1757646426581 0.10093976777740787 137
1757646426641 0.08607894876180731 138
1757646426698 0.11756792098797289 139
1757646426757 0.15007117922678645 140
1757646426815 0.18539485577267356 141
1757646426872 0.09561294771467091 142
1757646426930 0.13393214190048458 143
1757646426988 0.13326867402311937 144
1757646427047 0.1664406200193076 145
1757646427105 0.09832444175289208 146
1757646427164 0.13021882115380923 147
1757646427223 0.1182030010957957 148
1757646427281 0.09918165937852655 149
1757646427338 0.1227201536947567 150
1757646427396 0.18025658012970994 151
1757646427458 0.12406143643410067 152
1757646427519 0.12236402856883492 153
1757646427578 0.17061041570490404 154
1757646427637 0.0930335699907895 155
1757646427695 0.10559756038892501 156
1757646427756 0.13005724872557425 157
1757646427813 0.255171964424119 158
1757646427871 0.12107086097059518 159
1757646427928 0.15106150514867756 160
1757646427985 0.14627628806356688 161
1757646428042 0.08871429399065815 162
1757646428100 0.25331666256884866 163
1757646428157 0.20017168798739235 164
1757646428214 0.13169742565509543 165
1757646428272 0.19817291614579272 166
1757646428330 0.12066230773656601 167
1757646428388 0.1599182535322959 168
1757646428445 0.17972562374537251 169
1757646428503 0.1338102150820203 170
1757646428561 0.13764893362100583 171
1757646428619 0.11129030137645532 172
1757646428678 0.12868184055794393 173
1757646428745 0.08751194203248179 174
1757646428822 0.13722900201762633 175
1757646428884 0.07549894041069034 176
1757646428944 0.14117842770913025 177
1757646429002 0.14671060675364495 178
1757646429061 0.08040575007193951 179
1757646429200 0.11374513185026501 180
1757646429270 0.11370303486201781 181
1757646429334 0.17537417361601318 182
1757646429397 0.07225969333457073 183
1757646429459 0.10066138334701115 184
1757646429520 0.07536398110484263 185
1757646429585 0.11818960017664923 186
1757646429645 0.1402205383939185 187
1757646429704 0.2113804330317619 188
1757646429764 0.1165354451006308 189
1757646429823 0.2139181063398128 190
1757646429883 0.10245231774789773 191
1757646429942 0.06683854846376575 192
1757646430001 0.1322129637623922 193
1757646430060 0.12799522805828764 194
1757646430120 0.10535103423354324 195
1757646430181 0.08657843567125013 196
1757646430240 0.10875858100739054 197
1757646430300 0.12678314146494324 198
1757646430359 0.1390442069884618 199
1757646430419 0.13416395075841306 200
1757646430479 0.1821100645892585 201
1757646430538 0.15859137607245205 202
1757646430597 0.11214689572620316 203
1757646430656 0.08183163594091364 204
1757646430714 0.10866464626371469 205
1757646430774 0.12935059092529322 206
1757646430833 0.12494895791054235 207
1757646430892 0.09104904186778397 208
1757646430952 0.20497348760041179 209
1757646431010 0.21736354491244264 210
1757646431069 0.07167250646713695 211
1757646431127 0.11167462536321843 212
1757646431186 0.15739278972659812 213
1757646431244 0.10262585046272803 214
1757646431302 0.09047939575991178 215
1757646431360 0.12595608052292115 216
1757646431418 0.15877054890307069 217
1757646431476 0.10987386300600589 218
1757646431534 0.10799663179754711 219
1757646431595 0.1690028917108269 220
1757646431656 0.07697637671533211 221
1757646431720 0.15599116443405653 222
1757646431781 0.18861495225607453 223
1757646431841 0.11275114444399305 224
1757646431901 0.08916334356967238 225
1757646431961 0.18775319849268687 226
1757646432020 0.25283791920982884 227
1757646432079 0.08064498695585447 228
1757646432138 0.07182720393371625 229
1757646432197 0.0813045301879512 230
1757646432254 0.099192754863655 231
1757646432312 0.1401787631802111 232
1757646432372 0.12895571581878149 233
1757646432431 0.06317456774903628 234
1757646432490 0.14503704920708352 235
1757646432549 0.12636433799651053 236
1757646432608 0.23525943587470846 237
1757646432667 0.1067522093374093 238
1757646432726 0.17090556734014342 239
1757646432784 0.2009914225943683 240
1757646432843 0.13509380563044956 241
1757646432900 0.2582759003205672 242
1757646432960 0.2111942219330918 243
1757646433020 0.09321707207080433 244
1757646433079 0.14822777895423353 245
1757646433137 0.12453503484848309 246
1757646433196 0.15664094693598482 247
1757646433256 0.1455262051409083 248
1757646433317 0.15250116241394604 249
1757646433377 0.12261756122489294 250
1757646433437 0.09252709236334518 251
1757646433497 0.11830083839276402 252
1757646433554 0.1330622549319335 253
1757646433616 0.08396586811706798 254
1757646433679 0.08030435550355736 255
1757646433740 0.10434678403063508 256
1757646433801 0.17617715497443356 257
1757646433861 0.12159048786473294 258
1757646433920 0.09682322333940671 259
1757646433979 0.1458354248335134 260
1757646434038 0.11443877203198519 261
1757646434098 0.11598569662370414 262
1757646434165 0.17491977632205233 263
1757646434255 0.13180757870759927 264
1757646434315 0.10986679727302205 265
1757646434377 0.10353464625981232 266
1757646434438 0.15917377083114312 267
1757646434502 0.09453912098660093 268
1757646434562 0.14257856777754266 269
1757646434623 0.16722829530053052 270
1757646434683 0.10971722609558837 271
1757646434744 0.14903769145950926 272
1757646434804 0.14097200872630658 273
1757646434865 0.12162142940360551 274
1757646434925 0.10793701167664517 275
1757646434987 0.21941088181266427 276
1757646435048 0.22436527692444816 277
1757646435109 0.12554243771857004 278
1757646435168 0.10527648421625552 279
1757646435232 0.11759350521421424 280
1757646435293 0.18356578854342515 281
1757646435353 0.08865404355877836 282
1757646435412 0.09232209506870412 283
1757646435472 0.08944118302614032 284
1757646435531 0.12023732996364911 285
1757646435590 0.11176210027107984 286
1757646435654 0.1097986477337305 287
1757646435718 0.14858396510063007 288
1757646435780 0.1565738527126048 289
1757646435840 0.131298825314508 290
1757646435900 0.1290210969402202 291
1757646435960 0.14002323236798656 292
1757646436020 0.16085223650260277 293
1757646436080 0.12693374667815172 294
1757646436140 0.11823741556530701 295
1757646436198 0.10658723139843587 296
1757646436261 0.12694415699524525 297
1757646436321 0.1049455453838215 298
1757646436381 0.11964756173425879 299
1757646436441 0.13316558966193504 300
1757646436502 0.13144112013820158 301
1757646436563 0.20977483483126866 302
1757646436623 0.10547096729770777 303
1757646436682 0.1368346361080728 304
1757646436744 0.1324381395505566 305
1757646436805 0.16972605301276467 306
1757646436864 0.06212010748586535 307
1757646436924 0.08563953132766396 308
1757646436985 0.12034681457839769 309
1757646437046 0.0941596657830797 310
1757646437105 0.14441960282056168 311
1757646437166 0.14867491885539272 312
1757646437227 0.08568319417685664 313
1757646437293 0.11973954191563098 314
1757646437353 0.13887823590835516 315
1757646437414 0.1524145373988472 316
1757646437474 0.10486515965935457 317
1757646437539 0.12092424594524381 318
1757646437600 0.07642278622411829 319
1757646437660 0.1383008234646901 320
1757646437728 0.1620276635283734 321
1757646437790 0.07911894072892453 322
1757646437850 0.12488568960890892 323
1757646437912 0.13083659881143964 324
1757646437972 0.14388196698859038 325
1757646438033 0.16313871959948245 326
1757646438094 0.1329755358650913 327
1757646438154 0.15569974607703396 328
1757646438214 0.1545283625597899 329
1757646438276 0.07111865832238266 330
1757646438336 0.24165027273711318 331
1757646438399 0.2120001728212352 332
1757646438461 0.09263952212230474 333
1757646438521 0.13518982296944754 334
1757646438582 0.15086415475293202 335
1757646438642 0.09339105938584968 336
1757646438704 0.1474106690379104 337
1757646438767 0.0936581805090074 338
1757646438829 0.11870089986408962 339
1757646438890 0.11692996431987453 340
1757646438951 0.11802390660050259 341
1757646439011 0.0660630865415513 342
1757646439072 0.22130783006975963 343
1757646439137 0.10869412070958748 344
1757646439212 0.07868465398433039 345
1757646439275 0.17738828662192746 346
1757646439337 0.1483780975203872 347
1757646439399 0.1090041734243182 348
1757646439462 0.07754745457015674 349
1757646439524 0.1039759296742872 350
1757646439588 0.0767920293706674 351
1757646439650 0.11326333981461097 352
1757646439715 0.14248529858208422 353
1757646439781 0.0829707039220704 354
1757646439842 0.15134972097862825 355
1757646439905 0.08289298216191796 356
1757646439967 0.21494954062857022 357
1757646440029 0.08398598290195515 358
1757646440092 0.0989398724725303 359
1757646440153 0.14265571815674682 360
1757646440216 0.1518758891781704 361
1757646440279 0.12182074194497333 362
1757646440340 0.10968447027196139 363
1757646440401 0.10961238261815125 364
1757646440463 0.17029079128181787 365
1757646440524 0.09031297044154106 366
1757646440585 0.1232201802557787 367
1757646440647 0.1250893800219587 368
1757646440709 0.1517445993151574 369
1757646440768 0.05646312570279491 370
1757646440830 0.1453228299620711 371
1757646440893 0.1639597154097319 372
1757646440955 0.09707052603483565 373
1757646441016 0.1798670414157469 374
1757646441078 0.1066352733507833 375
1757646441140 0.19905989549551115 376
1757646441202 0.16690673015225094 377
1757646441264 0.1965888829898635 378
1757646441326 0.12161235380690757 379
1757646441387 0.16837511912504396 380
1757646441448 0.21943540497819305 381
1757646441511 0.10130001391791496 382
1757646441573 0.1127729061502549 383
1757646441634 0.1041787502443382 384
1757646441697 0.15624232998470464 385
1757646441762 0.12598817054658898 386
1757646441827 0.06353982847829054 387
1757646441889 0.08451333931885338 388
1757646441953 0.0920592784682077 389
1757646442015 0.20065130866262082 390
1757646442076 0.10282422563296599 391
1757646442138 0.1560387716382348 392
1757646442394 0.12766301986662387 393
1757646442463 0.09877915761129553 394
1757646442531 0.14120712842698166 395
1757646442599 0.16488673832048506 396
1757646442664 0.09677634658242576 397
1757646442728 0.11534491445500077 398
1757646442791 0.11506019549401912 399
1757646442856 0.13719388913499342 400
1757646442919 0.08676284782555138 401
1757646442983 0.14703353717192694 402
1757646443048 0.10263356552839945 403
1757646443112 0.1733453088286229 404
1757646443181 0.12463820792391701 405
1757646443244 0.13502693160298354 406
1757646443308 0.08594477489211923 407
1757646443372 0.11763227211617314 408
1757646443436 0.08207651879885558 409
1757646443499 0.11897318778385432 410
1757646443560 0.17841990802431165 411
1757646443626 0.15489847321230327 412
1757646443688 0.18407331063876922 413
1757646443750 0.10503388287392375 414
1757646443821 0.08086604284802511 415
1757646443885 0.17408030711170888 416
1757646443949 0.16216365151579978 417
1757646444012 0.17010956135745392 418
1757646444076 0.09547639582089636 419
1757646444141 0.06429877771248521 420
1757646444254 0.09521330278205951 421
1757646444320 0.13167126438484594 422
1757646444385 0.16269498081156047 423
1757646444450 0.16092618096654493 424
1757646444514 0.1339850242039595 425
1757646444578 0.15939718101420272 426
1757646444641 0.18869475638525243 427
1757646444705 0.20072666126248878 428
1757646444770 0.11978797663247367 429
1757646444834 0.20366643566326836 430
1757646444898 0.07836689265522183 431
1757646444964 0.06800524045464723 432
1757646445029 0.17595324523696632 433
1757646445093 0.11180041256114434 434
1757646445158 0.13068222760023301 435
1757646445221 0.1320701991863501 436
1757646445287 0.15070940343667663 437
1757646445352 0.19997900928226492 438
1757646445415 0.12958071348428288 439
1757646445478 0.12548020053303358 440
1757646445540 0.1549834390420999 441
1757646445604 0.18179638515675825 442
1757646445667 0.10774812823773353 443
1757646445730 0.09961362160905231 444
1757646445794 0.18411516314508608 445
1757646445865 0.13212463257913643 446
1757646445929 0.10538722759965582 447
1757646445993 0.10735273174528098 448
1757646446058 0.09598553149422125 449
1757646446121 0.0737657400343576 450
1757646446184 0.1608883674553342 451
1757646446248 0.10520482064619834 452
1757646446312 0.1207127066635892 453
1757646446376 0.14607851084748802 454
1757646446440 0.0889143856190736 455
1757646446504 0.13997553249607386 456
1757646446567 0.07083940260036321 457
1757646446631 0.1358934336683982 458
1757646446694 0.13413834524287904 459
1757646446759 0.1414057505606466 460
1757646446822 0.06140237549305468 461
1757646446887 0.18928434481074322 462
1757646446951 0.15046663190662876 463
1757646447015 0.09805294511033495 464
1757646447078 0.10872966728628089 465
1757646447143 0.1409981110767174 466
1757646447207 0.20785779530549392 467
1757646447269 0.11813303579373467 468
1757646447333 0.15355527826543988 469
1757646447400 0.23724224705209887 470
1757646447464 0.08414134123322127 471
1757646447527 0.13376360402313903 472
1757646447591 0.08850255317063457 473
1757646447655 0.11663688081698434 474
1757646447723 0.11202663994371634 475
1757646447788 0.14147193390796114 476
1757646447853 0.1334870033135751 477
1757646447921 0.10979585749489539 478
1757646447989 0.17716744800078435 479
1757646448054 0.1429872711956458 480
1757646448117 0.07660502119846688 481
1757646448182 0.15095216962937702 482
1757646448246 0.09559346884596318 483
1757646448310 0.15576705350048622 484
1757646448375 0.17267576485472289 485
1757646448440 0.12283397939824703 486
1757646448503 0.12541698454561492 487
1757646448566 0.11937644177018343 488
1757646448631 0.13040973510001042 489
1757646448695 0.15994074388075702 490
1757646448758 0.128976630054705 491
1757646448822 0.0734680782150531 492
1757646448887 0.12313237869508065 493
1757646448951 0.11426222043960174 494
1757646449017 0.1569007810046915 495
1757646449082 0.20022441726653753 496
1757646449153 0.1579181793628726 497
1757646449229 0.1588985094188968 498
1757646449295 0.12053293867377572 499
