1757645384833 0.10678983062259101 0
1757645384930 0.007874481025827109 1
1757645385030 0.038919926031529016 2
1757645385129 0.034064784944134195 3
1757645385228 0.027959218853154777 4
1757645385326 0.0009382302039581918 5
1757645385423 0.021392027863246146 6
1757645385519 0.0009686026714695112 7
1757645385616 0.002039096812585365 8
1757645385715 0.1483238564716037 9
1757645385833 0.008040433723982698 10
1757645385934 0.005182548271131168 11
1757645386036 0.1748082467060693 12
1757645386143 0.01125033795651476 13
1757645386240 0.19049589452354426 14
1757645386340 0.12645851127545074 15
1757645386438 0.020191432951362144 16
1757645386537 0.5527151082210746 17
1757645386635 0.1704139816847215 18
1757645386733 0.09595806215663938 19
1757645386835 0.027394566177363234 20
1757645386931 0.07199921869762582 21
1757645387031 0.1926762184586321 22
1757645387133 3.3825037529935515e-05 23
1757645387231 0.029036752184893856 24
1757645387327 0.27997275440700536 25
1757645387425 0.1583210967389156 26
1757645387527 0.0008933027197824328 27
1757645387626 0.10768500179379141 28
1757645387724 0.007781875214984331 29
1757645387822 0.1595959634406978 30
1757645387920 0.008776446509001353 31
1757645388018 1.0375209133766452 32
1757645388121 0.04429539552415448 33
1757645388222 0.011092566610550235 34
1757645388324 0.01679710699275372 35
1757645388419 0.04507669277739699 36
1757645388518 0.10498042484986154 37
1757645388616 0.010806039247742245 38
1757645388716 0.026492776837005533 39
1757645388815 0.061069744531587374 40
1757645388922 0.4132566423573869 41
1757645389030 0.02485648154170612 42
1757645389129 0.029295746692935973 43
1757645389226 0.0004626118849781651 44
1757645389325 0.007814216380700702 45
1757645389425 0.14297716095755147 46
1757645389523 0.272135101656593 47
1757645389619 0.23446539699174518 48
1757645389717 0.0027169440993815045 49
1757645389815 0.13039995684962108 50
1757645389913 0.007589311417295699 51
1757645390014 0.6211581972107071 52
1757645390113 0.003899141786542578 53
1757645390217 0.17423507912457484 54
1757645390316 0.0012363467328241383 55
1757645390414 0.05894851305077756 56
1757645390514 0.1628925326499453 57
1757645390612 0.015308799637766891 58
1757645390722 0.00024509873423137016 59
1757645390821 0.017352606739373902 60
1757645390921 0.009466063052175492 61
1757645391021 0.3327472862762046 62
1757645391121 0.10880590473940494 63
1757645391222 0.15036648290989754 64
1757645391320 0.009280560664121201 65
1757645391418 0.11967834520279802 66
1757645391517 0.007140974898045759 67
1757645391615 0.2626113458118251 68
1757645391714 0.0027634560547098196 69
1757645391814 0.005498926392347753 70
1757645391913 0.29075142681132515 71
1757645392011 0.009632400998655524 72
1757645392109 0.00258674035596774 73
1757645392214 0.1070922984491023 74
1757645392374 0.0571136097675876 75
1757645392480 0.0389014813582558 76
1757645392580 0.1904928296453061 77
1757645392679 0.16757423173767214 78
1757645392776 0.006198634859669964 79
1757645392875 0.18887488200778454 80
1757645392975 0.061009051762392616 81
1757645393075 0.006504371667864168 82
1757645393174 0.11290444885443708 83
1757645393272 0.2523177186514043 84
1757645393372 0.19437214950818343 85
1757645393472 0.005883980728966774 86
1757645393572 0.01948266654935506 87
1757645393673 0.14529445226842844 88
1757645393771 0.008362457130754904 89
1757645393872 0.0004977263395366566 90
1757645393997 0.09167108289053641 91
1757645394099 0.3613456610274329 92
1757645394199 0.0009941103152513616 93
1757645394304 0.03246840200592433 94
1757645394404 0.16447049622150411 95
1757645394505 0.0007406539937743903 96
1757645394607 0.5303283530657369 97
1757645394711 0.006696590655881189 98
1757645394810 0.7827093406375584 99
1757645394911 0.0027771409418855405 100
1757645395034 0.21076823876107129 101
1757645395139 0.005937173136725041 102
1757645395292 0.0001172800485972956 103
1757645395396 0.050586278056233246 104
1757645395497 0.06646824591304112 105
1757645395598 0.09275829993783752 106
1757645395697 0.03220776168058272 107
1757645395796 0.0011967619763535542 108
1757645395897 0.02331850282236169 109
1757645395999 0.3199378493175357 110
1757645396100 0.1203995216780872 111
1757645396202 0.48820296608482966 112
1757645396308 0.2756731461320228 113
1757645396408 0.5805650156041853 114
1757645396509 0.002980045846089778 115
1757645396611 0.14432805765431894 116
1757645396713 0.01743939010794328 117
1757645396814 0.15785091254145162 118
1757645396916 0.01579847244061778 119
1757645397016 0.10500803200630676 120
1757645397417 0.1966508739448933 121
1757645397551 0.062476544540730004 122
1757645397733 0.19824973316251376 123
1757645397973 0.002643355347270415 124
1757645398075 0.4439322683081899 125
1757645398177 0.3231958104986701 126
1757645398283 0.80234715405424 127
1757645398390 0.19682244236178914 128
1757645398492 0.12181103399149518 129
1757645398595 0.14266992478215307 130
1757645398697 0.010074928868600464 131
1757645398798 1.3972490531113049 132
1757645398905 0.08763936600736559 133
1757645399020 0.04272903561714458 134
1757645399124 0.04057962537600911 135
1757645399227 0.12153441091251814 136
1757645399330 4.532940004576947e-05 137
1757645399431 0.0009563229546739638 138
1757645399533 0.10958104772275568 139
1757645399637 0.11003564493649068 140
1757645399739 0.007462438416450874 141
1757645399841 0.06834255367938914 142
1757645399942 0.054625283949897754 143
1757645400047 0.01025322493578512 144
1757645400247 0.015119580488907516 145
1757645400429 0.02121501619581523 146
1757645400535 0.0030042581200114228 147
1757645400640 0.15889302664413138 148
1757645400744 0.09425767254665235 149
1757645400846 0.39585159261047403 150
1757645400948 0.19670991932440385 151
1757645401052 0.44560733241169265 152
1757645401155 0.3465223999580492 153
1757645401257 0.02040430590588158 154
1757645401358 0.12213358605354922 155
1757645401461 0.04095931546153285 156
1757645401563 0.12062316841559703 157
1757645401667 2.9269996858596767e-06 158
1757645401770 0.10799508919896704 159
1757645401871 0.20678745922677633 160
1757645401975 0.2735493671154146 161
1757645402076 0.03248054722497055 162
1757645402181 0.31187412251111424 163
1757645402284 0.39095091065065085 164
1757645402396 0.015002429929219695 165
1757645402500 0.09907866294850821 166
1757645402603 0.04580382095763599 167
1757645402706 0.21050401260911789 168
1757645402808 0.00021487495808218159 169
1757645402911 0.009747354596362955 170
1757645403013 0.04604159983534 171
1757645403117 0.1373929984305729 172
1757645403219 0.1889514530556832 173
1757645403323 0.024654084617339686 174
1757645403427 0.06764148402553044 175
1757645403531 0.004028325636430859 176
1757645403634 0.0011896035748674557 177
1757645403737 0.02187115931584236 178
1757645403840 0.00019286396094994596 179
1757645403962 0.0013612975302466092 180
1757645404069 0.0009902464315367013 181
1757645404172 0.1748367254795182 182
1757645404275 0.020853939315697265 183
1757645404378 0.2982624941793908 184
1757645404486 0.010181224036677695 185
1757645404590 0.0011475961561651362 186
1757645404693 0.44332536988675564 187
1757645404794 0.10920846820530002 188
1757645404897 0.03141272087172954 189
1757645405002 4.509760827327189e-05 190
1757645405107 0.031512352366532145 191
1757645405212 0.0001046691588084332 192
1757645405314 0.028771444137206198 193
1757645405417 0.6236335199146348 194
1757645405520 0.016595926091209533 195
1757645405628 0.022795224111200656 196
1757645405738 0.008554818191888162 197
1757645405858 0.05991697334779243 198
1757645405969 0.0049920146552922965 199
1757645406074 0.12555276598690768 200
1757645406177 0.26531974366698663 201
1757645406279 0.05850027431872182 202
1757645406382 0.39776568884531865 203
1757645406497 0.06236464114633602 204
1757645406600 0.012356364266529977 205
1757645406704 0.047627910266553324 206
1757645406807 0.12633516474191242 207
1757645406909 0.005433454366088575 208
1757645407016 0.006301534025264007 209
1757645407118 0.013499750182276046 210
1757645407222 0.001343881023712614 211
1757645407330 0.0030012341430208154 212
1757645407433 0.009268003134420897 213
1757645407536 0.37020231929346936 214
1757645407641 0.0022647094913360796 215
1757645407745 0.03616113595311904 216
1757645407850 0.05999269546106904 217
1757645407952 0.2536492213452829 218
1757645408055 0.5722079604475329 219
1757645408157 0.06665695094837056 220
1757645408261 0.004820934488439451 221
1757645408365 0.012660639233105979 222
