1757637824024 0.25797776390934013 0
1757637824117 0.14618888443330255 1
1757637824210 0.027051435566034458 2
1757637824302 0.3498368055380177 3
1757637824397 0.0017448305552180492 4
1757637824507 0.29000765781789184 5
1757637824605 0.13137209092962382 6
1757637824701 0.0020522019233342667 7
1757637824799 0.04694357804360194 8
1757637824897 0.006865513264962462 9
1757637824997 0.006041950055532619 10
1757637825094 0.028285790192514513 11
1757637825190 0.04650500762505629 12
1757637825294 0.2221265682548546 13
1757637825392 0.00815322652804414 14
1757637825491 0.34722644695067534 15
1757637825590 0.0009569900948188994 16
1757637825686 2.4106725408834158 17
1757637825793 0.07786593421897096 18
1757637825890 0.3662425342290753 19
1757637825988 0.19927468818124006 20
1757637826083 0.06342730147656442 21
1757637826180 0.15397686918866604 22
1757637826277 0.006550805131076998 23
1757637826376 0.002629436412578399 24
1757637826475 0.014228433866069132 25
1757637826577 0.39301371485087644 26
1757637826674 0.03654277260639441 27
1757637826770 0.06544973455730041 28
1757637826868 0.000643117079162543 29
1757637826966 0.005668273740199579 30
1757637827063 0.15355769389135263 31
1757637827160 0.19656673770416588 32
1757637827265 0.007587442290087824 33
1757637827379 0.01829146844425955 34
1757637827476 0.005991608884649745 35
1757637827572 0.0015697977283238758 36
1757637827668 0.007903826609434561 37
1757637827763 0.03481610001465692 38
1757637827859 0.05308910499939825 39
1757637827957 0.7178329529867801 40
1757637828051 0.19765561779279833 41
1757637828144 0.09915333445779667 42
1757637828236 0.4112130621507468 43
1757637828328 0.1296973102692066 44
1757637828426 0.11142796440869462 45
1757637828522 0.016029957984325147 46
1757637828623 0.6657202327768753 47
1757637828717 0.05945944024489067 48
1757637828812 0.060265138029646156 49
1757637828904 0.038097028096183407 50
1757637828997 0.04263115705568008 51
1757637829089 0.04273682888526992 52
1757637829181 0.08939538085291762 53
1757637829274 0.010053288445659099 54
1757637829369 0.06139704710262576 55
1757637829467 0.00010339046534601233 56
1757637829564 0.027673143960479315 57
1757637829658 0.00465502871099301 58
1757637829752 0.002515404863329765 59
1757637829845 0.030696394834487793 60
1757637829939 0.2276085028371473 61
1757637830038 0.16519995298156168 62
1757637830133 0.0006809908195640693 63
1757637830227 0.5194049151483243 64
1757637830387 0.012043558622176813 65
1757637830485 0.0009125470646159627 66
1757637830584 0.05693666103431593 67
1757637830681 0.011314956399291911 68
1757637830776 3.783610109849136e-05 69
1757637830875 0.01559225306711227 70
1757637830970 0.05540604658150905 71
1757637831064 0.375476685470577 72
1757637831156 0.01578728889365252 73
1757637831253 0.0004143551354618421 74
1757637831346 0.280603292195526 75
1757637831445 0.026030744099750553 76
1757637831555 0.0007162841987259618 77
1757637831651 0.004180384982478715 78
1757637831745 0.024700059948886934 79
1757637831839 0.002597151413566123 80
1757637831932 0.03499879900551104 81
1757637832028 0.011653785356142674 82
1757637832122 0.03501709749230274 83
1757637832214 0.018997207978169228 84
1757637832321 0.05595979045591162 85
1757637832420 0.02172977042489541 86
1757637832518 0.23059773009725681 87
1757637832617 0.0009158032989137599 88
1757637832714 0.30185266835984065 89
1757637832808 0.10751065901700155 90
1757637832902 0.07585563113897889 91
1757637832999 0.02566267619882803 92
1757637833093 0.31895732425298123 93
1757637833187 0.020884355229888286 94
1757637833281 0.7729330532195785 95
1757637833375 0.17134523348934275 96
1757637833469 0.055480725866100054 97
1757637833563 0.13855787117785318 98
1757637833660 0.5054098849972456 99
1757637833754 0.2257590991916401 100
1757637833848 0.40901916886583267 101
1757637833942 0.0762696345004528 102
1757637834037 0.16747163271088647 103
1757637834130 0.006909848316505034 104
1757637834328 0.06334409850456131 105
1757637834430 0.04635447947796407 106
1757637834531 0.08556235181634518 107
1757637834631 0.02805702830602601 108
1757637834730 0.0446588446406793 109
1757637834828 0.14959859884786075 110
1757637834924 1.668638845293359e-05 111
1757637835020 0.0621021330303842 112
1757637835114 0.054132613780395626 113
1757637835207 0.026918874093219945 114
1757637835301 0.1400771908628728 115
1757637835397 0.12526027358381364 116
1757637835495 0.24406976247129608 117
1757637835589 0.021210379333269146 118
1757637835683 0.09442704846985304 119
1757637835777 0.06368424596954211 120
1757637835870 0.001421904467750432 121
1757637835965 0.17930517172253627 122
1757637836060 0.0047404010924052544 123
1757637836153 0.6773348438732378 124
1757637836248 0.00432485531513272 125
1757637836341 0.3377949525960284 126
1757637836439 0.0024445052530141812 127
1757637836535 0.08550659086191474 128
1757637836629 0.6459367196266734 129
1757637836728 0.036225342592493166 130
1757637836822 0.16768872209261781 131
1757637836917 0.0030792390166899802 132
1757637837020 0.010996048074049839 133
1757637837115 0.0308796608833886 134
1757637837209 4.897770396333485e-05 135
1757637837310 0.002295019585837433 136
1757637837409 0.07699962467162338 137
1757637837503 0.056188655628375765 138
1757637837598 0.12062172932200814 139
1757637837693 3.0249149063417467e-05 140
1757637837787 0.01573133354897848 141
1757637837881 0.24567935715326994 142
1757637837974 0.8095207804019987 143
1757637838069 0.016691595208272018 144
1757637838164 0.02127174379051177 145
1757637838260 0.04400347830624101 146
1757637838357 0.013976849550045215 147
1757637838452 0.002715674231962562 148
1757637838546 0.0070607143240784724 149
1757637838642 0.32511612489451 150
1757637838742 5.4830147218975395e-09 151
1757637838837 0.008087964718992457 152
1757637838932 0.0013841362303824406 153
1757637839030 0.14063916333168225 154
1757637839125 0.5600634349429908 155
1757637839222 0.33964662087742425 156
1757637839316 0.054458282049079966 157
1757637839412 0.02729746173237207 158
1757637839506 0.012823338256818638 159
1757637839599 0.18687381096258038 160
1757637839697 0.0003791282593780929 161
1757637839796 0.151031096299266 162
1757637839893 0.002782050763688183 163
1757637839996 0.1598622547345332 164
1757637840100 0.0056663345708464615 165
1757637840196 0.43007122835214734 166
1757637840294 0.05256504426948716 167
1757637840390 0.20175082914492815 168
1757637840487 0.04777287125367955 169
1757637840583 0.6178529126293415 170
1757637840686 0.016738822480235865 171
1757637840787 0.011076040156931422 172
1757637840883 0.1705586823700047 173
1757637840980 0.01547304492447745 174
1757637841076 0.16498808717912714 175
1757637841170 0.16037899188127266 176
1757637841265 0.10723876024803686 177
1757637841367 0.23786097585136828 178
1757637841472 0.003697533924747641 179
1757637841570 0.1725771078724863 180
1757637841666 2.0627538690835853e-05 181
1757637841762 0.009589693230846623 182
1757637841866 0.04039776911689448 183
1757637841966 2.788094206324124e-05 184
1757637842065 0.08369457980546043 185
1757637842165 0.03162960378433147 186
1757637842263 0.46159940113270503 187
1757637842373 0.3128806236570377 188
1757637842471 0.002460931128072774 189
1757637842568 0.004457991494070063 190
1757637842665 0.0027185526933754586 191
1757637842762 0.3186529548278445 192
1757637842859 0.06396038273601383 193
1757637842955 0.21289902767294316 194
1757637843052 0.08558565790346363 195
1757637843149 0.33663315254963755 196
1757637843245 0.3760062034341613 197
1757637843343 0.000666915051182488 198
1757637843440 0.05615285769764834 199
1757637843537 0.15640731987914053 200
1757637843633 0.0063876362394014435 201
1757637843730 0.2931867427484556 202
1757637843825 0.009881046408323185 203
1757637843922 0.07734270817416321 204
1757637844019 0.371365184423155 205
1757637844116 0.015046888662932918 206
1757637844211 0.0030387083057833585 207
1757637844307 0.003160791766443295 208
1757637844401 0.3759097856002593 209
1757637844498 0.015281961105456859 210
1757637844592 0.0022289603454680195 211
1757637844687 0.25853711940693835 212
1757637844791 0.10855291221086583 213
1757637844887 0.00440684434496624 214
1757637844985 0.0012454873664975265 215
1757637845081 0.1480742587625902 216
1757637845177 0.0076754746858762645 217
1757637845273 0.17741017962212186 218
1757637845368 0.05542736265284608 219
1757637845465 0.009056856845022228 220
1757637845561 0.4125995763000279 221
1757637845656 0.01460390007878656 222
1757637845751 0.08037831836032308 223
1757637845851 0.011654286694655798 224
1757637845952 0.018741645518753288 225
1757637846050 0.03821547052131919 226
1757637846147 0.9951155853321214 227
1757637846245 0.6075925042816532 228
1757637846343 0.0025574870124334893 229
1757637846441 0.15128518136072042 230
1757637846537 0.01403540059267344 231
1757637846634 0.10387385375176347 232
1757637846729 1.3314887429252715 233
1757637846826 0.046223023068270495 234
1757637846924 0.20149703042931674 235
1757637847021 0.21132715229987484 236
1757637847117 0.2794975390292235 237
1757637847214 0.026392624794388052 238
1757637847316 0.042655990838503445 239
1757637847417 0.0018990385080412664 240
1757637847515 0.20386752160592664 241
1757637847612 0.0020900198007228464 242
1757637847709 0.05272642594328034 243
1757637847806 0.13959398348077254 244
1757637847903 0.06037234006689379 245
1757637848001 0.07723756225161439 246
1757637848099 0.3106473476192431 247
1757637848196 0.003165842886041595 248
1757637848435 0.0032860555389589725 249
1757637848542 0.014736500107113278 250
1757637848647 0.7643021189997342 251
1757637848748 0.008922700679526071 252
1757637848852 0.036385793688667165 253
1757637848951 0.06403831796026165 254
1757637849052 0.05779608801562395 255
1757637849151 0.10223108822856523 256
1757637849250 0.0033506958229354202 257
1757637849348 0.0032077313384616443 258
1757637849446 0.2314175072096993 259
1757637849543 0.12016423004479622 260
1757637849641 0.43521649534087525 261
1757637849740 0.0015180144469668707 262
1757637849838 0.06265059377278699 263
1757637849935 0.08220330760657729 264
1757637850031 0.00021925182070794264 265
1757637850127 5.4051245950933585e-05 266
1757637850226 0.047575582093576416 267
1757637850323 0.050431075754111813 268
1757637850420 0.0014924944055851187 269
1757637850518 0.0035414135326266426 270
1757637850661 0.008319726633370293 271
1757637850765 0.03651325927408247 272
1757637850868 0.05498825113775268 273
1757637850969 0.10160304375993043 274
1757637851067 0.011014007494463787 275
1757637851164 0.4854503174718799 276
1757637851262 0.11762557452076029 277
1757637851361 0.04494618230259401 278
1757637851464 0.014995428375310524 279
1757637851572 0.11058705143766585 280
1757637851670 0.030274796256389666 281
1757637851768 0.011197575218291065 282
1757637851867 0.039466009942020756 283
1757637851966 0.013860254291026197 284
1757637852067 0.1556978309687361 285
1757637852165 0.07409965471208449 286
1757637852265 0.000459448717236739 287
1757637852377 0.018962223263725955 288
1757637852483 0.006917313897407276 289
1757637852582 0.13005774634842496 290
1757637852682 0.039355782522655945 291
1757637852780 0.017319908077841166 292
1757637852878 0.5947707432409712 293
1757637852985 0.017104197887926536 294
1757637853084 0.08746009835590131 295
1757637853182 0.0694551931266476 296
1757637853280 0.019851095856568746 297
1757637853380 0.0019311525241101815 298
1757637853478 0.0002149601392565842 299
1757637853579 0.008325347675958671 300
1757637853678 0.007763706775621647 301
1757637853776 0.07592835030446517 302
1757637853875 0.10420046625887355 303
1757637853973 0.4257392412381724 304
1757637854073 0.058100438546075175 305
1757637854172 0.02668290954618397 306
1757637854270 0.00779147025135195 307
1757637854368 0.025117065449001007 308
1757637854466 0.15212833728433628 309
1757637854562 0.004722678592004424 310
1757637854660 0.5977947771665577 311
1757637854758 0.009141757739730185 312
1757637854856 1.2345734749126693 313
1757637854956 0.07326142429040841 314
1757637855056 0.1650879095208785 315
1757637855155 0.12607802967042678 316
1757637855252 0.033844144899309286 317
1757637855350 0.0638360249011638 318
1757637855448 0.3698400238791348 319
1757637855545 0.10918659349389186 320
1757637855642 0.015287420994371128 321
1757637855740 0.35399689752191843 322
1757637855837 0.050021524210604434 323
1757637855935 0.32859345217636454 324
1757637856032 0.03818764114316393 325
1757637856129 0.45412173922939153 326
1757637856232 0.2310563192929781 327
1757637856331 0.022745323425706922 328
1757637856433 0.03513222354771977 329
1757637856532 8.677894087017199e-05 330
1757637856630 0.39260628277454573 331
1757637856727 0.1824406166433284 332
1757637856825 0.07431201760448382 333
1757637856923 0.09814302136401436 334
1757637857027 0.05436496146647461 335
1757637857128 0.09787547128232667 336
1757637857227 0.10596564378004025 337
1757637857334 0.10732868304746676 338
1757637857435 3.917822471383675e-07 339
1757637857535 0.0018389996495390773 340
1757637857633 0.017354765227259896 341
1757637857732 0.27613593473186915 342
1757637857831 0.9777700615320212 343
1757637857932 0.0002995261668088957 344
1757637858033 0.1888840622594643 345
1757637858132 0.03310758645090468 346
1757637858230 0.007432681912838131 347
1757637858327 0.030230630136020866 348
1757637858428 0.004713559197819902 349
1757637858527 0.2074844423290344 350
1757637858626 0.12454346654018232 351
1757637858724 0.07736344441112357 352
1757637858823 0.014102772138198619 353
1757637858920 0.32639067412692063 354
1757637859021 0.11390603299165758 355
1757637859122 0.020058355762354242 356
1757637859220 0.001380018077787458 357
1757637859318 0.0013184107162923788 358
1757637859415 0.259123092895269 359
1757637859514 0.01259438336148014 360
1757637859612 0.14928540187688166 361
1757637859711 0.16320781754521413 362
1757637859809 0.03552976643072631 363
1757637859907 0.06287446108493024 364
1757637860012 0.21540455403413472 365
1757637860110 0.038103516116068235 366
1757637860209 0.17404315356334207 367
1757637860306 0.14288951657310586 368
1757637860405 0.01576384623933164 369
1757637860502 0.004338197196754436 370
1757637860602 0.3627544877026279 371
1757637860700 3.1433706114625724e-06 372
1757637860799 0.00020845536586907722 373
1757637860897 0.149979704973985 374
1757637860997 0.2873125379654483 375
1757637861106 0.00948263414763423 376
1757637861208 0.04692049799812101 377
1757637861306 0.0006819457217113766 378
1757637861404 0.094537015566835 379
1757637861510 0.04036532842864539 380
1757637861612 0.3802263077915537 381
1757637861712 1.4471663192388329 382
1757637861812 0.0007056638483219388 383
1757637861911 0.027627950957487477 384
1757637862010 0.2395669740035272 385
1757637862109 0.002751953679592767 386
1757637862208 0.06879453287219768 387
1757637862318 0.0018402528407561645 388
1757637862425 0.00014991248245132516 389
1757637862526 0.00960882585910062 390
1757637862626 0.13037038737368575 391
1757637862726 4.8824233486723715e-05 392
1757637862827 0.2801643557234728 393
1757637862931 0.04703843765653568 394
1757637863032 0.012712367637558406 395
1757637863137 0.012750386763440766 396
1757637863241 0.025945730128250924 397
1757637863341 0.1409546031788178 398
1757637863445 0.05249452343473999 399
1757637863549 0.0367242959753521 400
1757637863647 0.03218699866110316 401
1757637863746 0.023350516763809562 402
1757637863844 0.1979453057578397 403
1757637863944 0.2168071104484081 404
1757637864044 0.014619025046302504 405
1757637864144 0.005091966952073469 406
1757637864243 0.01376450606642036 407
1757637864341 0.030809893710509594 408
1757637864442 0.00012845976534546887 409
1757637864542 0.046718803639827396 410
1757637864641 0.27457920857214757 411
1757637864740 0.02695149007803776 412
1757637864840 0.00048358354996320106 413
1757637864939 0.01612540048162787 414
1757637865038 0.17196512544121428 415
1757637865143 0.19363975974797557 416
1757637865243 0.6329252002380253 417
1757637865345 0.1485392423565297 418
1757637865442 0.0038151924000998897 419
1757637865542 0.19351120492998697 420
1757637865642 0.005014426097181363 421
1757637865741 0.09905456865420818 422
1757637865840 0.05234096032290561 423
1757637865939 0.041804807585555284 424
1757637866038 0.08059857435529005 425
1757637866138 0.08394810143902783 426
1757637866237 1.113300886646548 427
1757637866336 0.031094504257600113 428
1757637866490 0.15318552391299717 429
1757637866593 0.348354566669998 430
1757637866696 0.0019405216337763204 431
1757637866798 0.2991867080094593 432
1757637866897 0.10032809627517897 433
1757637866997 1.0267632648014013 434
1757637867095 0.010805456744118898 435
1757637867201 0.0824008241168534 436
1757637867307 0.006880678654450386 437
1757637867414 0.14845328077805772 438
1757637867515 0.08518350321342312 439
1757637867616 0.0031741329171096834 440
1757637867718 0.003589552380622835 441
1757637867821 0.013591480700736269 442
1757637867923 0.008245527290521247 443
1757637868023 0.004667164516903269 444
1757637868122 0.05999053717822628 445
1757637868222 0.10859074121860707 446
1757637868322 0.1152825600611483 447
1757637868425 0.30569279163319424 448
1757637868585 0.11282920786112392 449
1757637868686 0.001170434467435838 450
1757637868787 0.3025179966123782 451
1757637868887 0.0061003442909388205 452
1757637868987 0.14782127996363356 453
1757637869088 0.19766386580350873 454
1757637869192 0.13481746762094207 455
1757637869293 0.021579959894267364 456
1757637869393 0.027714242689996452 457
1757637869498 0.06117099314117661 458
1757637869601 0.02902160683758804 459
1757637869702 0.050770063917104 460
1757637869803 0.672327085830358 461
1757637869902 0.004148672551733596 462
1757637870003 0.08779503471843805 463
1757637870104 0.0004897945368363296 464
1757637870203 0.33240036464451045 465
1757637870303 0.21191204198876218 466
1757637870402 0.0733348890882981 467
1757637870504 0.02473095224295422 468
1757637870605 0.04582037900965072 469
1757637870705 0.5529576166604483 470
1757637870805 0.0009854309307126563 471
1757637870905 0.5589391023216632 472
1757637871004 1.3311096303959598 473
1757637871104 0.17604069643965187 474
1757637871207 0.27842769209940416 475
1757637871308 0.00111660367797936 476
1757637871409 0.014283589569288628 477
1757637871513 0.13418690428384217 478
1757637871617 0.09380541638293735 479
1757637871719 0.0004801845505371196 480
1757637871820 0.0006407312056897521 481
1757637871920 0.0007249622980821932 482
1757637872020 0.043967873793999454 483
1757637872120 0.011363978224248701 484
1757637872221 0.06040771183387494 485
1757637872331 0.05252245054275527 486
1757637872434 0.1935254531824237 487
1757637872536 0.007260242736196903 488
1757637872638 0.19441402785325604 489
1757637872741 0.13438978914054314 490
1757637872843 0.018469531926225958 491
1757637872944 0.001515750503417286 492
1757637873046 0.030081944825401167 493
1757637873146 0.019071874607429037 494
1757637873252 0.32792257782574985 495
1757637873355 0.016425368750495654 496
1757637873461 0.051237583814411805 497
1757637873563 0.08638899008682605 498
1757637873663 0.3678420276146247 499
