1757641334160 172.73389283707246 0
1757641334222 172.38440416158963 1
1757641334286 172.03563459687518 2
1757641334357 171.68758261405833 3
1757641334420 171.34024668773904 4
1757641334507 170.99362529597897 5
1757641334577 170.64771692029285 6
1757641334640 170.30252004563948 7
1757641334699 169.95803316041287 8
1757641334756 169.61425475643378 9
1757641334815 169.2711833289406 10
1757641334881 168.92881737658092 11
1757641334946 168.58715540140273 12
1757641335007 168.2461959088457 13
1757641335069 167.90593740773252 14
1757641335137 167.56637841026063 15
1757641335209 167.2275174319931 16
1757641335276 166.8893529918505 17
1757641336024 166.5518836121021 18
1757641336118 166.21510781835755 19
1757641336190 165.8790241395583 20
1757641336255 165.5436311079692 21
1757641336317 165.20892725916994 22
1757641336375 164.87491113204683 23
1757641336433 164.5415812687843 24
1757641336490 164.20893621485655 25
1757641336544 163.87697451901929 26
1757641336599 163.54569473330133 27
1757641336654 163.21509541299645 28
1757641336706 162.885175116655 29
1757641336760 162.5559324060758 30
1757641336813 162.22736584629774 31
1757641336867 161.89947400559188 32
1757641336919 161.57225545545302 33
1757641336972 161.24570877059176 34
1757641337050 160.9198325289264 35
1757641337106 160.59462531157456 36
1757641337161 160.27008570284562 37
1757641337215 159.9462122902322 38
1757641337268 159.62300366440252 39
1757641337321 159.30045841919218 40
1757641337371 158.97857515159632 41
1757641337422 158.65735246176155 42
1757641337473 158.33678895297825 43
1757641337524 158.01688323167255 44
1757641337575 157.6976339073984 45
1757641337625 157.3790395928298 46
1757641337676 157.06109890375305 47
1757641337726 156.74381045905878 48
1757641337777 156.42717288073447 49
1757641337828 156.11118479385627 50
1757641337879 155.79584482658163 51
1757641337942 155.4811516101415 52
1757641338002 155.1671037788326 53
1757641338058 154.8536999700097 54
1757641338114 154.54093882407824 55
1757641338167 154.22881898448642 56
1757641338219 153.91733909771776 57
1757641338270 153.60649781328348 58
1757641338321 153.29629378371504 59
1757641338372 152.98672566455662 60
1757641338423 152.6777921143573 61
1757641338474 152.3694917946641 62
1757641338525 152.06182337001414 63
1757641338576 151.7547855079273 64
1757641338627 151.44837687889887 65
1757641338679 151.14259615639213 66
1757641338730 150.83744201683095 67
1757641338781 150.5329131395924 68
1757641338832 150.2290082069996 69
1757641338883 149.92572590431413 70
1757641338934 149.62306491972905 71
1757641338986 149.32102394436143 72
1757641339038 149.01960167224516 73
1757641339089 148.7187968003238 74
1757641339140 148.41860802844326 75
1757641339191 148.11903405934478 76
1757641339242 147.82007359865756 77
1757641339295 147.52172535489186 78
1757641339347 147.2239880394316 79
1757641339398 146.9268603665276 80
1757641339450 146.63034105329027 81
1757641339500 146.33442881968264 82
1757641339551 146.0391223885133 83
1757641339601 145.7444204854293 84
1757641339654 145.45032183890945 85
1757641339712 145.156825180257 86
1757641339765 144.86392924359282 87
1757641339816 144.57163276584868 88
1757641339868 144.2799344867599 89
1757641339920 143.98883314885896 90
1757641339972 143.69832749746809 91
1757641340024 143.4084162806929 92
1757641340073 143.11909824941534 93
1757641340133 142.8303721572868 94
1757641340185 142.54223676072147 95
1757641340238 142.2546908188895 96
1757641340292 141.96773309371022 97
1757641340344 141.68136234984553 98
1757641340395 141.39557735469307 99
1757641340447 141.1103768783795 100
1757641340497 140.82575969375387 101
1757641340548 140.54172457638103 102
1757641340599 140.2582703045349 103
1757641340652 139.9753956591919 104
1757641340708 139.69309942402424 105
1757641340759 139.41138038539356 106
1757641340811 139.1302373323442 107
1757641340862 138.84966905659664 108
1757641340912 138.56967435254103 109
1757641340963 138.29025201723073 110
1757641341017 138.0114008503758 111
1757641341069 137.73311965433646 112
1757641341120 137.45540723411665 113
1757641341171 137.17826239735766 114
1757641341222 136.90168395433173 115
1757641341273 136.6256707179356 116
1757641341324 136.35022150368414 117
1757641341375 136.07533512970394 118
1757641341426 135.8010104167271 119
1757641341477 135.5272461880848 120
1757641341530 135.25404126970108 121
1757641341583 134.98139449008642 122
1757641341634 134.7093046803315 123
1757641341684 134.43777067410124 124
1757641341736 134.16679130762805 125
1757641341788 133.89636541970603 126
1757641341841 133.62649185168462 127
1757641341893 133.35716944746238 128
1757641341945 133.08839705348095 129
1757641342024 132.8201735187187 130
1757641342078 132.5524976946849 131
1757641342134 132.28536843541326 132
1757641342189 132.01878459745612 133
1757641342246 131.75274503987822 134
1757641342299 131.48724862425075 135
1757641342352 131.2222942146451 136
1757641342405 130.95788067762717 137
1757641342457 130.69400688225093 138
1757641342508 130.43067170005287 139
1757641342561 130.1678740050457 140
1757641342660 129.9056126737125 141
1757641342715 129.64388658500087 142
1757641342769 129.38269462031678 143
1757641342823 129.122035663519 144
1757641342879 128.86190860091276 145
1757641342945 128.60231232124434 146
1757641343005 128.34324571569482 147
1757641343060 128.08470767787455 148
1757641343119 127.82669710381705 149
1757641343173 127.56921289197344 150
1757641343226 127.31225394320637 151
1757641343282 127.05581916078465 152
1757641343336 126.799907450377 153
1757641343391 126.5445177200467 154
1757641343444 126.28964888024566 155
1757641343497 126.03529984380874 156
1757641343551 125.78146952594804 157
1757641343606 125.5281568442473 158
1757641343858 125.2753607186561 159
1757641343933 125.02308007148436 160
1757641343992 124.77131382739653 161
1757641344050 124.52006091340617 162
1757641344106 124.26932025887012 163
1757641344166 124.01909079548317 164
1757641344224 123.76937145727223 165
1757641344279 123.52016118059095 166
1757641344347 123.27145890411404 167
1757641344433 123.02326356883191 168
1757641344556 122.77557411804509 169
1757641344615 122.52838949735852 170
1757641344673 122.28170865467652 171
1757641344732 122.0355305401968 172
1757641344788 121.78985410640543 173
1757641344843 121.54467830807121 174
1757641344899 121.30000210224026 175
1757641344954 121.05582444823061 176
1757641345007 120.81214430762685 177
1757641345061 120.56896064427478 178
1757641345115 120.32627242427593 179
1757641345169 120.08407861598225 180
1757641345225 119.84237818999088 181
1757641345278 119.60117011913876 182
1757641345332 119.36045337849725 183
1757641345386 119.120226945367 184
1757641345441 118.8804897992725 185
1757641345494 118.64124092195695 186
1757641345548 118.40247929737697 187
1757641345601 118.16420391169738 188
1757641345654 117.92641375328593 189
1757641345708 117.68910781270816 190
1757641345762 117.45228508272218 191
1757641345815 117.2159445582735 192
1757641345868 116.98008523648988 193
1757641345922 116.74470611667613 194
1757641345975 116.50980620030904 195
1757641346028 116.27538449103226 196
1757641346081 116.04143999465114 197
1757641346133 115.80797171912766 198
1757641346188 115.5749786745754 199
1757641346249 115.34245987325438 200
1757641346303 115.11041432956614 201
1757641346357 114.87884106004857 202
1757641346410 114.64773908337094 203
1757641346463 114.41710742032893 204
1757641346516 114.1869450938396 205
1757641346569 113.95725112893638 206
1757641346622 113.72802455276413 207
1757641346676 113.49926439457418 208
1757641346730 113.27096968571942 209
1757641346783 113.04313945964928 210
1757641346837 112.81577275190494 211
1757641346891 112.58886860011428 212
1757641346946 112.36242604398716 213
1757641346998 112.13644412531035 214
1757641347052 111.91092188794285 215
1757641347105 111.68585837781096 216
1757641347159 111.46125264290336 217
1757641347213 111.23710373326645 218
1757641347267 111.01341070099942 219
1757641347321 110.7901726002495 220
1757641347375 110.56738848720715 221
1757641347428 110.3450574201013 222
1757641347482 110.12317845919456 223
1757641347536 109.90175066677857 224
1757641347589 109.68077310716913 225
1757641347643 109.46024484670157 226
1757641347698 109.240164953726 227
1757641347751 109.02053249860263 228
1757641347804 108.80134655369712 229
1757641347864 108.58260619337578 230
1757641347930 108.3643104940011 231
1757641347995 108.14645853392692 232
1757641348051 107.92904939349393 233
1757641348107 107.712082155025 234
1757641348162 107.4955559028205 235
1757641348218 107.27946972315382 236
1757641348278 107.06382270426673 237
1757641348333 106.84861393636479 238
1757641348388 106.6338425116128 239
1757641348443 106.41950752413027 240
1757641348498 106.20560806998684 241
1757641348553 105.99214324719784 242
1757641348608 105.77911215571967 243
1757641348663 105.56651389744538 244
1757641348718 105.35434757620006 245
1757641348774 105.14261229773655 246
1757641348829 104.93130716973086 247
1757641348883 104.72043130177768 248
1757641348941 104.50998380538603 249
1757641348996 104.29996379397477 250
1757641349051 104.09037038286814 251
1757641349106 103.88120268929156 252
1757641349159 103.67245983236691 253
1757641349214 103.46414093310844 254
1757641349269 103.25624511441819 255
1757641349323 103.04877150108179 256
1757641349378 102.84171921976399 257
1757641349432 102.63508739900435 258
1757641349486 102.42887516921296 259
1757641349563 102.2230816626661 260
1757641349624 102.01770601350191 261
1757641349680 101.81274735771608 262
1757641349735 101.60820483315769 263
1757641349789 101.40407757952475 264
1757641349844 101.20036473836012 265
1757641349898 100.99706545304714 266
1757641349954 100.79417886880549 267
1757641350008 100.59170413268683 268
1757641350062 100.38964039357069 269
1757641350116 100.1879868021603 270
1757641350170 99.98674251097825 271
1757641350225 99.78590667436245 272
1757641350284 99.58547844846188 273
1757641350341 99.38545699123246 274
1757641350397 99.18584146243289 275
1757641350452 98.98663102362049 276
1757641350507 98.78782483814715 277
1757641350562 98.58942207115507 278
1757641350617 98.39142188957283 279
1757641350672 98.19382346211113 280
1757641350727 97.99662595925882 281
1757641350781 97.79982855327877 282
1757641350836 97.60343041820377 283
1757641350891 97.40743072983265 284
1757641350946 97.21182866572596 285
1757641351001 97.01662340520218 286
1757641351056 96.82181412933355 287
1757641351109 96.62740002094215 288
1757641351164 96.43338026459584 289
1757641351219 96.2397540466043 290
1757641351274 96.04652055501501 291
1757641351329 95.85367897960933 292
1757641351384 95.6612285118985 293
1757641351438 95.4691683451197 294
1757641351493 95.27749767423215 295
1757641351547 95.0862156959131 296
1757641351603 94.89532160855393 297
1757641351658 94.70481461225633 298
1757641351712 94.51469390882828 299
1757641351768 94.32495870178022 300
1757641351823 94.1356081963212 301
1757641351878 93.9466415993549 302
1757641351936 93.7580581194759 303
1757641351991 93.56985696696577 304
1757641352046 93.38203735378919 305
1757641352101 93.19459849359015 306
1757641352156 93.00753960168822 307
1757641352210 92.82085989507455 308
1757641352266 92.63455859240828 309
1757641352328 92.44863491401256 310
1757641352391 92.26308808187092 311
1757641352447 92.07791731962335 312
1757641352504 91.89312185256267 313
1757641352559 91.70870090763076 314
1757641352635 91.5246537134147 315
1757641352693 91.34097950014313 316
1757641352750 91.15767749968262 317
1757641352806 90.97474694553364 318
1757641352863 90.79218707282728 319
1757641352932 90.6099971183212 320
1757641352997 90.4281763203961 321
1757641353053 90.24672391905209 322
1757641353110 90.06563915590486 323
1757641353168 89.88492127418216 324
1757641353224 89.7045695187201 325
1757641353281 89.52458313595949 326
1757641353338 89.34496137394231 327
1757641353396 89.1657034823079 328
1757641353453 88.98680871228956 329
1757641353510 88.8082763167108 330
1757641353565 88.63010554998178 331
1757641353631 88.45229566809574 332
1757641353690 88.27484592862545 333
1757641353750 88.09775559071961 334
1757641353809 87.92102391509924 335
1757641353866 87.74465016405426 336
1757641353923 87.56863360143984 337
1757641353981 87.39297349267287 338
1757641354041 87.21766910472853 339
1757641354097 87.04271970613668 340
1757641354153 86.86812456697841 341
1757641354208 86.69388295888255 342
1757641354264 86.51999415502212 343
1757641354320 86.34645743011087 344
1757641354382 86.17327206039994 345
1757641354440 86.00043732367415 346
1757641354496 85.82795249924881 347
1757641354553 85.6558168679661 348
1757641354612 85.4840297121917 349
1757641354668 85.31259031581132 350
1757641354724 85.14149796422741 351
1757641354780 84.97075194435556 352
1757641354837 84.80035154462122 353
1757641354893 84.63029605495636 354
1757641354950 84.46058476679593 355
1757641355006 84.29121697307458 356
1757641355067 84.12219196822333 357
1757641355134 83.9535090481661 358
1757641355193 83.78516751031647 359
1757641355252 83.61716665357423 360
1757641355318 83.44950577832222 361
1757641355377 83.28218418642275 362
1757641355435 83.11520118121454 363
1757641355495 82.94855606750927 364
1757641355552 82.78224815158826 365
1757641355609 82.61627674119929 366
1757641355665 82.45064114555319 367
1757641355722 82.2853406753207 368
1757641355779 82.12037464262909 369
1757641355840 81.95574236105894 370
1757641355901 81.79144314564088 371
1757641355971 81.6274763128524 372
1757641356031 81.46384118061452 373
1757641356094 81.30053706828863 374
1757641356158 81.1375632966733 375
1757641356219 80.97491918800098 376
1757641356281 80.81260406593482 377
1757641356345 80.65061725556558 378
1757641356417 80.48895808340825 379
1757641356482 80.32762587739909 380
1757641356545 80.16661996689227 381
1757641356613 80.00593968265684 382
1757641356676 79.84558435687346 383
1757641356736 79.68555332313137 384
1757641356803 79.52584591642518 385
1757641356867 79.36646147315172 386
1757641356931 79.20739933110698 387
1757641356995 79.04865882948289 388
1757641357058 78.89023930886435 389
1757641357121 78.73214011122607 390
1757641357183 78.57436057992942 391
1757641357245 78.41690005971938 392
1757641357306 78.25975789672147 393
1757641357369 78.10293343843867 394
1757641357431 77.94642603374845 395
1757641357493 77.7902350328995 396
1757641357560 77.63435978750888 397
1757641357622 77.4787996505589 398
1757641357683 77.32355397639408 399
1757641357743 77.16862212071814 400
1757641357809 77.01400344059097 401
1757641357869 76.85969729442566 402
1757641357942 76.70570304198542 403
1757641358009 76.55202004438064 404
1757641358070 76.39864766406589 405
1757641358131 76.24558526483696 406
1757641358192 76.09283221182781 407
1757641358253 75.94038787150768 408
1757641358316 75.78825161167813 409
1757641358375 75.63642280146999 410
1757641358442 75.48490081134054 411
1757641358501 75.33368501307048 412
1757641358560 75.18277477976108 413
1757641358619 75.03216948583115 414
1757641358678 74.88186850701423 415
1757641358737 74.73187122035563 416
1757641358796 74.58217700420947 417
1757641358855 74.43278523823592 418
1757641358914 74.28369530339819 419
1757641358972 74.13490658195968 420
1757641359033 73.98641845748121 421
1757641359093 73.83823031481793 422
1757641359151 73.69034154011668 423
1757641359209 73.542751520813 424
1757641359266 73.39545964562835 425
1757641359324 73.24846530456729 426
1757641359382 73.1017678889145 427
1757641359440 72.95536679123211 428
1757641359498 72.80926140535693 429
1757641359556 72.66345112639738 430
1757641359614 72.51793535073095 431
1757641359672 72.37271347600121 432
1757641359730 72.2277849011152 433
1757641359788 72.08314902624045 434
1757641359846 71.93880525280235 435
1757641359907 71.79475298348132 436
1757641359966 71.65099162221003 437
1757641360025 71.50752057417068 438
1757641360082 71.36433924579225 439
1757641360141 71.22144704474769 440
1757641360199 71.07884337995121 441
1757641360258 70.93652766155563 442
1757641360329 70.79449930094957 443
1757641360390 70.6527577107547 444
1757641360452 70.5113023048231 445
1757641360524 70.37013249823461 446
1757641360590 70.22924770729394 447
1757641360655 70.08864734952815 448
1757641360718 69.94833084368383 449
1757641360784 69.8082976097246 450
1757641360854 69.6685470688283 451
1757641360919 69.52907864338432 452
1757641360982 69.38989175699095 453
1757641361044 69.2509858344528 454
1757641361105 69.11236030177814 455
1757641361168 68.97401458617608 456
1757641361228 68.8359481160542 457
1757641361287 68.69816032101575 458
1757641361347 68.56065063185706 459
1757641361410 68.42341848056498 460
1757641361469 68.28646330031418 461
1757641361546 68.14978452546463 462
1757641361605 68.01338159155891 463
1757641361664 67.87725393531973 464
1757641361722 67.74140099464728 465
1757641361782 67.60582220861666 466
1757641361841 67.47051701747529 467
1757641361900 67.33548486264037 468
1757641361959 67.20072518669629 469
1757641362018 67.06623743339217 470
1757641362077 66.93202104763917 471
1757641362135 66.798075475508 472
1757641362193 66.66440016422648 473
1757641362252 66.53099456217687 474
1757641362311 66.39785811889341 475
1757641362371 66.26499028505984 476
1757641362431 66.1323905125068 477
1757641362502 66.00005825420938 478
1757641362564 65.86799296428465 479
1757641362639 65.73619409798907 480
1757641362700 65.60466111171607 481
1757641362766 65.47339346299361 482
1757641362826 65.3423906104816 483
1757641362888 65.21165201396946 484
1757641362965 65.08117713437373 485
1757641363027 64.95096543373553 486
1757641363088 64.82101637521812 487
1757641363153 64.69132942310452 488
1757641363213 64.56190404279494 489
1757641363273 64.43273970080445 490
1757641363333 64.30383586476056 491
1757641363396 64.17519200340071 492
1757641363457 64.04680758656988 493
1757641363608 63.91868208521828 494
1757641363668 63.790814971398746 495
1757641363726 63.66320571826455 496
1757641363784 63.53585380006683 497
1757641363843 63.40875869215232 498
1757641363902 63.28191987096094 499
