1757626302252 32.02289287809127 0
1757626302311 5.447551332636966 1
1757626302375 1.0577136381721493 2
1757626302437 0.3599558651033411 3
1757626302490 0.16710236113421523 4
1757626302547 0.08844785262195795 5
1757626302601 0.12099752273874408 6
1757626302655 0.06480741623411182 7
1757626302718 0.09787439768894371 8
1757626302774 0.12337704230545937 9
1757626302830 0.09342830606882513 10
1757626302882 0.08346942099285726 11
1757626302938 0.10893865769446368 12
1757626302993 0.07566149267977779 13
1757626303041 0.1117937935202816 14
1757626303086 0.07124439261419323 15
1757626303130 0.0989156327821876 16
1757626303176 0.09208493767298201 17
1757626303218 0.0880718490037561 18
1757626303263 0.13862180946493466 19
1757626303315 0.3408428572486499 20
1757626303361 0.0736685257948802 21
1757626303406 0.0625234714985699 22
1757626303451 0.17647117570380272 23
1757626303503 0.10513447597054168 24
1757626303559 0.07190134997998987 25
1757626303610 0.0900181945756259 26
1757626303658 0.1396472344819267 27
1757626303706 0.07039848939835436 28
1757626303750 0.09759011480934668 29
1757626303794 0.07887177690667668 30
1757626303837 0.10111771439063699 31
1757626303880 0.10334627692087547 32
1757626303923 0.05234213572727913 33
1757626303969 0.13965399207651716 34
1757626304013 0.07408452790792344 35
1757626304056 0.07223856008820805 36
1757626304101 0.08718210591963567 37
1757626304146 0.11830078398310788 38
1757626304193 0.11627533954203276 39
1757626304237 0.12283977336524082 40
1757626304280 0.09202523375229532 41
1757626304324 0.11858042881846287 42
1757626304367 0.17732744218616878 43
1757626304410 0.14811870493149967 44
1757626304455 0.08334027521449228 45
1757626304498 0.1802939377932421 46
1757626304542 0.12348545013451459 47
1757626304590 0.3229924206062278 48
1757626304633 0.28670243033790227 49
1757626304692 0.09429050101569278 50
1757626304758 0.1367834716939293 51
1757626304815 0.08036608181903121 52
1757626304868 0.07797722964096224 53
1757626304921 0.1050138289192538 54
1757626304969 0.14377257387502357 55
1757626305016 0.17730278279502218 56
1757626305060 0.12673610207950134 57
1757626305102 0.11704551967761187 58
1757626305150 0.10505640006653362 59
1757626305204 0.14933753517622017 60
1757626305259 0.13255376592580004 61
1757626305316 0.14968090206977436 62
1757626305373 0.10538841832247382 63
1757626305420 0.07376224293489228 64
1757626305470 0.09653202412869395 65
1757626305522 0.17138480573105952 66
1757626305583 0.08479616647351863 67
1757626305641 0.08828798949889019 68
1757626305738 0.10543416683754496 69
1757626305796 0.09100741712753824 70
1757626305857 0.06582317801168616 71
1757626305916 0.10409119440050729 72
1757626305991 0.13835303416926975 73
1757626306059 0.15005989452613974 74
1757626306118 0.13369222517584284 75
1757626306173 0.13238235036790538 76
1757626306226 0.11517375618923142 77
1757626306276 0.12035942872570499 78
1757626306324 0.13381967439902234 79
1757626306368 0.1511937554566533 80
1757626306426 0.06850957140815454 81
1757626306473 0.07401504789786612 82
1757626306519 0.0985559784518007 83
1757626306564 0.09990215727205753 84
1757626306609 0.07483058801550224 85
1757626306654 0.110432409810516 86
1757626306699 0.1459862164709438 87
1757626306744 0.10497480161434401 88
1757626306790 0.14639677385591032 89
1757626306849 0.09100230126259205 90
1757626306907 0.10402464825155996 91
1757626306969 0.09634820353645224 92
1757626307027 0.10693253623168267 93
1757626307086 0.1226778330787469 94
1757626307137 0.10233515008747571 95
1757626307186 0.05961538241788494 96
1757626307237 0.10072375093124189 97
1757626307294 0.056488264149172004 98
1757626307376 0.09162756260610974 99
1757626307429 0.16916817683934138 100
1757626307481 0.12607855646639063 101
1757626307535 0.07755836898411389 102
1757626307591 0.12237016696667696 103
