1757640539233 169.35337134490703 0
1757640539300 169.01135031979842 1
1757640539368 168.49932924711948 2
1757640539438 167.903612169103 3
1757640539505 167.26742043745992 4
1757640539577 166.61237772011353 5
1757640539660 165.9492946872932 6
1757640539736 165.28357196118557 7
1757640539806 164.61790426157526 8
1757640539872 163.95363315308146 9
1757640539940 163.29142358997916 10
1757640540001 162.63160223248155 11
1757640540064 161.9743266162866 12
1757640540126 161.3196697403555 13
1757640540190 160.66766236157403 14
1757640540255 160.0183141422313 15
1757640540324 159.37162422372046 16
1757640540404 158.72758651328778 17
1757640540478 158.0861923272831 18
1757640540574 157.44743171265196 19
1757640540655 156.81129410754502 20
1757640541398 156.1777686714848 21
1757640541475 155.5468444503111 22
1757640541543 154.9185104585161 23
1757640541609 154.2927557202749 24
1757640541673 153.66956928982506 25
1757640541734 153.04894026152076 26
1757640541793 152.43085777472555 27
1757640541851 151.81531101612543 28
1757640541910 151.2022892207527 29
1757640541969 150.5917816723661 30
1757640542027 149.98377770351027 31
1757640542081 149.37826669541522 32
1757640542139 148.77523807781728 33
1757640542192 148.1746813287411 34
1757640542245 147.57658597426348 35
1757640542300 146.98094158826873 36
1757640542369 146.38773779220037 37
1757640542448 145.7969642548126 38
1757640542501 145.20861069192154 39
1757640542555 144.62266686615803 40
1757640542608 144.03912258672125 41
1757640542673 143.45796770913418 42
1757640542729 142.87919213500052 43
1757640542788 142.30278581176296 44
1757640542859 141.72873873246317 45
1757640542918 141.15704093550343 46
1757640542972 140.58768250440983 47
1757640543025 140.0206535675963 48
1757640543077 139.45594429813164 49
1757640543129 138.8935449135065 50
1757640543179 138.33344567540274 51
1757640543230 137.77563688946435 52
1757640543282 137.22010890506922 53
1757640543350 136.66685211510284 54
1757640543410 136.11585695573373 55
1757640543471 135.56711390618938 56
1757640543524 135.02061348853462 57
1757640543576 134.47634626745088 58
1757640543628 133.93430285001682 59
1757640543680 133.3944738854907 60
1757640543730 132.85685006509385 61
1757640543781 132.32142212179556 62
1757640543832 131.78818083009946 63
1757640543884 131.25711700583116 64
1757640543937 130.72822150592722 65
1757640543989 130.20148522822544 66
1757640544041 129.67689911125663 67
1757640544092 129.1544541340374 68
1757640544144 128.63414131586453 69
1757640544195 128.1159517161106 70
1757640544246 127.59987643402062 71
1757640544297 127.08590660851021 72
1757640544348 126.57403341796501 73
1757640544400 126.06424808004121 74
1757640544453 125.55654185146744 75
1757640544503 125.05090602784782 76
1757640544553 124.5473319434663 77
1757640544605 124.04581097109207 78
1757640544655 123.54633452178635 79
1757640544706 123.04889404471027 80
1757640544756 122.55348102693395 81
1757640544808 122.06008699324668 82
1757640544858 121.56870350596844 83
1757640544909 121.0793221647624 84
1757640544962 120.59193460644869 85
1757640545012 120.10653250481914 86
1757640545062 119.62310757045343 87
1757640545113 119.14165155053603 88
1757640545165 118.66215622867452 89
1757640545215 118.18461342471883 90
1757640545264 117.70901499458166 91
1757640545316 117.23535283006 92
1757640545367 116.76361885865762 93
1757640545419 116.2938050434089 94
1757640545476 115.82590338270323 95
1757640545528 115.359905910111 96
1757640545580 114.89580469421024 97
1757640545630 114.43359183841459 98
1757640545684 113.97325948080203 99
1757640545736 113.51479979394479 100
1757640545804 113.05820498474027 101
1757640545862 112.60346729424295 102
1757640545917 112.15057899749719 103
1757640545972 111.69953240337122 104
1757640546024 111.25031985439192 105
1757640546077 110.80293372658072 106
1757640546129 110.35736642929034 107
1757640546182 109.91361040504268 108
1757640546235 109.47165812936741 109
1757640546286 109.03150211064168 110
1757640546341 108.59313488993077 111
1757640546392 108.15654904082959 112
1757640546443 107.72173716930521 113
1757640546494 107.28869191354003 114
1757640546545 106.85740594377644 115
1757640546597 106.42787196216169 116
1757640546648 106.00008270259413 117
1757640546698 105.57403093057019 118
1757640546750 105.1497094430323 119
1757640546802 104.72711106821751 120
1757640546859 104.30622866550729 121
1757640546911 103.88705512527788 122
1757640546962 103.46958336875177 123
1757640547014 103.05380634784972 124
1757640547069 102.63971704504401 125
1757640547122 102.22730847321229 126
1757640547173 101.81657367549215 127
1757640547223 101.40750572513691 128
1757640547273 101.00009772537187 129
1757640547330 100.59434280925147 130
1757640547382 100.19023413951741 131
1757640547432 99.78776490845742 132
1757640547486 99.38692833776479 133
1757640547543 98.98771767839894 134
1757640547595 98.59012621044643 135
1757640547648 98.19414724298312 136
1757640547699 97.79977411393682 137
1757640547751 97.4070001899508 138
1757640547811 97.01581886624807 139
1757640547876 96.62622356649659 140
1757640547930 96.23820774267489 141
1757640547983 95.85176487493868 142
1757640548037 95.4668884714882 143
1757640548091 95.08357206843623 144
1757640548144 94.70180922967687 145
1757640548198 94.32159354675495 146
1757640548251 93.94291863873649 147
1757640548304 93.56577815207935 148
1757640548358 93.19016576050511 149
1757640548410 92.81607516487134 150
1757640548462 92.4435000930447 151
1757640548513 92.07243429977471 152
1757640548565 91.70287156656819 153
1757640548617 91.3348057015644 154
1757640548669 90.96823053941101 155
1757640548722 90.60313994114038 156
1757640548774 90.23952779404696 157
1757640548825 89.8773880115651 158
1757640548879 89.51671453314749 159
1757640548930 89.15750132414446 160
1757640548984 88.79974237568378 161
1757640549036 88.44343170455116 162
1757640549088 88.08856335307136 163
1757640549140 87.73513138899011 164
1757640549193 87.38312990535634 165
1757640549244 87.03255302040544 166
1757640549297 86.68339487744281 167
1757640549348 86.33564964472824 168
1757640549417 85.98931151536088 169
1757640549545 85.64437470716472 170
1757640549608 85.30083346257487 171
1757640549666 84.95868204852424 172
1757640549722 84.61791475633098 173
1757640549776 84.27852590158645 174
1757640549829 83.94050982404389 175
1757640549884 83.6038608875074 176
1757640549938 83.268573479722 177
1757640549991 82.93464201226365 178
1757640550046 82.60206092043052 179
1757640550101 82.27082466313423 180
1757640550155 81.94092772279217 181
1757640550210 81.6123646052199 182
1757640550264 81.2851298395246 183
1757640550315 80.95921797799883 184
1757640550367 80.63462359601472 185
1757640550420 80.31134129191904 186
1757640550471 79.98936568692855 187
1757640550523 79.6686914250261 188
1757640550574 79.34931317285707 189
1757640550627 79.03122561962651 190
1757640550680 78.71442347699679 191
1757640550734 78.39890147898568 192
1757640550787 78.08465438186515 193
1757640550840 77.7716769640605 194
1757640550892 77.45996402605016 195
1757640550945 77.1495103902658 196
1757640550998 76.8403109009934 197
1757640551049 76.53236042427426 198
1757640551102 76.22565384780694 199
1757640551156 75.92018608084952 200
1757640551208 75.61595205412246 201
1757640551261 75.31294671971186 202
1757640551313 75.0111650509733 203
1757640551367 74.7106020424362 204
1757640551419 74.41125270970845 205
1757640551472 74.11311208938194 206
1757640551524 73.81617523893806 207
1757640551580 73.52043723665419 208
1757640551637 73.22589318151026 209
1757640551692 72.93253819309606 210
1757640551747 72.6403674115189 211
1757640551801 72.34937599731165 212
1757640551854 72.05955913134157 213
1757640551908 71.77091201471923 214
1757640551960 71.48342986870801 215
1757640552013 71.19710793463433 216
1757640552067 70.91194147379781 217
1757640552120 70.62792576738242 218
1757640552173 70.3450561163677 219
1757640552226 70.06332784144067 220
1757640552280 69.78273628290788 221
1757640552334 69.50327680060846 222
1757640552402 69.22494477382679 223
1757640552457 68.94773560120647 224
1757640552512 68.67164470066413 225
1757640552567 68.39666750930378 226
1757640552621 68.12279948333193 227
1757640552676 67.8500360979726 228
1757640552729 67.57837284738322 229
1757640552784 67.30780524457063 230
1757640552854 67.03832882130767 231
1757640552911 66.76993912805023 232
1757640552966 66.50263173385446 233
1757640553022 66.23640222629467 234
1757640553077 65.97124621138148 235
1757640553134 65.70715931348046 236
1757640553188 65.44413717523105 237
1757640553242 65.18217545746603 238
1757640553296 64.92126983913126 239
1757640553350 64.66141601720595 240
1757640553405 64.40260970662321 241
1757640553459 64.14484664019098 242
1757640553513 63.888122568513474 243
1757640553567 63.63243325991293 244
1757640553625 63.377774500351634 245
1757640553683 63.124142093354656 246
1757640553738 62.87153185993249 247
1757640553791 62.61993963850454 248
1757640553845 62.36936128482266 249
1757640553902 62.11979267189521 250
1757640553956 61.87122968991149 251
1757640554009 61.62366824616641 252
1757640554064 61.37710426498572 253
1757640554118 61.13153368765142 254
1757640554172 60.8869524723277 255
1757640554227 60.64335659398707 256
1757640554280 60.40074204433701 257
1757640554333 60.15910483174684 258
1757640554388 59.91844098117505 259
1757640554443 59.67874653409689 260
1757640554497 59.440017548432415 261
1757640554553 59.20225009847475 262
1757640554607 58.965440274818796 263
1757640554661 58.72958418429028 264
1757640554715 58.4946779498751 265
1757640554769 58.26071771064899 266
1757640554824 58.0276996217076 267
1757640554878 57.79561985409687 268
1757640554934 57.56447459474376 269
1757640554989 57.33426004638719 270
1757640555044 57.10497242750958 271
1757640555099 56.876607972268374 272
1757640555154 56.64916293042821 273
1757640555208 56.42263356729319 274
1757640555262 56.19701616363957 275
1757640555316 55.97230701564876 276
1757640555370 55.74850243484064 277
1757640555424 55.525598748007184 278
1757640555478 55.303592297146395 279
1757640555533 55.082479439396614 280
1757640555588 54.862256546971004 281
1757640555643 54.642920007092506 282
1757640555704 54.42446622192901 283
1757640555760 54.206891608528835 284
1757640555814 53.99019259875654 285
1757640555869 53.774365639229025 286
1757640555929 53.559407191251935 287
1757640555984 53.34531373075639 288
1757640556039 53.13208174823595 289
1757640556094 52.91970774868392 290
1757640556149 52.708188251530984 291
1757640556209 52.49751979058307 292
1757640556262 52.28769891395949 293
1757640556316 52.07872218403147 294
1757640556371 51.8705861773609 295
1757640556427 51.66328748463935 296
1757640556482 51.45682271062741 297
1757640556536 51.251188474094285 298
1757640556592 51.04638140775775 299
1757640556648 50.842398158224306 300
1757640556702 50.63923538592955 301
1757640556758 50.436889765079044 302
1757640556813 50.235357983589225 303
1757640556868 50.03463674302872 304
1757640556924 49.83472275855993 305
1757640556979 49.6356127588808 306
1757640557034 49.43730348616696 307
1757640557089 49.2397916960141 308
1757640557144 49.04307415738055 309
1757640557200 48.847147652530246 310
1757640557255 48.65200897697585 311
1757640557310 48.457654939422184 312
1757640557365 48.264082361709924 313
1757640557420 48.071288078759544 314
1757640557476 47.879268938515544 315
1757640557531 47.68802180189086 316
1757640557585 47.49754354271167 317
1757640557649 47.30783104766226 318
1757640557713 47.118881216230356 319
1757640557771 46.93069096065254 320
1757640557840 46.74325720585999 321
1757640557901 46.55657688942447 322
1757640557958 46.370646961504555 323
1757640558188 46.185464384792105 324
1757640558274 46.00102613445896 325
1757640558347 45.81732919810393 326
1757640558413 45.6343705757 327
1757640558476 45.45214727954177 328
1757640558534 45.270656334193134 329
1757640558592 45.089894776435195 330
1757640558650 44.90985965521445 331
1757640558707 44.7305480315912 332
1757640558765 44.55195697868813 333
1757640558821 44.374083581639255 334
1757640558884 44.196924937538945 335
1757640558943 44.02047815539129 336
1757640559001 43.84474035605966 337
1757640559057 43.66970867221654 338
1757640559114 43.49538024829341 339
1757640559170 43.32175224043119 340
1757640559226 43.14882181643052 341
1757640559282 42.97658615570261 342
1757640559337 42.80504244922004 343
1757640559393 42.63418789946796 344
1757640559449 42.46401972039545 345
1757640559526 42.294535137367085 346
1757640559597 42.125731387114726 347
1757640559655 41.95760571768957 348
1757640559717 41.79015538841433 349
1757640559783 41.62337766983575 350
1757640559841 41.45726984367721 351
1757640559897 41.291829202791625 352
1757640559956 41.12705305111452 353
1757640560013 40.96293870361735 354
1757640560071 40.79948348626099 355
1757640560127 40.63668473594943 356
1757640560184 40.47453980048378 357
1757640560243 40.31304603851628 358
1757640560299 40.15220081950473 359
1757640560355 39.992001523666985 360
1757640560411 39.83244554193573 361
1757640560467 39.6735302759134 362
1757640560524 39.515253137827315 363
1757640560581 39.35761155048506 364
1757640560638 39.20060294723003 365
1757640560695 39.044224771897156 366
1757640560752 38.88847447876885 367
1757640560807 38.73334953253115 368
1757640560864 38.57884740823008 369
1757640560921 38.4249655912281 370
1757640560977 38.27170157716092 371
1757640561033 38.11905287189437 372
1757640561090 37.96701699148148 373
1757640561147 37.81559146211986 374
1757640561204 37.66477382010909 375
1757640561260 37.51456161180844 376
1757640561316 37.364952393594756 377
1757640561372 37.21594373182045 378
1757640561430 37.067533202771806 379
1757640561486 36.91971839262732 380
1757640561543 36.77249689741635 381
1757640561600 36.62586632297794 382
1757640561657 36.47982428491969 383
1757640561714 36.334368408577 384
1757640561775 36.189496328972346 385
1757640561835 36.0452056907748 386
1757640561893 35.90149414825975 387
1757640561951 35.7583593652687 388
1757640562009 35.615799015169415 389
1757640562070 35.47381078081601 390
1757640562127 35.33239235450947 391
1757640562185 35.19154143795815 392
1757640562242 35.05125574223848 393
1757640562299 34.911532987756004 394
1757640562369 34.772370904206326 395
1757640562435 34.63376723053647 396
1757640562494 34.49571971490626 397
1757640562553 34.35822611464988 398
1757640562612 34.22128419623778 399
1757640562674 34.084891735238415 400
1757640562733 33.949046516280475 401
1757640562794 33.81374633301512 402
1757640562866 33.678988988078395 403
1757640562926 33.54477229305383 404
1757640562986 33.411094068435226 405
1757640563044 33.27795214358949 406
1757640563103 33.14534435671986 407
1757640563162 33.013268554829 408
1757640563221 32.88172259368246 409
1757640563279 32.75070433777231 410
1757640563337 32.62021166028077 411
1757640563395 32.49024244304412 412
1757640563453 32.360794576516724 413
1757640563510 32.23186595973529 414
1757640563566 32.10345450028309 415
1757640563624 31.975558114254625 416
1757640563681 31.84817472622015 417
1757640563738 31.72130226919058 418
1757640563797 31.594938684582388 419
1757640563862 31.469081922182777 420
1757640563922 31.343729940114894 421
1757640563983 31.218880704803308 422
1757640564040 31.094532190939542 423
1757640564097 30.970682381447826 424
1757640564155 30.847329267450903 425
1757640564213 30.724470848236113 426
1757640564270 30.60210513122152 427
1757640564328 30.480230131922244 428
1757640564385 30.35884387391687 429
1757640564444 30.237944388814103 430
1757640564502 30.11752971621947 431
1757640564559 29.99759790370225 432
1757640564617 29.87814700676247 433
1757640564674 29.759175088798084 434
1757640564732 29.640680221072305 435
1757640564789 29.522660482681054 436
1757640564847 29.405113960520524 437
1757640564907 29.288038749254984 438
1757640564965 29.171432951284594 439
1757640565023 29.055294676713434 440
1757640565080 28.939622043317684 441
1757640565138 28.824413176513854 442
1757640565196 28.709666209327285 443
1757640565254 28.595379282360632 444
1757640565311 28.48155054376262 445
1757640565368 28.368178149196833 446
1757640565427 28.255260261810708 447
1757640565485 28.142795052204615 448
1757640565544 28.030780698401067 449
1757640565602 27.919215385814148 450
1757640565660 27.80809730721894 451
1757640565718 27.697424662721158 452
1757640565776 27.587195659726945 453
1757640565842 27.477408512912703 454
1757640565905 27.36806144419516 455
1757640565966 27.25915268270144 456
1757640566024 27.150680464739416 457
1757640566086 27.042643033768044 458
1757640566144 26.9350386403679 459
1757640566202 26.82786554221184 460
1757640566261 26.72112200403577 461
1757640566322 26.61480629760955 462
1757640566379 26.508916701708007 463
1757640566438 26.403451502082074 464
1757640566497 26.298408991430076 465
1757640566557 26.193787469369134 466
1757640566615 26.089585242406667 467
1757640566674 25.985800623912002 468
1757640566732 25.882431934088167 469
1757640566790 25.77947749994376 470
1757640566848 25.676935655264955 471
1757640566906 25.574804740587574 472
1757640566964 25.47308310316938 473
1757640567024 25.371769096962396 474
1757640567083 25.270861082585387 475
1757640567142 25.170357427296455 476
1757640567200 25.070256504965716 477
1757640567258 24.970556696048146 478
1757640567316 24.871256387556514 479
1757640567375 24.772353973034416 480
1757640567433 24.673847852529477 481
1757640567492 24.575736432566586 482
1757640567551 24.47801812612133 483
1757640567610 24.38069135259344 484
1757640567669 24.28375453778048 485
1757640567729 24.187206113851527 486
1757640567789 24.09104451932105 487
1757640567864 23.995268199022806 488
1757640567930 23.899875604083984 489
1757640567991 23.804865191899268 490
1757640568053 23.710235426105253 491
1757640568115 23.61598477655469 492
1757640568176 23.522111719291114 493
1757640568238 23.428614736523354 494
1757640568299 23.3354923166003 495
1757640568359 23.242742953985715 496
1757640568419 23.150365149233167 497
1757640568478 23.058357408961 498
1757640568536 22.966718245827582 499
