1757643414498 82.64556702685614 0
1757643414601 34.45815827388101 1
1757643414702 12.926043650829182 2
1757643414794 3.633787150922122 3
1757643414887 1.0523155588762596 4
1757643414978 2.4670529636944893 5
1757643415078 0.7111400687283923 6
1757643415174 0.9443831543687901 7
1757643415265 1.781128796182947 8
1757643415371 0.01060253038544195 9
1757643415465 0.00011952419532766377 10
1757643415564 0.007344454580127187 11
1757643415658 0.04882984384131553 12
1757643415760 0.017520431481381778 13
1757643415870 3.543254554998268e-08 14
1757643415970 0.40821712087362133 15
1757643416064 0.04381699842866743 16
1757643416157 0.012545039834612208 17
1757643416249 0.3324609515126949 18
1757643416342 0.11829653802432101 19
1757643416433 0.09369822125882786 20
1757643416526 0.0221666698078996 21
1757643416618 0.20161413637511064 22
1757643416708 0.03267659760958066 23
1757643416800 0.16080738857467222 24
1757643416892 0.0014098103119880732 25
1757643416984 0.2790718715897143 26
1757643417080 0.024926062221024902 27
1757643417175 0.4374221949793834 28
1757643417269 0.017549840745199625 29
1757643417450 0.005179084124260265 30
1757643417549 0.002594390765959656 31
1757643417645 0.026975906766276658 32
1757643417742 0.06852956309439094 33
1757643417838 0.43885434257091266 34
1757643417931 0.001275630035652225 35
1757643418023 0.002245930269363849 36
1757643418118 0.3053591223293964 37
1757643418210 0.2463827151671745 38
1757643418302 0.00193167946291971 39
1757643418400 0.016730751883612123 40
1757643418506 0.0410862950725875 41
1757643418602 0.27321459296082784 42
1757643418699 0.02532569011756158 43
1757643418792 0.05498081617839448 44
1757643418884 0.16315405136605615 45
1757643418978 0.1223488075798908 46
1757643419071 0.09242000638426752 47
1757643419172 0.2934428019059037 48
1757643419264 0.0822154650958631 49
1757643419356 0.06521874898158894 50
1757643419450 0.07734962389015837 51
1757643419544 0.005062426893544093 52
1757643419637 0.09929743765742907 53
1757643419730 0.006136862116238897 54
1757643419823 0.20193066710393293 55
1757643419915 0.0039325520547786015 56
1757643420008 0.001640032133550639 57
1757643420101 0.033933144130560325 58
1757643420194 0.005244274892747654 59
1757643420286 0.006209094363387845 60
1757643420380 0.0051673894379406 61
1757643420472 0.12937702393210376 62
1757643420565 0.2702518514258003 63
1757643420657 0.01851733805642977 64
1757643420750 0.2873757094071822 65
1757643420843 0.21755785292613425 66
1757643420937 0.036800928953417224 67
1757643421031 0.09617600192769588 68
1757643421125 0.27427115013044434 69
1757643421222 0.011337664327485085 70
1757643421315 0.15685938951987646 71
1757643421409 0.006340410266919314 72
1757643421501 0.0027424915406438705 73
1757643421594 0.2899349760317281 74
1757643421687 0.001041082865138411 75
1757643421782 0.002233710346719365 76
1757643421874 0.002933702558195935 77
1757643421968 0.016489752156725546 78
1757643422061 0.054859869356780354 79
1757643422155 0.03316353894651247 80
1757643422249 0.44611176397125546 81
1757643422342 0.1046554566654364 82
1757643422435 0.025292380875077024 83
1757643422530 0.002722957844020504 84
1757643422623 0.009678803716472983 85
1757643422716 0.007792702512587433 86
1757643422810 0.0069017175305900545 87
1757643422904 0.5619161690377004 88
1757643422997 0.03413637075042907 89
1757643423091 0.07625730805179527 90
1757643423187 0.6147444325676313 91
1757643423284 0.02725175845797313 92
1757643423382 0.08832941346282347 93
1757643423495 0.0269958631078397 94
1757643423603 0.1488182972107767 95
1757643423712 0.042233788586081164 96
1757643423818 0.0484161153181382 97
1757643423918 7.486564367297386 98
1757643424015 0.04867503755486293 99
1757643424112 0.11594499092774509 100
1757643424214 0.07697066744587626 101
1757643424314 0.10964536357190656 102
1757643424412 0.051611999754827616 103
1757643424513 0.5201154724781477 104
1757643424611 0.03679338561493567 105
1757643424816 0.05320785762910079 106
1757643424933 0.0038570777323778563 107
1757643425042 0.4172372245135052 108
1757643425155 0.11923447908429391 109
1757643425274 0.01923386473843921 110
1757643425388 0.12220173799879099 111
1757643425494 0.014521613667309164 112
1757643425598 0.08793353200830092 113
1757643425704 0.2989590486839228 114
1757643425827 0.00772303155221178 115
1757643425935 0.148427048580569 116
1757643426043 0.011874637497105014 117
1757643426142 0.5567404853280297 118
1757643426242 0.0003352909246839103 119
1757643426346 0.2389278715850585 120
1757643426444 0.024177041067363035 121
1757643426539 0.9275100120731147 122
1757643426639 0.02272620353659878 123
1757643426733 0.12011584575376784 124
1757643426838 0.28411365369248737 125
1757643426936 0.024434375053101517 126
1757643427032 0.025448009651783447 127
1757643427127 3.3924260384171e-05 128
1757643427222 0.0006721679477980184 129
1757643427330 0.10845597399764072 130
1757643427427 0.12815713415533542 131
1757643427522 0.07884048347459796 132
1757643427617 0.11284815969748278 133
1757643427712 0.11143347112649597 134
1757643427807 0.0037087807088666248 135
1757643427904 0.08735773204828844 136
1757643427999 0.3492929828805291 137
1757643428097 0.22552411932361877 138
1757643428193 0.09189648037878825 139
1757643428291 0.01699927628869442 140
1757643428393 0.17279875775770762 141
1757643428503 0.20984313037749305 142
1757643428601 0.11038484119965816 143
1757643428700 0.35002578771302084 144
1757643428798 0.009958232823424616 145
1757643428893 0.13058510666428616 146
1757643428989 0.02002711646424769 147
1757643429085 0.0009604674029524307 148
1757643429180 0.26398981649727066 149
1757643429276 0.0008355034770034317 150
1757643429381 0.023838659360408365 151
1757643429478 0.08381417729637897 152
1757643429575 0.00022527102099341413 153
1757643429670 0.00020877716241498524 154
1757643429766 0.00351573060360156 155
1757643429861 2.0286630621584868e-05 156
1757643429956 0.020161706425337326 157
1757643430051 0.0436671375431107 158
1757643430146 0.2670117715636288 159
1757643430240 0.032565665848396784 160
1757643430335 0.19331996859153835 161
1757643430431 0.0020765961222060578 162
1757643430526 0.01783295723756494 163
1757643430623 0.06540913431794938 164
1757643430719 0.10437419719340471 165
1757643430815 0.0001877533062527854 166
1757643430911 0.13363181749348657 167
1757643431006 0.00024605952111041266 168
1757643431102 0.38225965472113604 169
1757643431198 0.0747441730821402 170
1757643431294 0.018658817373120362 171
1757643431395 0.12232636220791163 172
1757643431493 0.041502768717692144 173
1757643431588 0.010586747987022747 174
1757643431684 0.0025275642173134723 175
1757643431781 1.0591870129863548 176
1757643431877 0.004468251161440073 177
1757643431973 0.047960247825797844 178
1757643432069 0.021331167569554957 179
1757643432166 0.06910850337546931 180
1757643432262 0.0003629729102097836 181
1757643432358 0.03761715986076172 182
1757643432455 0.019379537895754625 183
1757643432552 0.24536445680360358 184
1757643432648 0.08382649556480003 185
1757643432744 0.3859600849853887 186
1757643432840 0.026061762519665896 187
1757643432936 0.36904961889796173 188
1757643433032 0.026566887434646292 189
1757643433128 0.0003054776946436557 190
1757643433224 0.006211037408649052 191
1757643433331 0.16217423765611777 192
1757643433450 0.1270195246818978 193
1757643433552 0.024231955694619094 194
1757643433654 0.03760354109764487 195
1757643433754 0.31580336250602703 196
1757643433854 0.2435534746323277 197
1757643433951 0.0023935691714146133 198
1757643434046 0.005192791865378941 199
1757643434144 0.3586818099285962 200
1757643434241 0.19512136603449404 201
1757643434338 0.15190671540386866 202
1757643434435 0.02177523028830514 203
1757643434534 0.16362181969740208 204
1757643434631 0.016661622246809397 205
1757643434730 0.509451759618136 206
1757643434827 0.00211950815384963 207
1757643434925 0.0006597990570543375 208
1757643435023 0.004963247404614055 209
1757643435118 0.3156092079428873 210
1757643435216 0.05540308063103861 211
1757643435314 0.20308761174152792 212
1757643435413 0.4861117431841961 213
1757643435511 0.0003343337201940554 214
1757643435609 0.007433163753232696 215
1757643435705 0.029603327053369755 216
1757643435803 0.07289010918547648 217
1757643435902 0.009341216959401275 218
1757643436000 0.0474952743968132 219
1757643436098 0.22996695472722606 220
1757643436198 0.0876591554581935 221
1757643436295 0.08095518806494899 222
1757643436392 0.006527124381827542 223
1757643436489 0.014549507654686848 224
1757643436586 0.006042134752153249 225
1757643436684 0.011772836216974373 226
1757643436782 0.11931308790183401 227
1757643436883 0.029403847732194805 228
1757643436980 0.006152401330769978 229
1757643437078 0.2944842085302521 230
1757643437176 0.00802022701520694 231
1757643437273 0.01955412474728148 232
1757643437371 0.008201161175198092 233
1757643437470 0.08848292070752273 234
1757643437570 0.0025158337171125623 235
1757643437668 0.536439227000107 236
1757643437766 0.05311278975147679 237
1757643437863 0.10764329780635491 238
1757643437961 0.20504677925678003 239
1757643438061 0.03829426740009153 240
1757643438161 0.002813048528142602 241
1757643438258 0.034385032970303896 242
1757643438355 0.0027098900460998977 243
1757643438469 0.16611613645522658 244
1757643438571 0.0027717270159999404 245
1757643438672 0.004039398393157703 246
1757643438771 0.006950442255480926 247
1757643438869 0.012410265739999265 248
1757643438967 0.04864685301170868 249
1757643439121 0.012126018033689918 250
1757643439229 0.12855408011573954 251
1757643439331 0.16581522221152023 252
1757643439432 0.1474831233476661 253
1757643439539 0.08251375110185903 254
1757643439640 0.7631124221005147 255
1757643439738 0.007489608312844126 256
1757643439836 1.1518895349729354 257
1757643439934 0.0495083841204198 258
1757643440033 0.0005256952648902603 259
1757643440132 0.0012727093011550472 260
1757643440231 0.15338857855861024 261
1757643440329 0.8369843082926202 262
1757643440429 0.28619903537812325 263
1757643440531 0.05118030146114788 264
1757643440633 0.0039129027966373865 265
1757643440735 0.2802324060953647 266
1757643440836 0.5007660815938265 267
1757643440936 0.07485632865300006 268
1757643441037 0.3280048550410016 269
1757643441138 0.023246287040940027 270
1757643441239 0.05156980251643735 271
1757643441340 0.07637908076633107 272
1757643441441 0.0012708612555326457 273
1757643441545 0.27272498792229044 274
1757643441648 0.010091142261349847 275
1757643441748 0.005227062828056026 276
1757643441850 0.02053465010931003 277
1757643441953 0.10329608189956015 278
1757643442055 0.014478776802828264 279
1757643442157 0.0010738294425183682 280
1757643442259 0.0435784937880214 281
1757643442361 0.09548893725930128 282
1757643442464 0.016233145052667895 283
1757643442565 0.09705168372635792 284
1757643442667 0.014949687201382848 285
1757643442770 0.040530626710631845 286
1757643442872 0.26294276200147393 287
1757643442974 0.09066788733923918 288
1757643443076 0.0001250011682187573 289
1757643443177 0.1900580126897878 290
1757643443290 0.12302060750159985 291
1757643443506 0.1959629353539277 292
1757643443626 0.005079347003558134 293
1757643443734 0.07275185258159446 294
1757643443840 0.005516250530008634 295
1757643443962 0.02437720769171252 296
1757643444069 0.1528443154474257 297
1757643444176 0.5034572026640253 298
1757643444282 0.007323995184095856 299
1757643444389 0.054606005305738815 300
1757643444494 0.048062536926316915 301
1757643444600 0.10317312388835093 302
1757643444703 0.007734711163735899 303
1757643444805 0.0008521333339731562 304
1757643444908 0.09354177936307267 305
1757643445010 0.0006009210902559603 306
1757643445112 0.14052550424481527 307
1757643445214 0.0782652853336695 308
1757643445317 0.1032454357012881 309
1757643445420 0.06299099107258091 310
1757643445524 0.43891842953325916 311
1757643445633 0.16953461030167136 312
1757643445738 0.16338643672728578 313
1757643445843 0.0989626966898272 314
1757643445946 0.10262005622265823 315
1757643446050 0.0635681573252609 316
1757643446152 0.03740127431234814 317
1757643446256 0.020129715815920584 318
1757643446358 0.28010097989017546 319
1757643446462 0.011933139709128019 320
1757643446564 0.0016863224619874302 321
1757643446668 0.02334706991233333 322
1757643446772 0.16744336322851108 323
1757643446874 0.11167578946164329 324
1757643446977 0.16212792464868134 325
1757643447080 0.051059691586411146 326
1757643447187 0.04067311164386975 327
1757643447290 0.012794782115005381 328
1757643447395 0.011852614400117102 329
1757643447499 0.07962111718783335 330
1757643447604 0.08756007668156887 331
1757643447715 0.06293521256297857 332
1757643447820 0.367161054592244 333
1757643447924 0.642034927512707 334
1757643448026 0.2801251186118164 335
1757643448130 0.7902326789122187 336
1757643448233 0.11328361831774804 337
1757643448337 0.002125610276461923 338
1757643448451 0.00024036236588026094 339
1757643448559 0.05344692638209957 340
1757643448666 0.11917284971532761 341
1757643448774 0.0037505629591635947 342
1757643448882 0.006048779417276105 343
1757643448993 0.03564251684390491 344
1757643449101 0.12908667041257527 345
1757643449209 0.8195571414814398 346
1757643449316 0.18198710681328426 347
1757643449420 0.19724972763709983 348
1757643449525 0.0029384368226199956 349
1757643449629 0.013805962915551376 350
1757643449744 0.10581435778581885 351
1757643449851 0.0002077283183120839 352
1757643449955 0.040851879572692595 353
1757643450059 0.3569441039001788 354
1757643450163 0.0617568069446392 355
1757643450266 0.04713463116223619 356
1757643450368 0.03879228692241228 357
1757643450472 2.4211501716095124e-05 358
1757643450577 0.006097475885076376 359
1757643450681 0.049507801325522065 360
1757643450784 0.04766723797354981 361
1757643450887 1.0776532571666029 362
1757643450991 0.0019553182455226575 363
1757643451094 0.27425067609003717 364
1757643451199 0.023202755640384994 365
1757643451302 0.37442230836606144 366
1757643451409 0.37067827251389823 367
1757643451514 0.08407831331524261 368
1757643451617 0.4132864267652638 369
1757643451726 0.0005104203200626667 370
1757643451833 0.03479977584559454 371
1757643451943 0.13612310296676755 372
1757643452047 0.026453454709945964 373
1757643452154 0.06054404236092713 374
1757643452258 0.0032667258846093413 375
1757643452362 0.08164736685426721 376
1757643452469 0.3693583337394425 377
1757643452573 0.09510345693308823 378
1757643452677 0.003284798316837495 379
1757643452790 0.005424056415482812 380
1757643452895 0.13732518759150542 381
1757643452999 0.20184058844049882 382
1757643453103 0.0009616212104776968 383
1757643453206 0.0002530091028085944 384
1757643453321 0.31681012303059736 385
1757643453438 0.14371164085816193 386
1757643453552 0.004734499864273417 387
1757643453660 0.03825732313718781 388
1757643453773 0.08729429425999002 389
1757643453881 0.009873183971370452 390
1757643453989 0.16403962837093858 391
1757643454097 0.17677217150047347 392
1757643454204 0.18336141247953722 393
1757643454362 0.003270641426059998 394
1757643454474 0.04347849057772125 395
1757643454582 0.0047980535222071725 396
1757643454689 0.1515790717870445 397
1757643454797 0.020204028529598378 398
1757643454903 0.2318408922814966 399
1757643455009 0.04274762470438366 400
1757643455113 0.06067040152939372 401
1757643455216 0.008724675449142693 402
1757643455322 0.014549583244629714 403
1757643455433 0.43577516521734094 404
1757643455541 0.051227436140932496 405
1757643455648 0.16564937131206842 406
1757643455759 0.10891192938022118 407
