1757642989899 27.467878509205544 0
1757642990005 7.159138684301881 1
1757642990113 0.027117117136801157 2
1757642990215 1.4785299358168903e-05 3
1757642990317 0.3397389136189253 4
1757642990420 1.0321499462711583 5
1757642990533 0.2829853470957977 6
1757642990652 0.14615744794044058 7
1757642990759 0.22707452008669074 8
1757642990861 0.002903974891145116 9
1757642990964 5.75393849780881e-05 10
1757642991066 0.010095299022738159 11
1757642991169 0.0002905592348137122 12
1757642991272 0.05500607133120648 13
1757642991375 0.273428218131221 14
1757642991479 0.027606164535659092 15
1757642991586 0.2808047667312472 16
1757642991689 0.724503685212929 17
1757642991791 0.001446287895462198 18
1757642991894 0.2907363231117567 19
1757642991995 0.02779030426674116 20
1757642992098 0.056361317333982947 21
1757642992202 0.002589682919812988 22
1757642992303 0.00025150291010478544 23
1757642992404 0.06362267770198628 24
1757642992504 0.02477535282387906 25
1757642992602 0.2500807692441392 26
1757642992703 0.011766936575319398 27
1757642992802 0.007116854202009057 28
1757642992904 0.0001722075031859447 29
1757642993003 0.009816425677511306 30
1757642993103 0.1968325314266477 31
1757642993214 0.0690273294045499 32
1757642993322 0.4371758785245818 33
1757642993437 0.001540973331027977 34
1757642993544 0.00022146201989932577 35
1757642993652 0.09400528742463563 36
1757642993754 0.010621177931866682 37
1757642993857 0.13731920598501737 38
1757642993959 0.043740373324974505 39
1757642994063 0.0008557128892086893 40
1757642994167 0.001575694164903204 41
1757642994271 0.1551339439950004 42
1757642994374 0.1347050202678017 43
1757642994480 0.6564137944095564 44
1757642994580 0.29240657998674463 45
1757642994682 0.17653454766678112 46
1757642994782 0.11056878914528297 47
1757642994883 0.10442802335392498 48
1757642994987 0.0009069082147106108 49
1757642995090 0.3614112956715128 50
1757642995193 0.05623344784270505 51
1757642995297 0.030184508386401507 52
1757642995399 0.4916388291825668 53
1757642995501 0.006328390932419858 54
1757642995605 0.0003110946935758089 55
1757642995709 0.046637999923900685 56
1757642995813 0.0047167725429331595 57
1757642995915 0.012640801301742912 58
1757642996016 0.1305798363770811 59
1757642996124 0.14099220937224488 60
1757642996226 0.009477723214539269 61
1757642996326 0.08309148631590656 62
1757642996427 0.052977713983130226 63
1757642996527 0.22376399792847132 64
1757642996629 0.15594662054644742 65
1757642996729 0.009597992678399612 66
1757642996831 0.002261044715892738 67
1757642996932 0.23564689947631726 68
1757642997034 0.10817518479110233 69
1757642997133 0.06389109142975342 70
1757642997236 0.06072917211328148 71
1757642997338 0.05131619976469069 72
1757642997493 0.4513127206683228 73
1757642997602 0.06393151971350063 74
1757642997710 0.02476627914881339 75
1757642997814 0.001434154057201426 76
1757642997918 0.11300388328620568 77
1757642998024 0.060766432622748306 78
1757642998127 0.002228705541999704 79
1757642998230 0.016914391296194042 80
1757642998339 0.07596774138245949 81
1757642998449 0.034076506852755734 82
1757642998554 0.022066317641030227 83
1757642998660 0.028061577651423062 84
1757642998764 0.03077067611447679 85
1757642998867 0.003270813103623805 86
1757642998972 0.0010948943053216656 87
1757642999074 2.7973353358012848e-05 88
1757642999175 0.10038620301013956 89
1757642999277 0.009290895488867468 90
1757642999380 0.5422121050173219 91
1757642999483 0.009478357659905463 92
1757642999583 0.000861105901826535 93
1757642999689 0.0020191990876730573 94
1757642999793 0.36347349640741916 95
1757642999895 0.3242911133104663 96
1757642999996 0.4217447710229221 97
1757643000116 0.1475977366373812 98
1757643000229 0.02714649176486952 99
1757643000335 0.13592607032829537 100
1757643000480 0.014339084976102515 101
1757643000595 0.00023236853738079543 102
1757643000701 0.8593261874510816 103
1757643000809 0.28976324572518014 104
1757643000913 0.00020137504841996934 105
1757643001018 0.004961219454466248 106
1757643001125 0.26648786262720653 107
1757643001229 0.09060426002647294 108
1757643001334 0.0732284621403679 109
1757643001437 0.13198230647140893 110
1757643001539 0.0014293172819704598 111
1757643001641 0.39031248542719144 112
1757643001751 0.11933681487094987 113
1757643001883 0.014354895191783122 114
1757643001996 0.0033348911885667993 115
1757643002102 0.023746806215480573 116
1757643002207 0.024649631368717197 117
1757643002310 0.1252053648973533 118
1757643002413 0.02109992754099574 119
1757643002516 0.0014926007681653423 120
1757643002619 0.04276751170320924 121
1757643002722 0.04427357502355516 122
1757643002826 0.0027604541440413113 123
1757643002928 0.0017648134024570773 124
1757643003031 0.040760479206662634 125
1757643003133 0.004849889929453383 126
1757643003263 0.2960512829081879 127
1757643003389 2.5906294989595487e-05 128
1757643003497 0.028677939636736597 129
1757643003607 0.0024307069235250628 130
1757643003720 0.016449745838038304 131
1757643003826 0.005370845278176867 132
1757643003933 0.10081819276884418 133
1757643004039 0.03696591893207584 134
1757643004144 0.38917382396204536 135
1757643004250 0.31849123430637644 136
1757643004357 0.03339954926592118 137
1757643004462 0.0026321825493996523 138
1757643004566 0.008285720698965618 139
1757643004669 0.012766122992018231 140
1757643004771 0.3826128534106295 141
1757643004872 0.11818403004027377 142
1757643004975 0.08304984152373486 143
1757643005077 0.02368141822616637 144
1757643005182 0.008770678187638267 145
1757643005286 0.46323041605108123 146
1757643005390 0.0017776789632596884 147
1757643005495 0.03698817554027853 148
1757643005601 0.007332122268309163 149
1757643005707 0.14902732125614643 150
1757643005818 0.5261387608299227 151
1757643005933 0.1093698765888331 152
1757643006045 0.016886000689469507 153
1757643006153 0.01449146362973471 154
1757643006261 0.0922916038085425 155
1757643006368 0.08815805408700562 156
1757643006475 0.005396632709844964 157
1757643006582 0.008246063782782607 158
1757643006687 0.3990058329168139 159
1757643006791 0.03982887123115342 160
1757643006895 0.025468956085367738 161
1757643006997 0.008072225488525073 162
1757643007102 0.13593269208518505 163
1757643007205 0.03320021386317743 164
1757643007310 0.04136972020756667 165
1757643007414 0.004800414965350661 166
1757643007518 0.5030538287944035 167
1757643007621 9.093080789843022e-07 168
1757643007726 0.1284249525575211 169
1757643007833 0.026400991436934505 170
1757643007939 0.011793196766065743 171
1757643008045 0.015441419207664836 172
1757643008151 0.42999451665891236 173
1757643008254 0.030335431531361007 174
1757643008366 0.0066854616643659305 175
1757643008476 0.016672213612212043 176
1757643008584 0.6509331547352855 177
1757643008690 0.31714444669162883 178
1757643008795 0.004701187303758385 179
1757643008901 5.505804826273301e-05 180
1757643009008 0.022775297932563773 181
1757643009115 0.00479710124760143 182
1757643009220 0.002699075590037742 183
1757643009324 0.0938475338653452 184
1757643009430 0.06112499581161873 185
1757643009535 0.028574589544978678 186
1757643009640 0.5761084313115334 187
1757643009743 0.0037469128729765992 188
1757643009850 0.4428476752424014 189
1757643009957 0.0010531418766074451 190
1757643010064 0.0005198322639895656 191
1757643010169 0.12348703516173748 192
1757643010275 0.017676093368258636 193
1757643010379 0.13545565153495948 194
1757643010485 0.06904922156716636 195
1757643010590 0.16075688419689782 196
1757643010695 0.4321748620011953 197
1757643010798 0.0025930509947304603 198
1757643010903 0.23421865133794587 199
1757643011006 0.021590422801625132 200
1757643011116 0.05084224340018858 201
1757643011222 0.08157769220533777 202
1757643011326 0.027621452110015807 203
1757643011433 0.06985613447926048 204
1757643011539 2.477474662900137e-05 205
1757643011644 0.013913740165271467 206
1757643011751 0.05311047135778076 207
1757643011860 0.06777616624788986 208
1757643011968 0.0002441558985415505 209
1757643012078 0.07412294004792339 210
1757643012186 0.00043004352792043904 211
1757643012291 0.3900764752406581 212
1757643012400 0.005658209448601784 213
1757643012507 0.010164921358295446 214
1757643012615 0.05685091366295002 215
1757643012723 0.2834464449926297 216
1757643012828 0.0211732410047957 217
1757643012933 0.048184511607493055 218
1757643013039 0.02846546149600552 219
1757643013146 0.48975080341651883 220
1757643013262 0.008559290779015375 221
1757643013382 0.4380368286851414 222
1757643013496 0.04844740736463578 223
1757643013604 0.04963155199294001 224
1757643013711 0.1400208244735559 225
1757643013819 0.1515231709390406 226
1757643013929 0.09126873208763221 227
1757643014040 0.0030452336829396793 228
1757643014148 0.06603789628892916 229
1757643014257 0.015018588827528295 230
1757643014365 0.03333235482951626 231
1757643014473 1.7473015249997979 232
1757643014581 0.36217092566064074 233
1757643014689 0.18494386303925917 234
1757643014796 0.04379402988170599 235
1757643014902 0.31202722248629355 236
1757643015008 0.2508900233545053 237
1757643015114 0.005636691168578712 238
1757643015220 0.002814757214891184 239
1757643015325 0.010238561041466268 240
1757643015430 0.1603751599724313 241
1757643015537 0.2209311619917044 242
1757643015644 0.24291419615658646 243
1757643015824 0.057592025564664535 244
1757643015941 0.8048164037081308 245
1757643016054 0.8364863665829634 246
1757643016164 0.035682206432560724 247
1757643016272 0.006240992497474666 248
1757643016379 0.010188987923765741 249
1757643016486 0.028110087341710232 250
1757643016593 0.7948910426520793 251
1757643016702 0.00924240218429552 252
1757643016819 0.4121645766026173 253
1757643016927 0.09024485142245457 254
1757643017034 0.10827988047097667 255
1757643017142 0.01629796659123681 256
1757643017246 0.027161941957043877 257
1757643017353 0.0001581430660536855 258
1757643017509 3.0658134486947664e-05 259
1757643017622 0.08304802683607691 260
1757643017731 0.12787257263513935 261
1757643017840 0.09556771218877863 262
1757643017951 0.007248616683632727 263
1757643018063 0.0026868204912318936 264
1757643018172 0.3106572187211537 265
1757643018280 0.0359334633016004 266
1757643018399 0.003633220113621728 267
1757643018509 0.1379430352764492 268
1757643018617 0.2425475481621348 269
1757643018726 0.042777064716498274 270
1757643018835 0.00043347170742929234 271
1757643018942 0.2111325073074837 272
1757643019051 0.09991645007472906 273
1757643019160 0.0025857569127531416 274
1757643019269 0.04740847998168546 275
1757643019378 0.000990926579754417 276
1757643019488 0.0062666943901075935 277
1757643019597 0.06169249220956295 278
1757643019704 0.00992116124209789 279
1757643019809 0.07916590367826944 280
1757643019917 0.05775704113327037 281
1757643020026 0.044709777281160844 282
1757643020136 0.016271077044665787 283
1757643020244 0.08564875027885388 284
1757643020351 0.07593705348779402 285
1757643020457 0.06023921050667119 286
1757643020564 0.03274437966964327 287
1757643020672 0.43354075351679144 288
1757643020779 0.322034482576038 289
1757643020885 0.0030499643456535744 290
1757643020992 0.10658681009779204 291
1757643021098 0.2561775394464299 292
1757643021206 0.10255084809914079 293
1757643021311 0.2475413080629754 294
1757643021419 0.030507501375273124 295
1757643021526 0.00912636583376541 296
1757643021637 0.11883971291839271 297
1757643021747 0.005433891043849005 298
1757643021855 0.2678214782855055 299
1757643021963 0.3617217873095701 300
1757643022075 0.06415502337422424 301
1757643022186 4.1332333990233206e-05 302
1757643022295 0.09888775972250455 303
1757643022403 0.11522858726276847 304
1757643022513 0.5180202873576171 305
1757643022619 0.0002975004033886312 306
1757643022727 0.03391000021325393 307
1757643022834 0.014703991738584598 308
1757643022942 0.04280140180460555 309
1757643023048 0.03645950102056697 310
1757643023160 0.044496778186914436 311
1757643023277 0.005329316405748467 312
1757643023398 0.04056292005748067 313
1757643023509 0.08783298791343082 314
1757643023619 0.25047665734024704 315
1757643023728 0.0040665188080599496 316
1757643023838 0.08456025756307349 317
1757643023948 0.19913082623152492 318
1757643024060 0.3179753010482508 319
1757643024176 0.00488279583020122 320
1757643024287 0.002691130193144237 321
1757643024397 0.17994927045216608 322
1757643024508 0.9528322682023241 323
1757643024619 0.0014181091478266438 324
1757643024728 0.010914910618415943 325
1757643024839 0.12854645831127579 326
1757643024948 0.04417150495303358 327
1757643025057 0.03852037166525279 328
1757643025167 1.1096392836447029 329
1757643025275 0.20715128614510725 330
1757643025382 0.024926552331481833 331
1757643025490 0.027954786900539246 332
1757643025598 0.014051701668997078 333
1757643025706 0.28335294825499413 334
1757643025814 0.27977292690825256 335
1757643025923 0.014048488090188724 336
1757643026032 0.2825618038915533 337
1757643026145 0.005791763932019195 338
1757643026256 0.04071933334416286 339
1757643026366 0.054667511372467274 340
1757643026474 0.033997169079431705 341
1757643026583 0.2791310508400804 342
1757643026693 0.06350964456519405 343
1757643026801 0.04951292880491098 344
1757643026909 0.029503875325468797 345
1757643027018 0.013540055741256055 346
1757643027133 0.3132210207950425 347
1757643027243 0.17382039883466016 348
1757643027353 0.00034584794110639554 349
1757643027462 0.5474948381939833 350
1757643027570 0.007829333425458938 351
1757643027679 0.03907976440997832 352
1757643027788 0.22399035971470538 353
1757643027897 0.03777481473576492 354
1757643028007 0.11917206600442024 355
1757643028159 0.09038375268260984 356
1757643028277 0.08476264599006791 357
1757643028409 0.3634692445568709 358
1757643028527 0.11760595853527633 359
1757643028644 0.23294734061069108 360
1757643028761 0.002455016215546125 361
1757643028875 0.0007797707601951647 362
1757643028989 0.09129152457555097 363
1757643029100 0.041524429856211645 364
1757643029212 0.030934735813280954 365
1757643029324 0.4529556134975377 366
1757643029439 0.00022010881087130297 367
1757643029551 0.05244283058632246 368
1757643029662 0.04088729996016403 369
1757643029780 0.009315833229161201 370
1757643029893 0.44472862983960554 371
1757643030005 0.06699519441927504 372
1757643030116 0.09285484737587142 373
1757643030231 0.047846920073376605 374
1757643030344 0.03125423983237053 375
1757643030456 0.010341631610906175 376
1757643030569 0.004881985267797232 377
1757643030680 1.3838371380451886e-05 378
1757643030792 0.42571101064549455 379
1757643030903 0.037804694907160465 380
1757643031015 0.12648697303524975 381
1757643031127 0.20310675731140673 382
1757643031240 0.006535378903843269 383
1757643031351 0.26527330227631574 384
1757643031462 0.07710542737961401 385
1757643031573 0.09457082145746688 386
1757643031682 0.10982895176804278 387
1757643031793 0.113262586593223 388
1757643031905 0.0057165136616084385 389
1757643032016 0.08085022680244222 390
1757643032128 0.25209800793407294 391
1757643032246 0.00858467849226286 392
1757643032358 0.050517864405545794 393
1757643032472 0.05318796107707266 394
1757643032584 0.05902631055444757 395
1757643032698 0.0020831465023915374 396
1757643032809 0.006432471807892424 397
1757643032922 0.0004704407453581535 398
1757643033033 0.30111188227011776 399
1757643033148 0.0010060750807443777 400
1757643033277 0.0015319916945064778 401
1757643033408 0.1306088325186966 402
1757643033525 0.11531037564088314 403
1757643033648 0.1481757959516712 404
1757643033767 5.9197765749812445e-05 405
1757643033883 0.007541048409874565 406
1757643033999 0.19684417902452672 407
1757643034114 0.2040806718740462 408
1757643034231 0.5686125027785464 409
1757643034357 0.01057830104443323 410
1757643034477 0.0034905323855400922 411
1757643034591 0.03256575430370859 412
1757643034708 0.05921867126940337 413
1757643034822 0.06935642274288657 414
1757643034935 0.002905106098276791 415
1757643035049 0.09286681283327536 416
1757643035164 0.23224691967950523 417
1757643035282 0.0021539320151229744 418
1757643035401 0.16257639657946124 419
1757643035587 0.11332788328018115 420
1757643035710 0.016132383256858347 421
1757643035829 0.2980065481943936 422
1757643035948 0.10039167061996479 423
1757643036065 0.11762115150320479 424
1757643036180 0.04260665118557173 425
1757643036297 0.004272331253700829 426
1757643036412 0.08675000260336255 427
1757643036536 0.36536982655516026 428
1757643036650 0.005488317186063048 429
1757643036763 0.6678314811642313 430
1757643036875 0.19902423230893554 431
1757643036989 0.000522141371515876 432
1757643037101 0.004155167689062807 433
1757643037215 0.00029706184839169695 434
1757643037335 0.1998869636576053 435
1757643037448 0.09777185569108587 436
1757643037560 1.0005059029315386 437
1757643037672 0.0065055584157924316 438
1757643037783 0.07615292414526484 439
1757643037895 0.03734686417221322 440
1757643038006 0.013100499499498895 441
1757643038118 0.3403863843855369 442
1757643038230 0.004554879697185174 443
1757643038351 1.9195729454583543e-07 444
1757643038476 0.002613788448610582 445
1757643038589 0.0099460438964158 446
1757643038702 0.05261633141199854 447
1757643038814 0.33025150663711567 448
1757643038927 1.7947044474472802 449
1757643039040 0.11162091539600828 450
1757643039156 0.28142477276577055 451
1757643039270 0.10113179198251224 452
1757643039383 0.006684080555403548 453
1757643039497 0.05644972193631676 454
1757643039610 6.386655374729411e-05 455
1757643039725 0.0806476170539676 456
1757643039837 0.0007849662260042391 457
1757643039950 0.03510674153688203 458
1757643040060 0.03450500602076356 459
1757643040173 0.039639317567858365 460
1757643040283 0.1789300821278968 461
1757643040397 0.011130387308292064 462
1757643040512 0.018002574863322074 463
1757643040624 0.11286089997250903 464
1757643040737 0.04084157106291534 465
1757643040849 0.0852010401613511 466
1757643040960 0.014924178050441538 467
1757643041071 3.484695276705943e-05 468
1757643041183 0.04125978966393113 469
1757643041295 0.013138795562109187 470
1757643041407 0.000839694319302368 471
1757643041587 0.21435600875572913 472
1757643041697 0.31029184003344634 473
1757643041806 0.0060526784332026505 474
1757643041918 0.030289663622597416 475
1757643042030 0.02435777376362274 476
1757643042144 0.029962774884469242 477
1757643042255 0.00027449377052798615 478
1757643042372 0.012065847054301243 479
1757643042491 0.0003911444305430811 480
1757643042690 0.04710455847059339 481
1757643042837 0.8343370628879029 482
1757643042964 0.008814237233881103 483
1757643043085 0.37029458223301975 484
1757643043211 0.0041533093606156155 485
1757643043335 0.043767454392389916 486
1757643043465 0.32164466903290617 487
1757643043583 0.025253350134584074 488
1757643043704 0.011532627886496684 489
1757643043819 0.13776812353223802 490
1757643043933 0.00295280874560708 491
1757643044048 0.1471467355331779 492
1757643044162 0.009686142560537474 493
1757643044277 0.003964103915228545 494
1757643044395 0.004311381903108449 495
1757643044517 0.07870143439107515 496
1757643044632 0.14514991242153563 497
1757643044746 0.04067695394101388 498
1757643044860 0.13737971834285276 499
