1757642265668 181.8079764231364 0
1757642265765 181.77163656920746 1
1757642265853 181.71713724283435 2
1757642265999 181.65357170047162 3
1757642266054 181.58548733309905 4
1757642266108 181.5151580227964 5
1757642266162 181.44372075300006 6
1757642266223 181.37174402171493 7
1757642266280 181.2995120751771 8
1757642266334 181.22716703146327 9
1757642266387 181.15477994399734 10
1757642266440 181.08238633373233 11
1757642266553 181.01000395534973 12
1757642266616 180.93764168038723 13
1757642266675 180.86530393881006 14
1757642266734 180.79299293979864 15
1757642266791 180.7207097821429 16
1757642266846 180.64845500943989 17
1757642266901 180.5762288876922 18
1757642266958 180.5040315441078 19
1757642267013 180.4318630364994 20
1757642267066 180.35972338798467 21
1757642267121 180.2876126043358 22
1757642267175 180.21553068265482 23
1757642267230 180.1434776157107 24
1757642267284 180.07145339410854 25
1757642267338 179.99945800737353 26
1757642267394 179.9274914444934 27
1757642267447 179.8555536941894 28
1757642267500 179.78364474505187 29
1757642267554 179.71176458560805 30
1757642267608 179.6399132043558 31
1757642267662 179.56809058978075 32
1757642267715 179.49629673036472 33
1757642267769 179.42453161458985 34
1757642267823 179.35279523094087 35
1757642267877 179.2810875679059 36
1757642267932 179.20940861397736 37
1757642267986 179.13775835765185 38
1757642268039 179.06613678743054 39
1757642268093 178.9945438918192 40
1757642268151 178.922979659328 41
1757642268220 178.85144407847196 42
1757642268284 178.77993713777036 43
1757642268338 178.7084588257474 44
1757642268393 178.63700913093172 45
1757642268447 178.56558804185664 46
1757642268501 178.49419554705995 47
1757642268556 178.42283163508418 48
1757642268611 178.3514962944764 49
1757642268666 178.28018951378823 50
1757642268720 178.20891128157595 51
1757642268775 178.1376615864004 52
1757642268829 178.06644041682702 53
1757642268884 177.99524776142587 54
1757642268938 177.9240836087715 55
1757642268992 177.8529479474431 56
1757642269045 177.7818407660245 57
1757642269100 177.710762053104 58
1757642269156 177.6397117972745 59
1757642269211 177.56868998713358 60
1757642269268 177.49769661128326 61
1757642269324 177.42673165833023 62
1757642269379 177.3557951168857 63
1757642269433 177.28488697556548 64
1757642269487 177.21400722298986 65
1757642269542 177.14315584778382 66
1757642269596 177.07233283857684 67
1757642269649 177.00153818400298 68
1757642269789 176.93077187270077 69
1757642269851 176.8600338933135 70
1757642269908 176.7893242344888 71
1757642269965 176.71864288487893 72
1757642270022 176.64798983314077 73
1757642270077 176.5773650679357 74
1757642270132 176.5067685779296 75
1757642270186 176.43620035179296 76
1757642270240 176.3656603782008 77
1757642270302 176.29514864583265 78
1757642270357 176.22466514337268 79
1757642270413 176.15420985950945 80
1757642270496 176.08378278293617 81
1757642270568 176.01338390235057 82
1757642270627 175.94301320645494 83
1757642270683 175.8726706839559 84
1757642270738 175.80235632356496 85
1757642270794 175.7320701139978 86
1757642270849 175.66181204397483 87
1757642270904 175.591582102221 88
1757642270959 175.5213802774656 89
1757642271014 175.4512065584427 90
1757642271070 175.38106093389067 91
1757642271126 175.31094339255253 92
1757642271182 175.24085392317565 93
1757642271238 175.1707925145122 94
1757642271294 175.10075915531854 95
1757642271350 175.03075383435578 96
1757642271406 174.96077654038945 97
1757642271462 174.89082726218953 98
1757642271517 174.8209059885306 99
1757642271574 174.7510127081917 100
1757642271636 174.68114740995637 101
1757642271691 174.61131008261265 102
1757642271747 174.54150071495314 103
1757642271802 174.47171929577482 104
1757642271857 174.4019658138792 105
1757642271916 174.33224025807235 106
1757642271971 174.26254261716477 107
1757642272026 174.19287287997147 108
1757642272081 174.12323103531196 109
1757642272135 174.05361707201018 110
1757642272190 173.98403097889457 111
1757642272246 173.91447274479813 112
1757642272302 173.84494235855823 113
1757642272364 173.77543980901683 114
1757642272421 173.7059650850202 115
1757642272477 173.63651817541933 116
1757642272532 173.5670990690694 117
1757642272587 173.49770775483026 118
1757642272643 173.4283442215662 119
1757642272698 173.35900845814587 120
1757642272753 173.2897004534425 121
1757642272808 173.22042019633378 122
1757642272867 173.15116767570177 123
1757642272930 173.0819428804331 124
1757642272988 173.01274579941878 125
1757642273046 172.94357642155427 126
1757642273103 172.87443473573953 127
1757642273165 172.80532073087898 128
1757642273236 172.73623439588147 129
1757642273293 172.6671757196602 130
1757642273350 172.59814469113306 131
1757642273407 172.52914129922218 132
1757642273463 172.46016553285418 133
1757642273519 172.39121738096014 134
1757642273576 172.32229683247556 135
1757642273634 172.2534038763404 136
1757642273691 172.1845385014991 137
1757642273747 172.11570069690043 138
1757642273805 172.0468904514977 139
1757642273861 171.97810775424847 140
1757642273918 171.90935259411503 141
1757642273975 171.84062496006388 142
1757642274030 171.7719248410659 143
1757642274088 171.70325222609654 144
1757642274145 171.63460710413565 145
1757642274202 171.56598946416744 146
1757642274261 171.49739929518057 147
1757642274318 171.42883658616813 148
1757642274382 171.36030132612757 149
1757642274440 171.29179350406085 150
1757642274497 171.22331310897425 151
1757642274554 171.15486012987853 152
1757642274611 171.08643455578874 153
1757642274668 171.01803637572448 154
1757642274725 170.94966557870973 155
1757642274781 170.8813221537728 156
1757642274837 170.81300608994638 157
1757642274893 170.7447173762677 158
1757642274951 170.67645600177826 159
1757642275006 170.60822195552402 160
1757642275062 170.54001522655534 161
1757642275118 170.47183580392687 162
1757642275174 170.4036836766978 163
1757642275230 170.3355588339316 164
1757642275286 170.26746126469618 165
1757642275341 170.1993909580638 166
1757642275399 170.13134790311116 167
1757642275456 170.06333208891922 168
1757642275511 169.9953435045735 169
1757642275569 169.92738213916377 170
1757642275625 169.85944798178414 171
1757642275681 169.79154102153325 172
1757642275737 169.723661247514 173
1757642275795 169.65580864883364 174
1757642275862 169.5879832146039 175
1757642275983 169.52018493394073 176
1757642276064 169.45241379596465 177
1757642276128 169.3846697898003 178
1757642276187 169.31695290457688 179
1757642276247 169.24926312942787 180
1757642276305 169.1816004534911 181
1757642276363 169.11396486590874 182
1757642276427 169.04635635582738 183
1757642276485 168.97877491239794 184
1757642276542 168.91122052477564 185
1757642276617 168.84369318212015 186
1757642276680 168.77619287359536 187
1757642276738 168.70871958836963 188
1757642276795 168.64127331561565 189
1757642276854 168.57385404451026 190
1757642276911 168.50646176423498 191
1757642276970 168.43909646397532 192
1757642277029 168.37175813292146 193
1757642277087 168.3044467602676 194
1757642277145 168.23716233521253 195
1757642277203 168.1699048469592 196
1757642277260 168.102674284715 197
1757642277318 168.03547063769156 198
1757642277377 167.96829389510495 199
1757642277434 167.9011440461754 200
1757642277492 167.83402108012766 201
1757642277550 167.76692498619065 202
1757642277610 167.69985575359772 203
1757642277668 167.6328133715864 204
1757642277727 167.5657978293987 205
1757642277785 167.4988091162808 206
1757642277841 167.43184722148328 207
1757642277898 167.3649121342611 208
1757642277955 167.29800384387332 209
1757642278012 167.23112233958346 210
1757642278069 167.16426761065938 211
1757642278125 167.09743964637312 212
1757642278196 167.03063843600106 213
1757642278261 166.963863968824 214
1757642278320 166.89711623412688 215
1757642278380 166.83039522119904 216
1757642278443 166.76370091933398 217
1757642278504 166.69703331782972 218
1757642278562 166.6303924059884 219
1757642278620 166.5637781731165 220
1757642278678 166.49719060852476 221
1757642278736 166.43062970152826 222
1757642278794 166.36409544144635 223
1757642278853 166.29758781760265 224
1757642278912 166.231106819325 225
1757642278972 166.16465243594573 226
1757642279030 166.09822465680116 227
1757642279088 166.03182347123212 228
1757642279147 165.96544886858362 229
1757642279205 165.89910083820493 230
1757642279265 165.8327793694496 231
1757642279322 165.76648445167552 232
1757642279379 165.70021607424476 233
1757642279436 165.6339742265237 234
1757642279494 165.56775889788298 235
1757642279552 165.5015700776975 236
1757642279609 165.4354077553464 237
1757642279669 165.36927192021312 238
1757642279726 165.30316256168535 239
1757642279784 165.237079669155 240
1757642279841 165.1710232320183 241
1757642279900 165.1049932396757 242
1757642279957 165.0389896815318 243
1757642280014 164.97301254699568 244
1757642280073 164.90706182548044 245
1757642280132 164.84113750640356 246
1757642280190 164.7752395791867 247
1757642280246 164.70936803325583 248
1757642280304 164.64352285804108 249
1757642280362 164.57770404297693 250
1757642280420 164.51191157750193 251
1757642280483 164.44614545105904 252
1757642280542 164.38040565309532 253
1757642280601 164.31469217306218 254
1757642280659 164.24900500041514 255
1757642280717 164.18334412461408 256
1757642280776 164.117709535123 257
1757642280834 164.05210122141017 258
1757642280893 163.98651917294805 259
1757642280951 163.9209633792134 260
1757642281009 163.85543382968712 261
1757642281067 163.78993051385436 262
1757642281126 163.72445342120457 263
1757642281184 163.65900254123125 264
1757642281242 163.59357786343222 265
1757642281299 163.52817937730947 266
1757642281356 163.46280707236926 267
1757642281422 163.397460938122 268
1757642281481 163.33214096408236 269
1757642281538 163.2668471397692 270
1757642281598 163.20157945470547 271
1757642281659 163.1363378984185 272
1757642281718 163.07112246043974 273
1757642281775 163.00593313030484 274
1757642281834 162.94076989755362 275
1757642281891 162.87563275173014 276
1757642281951 162.8105216823826 277
1757642282011 162.74543667906354 278
1757642282069 162.68037773132946 279
1757642282128 162.61534482874123 280
1757642282186 162.55033796086386 281
1757642282245 162.48535711726646 282
1757642282304 162.42040228752245 283
1757642282362 162.35547346120939 284
1757642282422 162.29057062790895 285
1757642282480 162.22569377720708 286
1757642282544 162.1608428986939 287
1757642282605 162.09601798196354 288
1757642282666 162.03121901661453 289
1757642282725 161.9664459922495 290
1757642282782 161.90169889847522 291
1757642282841 161.8369777249025 292
1757642282917 161.77228246114663 293
1757642282977 161.70761309682678 294
1757642283037 161.64296962156638 295
1757642283097 161.57835202499308 296
1757642283163 161.51376029673864 297
1757642283236 161.44919442643896 298
1757642283298 161.38465440373415 299
1757642283359 161.32014021826836 300
1757642283421 161.25565185969012 301
1757642283482 161.1911893176518 302
1757642283542 161.1267525818102 303
1757642283602 161.0623416418261 304
1757642283662 160.99795648736455 305
1757642283723 160.93359710809463 306
1757642283782 160.8692634936896 307
1757642283842 160.8049556338269 308
1757642283909 160.74067351818806 309
1757642283975 160.6764171364588 310
1757642284035 160.61218647832902 311
1757642284094 160.54798153349253 312
1757642284154 160.48380229164755 313
1757642284213 160.41964874249624 314
1757642284275 160.35552087574501 315
1757642284334 160.29141868110432 316
1757642284394 160.2273421482888 317
1757642284456 160.1632912670172 318
1757642284515 160.09926602701242 319
1757642284582 160.03526641800133 320
1757642284643 159.97129242971516 321
1757642284704 159.90734405188908 322
1757642284763 159.84342127426243 323
1757642284822 159.7795240865787 324
1757642284882 159.7156524785855 325
1757642284941 159.6518064400344 326
1757642285001 159.58798596068124 327
1757642285059 159.524191030286 328
1757642285118 159.46042163861264 329
1757642285179 159.39667777542925 330
1757642285239 159.33295943050808 331
1757642285299 159.26926659362545 332
1757642285358 159.20559925456183 333
1757642285420 159.14195740310163 334
1757642285479 159.07834102903357 335
1757642285539 159.0147501221503 336
1757642285600 158.95118467224873 337
1757642285660 158.88764466912966 338
1757642285719 158.82413010259808 339
1757642285778 158.76064096246316 340
1757642285848 158.697177238538 341
1757642285915 158.63373892063987 342
1757642285981 158.5703259985901 343
1757642286045 158.50693846221415 344
1757642286106 158.44357630134147 345
1757642286168 158.3802395058057 346
1757642286229 158.31692806544442 347
1757642286291 158.25364197009944 348
1757642286352 158.19038120961653 349
1757642286412 158.12714577384557 350
1757642286474 158.0639356526405 351
1757642286534 158.00075083585946 352
1757642286600 157.93759131336435 353
1757642286662 157.87445707502147 354
1757642286723 157.81134811070098 355
1757642286785 157.74826441027716 356
1757642286845 157.68520596362836 357
1757642286905 157.622172760637 358
1757642286966 157.55916479118957 359
1757642287025 157.49618204517654 360
1757642287086 157.43322451249244 361
1757642287147 157.370292183036 362
1757642287207 157.30738504670984 363
1757642287267 157.2445030934207 364
1757642287328 157.1816463130793 365
1757642287390 157.11881469560055 366
1757642287450 157.05600823090327 367
1757642287511 156.99322690891043 368
1757642287571 156.93047071954888 369
1757642287630 156.86773965274963 370
1757642287690 156.8050336984478 371
1757642287753 156.74235284658235 372
1757642287813 156.67969708709646 373
1757642287874 156.61706640993722 374
1757642287935 156.5544608050558 375
1757642287996 156.49188026240742 376
1757642288057 156.42932477195131 377
1757642288118 156.36679432365068 378
1757642288192 156.30428890747285 379
1757642288261 156.24180851338912 380
1757642288323 156.17935313137477 381
1757642288387 156.11692275140925 382
1757642288449 156.05451736347578 383
1757642288512 155.99213695756185 384
1757642288575 155.92978152365882 385
1757642288644 155.86745105176212 386
1757642288706 155.80514553187115 387
1757642288769 155.74286495398937 388
1757642288831 155.68060930812416 389
1757642288893 155.61837858428706 390
1757642288955 155.55617277249348 391
1757642289018 155.4939918627629 392
1757642289082 155.43183584511874 393
1757642289144 155.36970470958855 394
1757642289206 155.30759844620374 395
1757642289270 155.2455170449998 396
1757642289332 155.18346049601612 397
1757642289394 155.1214287892963 398
1757642289456 155.05942191488762 399
1757642289516 154.99743986284165 400
1757642289577 154.93548262321374 401
1757642289639 154.8735501860634 402
1757642289700 154.81164254145392 403
1757642289761 154.74975967945275 404
1757642289822 154.6879015901313 405
1757642289885 154.62606826356486 406
1757642289947 154.56425968983282 407
1757642290009 154.5024758590185 408
1757642290071 154.44071676120913 409
1757642290132 154.378982386496 410
1757642290193 154.3172727249744 411
1757642290253 154.25558776674347 412
1757642290316 154.1939275019065 413
1757642290377 154.13229192057057 414
1757642290439 154.0706810128468 415
1757642290502 154.0090947688503 416
1757642290562 153.94753317870016 417
1757642290631 153.88599623251932 418
1757642290697 153.82448392043483 419
1757642290761 153.76299623257756 420
1757642290822 153.70153315908243 421
1757642290883 153.64009469008838 422
1757642290946 153.57868081573804 423
1757642291008 153.51729152617833 424
1757642291069 153.45592681155983 425
1757642291131 153.39458666203734 426
1757642291193 153.3332710677694 427
1757642291256 153.27198001891853 428
1757642291321 153.2107135056513 429
1757642291385 153.1494715181381 430
1757642291450 153.08825404655337 431
1757642291514 153.02706108107543 432
1757642291577 152.96589261188655 433
1757642291641 152.9047486291729 434
1757642291710 152.84362912312463 435
1757642291774 152.78253408393584 436
1757642291839 152.72146350180455 437
1757642291903 152.6604173669327 438
1757642291965 152.59939566952607 439
1757642292032 152.5383983997946 440
1757642292094 152.47742554795192 441
1757642292156 152.4164771042157 442
1757642292218 152.35555305880752 443
1757642292283 152.29465340195287 444
1757642292345 152.23377812388117 445
1757642292408 152.1729272148257 446
1757642292471 152.1121006650238 447
1757642292533 152.0512984647166 448
1757642292595 151.99052060414914 449
1757642292659 151.92976707357047 450
1757642292727 151.86903786323344 451
1757642292791 151.8083329633949 452
1757642292855 151.74765236431548 453
1757642292931 151.68699605625994 454
1757642292995 151.62636402949676 455
1757642293059 151.56575627429837 456
1757642293123 151.50517278094105 457
1757642293199 151.44461353970507 458
1757642293267 151.38407854087458 459
1757642293331 151.32356777473757 460
1757642293396 151.26308123158603 461
1757642293460 151.20261890171565 462
1757642293524 151.14218077542625 463
1757642293588 151.08176684302143 464
1757642293652 151.02137709480863 465
1757642293716 150.9610115210992 466
1757642293781 150.90067011220845 467
1757642293845 150.84035285845547 468
1757642293910 150.7800597501634 469
1757642293973 150.719790777659 470
1757642294037 150.65954593127316 471
1757642294102 150.5993252013405 472
1757642294165 150.53912857819952 473
1757642294226 150.47895605219273 474
1757642294292 150.4188076136664 475
1757642294356 150.35868325297062 476
1757642294419 150.29858296045944 477
1757642294481 150.23850672649087 478
1757642294544 150.1784545414265 479
1757642294608 150.1184263956321 480
1757642294671 150.05842227947707 481
1757642294739 149.99844218333482 482
1757642294804 149.93848609758257 483
1757642294868 149.87855401260134 484
1757642294931 149.81864591877616 485
1757642294996 149.75876180649576 486
1757642295058 149.69890166615275 487
1757642295121 149.63906548814367 488
1757642295185 149.57925326286886 489
1757642295248 149.51946498073255 490
1757642295311 149.45970063214278 491
1757642295374 149.3999602075114 492
1757642295440 149.34024369725418 493
1757642295503 149.2805510917907 494
1757642295566 149.22088238154438 495
1757642295630 149.1612375569425 496
1757642295693 149.10161660841615 497
1757642295757 149.04201952640028 498
1757642295821 148.98244630133365 499
