1757628208709 28.170258621176643 0
1757628208830 7.406217293833231 1
1757628208944 1.9185978459135262 2
1757628209057 0.4325270033942776 3
1757628209159 0.07115430655336787 4
1757628209271 0.04756044373260866 5
1757628209382 0.1883382837980664 6
1757628209496 0.009124050225315131 7
1757628209602 0.013286801260352867 8
1757628209713 0.012719691869168626 9
1757628209820 0.1369754885023476 10
1757628209948 0.3076084999713515 11
1757628210082 0.00817011574514441 12
1757628210192 0.02568942526189856 13
1757628210302 0.007313624463918087 14
1757628210419 0.04458635865844865 15
1757628210533 0.00025064951275373913 16
1757628210635 0.005474502586015351 17
1757628210738 0.010027186188481745 18
1757628210852 0.046468919445839404 19
1757628210963 0.3910740859587741 20
1757628211074 0.014290280673437754 21
1757628211175 0.245844201387234 22
1757628211277 0.0014710046351463955 23
1757628211380 0.2425668925962549 24
1757628211477 0.052524323751454764 25
1757628211576 0.18514507668049027 26
1757628211679 0.019040642809568027 27
1757628211786 0.013575784558528613 28
1757628211888 0.0037522656617736453 29
1757628211986 0.0021705694358838167 30
1757628212082 0.0056293261493220274 31
1757628212178 1.042414191402039e-05 32
1757628212274 0.12328570648406814 33
1757628212380 0.9877387503930279 34
1757628212479 0.02061010445639898 35
1757628212585 0.029395594625225036 36
1757628212682 0.12712932787457537 37
1757628212776 0.6115078453312085 38
1757628212871 0.04842965560466365 39
1757628212965 0.28278666472579145 40
1757628213055 0.2758852875141845 41
1757628213146 0.46202328512301577 42
1757628213237 0.003899715871095617 43
1757628213329 0.09958448833539905 44
1757628213421 0.11749941122311014 45
1757628213513 0.08355904685094902 46
1757628213604 0.024473136389757424 47
1757628213695 0.04946619674556129 48
1757628213788 0.07020058642331868 49
1757628213879 0.02925167063385109 50
1757628213969 0.18361038097363022 51
1757628214059 0.09830250540796324 52
1757628214159 0.107511728269819 53
1757628214261 0.060753269392981944 54
1757628214362 0.048142832835921606 55
1757628214455 0.08592972627957131 56
1757628214566 0.03698136565543441 57
1757628214671 0.3519555465077797 58
1757628214767 2.096754497961887e-05 59
1757628214862 0.17310317113849782 60
1757628214957 0.3652189771102345 61
1757628215073 0.002087037122797356 62
1757628215174 0.004083534477857028 63
1757628215270 0.04558722518516991 64
1757628215366 0.0006990141005674122 65
1757628215459 0.19727971608226075 66
1757628215549 0.16422764263283954 67
1757628215642 0.24347872156013528 68
1757628215736 0.002340686504138734 69
1757628215831 0.007279286801631014 70
1757628215924 0.002689232684747772 71
1757628216015 0.017000083271453123 72
1757628216110 0.0035778497567607623 73
1757628216202 0.1865778835076132 74
1757628216293 0.0023256556429917803 75
1757628216388 0.280308180168215 76
1757628216486 0.0037230504880232523 77
1757628216582 0.01727605394965869 78
1757628216747 0.08717691186466195 79
1757628216852 0.0316799214393462 80
1757628216961 0.1564566874673858 81
1757628217068 0.06807535696672984 82
1757628217170 0.34615351469524686 83
1757628217266 0.005881171201987042 84
1757628217362 0.0065127285879295815 85
1757628217472 0.002876669838822294 86
1757628217579 0.2952588661845818 87
1757628217682 0.16423557775361897 88
1757628217784 0.0007617598461198869 89
1757628217885 0.12727835252242595 90
1757628217999 0.00446564542637391 91
1757628218100 0.3851031130778446 92
1757628218212 0.5395704475551573 93
1757628218315 0.314041434515658 94
1757628218416 0.013834698954298012 95
1757628218514 0.004537540544807408 96
1757628218621 0.12393703653208463 97
1757628218739 0.35561294423918166 98
1757628218836 0.014486536751199324 99
1757628219048 0.03591706281314988 100
1757628219160 0.01565443477737524 101
1757628219266 0.007912730202348573 102
1757628219370 0.019112219573184513 103
1757628219481 0.002615152608616116 104
1757628219585 0.00012339330877217248 105
1757628219689 0.10188585171844507 106
1757628219792 0.5357691588287461 107
1757628219894 0.07022718502407482 108
1757628220005 0.00959225055438475 109
1757628220125 0.07432270844996873 110
1757628220230 0.0591491261868977 111
1757628220332 1.7737355785892335 112
1757628220434 0.040502464405504465 113
1757628220544 0.06427480863824947 114
1757628220656 0.053418649968317314 115
1757628220767 0.0019948727237570595 116
1757628220869 0.039619129932579183 117
1757628220977 0.06967410691255002 118
1757628221079 0.01983744562348772 119
1757628221180 0.03862355120198185 120
1757628221280 0.042081936735716134 121
1757628221377 0.0206121478891095 122
1757628221474 0.019471115997241932 123
1757628221570 0.023496989275672748 124
1757628221666 0.06230416470435825 125
