1757649447356 165.50892812011048 0
1757649447413 165.17714474581786 1
1757649447468 164.84602779822671 2
1757649447527 164.5155759366301 3
1757649447583 164.1857878230238 4
1757649447644 163.85666212210063 5
1757649447700 163.5281975012454 6
1757649447756 163.20039263052905 7
1757649447811 162.87324618270347 8
1757649447866 162.5467568331961 9
1757649447927 162.2209232601043 10
1757649447984 161.89574414419025 11
1757649448040 161.57121816887528 12
1757649448095 161.24734402023475 13
1757649448160 160.92412038699248 14
1757649448218 160.60154596051552 15
1757649448279 160.27961943480872 16
1757649448338 159.9583395065096 17
1757649448398 159.6377048748827 18
1757649448457 159.31771424181463 19
1757649448518 158.9983663118084 20
1757649448587 158.67965979197854 21
1757649448648 158.36159339204542 22
1757649448706 158.04416582433026 23
1757649448766 157.72737580374988 24
1757649448826 157.4112220478112 25
1757649448886 157.09570327660632 26
1757649448946 156.78081821280696 27
1757649449006 156.4665655816597 28
1757649449065 156.1529441109802 29
1757649449124 155.83995253114864 30
1757649449185 155.52758957510397 31
1757649449245 155.21585397833908 32
1757649449303 154.90474447889562 33
1757649449364 154.59425981735865 34
1757649449434 154.28439873685164 35
1757649449496 153.9751599830315 36
1757649449567 153.66654230408307 37
1757649449644 153.3585444507144 38
1757649449709 153.05116517615136 39
1757649449772 152.74440323613277 40
1757649449835 152.43825738890513 41
1757649449897 152.13272639521782 42
1757649449961 151.82780901831768 43
1757649450023 151.5235040239443 44
1757649450086 151.2198101803248 45
1757649450154 150.91672625816878 46
1757649450218 150.6142510306635 47
1757649450278 150.3123832734687 48
1757649450341 150.01112176471156 49
1757649450401 149.71046528498198 50
1757649450462 149.4104126173272 51
1757649450524 149.11096254724734 52
1757649450589 148.8121138626899 53
1757649450654 148.51386535404527 54
1757649450718 148.21621581414158 55
1757649450779 147.9191640382397 56
1757649450840 147.62270882402854 57
1757649450900 147.32684897161997 58
1757649450961 147.03158328354405 59
1757649451024 146.73691056474408 60
1757649451086 146.44282962257157 61
1757649451147 146.1493392667818 62
1757649451208 145.85643830952853 63
1757649451285 145.56412556535932 64
1757649451348 145.27239985121074 65
1757649451436 144.98125998640353 66
1757649451504 144.6907047926376 67
1757649451565 144.40073309398755 68
1757649451625 144.11134371689766 69
1757649451685 143.8225354901771 70
1757649451744 143.5343072449952 71
1757649451803 143.24665781487673 72
1757649451863 142.959586035697 73
1757649451924 142.67309074567726 74
1757649451983 142.3871707853799 75
1757649452043 142.10182499770372 76
1757649452105 141.8170522278792 77
1757649452166 141.53285132346377 78
1757649452226 141.2492211343373 79
1757649452287 140.966160512697 80
1757649452345 140.68366831305315 81
1757649452406 140.40174339222435 82
1757649452464 140.1203846093325 83
1757649452524 139.83959082579867 84
1757649452584 139.5593609053381 85
1757649452643 139.27969371395574 86
1757649452708 139.0005881199415 87
1757649452769 138.72204299386564 88
1757649452829 138.4440572085744 89
1757649452889 138.16662963918506 90
1757649452950 137.8897591630815 91
1757649453010 137.61344465990973 92
1757649453070 137.3376850115732 93
1757649453130 137.06247910222825 94
1757649453190 136.7878258182796 95
1757649453251 136.51372404837568 96
1757649453310 136.24017268340438 97
1757649453377 135.96717061648818 98
1757649453438 135.6947167429799 99
1757649453504 135.4228099604581 100
1757649453565 135.15144916872254 101
1757649453625 134.88063326978974 102
1757649453685 134.61036116788856 103
1757649453746 134.34063176945565 104
1757649453805 134.07144398313096 105
1757649453865 133.8027967197534 106
1757649453927 133.5350153700497 107
1757649453988 133.26777095312943 108
1757649454047 133.0010623909646 109
1757649454112 132.73488860769538 110
1757649454173 132.4692485296255 111
1757649454234 132.20414108521808 112
1757649454297 131.93956520509104 113
1757649454357 131.67551982201303 114
1757649454418 131.41200387089887 115
1757649454477 131.1490162888053 116
1757649454538 130.88655601492673 117
1757649454617 130.6246219905909 118
1757649454681 130.36321315925449 119
1757649454744 130.10232846649893 120
1757649454806 129.84196686002605 121
1757649454868 129.58212728965395 122
1757649454929 129.32280870731253 123
1757649454990 129.0640100670394 124
1757649455058 128.80573032497549 125
1757649455135 128.54796843936097 126
1757649455200 128.2907233705309 127
1757649455263 128.03399408091113 128
1757649455324 127.77777953501383 129
1757649455389 127.52207869943365 130
1757649455453 127.26689054284323 131
1757649455524 127.01221403598917 132
1757649455585 126.75804815168777 133
1757649455648 126.50439186482087 134
1757649455709 126.25124415233184 135
1757649455800 125.99860399322104 136
1757649455863 125.74647036854222 137
1757649455924 125.49484226139789 138
1757649455988 125.24371865693546 139
1757649456048 124.9930985423431 140
1757649456110 124.74298090684556 141
1757649456173 124.49336474169995 142
1757649456235 124.24424904019206 143
1757649456296 123.9956327976317 144
1757649456359 123.74751501134912 145
1757649456421 123.49989468069072 146
1757649456482 123.2527708070149 147
1757649456543 123.00614239368822 148
1757649456603 122.7600084460812 149
1757649456665 122.51436797156433 150
1757649456726 122.26921997950399 151
1757649456787 122.02456348125861 152
1757649456861 121.7803974901744 153
1757649456923 121.5367210215815 154
1757649456986 121.29353309279003 155
1757649457049 121.05083272308592 156
1757649457109 120.80861893372708 157
1757649457172 120.56689074793934 158
1757649457233 120.32564719091259 159
1757649457295 120.08488728979675 160
1757649457357 119.8446100736978 161
1757649457419 119.60481457367385 162
1757649457480 119.36549982273125 163
1757649457581 119.12666485582066 164
1757649457769 118.88830870983311 165
1757649457838 118.65043042359606 166
1757649457906 118.41302903786953 167
1757649457975 118.17610359534231 168
1757649458041 117.93965314062784 169
1757649458106 117.70367672026055 170
1757649458169 117.46817338269187 171
1757649458230 117.23314217828643 172
1757649458293 116.99858215931816 173
1757649458356 116.7644923799665 174
1757649458418 116.53087189631248 175
1757649458481 116.29771976633495 176
1757649458543 116.06503504990678 177
1757649458605 115.83281680879095 178
1757649458666 115.60106410663685 179
1757649458728 115.36977600897639 180
1757649458790 115.13895158322023 181
1757649458852 114.90858989865409 182
1757649458920 114.67869002643482 183
1757649458983 114.44925103958674 184
1757649459046 114.22027201299782 185
1757649459109 113.99175202341601 186
1757649459176 113.76369014944534 187
1757649459238 113.53608547154232 188
1757649459300 113.30893707201218 189
1757649459362 113.08224403500512 190
1757649459425 112.85600544651258 191
1757649459489 112.63022039436358 192
1757649459556 112.40488796822093 193
1757649459641 112.18000725957769 194
1757649459704 111.95557736175333 195
1757649459961 111.73159736989014 196
1757649460032 111.50806638094946 197
1757649460101 111.28498349370821 198
1757649460170 111.062347808755 199
1757649460237 110.84015842848665 200
1757649460305 110.61841445710444 201
1757649460371 110.39711500061053 202
1757649460439 110.17625916680437 203
1757649460505 109.95584606527899 204
1757649460568 109.7358748074175 205
1757649460634 109.51634450638929 206
1757649460698 109.29725427714669 207
1757649460761 109.07860323642113 208
1757649460824 108.8603905027198 209
1757649460966 108.64261519632184 210
1757649461029 108.42527643927492 211
1757649461092 108.20837335539164 212
1757649461157 107.99190507024595 213
1757649461219 107.77587071116967 214
1757649461282 107.56026940724885 215
1757649461344 107.34510028932031 216
1757649461407 107.13036248996808 217
1757649461469 106.91605514351993 218
1757649461532 106.70217738604379 219
1757649461596 106.48872835534426 220
1757649461669 106.27570719095921 221
1757649461734 106.06311303415609 222
1757649461803 105.85094502792866 223
1757649461868 105.63920231699339 224
1757649461931 105.427884047786 225
1757649461995 105.21698936845804 226
1757649462060 105.0065174288734 227
1757649462123 104.79646738060485 228
1757649462186 104.58683837693066 229
1757649462249 104.3776295728311 230
1757649462312 104.16884012498502 231
1757649462373 103.9604691917665 232
1757649462438 103.75251593324136 233
1757649462502 103.54497951116372 234
1757649462564 103.3378590889727 235
1757649462626 103.13115383178902 236
1757649462690 102.9248629064115 237
1757649462752 102.71898548131381 238
1757649462815 102.51352072664099 239
1757649462877 102.30846781420618 240
1757649462940 102.1038259174872 241
1757649463002 101.89959421162324 242
1757649463066 101.69577187341142 243
1757649463131 101.49235808130358 244
1757649463196 101.28935201540288 245
1757649463258 101.08675285746045 246
1757649463322 100.88455979087213 247
1757649463385 100.68277200067516 248
1757649463451 100.48138867354477 249
1757649463514 100.28040899779099 250
1757649463577 100.07983216335533 251
1757649463640 99.87965736180752 252
1757649463711 99.67988378634213 253
1757649463780 99.48051063177543 254
1757649463845 99.281537094542 255
1757649463911 99.08296237269163 256
1757649463974 98.88478566588586 257
1757649464040 98.68700617539488 258
1757649464103 98.48962310409433 259
1757649464164 98.2926356564619 260
1757649464227 98.09604303857421 261
1757649464291 97.89984445810363 262
1757649464353 97.70403912431495 263
1757649464416 97.50862624806227 264
1757649464481 97.31360504178578 265
1757649464548 97.11897471950851 266
1757649464628 96.92473449683324 267
1757649464693 96.7308835909392 268
1757649464758 96.53742122057902 269
1757649464822 96.34434660607545 270
1757649464886 96.15165896931828 271
1757649464951 95.95935753376114 272
1757649465015 95.76744152441839 273
1757649465079 95.5759101678619 274
1757649465165 95.38476269221809 275
1757649465231 95.19399832716448 276
1757649465297 95.00361630392693 277
1757649465362 94.81361585527628 278
1757649465427 94.62399621552534 279
1757649465491 94.43475662052576 280
1757649465556 94.24589630766489 281
1757649465620 94.0574145158628 282
1757649465686 93.86931048556906 283
1757649465801 93.68158345875975 284
1757649465891 93.49423267893435 285
1757649465959 93.30725739111271 286
1757649466025 93.12065684183194 287
1757649466090 92.93443027914336 288
1757649466158 92.74857695260948 289
1757649466223 92.56309611330097 290
1757649466287 92.37798701379357 291
1757649466353 92.19324890816506 292
1757649466418 92.00888105199236 293
1757649466483 91.8248827023483 294
1757649466549 91.6412531177988 295
1757649466615 91.45799155839974 296
1757649466691 91.27509728569409 297
1757649466756 91.09256956270868 298
1757649466821 90.91040765395154 299
1757649466886 90.72861082540861 300
1757649466950 90.547178344541 301
1757649467015 90.36610948028179 302
1757649467078 90.18540350303337 303
1757649467143 90.00505968466413 304
1757649467209 89.8250772985058 305
1757649467274 89.64545561935034 306
1757649467337 89.46619392344708 307
1757649467402 89.28729148849969 308
1757649467467 89.1087475936634 309
1757649467532 88.93056151954191 310
1757649467596 88.75273254818465 311
1757649467661 88.57525996308372 312
1757649467727 88.39814304917105 313
1757649467798 88.22138109281549 314
1757649467864 88.0449733818199 315
1757649467930 87.86891920541836 316
1757649467995 87.69321785427316 317
1757649468060 87.51786862047197 318
1757649468125 87.34287079752498 319
1757649468190 87.16822368036208 320
1757649468254 86.99392656532989 321
1757649468319 86.81997875018902 322
1757649468383 86.64637953411119 323
1757649468449 86.4731282176763 324
1757649468514 86.30022410286978 325
1757649468579 86.12766649307954 326
1757649468643 85.95545469309337 327
1757649468708 85.78358800909592 328
1757649468773 85.61206574866604 329
1757649468838 85.44088722077386 330
1757649468902 85.27005173577814 331
1757649468967 85.0995586054232 332
1757649469032 84.92940714283651 333
1757649469096 84.75959666252555 334
1757649469161 84.59012648037529 335
1757649469226 84.42099591364523 336
1757649469291 84.25220428096675 337
1757649469355 84.08375090234031 338
1757649469421 83.91563509913271 339
1757649469495 83.74785619407432 340
1757649469568 83.58041351125635 341
1757649469646 83.41330637612809 342
1757649469713 83.24653411549417 343
1757649469786 83.08009605751188 344
1757649469857 82.91399153168841 345
1757649469924 82.74821986887815 346
1757649469991 82.58278040127998 347
1757649470058 82.41767246243448 348
1757649470126 82.25289538722137 349
1757649470192 82.08844851185678 350
1757649470258 81.92433117389041 351
1757649470326 81.76054271220305 352
1757649470392 81.59708246700382 353
1757649470459 81.43394977982743 354
1757649470526 81.27114399353162 355
1757649470593 81.1086644522944 356
1757649470663 80.94651050161151 357
1757649470729 80.78468148829363 358
1757649470796 80.62317676046382 359
1757649470860 80.46199566755487 360
1757649470942 80.30113756030666 361
1757649471038 80.14060179076351 362
1757649471105 79.98038771227156 363
1757649471173 79.82049467947618 364
1757649471241 79.6609220483193 365
1757649471308 79.50166917603687 366
1757649471375 79.34273542115618 367
1757649471442 79.1841201434933 368
1757649471509 79.02582270415053 369
1757649471576 78.86784246551372 370
1757649471642 78.71017879124972 371
1757649471709 78.55283104630385 372
1757649471785 78.39579859689731 373
1757649471860 78.23908081052451 374
1757649471928 78.08267705595068 375
1757649471996 77.92658670320918 376
1757649472064 77.77080912359898 377
1757649472131 77.61534368968213 378
1757649472197 77.46018977528124 379
1757649472264 77.30534675547685 380
1757649472332 77.15081400660505 381
1757649472399 76.99659090625475 382
1757649472467 76.8426768332654 383
1757649472534 76.68907116772428 384
1757649472600 76.53577329096403 385
1757649472666 76.38278258556021 386
1757649472734 76.23009843532878 387
1757649472800 76.07772022532346 388
1757649472866 75.92564734183354 389
1757649472932 75.77387917238107 390
1757649473000 75.62241510571859 391
1757649473065 75.47125453182656 392
1757649473132 75.32039684191093 393
1757649473200 75.16984142840066 394
1757649473266 75.01958768494521 395
1757649473332 74.86963500641221 396
1757649473400 74.71998278888486 397
1757649473466 74.5706304296596 398
1757649473533 74.42157732724363 399
1757649473599 74.27282288135234 400
1757649473666 74.1243664929072 401
1757649473732 73.97620756403296 402
1757649473802 73.82834549805553 403
1757649473876 73.68077969949938 404
1757649473946 73.53350957408519 405
1757649474015 73.38653452872742 406
1757649474083 73.23985397153196 407
1757649474150 73.09346731179369 408
1757649474217 72.94737395999408 409
1757649474284 72.80157332779885 410
1757649474352 72.6560648280555 411
1757649474418 72.51084787479103 412
1757649474484 72.36592188320952 413
1757649474558 72.22128626968974 414
1757649474639 72.07694045178282 415
1757649474708 71.93288384820991 416
1757649474776 71.78911587885975 417
1757649474845 71.6456359647864 418
1757649474912 71.50244352820683 419
1757649474980 71.35953799249864 420
1757649475049 71.21691878219772 421
1757649475131 71.07458532299583 422
1757649475200 70.9325370417384 423
1757649475270 70.79077336642207 424
1757649475339 70.64929372619255 425
1757649475412 70.50809755134216 426
1757649475480 70.36718427330757 427
1757649475552 70.2265533246675 428
1757649475620 70.08620413914043 429
1757649475690 69.9461361515823 430
1757649475759 69.80634879798419 431
1757649475827 69.66684151547011 432
1757649475898 69.52761374229465 433
1757649475972 69.38866491784073 434
1757649476042 69.24999448261737 435
1757649476111 69.11160187825728 436
1757649476180 68.97348654751484 437
1757649476248 68.83564793426359 438
1757649476316 68.69808548349417 439
1757649476383 68.56079864131199 440
1757649476449 68.42378685493493 441
1757649476519 68.28704957269123 442
1757649476586 68.15058624401718 443
1757649476654 68.01439631945489 444
1757649476722 67.87847925065006 445
1757649476791 67.74283449034984 446
1757649476858 67.60746149240047 447
1757649476926 67.4723597117452 448
1757649476994 67.337528604422 449
1757649477061 67.20296762756142 450
1757649477127 67.06867623938433 451
1757649477197 66.9346538991998 452
1757649477266 66.80090006740281 453
1757649477333 66.66741420547217 454
1757649477457 66.53419577596829 455
1757649477537 66.40124424253094 456
1757649477608 66.26855906987723 457
1757649477683 66.13613972379936 458
1757649477753 66.00398567116233 459
1757649477823 65.87209637990202 460
1757649477893 65.74047131902293 461
1757649477967 65.60910995859594 462
1757649478038 65.47801176975629 463
1757649478107 65.34717622470139 464
1757649478177 65.21660279668872 465
1757649478246 65.08629096003357 466
1757649478314 64.95624019010712 467
1757649478384 64.82644996333414 468
1757649478453 64.6969197571909 469
1757649478522 64.56764905020317 470
1757649478592 64.43863732194396 471
1757649478662 64.30988405303151 472
1757649478732 64.1813887251271 473
1757649478802 64.05315082093311 474
1757649478871 63.92516982419077 475
1757649478939 63.79744521967804 476
1757649479008 63.66997649320777 477
1757649479076 63.54276313162529 478
1757649479144 63.41580462280664 479
1757649479212 63.289100455656246 480
1757649479280 63.16265012010502 481
1757649479348 63.0364531071082 482
1757649479416 62.910508908643386 483
1757649479484 62.784817017708306 484
1757649479556 62.659376928318984 485
1757649479638 62.53418813550755 486
1757649479708 62.40925013532022 487
1757649479779 62.2845624248153 488
1757649479850 62.160124502061066 489
1757649479920 62.03593586613383 490
1757649479998 61.911996017115854 491
1757649480071 61.788304456093314 492
1757649480145 61.66486068515435 493
1757649480217 61.54166420738699 494
1757649480291 61.418714526877096 495
1757649480363 61.296011148706526 496
1757649480440 61.173553578950916 497
1757649480512 61.051341324677836 498
1757649480587 60.929373893944735 499
