1757635004842 166.602441961289 0
1757635004895 163.26238249146624 1
1757635004955 157.04277448953857 2
1757635005014 148.4572049321999 3
1757635005065 138.03950604019045 4
1757635005112 126.31667988482363 5
1757635005158 113.78750092364999 6
1757635005204 100.90651737563279 7
1757635005249 88.07301925966468 8
1757635005299 75.62443321158601 9
1757635005347 63.833537532685405 10
1757635005400 52.90886018615742 11
1757635005445 42.99762208473131 12
1757635005496 34.190612299083654 13
1757635005540 26.528425168066818 14
1757635005584 20.008546421669845 15
1757635005631 14.592841507316134 16
1757635005731 10.215070072538584 17
1757635005789 6.78812235887763 18
1757635005855 4.210743109095275 19
1757635005925 2.3735741332126494 20
1757635005978 1.1644061844163256 21
1757635006043 0.4725830964558983 22
1757635006096 0.19254556801072248 23
1757635006143 0.2265383201728433 24
1757635006189 0.4865327354726845 25
1757635006233 0.8954379325045163 26
1757635006281 1.3876871762990857 27
1757635006326 1.9092943571343812 28
1757635006373 2.417477864653027 29
1757635006418 2.879947452525841 30
1757635006463 3.273944538052419 31
1757635006528 3.5851186768661716 32
1757635006586 3.806313493972883 33
1757635006632 3.9363248515216336 34
1757635006680 3.97868310635598 35
1757635006725 3.9405004689676324 36
1757635006770 3.831414129201334 37
1757635006832 3.662646272825903 38
1757635006886 3.4461935945417475 39
1757635006944 3.1941515519417853 40
1757635006996 2.918172464205845 41
1757635007045 2.629051641350053 42
1757635007236 2.3364319885135627 43
1757635007288 2.0486148816468988 44
1757635007339 1.7724634460533717 45
1757635007388 1.513383560487078 46
1757635007437 1.2753678212406774 47
1757635007485 1.0610881955940998 48
1757635007536 0.8720240390215122 49
1757635007588 0.7086134211265509 50
1757635007636 0.570417188641064 51
1757635007683 0.4562867911192938 52
1757635007729 0.3645285223523099 53
1757635007775 0.293058419521676 54
1757635007824 0.2395435591951734 55
1757635007879 0.20152685503525886 56
1757635007927 0.17653366998418138 57
1757635007989 0.16215959048269335 58
1757635008043 0.1561395664221103 59
1757635008088 0.1563993004421434 60
1757635008134 0.16109028258232047 61
1757635008180 0.16861022459102623 62
1757635008226 0.1776108690631562 63
1757635008270 0.18699525064770653 64
1757635008318 0.19590648932857715 65
1757635008369 0.2037101186606706 66
1757635008416 0.20997181346946142 67
1757635008461 0.21443219917634382 68
1757635008508 0.21698021413395352 69
1757635008557 0.21762627069779542 70
1757635008602 0.21647623166744068 71
1757635008648 0.21370699552293132 72
1757635008694 0.20954427382501867 73
1757635008741 0.20424295258372915 74
1757635008787 0.19807025992729443 75
1757635008836 0.19129181708729384 76
1757635008891 0.18416052931188165 77
1757635008935 0.1769081775043841 78
1757635008991 0.1697394989822243 79
1757635009037 0.16282849494168786 80
1757635009088 0.15631667072950564 81
1757635009135 0.15031290031831254 82
1757635009181 0.1448946057872561 83
1757635009226 0.1401099534447126 84
1757635009271 0.13598078791562954 85
1757635009317 0.1325060516416274 86
1757635009365 0.12966546762459047 87
1757635009413 0.1274232959638463 88
1757635009459 0.12573200815517413 89
1757635009506 0.12453575588636942 90
1757635009552 0.12377354210985538 91
1757635009602 0.12338203069503641 92
1757635009649 0.12329795640320282 93
1757635009698 0.12346011894515412 94
1757635009745 0.12381096332424986 95
1757635009791 0.12429776354143203 96
1757635009839 0.12487343817796896 97
1757635009886 0.125497034609116 98
1757635009933 0.1261339239422294 99
1757635009980 0.1267557515679937 100
1757635010083 0.12734018884093162 101
1757635010153 0.1278705302501352 102
1757635010200 0.1283351778802141 103
1757635010257 0.12872705135284257 104
1757635010305 0.1290429571090653 105
1757635010351 0.12928294613435898 106
1757635010399 0.12944968429575637 107
1757635010457 0.12954785456547904 108
1757635010516 0.12958360571983843 109
1757635010564 0.1295640577574112 110
1757635010615 0.12949687037152877 111
1757635010662 0.12938987740026017 112
1757635010709 0.1292507872941552 113
1757635010756 0.12908694729472486 114
1757635010803 0.12890516719085338 115
1757635010854 0.12871159718560435 116
1757635010908 0.12851165351941102 117
1757635011199 0.12830998500626475 118
1757635011312 0.12811047349099203 119
1757635011367 0.12791626136978745 120
1757635011421 0.127729799675036 121
1757635011472 0.12755291075377037 122
1757635011545 0.12738686021560972 123
1757635011603 0.12723243354459796 124
1757635011651 0.1270900135198316 125
1757635011705 0.1269596553382571 126
1757635011755 0.1268411570520443 127
1757635011803 0.12673412360123215 128
1757635011851 0.1266380233245042 129
1757635011989 0.1265522363569288 130
1757635012038 0.12647609476797622 131
1757635012087 0.12640891465485024 132
1757635012148 0.1263500206872324 133
1757635012202 0.12629876380469726 134
1757635012250 0.12625453290403751 135
1757635012298 0.1262167614286574 136
1757635012352 0.12618492979494147 137
1757635012403 0.1261585645703153 138
1757635012449 0.1261372352637271 139
1757635012499 0.12612054951019513 140
1757635012546 0.12610814733494266 141
1757635012595 0.12609969507665142 142
1757635012643 0.12609487943972608 143
1757635012692 0.1260934020373547 144
1757635012745 0.12609497468471245 145
1757635012795 0.12609931560803228 146
1757635012844 0.1261061466526451 147
1757635012892 0.12611519150282124 148
1757635012949 0.12612617486891892 149
1757635013016 0.12613882255294692 150
1757635013065 0.12615286227160308 151
1757635013113 0.12616802509524838 152
1757635013166 0.12618404735086672 153
