1757651608578 0.005102580712240856 0
1757651608695 0.16636819090028868 1
1757651608809 0.04908557242902632 2
1757651608917 0.06748593285040037 3
1757651609025 1.0434369126534817 4
1757651609133 0.023890459030860216 5
1757651609242 0.021780460419351215 6
1757651609352 0.020896728073683358 7
1757651609467 0.23766022600518066 8
1757651609580 0.003116056819898261 9
1757651609696 0.02290648196259991 10
1757651609813 0.0027403065511831456 11
1757651609929 0.061406604468223 12
1757651610049 0.009089658361789769 13
1757651610176 0.06706672987645866 14
1757651610313 0.0013723398610936662 15
1757651610427 0.02364205665765049 16
1757651610557 0.1154941430055039 17
1757651610674 0.14210739141683337 18
1757651610789 0.04068909962485745 19
1757651610899 0.38567770555137365 20
1757651611019 0.0923287728763785 21
1757651611132 0.6409019207077221 22
1757651611254 0.0011026098471960224 23
1757651611363 0.008206555398303176 24
1757651611478 0.03244104948945286 25
1757651611597 0.03923895502827574 26
1757651611716 0.01625279390445154 27
1757651611833 0.049198931061503956 28
1757651612082 0.22457106085445733 29
1757651612298 0.000631046911256413 30
1757651612429 0.12393157076343586 31
1757651612553 0.0023481292022820826 32
1757651612676 0.15082570582327204 33
1757651612799 0.2141521257533637 34
1757651612915 0.029430598233170378 35
1757651613025 0.009631020376417719 36
1757651613135 0.3645302640347136 37
1757651613246 0.0840132468652707 38
1757651613362 0.029350863500935274 39
1757651613515 0.11012625411756694 40
1757651613652 0.03156485100558625 41
1757651613772 0.0030398726492327937 42
1757651613888 0.00790670747769991 43
1757651614028 0.0005660694539815834 44
1757651614142 0.12505726317715848 45
1757651614261 0.13855819419618143 46
1757651614392 0.034070680762971185 47
1757651614506 0.10365525233332885 48
1757651614623 0.06473668348801596 49
1757651614742 0.07467667533019715 50
1757651614921 0.0017481122241424956 51
1757651615061 0.048569548358866746 52
1757651615237 0.09537805085962123 53
1757651615397 0.5938011972765278 54
1757651615522 0.00972120334929222 55
1757651615641 0.08038742785179567 56
1757651615783 0.012218177422117135 57
1757651615950 0.12274828216134016 58
1757651616069 0.18221758316768208 59
1757651616185 0.005803446711030081 60
1757651616310 0.20991714944352088 61
1757651616429 0.0872875566900047 62
1757651616572 0.08836407587060177 63
1757651616700 0.07203063249029681 64
1757651616814 0.0012784495853719626 65
1757651616947 0.0499878073104484 66
1757651617063 0.8722763469595525 67
1757651617175 0.21290826139724384 68
1757651617281 0.11396565878339468 69
1757651617404 0.014572411761653917 70
1757651617549 0.12400008244113368 71
1757651617668 0.03564611171507547 72
1757651617782 0.0024111043899592306 73
1757651617896 0.0039496049609131865 74
1757651618006 0.007817685817849803 75
1757651618111 0.013257200672514218 76
1757651618215 0.008834848787152285 77
1757651618325 0.04238265705329362 78
1757651618435 0.009572711877949724 79
1757651618540 0.09511065107782109 80
1757651618655 0.0003257169934574788 81
1757651618775 0.001696933487460838 82
1757651618886 0.005666288294517194 83
1757651619011 0.003319694632772154 84
1757651619122 0.009466926164761946 85
1757651619229 0.019306058040963324 86
1757651619334 0.05600461908138283 87
1757651619443 0.0398626822767795 88
1757651619547 0.20282261094843057 89
1757651619652 0.003294725467555644 90
1757651619758 0.020437808197501368 91
1757651619863 0.1139451133533587 92
1757651619968 0.06907890956307998 93
1757651620073 0.3847565281211895 94
1757651620187 0.037541699928060474 95
1757651620304 0.005308724957593145 96
1757651620417 0.0028984134803309307 97
1757651620658 0.0015923273036262155 98
1757651620777 0.0165211827876877 99
1757651620892 0.003977082470255244 100
1757651621002 0.018942827100110405 101
1757651621110 0.017223930837602378 102
1757651621219 0.04141147756857732 103
1757651621330 0.04173870818233047 104
1757651621435 0.21931533492665511 105
1757651621541 0.09594240917426124 106
1757651621650 0.01373653069882166 107
1757651621755 0.30409700642502097 108
1757651621867 0.015453651235150084 109
1757651621971 0.07286865723322444 110
1757651622079 2.2277742670561476e-05 111
1757651622188 0.00025941167251845344 112
1757651622307 0.9235395743287143 113
1757651622429 0.0007777088394656665 114
1757651622545 0.0006312108164043637 115
1757651622668 0.017802183934186474 116
1757651622783 0.19291078914833099 117
1757651622922 0.04993726527084013 118
1757651623039 0.0001212794935067079 119
1757651623150 0.023209866540830324 120
1757651623264 0.1694401076593302 121
1757651623376 0.2718882526706291 122
1757651623483 0.0635716400293185 123
1757651623591 0.024388629751763296 124
1757651623697 0.0035768089439072474 125
1757651623806 0.21283066657785393 126
1757651623916 0.0002276114705139322 127
1757651624022 0.20761140746836146 128
1757651624132 0.0020761087570462388 129
1757651624257 0.292791106712636 130
1757651624374 0.01354347793899089 131
1757651624490 0.036376232376154775 132
1757651624598 0.10818081763085133 133
1757651624705 0.29874932217011774 134
1757651624811 0.88301025130153 135
1757651624919 0.00997993933870995 136
1757651625030 0.042843068460025995 137
1757651625147 5.391515222117951e-06 138
1757651625279 0.27848344635718736 139
1757651625393 0.08997386393005592 140
1757651625504 0.041723223431907236 141
1757651625616 0.0042938182062645025 142
1757651625726 0.019508122361278638 143
1757651626063 0.05477889543352889 144
1757651626252 0.04270479608447447 145
1757651626388 0.005360254214971341 146
1757651626521 0.0016445970270485397 147
1757651626665 0.002959381841317055 148
1757651626783 0.0412587411644264 149
1757651626898 0.32085811532532704 150
1757651627034 0.11555378663255082 151
1757651627149 0.005754691721531101 152
1757651627265 0.007599208351319523 153
1757651627376 0.10456992551605582 154
1757651627484 0.09366173090741944 155
1757651627617 0.1457952914778954 156
1757651627726 0.024557296594863415 157
1757651627865 0.06562983774142993 158
1757651628002 0.008022294565032279 159
1757651628123 1.0513120563308463e-07 160
1757651628238 0.02097873879718566 161
1757651628363 0.0005042396006331305 162
1757651628491 0.006134027709102806 163
1757651628613 0.08859272035196891 164
1757651628737 0.14523461766480786 165
1757651628857 0.018693159468054363 166
1757651628968 0.0003077231562147901 167
1757651629083 0.23310379640159812 168
1757651629209 0.11578314147452741 169
1757651629336 0.03541880580511526 170
1757651629449 0.008617595457139629 171
1757651629556 0.040590501247816026 172
1757651629662 0.09341184419319426 173
1757651629861 0.040770396161618615 174
1757651629969 0.017216523153899023 175
1757651630106 0.1799081145856592 176
1757651630237 0.03733511858548207 177
1757651630366 0.003140278047855707 178
1757651630518 0.0002106732794337809 179
1757651630669 1.2112631879678488 180
1757651630815 0.11482364190498184 181
1757651630966 0.004683360847877894 182
1757651631149 0.09938740774943627 183
1757651631279 0.15176801565228307 184
1757651631402 0.04581425223321656 185
1757651631517 0.5460791028704771 186
1757651631628 0.27523576895389806 187
1757651631738 0.7919751923291047 188
1757651631856 0.3529663259283564 189
1757651631979 0.0006907416880054026 190
1757651632101 0.36910203010358017 191
1757651632219 0.15842344243974585 192
1757651632327 1.687423457798834e-05 193
1757651632438 0.06720188914403483 194
1757651632549 0.38249742957822996 195
1757651632665 6.847700828737011e-05 196
1757651632773 0.00407433157230495 197
1757651632885 2.7417667495999387e-05 198
1757651632995 0.15068414751864284 199
1757651633107 0.03706436693535782 200
1757651633228 0.01735374449688552 201
1757651633345 0.9895013141322592 202
1757651633456 0.5427051459352169 203
1757651633565 0.057155211166442274 204
1757651633672 0.0030411159382094754 205
1757651633780 0.5384757980956784 206
1757651633890 0.014126680987188027 207
1757651633997 0.0002477946029074139 208
1757651634104 6.53004091353553e-05 209
1757651634213 0.028987774457196143 210
1757651634321 5.400641709490704e-07 211
1757651634434 0.6550940677516178 212
1757651634552 0.01682201937333642 213
1757651634669 0.22229487197028938 214
1757651634782 0.008144609462310529 215
1757651634892 0.06768259167691432 216
1757651635002 0.04313261871383464 217
1757651635109 0.06674651147524863 218
1757651635234 0.02250757676836274 219
1757651635348 0.6289894286987712 220
1757651635465 0.08961785740263957 221
1757651635575 0.007304911793801416 222
1757651635697 0.04543041609335455 223
1757651635817 0.010950612630613709 224
1757651635945 0.27206970911477196 225
1757651636057 0.05784783399301126 226
1757651636170 0.08537091374890275 227
1757651636283 0.025203980279173404 228
1757651636392 0.20578716441247383 229
1757651636506 0.14481357733181197 230
1757651636614 0.010989514459256305 231
1757651636729 0.06019019176485537 232
1757651636836 0.00020516733845761626 233
1757651636945 0.0017526930044523977 234
1757651637054 0.23223149718710315 235
1757651637173 0.004828971054132795 236
1757651637285 0.005610870646657192 237
1757651637399 0.008023334751769076 238
1757651637514 0.2900295203317579 239
1757651637624 0.017152830199676276 240
1757651637731 0.2946052478061637 241
1757651637840 0.05077332834569683 242
1757651637949 0.00306462855677248 243
1757651638062 0.008650501621559838 244
1757651638171 0.019766598495247676 245
1757651638279 0.134655006341911 246
1757651638398 0.000551150345636997 247
1757651638515 0.24427243351909514 248
1757651638630 0.011000007643364007 249
1757651638748 0.0034532070958311766 250
1757651638857 0.10682247714217037 251
1757651638965 0.04054268031284977 252
1757651639105 0.00016341570001003936 253
1757651639216 0.43398343041788157 254
1757651639328 0.11456138063105407 255
1757651639437 0.0006131658757222713 256
1757651639547 0.003348629081176983 257
1757651639656 0.012198397805423998 258
1757651639765 0.011282890391161966 259
1757651639874 0.01629047779119613 260
1757651639982 0.003459928544150185 261
1757651640100 0.542224578818087 262
1757651640218 0.04923948703648208 263
1757651640332 0.22684772139005271 264
1757651640446 0.06232190409166482 265
1757651640555 0.0020720136458431777 266
1757651640833 0.16343515769422853 267
1757651640957 0.04014484324607369 268
1757651641097 0.019914888692701246 269
1757651641224 0.04874592888033404 270
1757651641338 0.004354120703464345 271
1757651641464 1.2803316300381715 272
1757651641574 1.084348242095234 273
1757651641684 0.1438999491257656 274
1757651641800 0.00950587153500066 275
1757651641916 0.006816624061701785 276
1757651642031 0.005146935155747512 277
1757651642148 0.019461035370344118 278
1757651642258 0.06787366950171819 279
1757651642367 0.02081002121982996 280
1757651642488 0.06715551031682589 281
1757651642598 0.22891881846703055 282
1757651642710 0.0015519757384205295 283
1757651642820 0.033504062217350916 284
1757651642942 0.08118087667646999 285
1757651643051 0.06465246172404955 286
1757651643165 0.4045391437736826 287
1757651643274 0.5320213951079906 288
1757651643382 3.687306166336896e-05 289
1757651643502 0.021684120635185006 290
1757651643620 0.015242145695316041 291
1757651643735 0.12652924738003976 292
1757651643844 0.44375776655572235 293
1757651643965 0.0040487389043629 294
1757651644117 0.031671108956916244 295
1757651644257 1.2592396140704667 296
1757651644376 0.05855673381752813 297
1757651644499 0.1324497619753565 298
1757651644613 2.7087762128723788e-05 299
1757651644734 0.012004475404832411 300
1757651644860 0.018404791609581053 301
1757651645296 0.06869480156700476 302
1757651645463 0.2474684997395901 303
1757651645607 0.01344582320482272 304
1757651645754 0.2134235389427709 305
1757651645974 0.03220666114188963 306
1757651646119 0.03568852274199234 307
1757651646247 0.049086839175913846 308
1757651646384 0.002085849038604027 309
1757651646520 0.1448713916012636 310
1757651646650 0.00024576198428453327 311
1757651646767 0.061874413802317736 312
1757651646888 0.08241938289914631 313
1757651647013 0.000998203003893639 314
1757651647127 1.707363650834042 315
1757651647240 0.48742979647720286 316
1757651647351 0.017491486369886546 317
1757651647462 0.016891552445184792 318
1757651647575 0.6012963874446009 319
1757651647687 0.009852782322429124 320
1757651647799 0.0009793272780451731 321
1757651647911 0.018766995696552588 322
1757651648023 0.13909552381170756 323
1757651648136 0.010791913613732643 324
1757651648248 0.07811962226825447 325
1757651648401 2.108380828352377e-05 326
1757651648539 0.37906942158350526 327
1757651648659 0.0037719296714040372 328
1757651648795 0.013593869252324964 329
1757651648935 0.5188540800370378 330
1757651649063 0.1176202802299798 331
1757651649271 0.01602029942405886 332
1757651649455 0.005796438270120544 333
1757651649607 0.189206338233386 334
1757651649777 0.09540238855754715 335
1757651649958 0.12504441473253683 336
1757651650129 0.03279127087703174 337
1757651650312 0.016791427551613797 338
1757651650469 0.004805119863879533 339
1757651650607 0.009644438255594053 340
1757651650742 0.04591656200927935 341
1757651650880 0.01947137833194735 342
1757651651011 0.0004843274103525555 343
1757651651133 0.02337111268755176 344
1757651651249 0.0014265586855792462 345
1757651651366 0.11248196700819253 346
1757651651484 0.044186883397666334 347
1757651651596 0.9342892090537857 348
1757651651709 0.00573347950800788 349
1757651651823 0.1451249353614982 350
1757651651936 0.2601597623408774 351
1757651652048 0.541032293833423 352
1757651652159 0.0173757621885364 353
1757651652274 0.026197038230592485 354
1757651652392 0.048387094484275105 355
1757651652510 0.016416411362737603 356
1757651652625 0.1671304988418765 357
1757651652744 0.17285591799138458 358
1757651652864 0.05350125090055687 359
1757651652979 0.12181331151503084 360
1757651653096 0.0010893563909493919 361
1757651653214 0.29986670913703867 362
1757651653332 0.02308393986932179 363
1757651653450 0.007616547729802947 364
1757651653566 0.256547165582687 365
1757651653681 0.0031827800106350424 366
1757651653797 0.005097091287287242 367
1757651653910 0.07519717209481261 368
1757651654027 0.004962763366608334 369
1757651654143 0.539024093715723 370
1757651654258 0.1397618638850951 371
1757651654373 0.044019672468588386 372
1757651654490 0.0031207188505487688 373
1757651654604 0.01612329858056013 374
1757651654718 0.4674289928841019 375
1757651654835 0.016305399266376357 376
1757651654951 0.06305041693851637 377
1757651655073 0.006652505142889951 378
1757651655196 0.01264553916034631 379
1757651655324 0.03307754683373807 380
1757651655440 0.03732733425343865 381
1757651655557 0.19334043908899493 382
1757651655675 0.02630291984724569 383
1757651655790 0.0011093818473193156 384
1757651655925 0.0003087436763629849 385
1757651656048 0.03555633057535665 386
1757651656169 0.22529024972899678 387
1757651656283 0.015812011965776872 388
1757651656396 0.0001523068577744172 389
1757651656508 0.015430694483519908 390
1757651656625 0.021574411356149473 391
1757651656746 0.36113091052496477 392
1757651656863 0.07020121418377939 393
1757651656976 0.20668110754873578 394
1757651657091 0.0016842251195354017 395
1757651657210 0.05771512110343501 396
1757651657320 0.18793127585833466 397
1757651657431 0.04528908412794303 398
1757651657542 0.06534296835685639 399
1757651657660 0.18982581252245134 400
1757651657773 0.010960498478933956 401
1757651657892 0.017884194039498116 402
1757651658010 0.013409972191690727 403
1757651658140 0.001209181603900619 404
1757651658259 0.0005076691544401259 405
1757651658378 0.23878999815958085 406
1757651658494 0.032914001969895385 407
1757651658615 0.006895078200794556 408
1757651658733 0.006227936408697463 409
1757651658854 0.2850026802521673 410
1757651658983 0.3204308432828672 411
1757651659118 0.09664931186809318 412
1757651659274 0.28612585851013617 413
1757651659394 9.676675077131438e-05 414
1757651659512 0.04933126047073341 415
1757651659628 0.34467842414614686 416
1757651659746 0.08245112510700764 417
1757651659858 0.23516471445474554 418
1757651659981 0.07773280798982876 419
1757651660094 0.06045640014073989 420
1757651660217 0.4503332850309579 421
1757651660333 0.00038250111280670456 422
1757651660446 0.022974360803421967 423
1757651660569 0.037657189431223474 424
1757651660693 0.3326138386258178 425
1757651660812 0.04997986651670412 426
1757651660929 0.38325211221482824 427
1757651661049 0.0027280088949471915 428
1757651661166 0.026165255690648523 429
1757651661296 0.04635535578421763 430
1757651661414 0.10863807307802888 431
1757651661532 0.0005105122928893143 432
1757651661648 0.002070718999595958 433
1757651661765 0.054409790208265585 434
1757651661881 0.09803742147718161 435
1757651662001 0.03182984235747292 436
1757651662123 0.0003601574035945654 437
1757651662246 0.2086447783691717 438
1757651662362 0.012836285725357107 439
1757651662480 0.43507093195754964 440
1757651662595 0.00840135629087286 441
1757651662710 0.15662998613246729 442
1757651662836 0.008386837909541405 443
1757651662955 0.028693295745970133 444
1757651663077 0.0369808589917416 445
1757651663193 0.11484336249382995 446
1757651663319 0.005115559311641594 447
1757651663440 0.3263222515781688 448
1757651663558 0.2279770769540245 449
1757651663675 0.2028623019898131 450
1757651663795 0.005886976746237087 451
1757651663915 0.016679711911515745 452
1757651664038 0.19334549532809878 453
1757651664160 0.3079002413194831 454
1757651664278 0.21731863687767952 455
1757651664404 0.4776496557614806 456
1757651664523 0.6104017033105884 457
1757651664642 0.0005063914642831496 458
1757651664761 0.11795568329405438 459
1757651664882 0.00525481229224021 460
1757651665001 0.009269396320214788 461
1757651665125 0.00012423578718418624 462
1757651665368 0.006151232347075721 463
1757651665496 0.36859145143806904 464
1757651665623 0.0018803066585333329 465
1757651665745 0.07402241546709216 466
1757651665875 0.03673198362987211 467
1757651666000 0.07055215978919109 468
1757651666124 0.00996888094652333 469
1757651666248 0.03931560666394184 470
1757651666369 0.28253061571327676 471
1757651666491 0.04879964746008988 472
1757651666606 0.016644841906286383 473
1757651666720 0.8713749899706774 474
1757651666846 0.5341065408280946 475
1757651666973 0.0018160120948087614 476
1757651667095 0.19783075411173714 477
1757651667216 0.016425643794024555 478
1757651667334 0.0035475826674446665 479
1757651667471 0.011196189817050515 480
1757651667591 0.10659096133575069 481
1757651667709 0.07091296059909456 482
1757651667825 0.07454392608946188 483
1757651667945 0.14732705943405686 484
1757651668062 0.046089045201897445 485
1757651668183 0.059356198383852234 486
1757651668301 0.15460833240086924 487
1757651668419 0.01294268445226345 488
1757651668544 0.00794652402422369 489
1757651668662 0.0023398026233255884 490
1757651668779 0.05385834269033515 491
1757651668897 0.0009259770924594916 492
1757651669021 0.021331845818364677 493
1757651669138 0.5643672403885501 494
1757651669257 0.1010536955459154 495
1757651669373 0.03030906145639619 496
1757651669498 0.48224804938748833 497
1757651669616 0.23794525141099004 498
1757651669733 0.9266475794298665 499
