1757649550542 181.70103566000677 0
1757649550600 181.66450294527954 1
1757649550665 181.62797759667657 2
1757649550727 181.59145961270903 3
1757649550790 181.5549489918883 4
1757649550848 181.51844573272615 5
1757649550908 181.48194983373455 6
1757649550970 181.44546129342586 7
1757649551030 181.40898011031265 8
1757649551103 181.37250628290792 9
1757649551261 181.33603980972484 10
1757649551342 181.29958068927692 11
1757649551407 181.26312892007803 12
1757649551474 181.2266845006423 13
1757649551540 181.19024742948415 14
1757649551612 181.1538177051183 15
1757649551676 181.1173953260598 16
1757649551739 181.080980290824 17
1757649551805 181.0445725979265 18
1757649551868 181.0081722458833 19
1757649551932 180.97177923321053 20
1757649551995 180.93539355842475 21
1757649552058 180.8990152200429 22
1757649552121 180.86264421658205 23
1757649552183 180.8262805465596 24
1757649552244 180.78992420849337 25
1757649552305 180.75357520090134 26
1757649552368 180.7172335223019 27
1757649552434 180.68089917121367 28
1757649552500 180.64457214615558 29
1757649552563 180.60825244564688 30
1757649552628 180.5719400682071 31
1757649552692 180.53563501235612 32
1757649552755 180.49933727661406 33
1757649552823 180.46304685950136 34
1757649552886 180.42676375953874 35
1757649552952 180.3904879752473 36
1757649553016 180.35421950514836 37
1757649553079 180.3179583477635 38
1757649553144 180.28170450161477 39
1757649553209 180.2454579652243 40
1757649553271 180.2092187371147 41
1757649553351 180.1729868158088 42
1757649553417 180.13676219982975 43
1757649553486 180.10054488770092 44
1757649553550 180.06433487794618 45
1757649553616 180.02813216908945 46
1757649553679 179.99193675965512 47
1757649553740 179.9557486481678 48
1757649553802 179.91956783315243 49
1757649553865 179.88339431313432 50
1757649553927 179.84722808663886 51
1757649553989 179.81106915219198 52
1757649554051 179.77491750831982 53
1757649554116 179.73877315354878 54
1757649554189 179.70263608640553 55
1757649554255 179.6665063054172 56
1757649554316 179.63038380911107 57
1757649554379 179.59426859601476 58
1757649554440 179.55816066465619 59
1757649554500 179.52206001356356 60
1757649554568 179.4859666412655 61
1757649554646 179.44988054629067 62
1757649554711 179.4138017271683 63
1757649554774 179.37773018242777 64
1757649554838 179.34166591059875 65
1757649554903 179.30560891021133 66
1757649554967 179.26955917979578 67
1757649555030 179.23351671788268 68
1757649555093 179.19748152300295 69
1757649555199 179.1614535936878 70
1757649555262 179.12543292846877 71
1757649555326 179.08941952587762 72
1757649555394 179.05341338444643 73
1757649555458 179.01741450270754 74
1757649555521 178.9814228791938 75
1757649555584 178.94543851243807 76
1757649555650 178.90946140097364 77
1757649555714 178.87349154333415 78
1757649555779 178.83752893805345 79
1757649555842 178.80157358366571 80
1757649555906 178.7656254787054 81
1757649555968 178.72968462170732 82
1757649556032 178.69375101120647 83
1757649556095 178.65782464573832 84
1757649556158 178.62190552383848 85
1757649556222 178.5859936440429 86
1757649556285 178.5500890048878 87
1757649556348 178.5141916049098 88
1757649556412 178.47830144264574 89
1757649556477 178.4424185166327 90
1757649556543 178.4065428254082 91
1757649556608 178.37067436750993 92
1757649556674 178.33481314147596 93
1757649556735 178.2989591458446 94
1757649556797 178.2631123791545 95
1757649556860 178.22727283994456 96
1757649556922 178.19144052675398 97
1757649556981 178.15561543812228 98
1757649557043 178.11979757258936 99
1757649557104 178.08398692869525 100
1757649557166 178.0481835049803 101
1757649557231 178.01238729998533 102
1757649557295 177.97659831225127 103
1757649557357 177.94081654031945 104
1757649557428 177.90504198273138 105
1757649557494 177.86927463802905 106
1757649557558 177.83351450475453 107
1757649557621 177.79776158145035 108
1757649557685 177.76201586665928 109
1757649557750 177.7262773589244 110
1757649557813 177.690546056789 111
1757649557877 177.65482195879687 112
1757649557940 177.61910506349182 113
1757649558003 177.58339536941818 114
1757649558067 177.54769287512045 115
1757649558144 177.51199757914347 116
1757649558208 177.47630948003237 117
1757649558271 177.44062857633259 118
1757649558331 177.40495486658986 119
1757649558392 177.36928834935014 120
1757649558454 177.33362902315986 121
1757649558516 177.29797688656552 122
1757649558575 177.26233193811402 123
1757649558636 177.22669417635257 124
1757649558698 177.19106359982868 125
1757649558759 177.15544020709015 126
1757649558820 177.119823996685 127
1757649558880 177.08421496716167 128
1757649558941 177.04861311706873 129
1757649559001 177.01301844495524 130
1757649559061 176.9774309493704 131
1757649559124 176.94185062886373 132
1757649559186 176.90627748198517 133
1757649559247 176.87071150728477 134
1757649559308 176.835152703313 135
1757649559369 176.79960106862052 136
1757649559431 176.76405660175845 137
1757649559500 176.72851930127806 138
1757649559569 176.69298916573092 139
1757649559645 176.65746619366897 140
1757649559709 176.6219503836444 141
1757649559774 176.58644173420967 142
1757649559838 176.55094024391758 143
1757649559902 176.51544591132117 144
1757649559967 176.47995873497385 145
1757649560029 176.44447871342925 146
1757649560092 176.40900584524135 147
1757649560154 176.37354012896432 148
1757649560217 176.33808156315283 149
1757649560277 176.30263014636162 150
1757649560338 176.26718587714583 151
1757649560399 176.23174875406087 152
1757649560461 176.1963187756625 153
1757649560522 176.16089594050663 154
1757649560583 176.12548024714962 155
1757649560646 176.09007169414807 156
1757649560725 176.05467028005882 157
1757649560810 176.01927600343907 158
1757649560944 175.98388886284624 159
1757649561012 175.94850885683815 160
1757649561079 175.91313598397286 161
1757649561147 175.87777024280865 162
1757649561213 175.84241163190418 163
1757649561279 175.80706014981837 164
1757649561343 175.77171579511048 165
1757649561406 175.73637856634 166
1757649561469 175.7010484620667 167
1757649561538 175.66572548085065 168
1757649561601 175.63040962125234 169
1757649561663 175.5951008818324 170
1757649561725 175.5597992611518 171
1757649561786 175.5245047577718 172
1757649561848 175.48921737025393 173
1757649561910 175.4539370971601 174
1757649561972 175.41866393705237 175
1757649562034 175.38339788849322 176
1757649562098 175.34813895004535 177
1757649562163 175.31288712027177 178
1757649562226 175.27764239773578 179
1757649562289 175.242404781001 180
1757649562351 175.20717426863135 181
1757649562413 175.17195085919087 182
1757649562475 175.13673455124413 183
1757649562537 175.10152534335586 184
1757649562599 175.0663232340912 185
1757649562661 175.03112822201535 186
1757649562723 174.99594030569398 187
1757649562787 174.96075948369304 188
1757649562849 174.92558575457875 189
1757649562912 174.8904191169176 190
1757649562975 174.85525956927637 191
1757649563037 174.82010711022215 192
1757649563099 174.78496173832232 193
1757649563161 174.74982345214454 194
1757649563224 174.71469225025677 195
1757649563286 174.67956813122723 196
1757649563349 174.6444510936245 197
1757649563412 174.60934113601738 198
1757649563480 174.574238256975 199
1757649563547 174.53914245506675 200
1757649563616 174.50405372886232 201
1757649563679 174.4689720769317 202
1757649563742 174.4338974978452 203
1757649563805 174.3988299901733 204
1757649563868 174.36376955248699 205
1757649563931 174.32871618335727 206
1757649563993 174.2936698813557 207
1757649564056 174.25863064505393 208
1757649564120 174.223598473024 209
1757649564183 174.18857336383817 210
1757649564246 174.15355531606906 211
1757649564310 174.11854432828954 212
1757649564373 174.08354039907283 213
1757649564436 174.04854352699238 214
1757649564500 174.0135537106219 215
1757649564567 173.9785709485354 216
1757649564645 173.94359523930729 217
1757649564713 173.90862658151215 218
1757649564777 173.87366497372489 219
1757649564841 173.83871041452068 220
1757649564904 173.80376290247503 221
1757649564970 173.76882243616367 222
1757649565036 173.73388901416274 223
1757649565099 173.69896263504853 224
1757649565182 173.66404329739765 225
1757649565249 173.62913099978707 226
1757649565315 173.59422574079406 227
1757649565378 173.559327518996 228
1757649565443 173.5244363329708 229
1757649565507 173.48955218129646 230
1757649565574 173.4546750625514 231
1757649565643 173.41980497531418 232
1757649565709 173.38494191816386 233
1757649565773 173.35008588967958 234
1757649565836 173.31523688844095 235
1757649565899 173.2803949130277 236
1757649565963 173.24555996201994 237
1757649566027 173.21073203399814 238
1757649566091 173.1759111275428 239
1757649566156 173.14109724123506 240
1757649566221 173.1062903736561 241
1757649566285 173.07149052338738 242
1757649566350 173.0366976890108 243
1757649566414 173.00191186910845 244
1757649566478 172.96713306226272 245
1757649566542 172.93236126705634 246
1757649566606 172.89759648207223 247
1757649566671 172.86283870589367 248
1757649566735 172.82808793710416 249
1757649566801 172.79334417428757 250
1757649566866 172.75860741602807 251
1757649566931 172.72387766090998 252
1757649566995 172.68915490751803 253
1757649567059 172.65443915443723 254
1757649567123 172.61973040025276 255
1757649567187 172.58502864355026 256
1757649567251 172.55033388291557 257
1757649567315 172.51564611693476 258
1757649567378 172.48096534419426 259
1757649567446 172.4462915632808 260
1757649567510 172.41162477278135 261
1757649567576 172.37696497128317 262
1757649567645 172.34231215737387 263
1757649567716 172.30766632964125 264
1757649567781 172.27302748667344 265
1757649567845 172.23839562705885 266
1757649567910 172.20377074938622 267
1757649567974 172.1691528522445 268
1757649568038 172.13454193422302 269
1757649568102 172.09993799391134 270
1757649568167 172.06534102989923 271
1757649568282 172.0307510407769 272
1757649568507 171.9961680251347 273
1757649568578 171.96159198156346 274
1757649568648 171.92702290865404 275
1757649568718 171.89246080499777 276
1757649568786 171.85790566918624 277
1757649568851 171.8233574998112 278
1757649568917 171.78881629546493 279
1757649568983 171.75428205473972 280
1757649569050 171.71975477622837 281
1757649569116 171.6852344585238 282
1757649569181 171.65072110021927 283
1757649569245 171.61621469990843 284
1757649569309 171.58171525618505 285
1757649569374 171.5472227676433 286
1757649569439 171.51273723287753 287
1757649569504 171.47825865048253 288
1757649569577 171.44378701905322 289
1757649569665 171.40932233718488 290
1757649569734 171.37486460347307 291
1757649569803 171.34041381651366 292
1757649569868 171.3059699749027 293
1757649569934 171.27153307723665 294
1757649569999 171.2371031221122 295
1757649570063 171.20268010812632 296
1757649570128 171.16826403387626 297
1757649570199 171.13385489795957 298
1757649570265 171.0994526989741 299
1757649570331 171.0650574355179 300
1757649570397 171.03066910618946 301
1757649570467 170.9962877095874 302
1757649570534 170.9619132443107 303
1757649570599 170.9275457089586 304
1757649570665 170.89318510213064 305
1757649570733 170.85883142242665 306
1757649570798 170.8244846684467 307
1757649570862 170.79014483879126 308
1757649570928 170.75581193206088 309
1757649570997 170.72148594685657 310
1757649571063 170.68716688177958 311
1757649571129 170.65285473543142 312
1757649571194 170.61854950641384 313
1757649571259 170.58425119332904 314
1757649571323 170.54995979477926 315
1757649571389 170.51567530936725 316
1757649571455 170.4813977356959 317
1757649571520 170.4471270723684 318
1757649571585 170.41286331798833 319
1757649571652 170.37860647115943 320
1757649571725 170.3443565304858 321
1757649571792 170.3101134945717 322
1757649571858 170.27587736202187 323
1757649571924 170.2416481314412 324
1757649571990 170.20742580143485 325
1757649572056 170.1732103706083 326
1757649572121 170.1390018375674 327
1757649572187 170.10480020091813 328
1757649572255 170.07060545926677 329
1757649572322 170.03641761122003 330
1757649572387 170.00223665538482 331
1757649572453 169.96806259036816 332
1757649572518 169.93389541477768 333
1757649572583 169.89973512722105 334
1757649572649 169.86558172630632 335
1757649572714 169.8314352106417 336
1757649572780 169.79729557883593 337
1757649572845 169.76316282949776 338
1757649572909 169.72903696123637 339
1757649572977 169.69491797266124 340
1757649573042 169.66080586238206 341
1757649573107 169.6267006290088 342
1757649573172 169.59260227115178 343
1757649573241 169.55851078742154 344
1757649573306 169.5244261764289 345
1757649573371 169.49034843678504 346
1757649573438 169.45627756710132 347
1757649573503 169.42221356598947 348
1757649573567 169.38815643206138 349
1757649573632 169.35410616392937 350
1757649573699 169.32006276020599 351
1757649573771 169.28602621950392 352
1757649573838 169.25199654043647 353
1757649573905 169.21797372161677 354
1757649573971 169.18395776165866 355
1757649574037 169.149948659176 356
1757649574102 169.11594641278302 357
1757649574169 169.08195102109423 358
1757649574234 169.04796248272436 359
1757649574302 169.01398079628854 360
1757649574369 168.98000596040208 361
1757649574433 168.94603797368055 362
1757649574499 168.91207683473996 363
1757649574570 168.8781225421964 364
1757649574650 168.84417509466633 365
1757649574717 168.8102344907666 366
1757649574783 168.77630072911413 367
1757649574851 168.74237380832625 368
1757649574917 168.70845372702053 369
1757649574983 168.67454048381487 370
1757649575053 168.6406340773274 371
1757649575122 168.60673450617654 372
1757649575208 168.57284176898096 373
1757649575276 168.53895586435974 374
1757649575348 168.50507679093204 375
1757649575415 168.47120454731746 376
1757649575483 168.43733913213583 377
1757649575549 168.4034805440072 378
1757649575620 168.36962878155197 379
1757649575690 168.33578384339089 380
1757649575776 168.30194572814477 381
1757649575847 168.26811443443492 382
1757649575917 168.23428996088285 383
1757649576073 168.20047230611024 384
1757649576141 168.16666146873925 385
1757649576211 168.13285744739218 386
1757649576281 168.0990602406916 387
1757649576350 168.06526984726054 388
1757649576418 168.0314862657221 389
1757649576486 167.99770949469968 390
1757649576553 167.96393953281708 391
1757649576621 167.93017637869832 392
1757649576688 167.89642003096762 393
1757649576755 167.86267048824968 394
1757649576821 167.82892774916925 395
1757649576900 167.79519181235145 396
1757649576966 167.76146267642176 397
1757649577032 167.7277403400058 398
1757649577100 167.69402480172957 399
1757649577168 167.66031606021932 400
1757649577235 167.62661411410153 401
1757649577304 167.59291896200304 402
1757649577372 167.5592306025509 403
1757649577440 167.52554903437252 404
1757649577507 167.49187425609543 405
1757649577574 167.45820626634762 406
1757649577641 167.42454506375728 407
1757649577711 167.39089064695287 408
1757649577780 167.35724301456312 409
1757649577854 167.32360216521712 410
1757649577923 167.28996809754406 411
1757649577990 167.25634081017358 412
1757649578058 167.22272030173556 413
1757649578127 167.1891065708601 414
1757649578195 167.15549961617762 415
1757649578261 167.1218994363188 416
1757649578328 167.08830602991466 417
1757649578397 167.0547193955964 418
1757649578464 167.02113953199557 419
1757649578531 166.98756643774394 420
1757649578599 166.9540001114736 421
1757649578666 166.92044055181688 422
1757649578734 166.88688775740647 423
1757649578802 166.85334172687524 424
1757649578869 166.8198024588564 425
1757649578936 166.78626995198334 426
1757649579002 166.75274420488992 427
1757649579071 166.71922521621008 428
1757649579139 166.68571298457815 429
1757649579207 166.65220750862866 430
1757649579275 166.61870878699645 431
1757649579343 166.58521681831667 432
1757649579410 166.55173160122476 433
1757649579478 166.51825313435634 434
1757649579546 166.48478141634737 435
1757649579629 166.45131644583415 436
1757649579699 166.4178582214531 437
1757649579768 166.384406741841 438
1757649579842 166.35096200563498 439
1757649579912 166.31752401147236 440
1757649579981 166.28409275799066 441
1757649580049 166.2506682438279 442
1757649580117 166.21725046762216 443
1757649580186 166.18383942801188 444
1757649580254 166.15043512363582 445
1757649580323 166.11703755313297 446
1757649580393 166.08364671514255 447
1757649580463 166.0502626083041 448
1757649580533 166.01688523125753 449
1757649580601 165.98351458264284 450
1757649580672 165.95015066110042 451
1757649580741 165.91679346527098 452
1757649580810 165.8834429937953 453
1757649580879 165.85009924531474 454
1757649580948 165.81676221847067 455
1757649581017 165.7834319119049 456
1757649581087 165.75010832425937 457
1757649581157 165.71679145417644 458
1757649581227 165.68348130029867 459
1757649581296 165.65017786126893 460
1757649581365 165.6168811357303 461
1757649581433 165.5835911223262 462
1757649581502 165.55030781970027 463
1757649581570 165.51703122649653 464
1757649581637 165.48376134135913 465
1757649581708 165.45049816293263 466
1757649581777 165.41724168986175 467
1757649581845 165.38399192079157 468
1757649581920 165.3507488543674 469
1757649581990 165.3175124892348 470
1757649582059 165.28428282403974 471
1757649582128 165.25105985742826 472
1757649582201 165.2178435880468 473
1757649582271 165.1846340145421 474
1757649582340 165.15143113556107 475
1757649582412 165.118234949751 476
1757649582483 165.0850454557594 477
1757649582553 165.051862652234 478
1757649582622 165.01868653782302 479
1757649582692 164.9855171111746 480
1757649582762 164.95235437093748 481
1757649582831 164.91919831576047 482
1757649582900 164.8860489442928 483
1757649582968 164.85290625518385 484
1757649583037 164.81977024708337 485
1757649583106 164.7866409186413 486
1757649583175 164.75351826850792 487
1757649583245 164.72040229533377 488
1757649583313 164.68729299776965 489
1757649583383 164.65419037446654 490
1757649583453 164.62109442407592 491
1757649583522 164.58800514524935 492
1757649583590 164.55492253663877 493
1757649583658 164.52184659689627 494
1757649583728 164.48877732467434 495
1757649583797 164.45571471862567 496
1757649583866 164.42265877740329 497
1757649583941 164.38960949966042 498
1757649584012 164.35656688405058 499
