1757646341604 169.19515114029 0
1757646341690 169.72068575333657 1
1757646341801 150.79431066278184 2
1757646341916 156.1859659197159 3
1757646341998 144.6703306285556 4
1757646342066 142.16330007339332 5
1757646342170 142.32246460343322 6
1757646342235 132.41786681810822 7
1757646342295 130.96758382297972 8
1757646342357 123.56348509302896 9
1757646342428 121.63769411466374 10
1757646342507 114.29505292888815 11
1757646342565 113.37087490835712 12
1757646342622 111.70063520174392 13
1757646342682 103.201791584309 14
1757646342766 97.67118326515805 15
1757646342847 100.59742266097147 16
1757646342905 95.26848852119599 17
1757646342961 91.00140282655462 18
1757646343020 91.38033825579768 19
1757646343074 83.08233856338609 20
1757646343130 82.38492986268935 21
1757646343186 84.8842828324186 22
1757646343242 75.38233934109876 23
1757646343298 76.02747907214612 24
1757646343353 71.1168626219763 25
1757646343411 70.1645200003851 26
1757646343467 66.8547212422587 27
1757646343523 66.7748760723118 28
1757646343579 64.5915180047289 29
1757646343636 62.39622270299391 30
1757646343692 60.00627685877414 31
1757646343748 55.71260613417586 32
1757646343803 56.45839026846182 33
1757646343860 53.07724949490962 34
1757646343916 50.38038173298437 35
1757646343979 50.59231951033749 36
1757646344038 44.90242614021707 37
1757646344097 47.434171161386935 38
1757646344179 43.99477813985407 39
1757646344279 42.33186266243266 40
1757646344343 42.70227136912462 41
1757646344406 41.80543811962643 42
1757646344468 39.537025773283155 43
1757646344526 38.91278417125976 44
1757646344584 36.52365712604174 45
1757646344642 33.60147962437419 46
1757646344699 34.71776337496814 47
1757646344757 33.60711148403064 48
1757646344816 31.87053649288404 49
1757646344873 31.409914365121466 50
1757646344931 32.185410234073125 51
1757646344989 28.88020814772023 52
1757646345048 28.548929431992196 53
1757646345107 25.98633065525999 54
1757646345165 25.604522524280444 55
1757646345358 24.46797920061674 56
1757646345421 23.081944928122265 57
1757646345486 23.26911103139832 58
1757646345557 21.940931270818727 59
1757646345617 22.38346469059324 60
1757646345673 21.761200834636263 61
1757646345759 20.279709591099316 62
1757646345836 19.244264345113773 63
1757646345905 19.278964122330002 64
1757646345966 17.36953599772623 65
1757646346045 18.025308338603857 66
1757646346109 16.099653224548845 67
1757646346170 15.94790664739795 68
1757646346229 14.875130773562198 69
1757646346296 16.80092978090263 70
1757646346377 14.861700926901635 71
1757646346446 14.682912159754542 72
1757646346510 13.996172031740276 73
1757646346571 13.430105937862436 74
1757646346634 12.207705408312261 75
1757646346693 12.751349624743249 76
1757646346753 11.22829497961081 77
1757646346815 11.771401295856988 78
1757646346875 11.599724246114146 79
1757646346934 11.268833826968693 80
1757646346997 9.470442625656263 81
1757646347056 10.347256159532959 82
1757646347115 9.39811688709897 83
1757646347175 9.979856428821938 84
1757646347234 10.054066581859386 85
1757646347293 7.357574838678261 86
1757646347351 8.624713636303952 87
1757646347409 8.32777233820848 88
1757646347465 8.332599228554827 89
1757646347522 8.069026603637989 90
1757646347580 7.033976464876958 91
1757646347637 6.5651252107190095 92
1757646347693 7.230493832983771 93
1757646347751 6.779947674521212 94
1757646347809 6.695695012325887 95
1757646347866 6.297934803053442 96
1757646347924 5.110526252766349 97
1757646347982 6.038470388253933 98
1757646348050 5.679547611486627 99
1757646348110 5.50256669986365 100
1757646348168 5.445783886257174 101
1757646348225 5.236373944785919 102
1757646348283 5.389400903386072 103
1757646348340 5.0901846744384045 104
1757646348399 4.4926343855406055 105
1757646348457 4.534282537513034 106
1757646348514 3.8933274337527277 107
1757646348572 5.16493185616549 108
1757646348630 3.970374167897069 109
1757646348687 4.247928236805501 110
1757646348744 4.082232484715779 111
1757646348802 3.736168575413895 112
1757646348859 3.82885838365837 113
1757646348917 3.474044806315692 114
1757646348974 3.3641728563187523 115
1757646349031 3.1653585406861544 116
1757646349090 3.2022928125551737 117
1757646349160 3.045913410623513 118
1757646349228 3.0914938311943945 119
1757646349289 2.7368044039917727 120
1757646349360 2.8399014964788987 121
1757646349424 2.3975706750765733 122
1757646349484 2.4706398816645487 123
1757646349545 2.4633765931197065 124
1757646349605 2.8823624171926343 125
1757646349665 2.162265046370596 126
1757646349726 2.082349518728306 127
1757646349785 2.0059993717061717 128
1757646349845 1.7715071732124164 129
1757646349903 2.0834837266794852 130
1757646349962 1.932439717209068 131
1757646350019 1.9117260874861535 132
1757646350083 1.8296336362972738 133
1757646350144 1.7505317985838578 134
1757646350203 1.953704570761788 135
1757646350264 1.9269288125436455 136
1757646350321 1.6835850911748051 137
1757646350379 1.5398060002527647 138
1757646350438 1.241970724360917 139
1757646350496 1.4603019356028972 140
1757646350554 1.655640430010024 141
1757646350612 1.5028414195238398 142
1757646350670 1.1109125852353412 143
1757646350751 1.2729657455254777 144
1757646350824 1.4299897432928301 145
1757646350885 1.0211255918515025 146
1757646350946 1.3588771817914544 147
1757646351007 1.4142304615128356 148
1757646351069 1.1354594442859054 149
1757646351130 1.1501304867377045 150
1757646351190 1.0655216473199 151
1757646351248 1.0637047646225704 152
1757646351306 1.185194311679738 153
1757646351364 1.0510198536156068 154
1757646351422 1.4227245164801192 155
1757646351480 1.0286147887248176 156
1757646351539 1.0708719440053995 157
1757646351597 0.8359473783130988 158
1757646351655 0.8779689315626248 159
1757646351714 0.8603471332978778 160
1757646351817 0.8676007374494151 161
1757646351881 0.7847578393188884 162
1757646351942 0.7196353709022907 163
1757646352003 0.8059464288640427 164
1757646352113 0.7021304105463118 165
1757646352183 0.8456504365670124 166
1757646352247 0.7456352064223413 167
1757646352310 0.6357233818079447 168
1757646352384 0.7817752537859043 169
1757646352446 0.46911257703579723 170
1757646352508 0.566015129506936 171
1757646352569 0.5273910800970321 172
1757646352630 0.5246954924175647 173
1757646352692 0.5166929865222288 174
1757646352752 0.43095040771001475 175
1757646352811 0.39461310883357853 176
1757646352869 0.5662823351696423 177
1757646352928 0.5875661627660641 178
1757646352987 0.5077274439772762 179
1757646353047 0.4311476419888138 180
1757646353107 0.4750297438496759 181
1757646353166 0.5231211442859454 182
1757646353226 0.5758348796365107 183
1757646353285 0.39508121280669334 184
1757646353342 0.4025648683977304 185
1757646353401 0.3769524951298266 186
1757646353460 0.4024551441961346 187
1757646353518 0.30131882348911343 188
1757646353577 0.41766902117424587 189
1757646353636 0.41988961688035076 190
1757646353694 0.3148339959003202 191
1757646353755 0.30413043771288434 192
1757646353814 0.32797957765393776 193
1757646353873 0.38656413959963143 194
1757646353932 0.4041247223103514 195
1757646353991 0.4628557670687592 196
1757646354050 0.30243555411397544 197
1757646354109 0.23241301956219892 198
1757646354214 0.4834290722416054 199
1757646354277 0.22584286316272179 200
1757646354338 0.3333776425837539 201
1757646354400 0.18968180690492084 202
1757646354463 0.3541496219315177 203
1757646354525 0.2788257237005952 204
1757646354586 0.26905219133450026 205
1757646354647 0.2424139535439672 206
1757646354706 0.2400774341140505 207
1757646354765 0.15795030888140765 208
1757646354824 0.30575470307089253 209
1757646354884 0.21057977589453217 210
1757646354943 0.1810309323584659 211
1757646355002 0.22204346851937085 212
1757646355062 0.35167913451656996 213
1757646355122 0.21066165702968667 214
1757646355181 0.22205590043799814 215
1757646355245 0.18073970859791513 216
1757646355304 0.1757810800691398 217
1757646355364 0.28761733685352814 218
1757646355423 0.30079519778470687 219
1757646355483 0.18831693054554768 220
1757646355542 0.1434718338932987 221
1757646355608 0.18816892486945946 222
1757646355668 0.23164469840296262 223
1757646355728 0.1410755064216487 224
1757646355789 0.1925683842085477 225
1757646355854 0.1657627247206863 226
1757646355915 0.27010163322812203 227
1757646355974 0.2723667130668519 228
1757646356034 0.2726619746627633 229
1757646356094 0.29502964827569417 230
1757646356153 0.21742352500131842 231
1757646356217 0.1480344160939366 232
1757646356280 0.17798904204574842 233
1757646356341 0.1617814666936299 234
1757646356401 0.18057037413246474 235
1757646356462 0.28652502227159127 236
1757646356522 0.14032998032406915 237
1757646356582 0.20330078708542662 238
1757646356642 0.14708746636257625 239
1757646356702 0.07584974228956277 240
1757646356764 0.1394560097765983 241
1757646356824 0.2669802823812132 242
1757646356886 0.24808317114148534 243
1757646356946 0.1714536245877271 244
1757646357006 0.11359116006852185 245
1757646357067 0.1280253695134277 246
1757646357128 0.19308211367976583 247
1757646357189 0.1971499695693527 248
1757646357250 0.15407367822666385 249
1757646357310 0.12820531768607107 250
1757646357371 0.14449814891743681 251
1757646357431 0.18388463106426017 252
1757646357491 0.16373956515432256 253
1757646357552 0.15681355201487648 254
1757646357612 0.24716651969890227 255
1757646357672 0.14308918934573042 256
1757646357734 0.1822269341964251 257
1757646357795 0.1838269474595357 258
1757646357856 0.15084598179915143 259
1757646357917 0.1676900983865147 260
1757646357978 0.09357794439963164 261
1757646358038 0.15103628991999568 262
1757646358100 0.19888186753973094 263
1757646358161 0.14970567250722608 264
1757646358222 0.23735916329872467 265
1757646358287 0.1415529592528252 266
1757646358348 0.15110822060292367 267
1757646358409 0.06855365668815243 268
1757646358471 0.18131950170495784 269
1757646358536 0.12561081848140182 270
1757646358597 0.10873504501899002 271
1757646358657 0.1735428167116957 272
1757646358717 0.15978993011911166 273
1757646358779 0.1079787460009096 274
1757646358840 0.11379898033223196 275
1757646358900 0.22453332082483202 276
1757646358960 0.16786734726210234 277
1757646359025 0.14555753644729108 278
1757646359086 0.14584069586341392 279
1757646359154 0.149147377770635 280
1757646359225 0.16977277397381407 281
1757646359288 0.14105337305315044 282
1757646359350 0.20498078708947662 283
1757646359410 0.18111422377885641 284
1757646359471 0.06895690900566065 285
1757646359533 0.10565069897318459 286
1757646359594 0.1565758953029478 287
1757646359655 0.13604898062509263 288
1757646359721 0.16671117150008843 289
1757646359786 0.15190520804432997 290
1757646359850 0.062471947378711784 291
1757646359915 0.10361265766816045 292
1757646359977 0.157460140310435 293
1757646360042 0.13455101474521078 294
1757646360104 0.2412381868730055 295
1757646360165 0.10835317043089737 296
1757646360229 0.11915612835842351 297
1757646360295 0.1415931504952235 298
1757646360361 0.1732034226013868 299
1757646360422 0.1212897138349168 300
1757646360484 0.0656135820574953 301
1757646360545 0.17037654904436797 302
1757646360607 0.08410431703615527 303
1757646360668 0.11531975903294331 304
1757646360729 0.09592018917171798 305
1757646360792 0.11802298318859634 306
1757646360853 0.14744284328040108 307
1757646360914 0.07364872438836617 308
1757646360976 0.22643397690668207 309
1757646361037 0.17390085312791098 310
1757646361099 0.21195218571544383 311
1757646361160 0.08595600559955856 312
1757646361223 0.16405251274573088 313
1757646361285 0.17991388398037764 314
1757646361347 0.10849711531970976 315
1757646361409 0.13360730623672631 316
1757646361470 0.1241487710260917 317
1757646361531 0.1195340200660114 318
1757646361593 0.1412553832833445 319
1757646361654 0.12404360825194766 320
1757646361717 0.17922014408358 321
1757646361778 0.16439145511304915 322
1757646361841 0.09227948417882467 323
1757646361903 0.1896788403959297 324
1757646361965 0.13246091950240416 325
1757646362028 0.10655989566983073 326
1757646362294 0.16061854994551783 327
1757646362370 0.1736060938916444 328
1757646362437 0.18857794204298653 329
1757646362503 0.15951209055731097 330
1757646362569 0.11238329398571636 331
1757646362637 0.1735882599701164 332
1757646362703 0.12655761421546688 333
1757646362769 0.12760660837668386 334
1757646362832 0.1444562003595251 335
1757646362895 0.1867775353616237 336
1757646362958 0.15542509796934417 337
1757646363021 0.11970519420146294 338
1757646363083 0.20449174054648173 339
1757646363146 0.19091718844846886 340
1757646363208 0.17066614534689625 341
1757646363280 0.1411885739830714 342
1757646363342 0.09553087906477878 343
1757646363405 0.10859562303361038 344
1757646363467 0.1134942218723265 345
1757646363533 0.08995308115868123 346
1757646363596 0.17330156788362353 347
1757646363658 0.10154260422227047 348
1757646363720 0.10797729132156282 349
1757646363783 0.11828995211135888 350
1757646363845 0.12396864501428057 351
1757646363908 0.190161860156667 352
1757646363971 0.20762851656445055 353
1757646364034 0.10189695312713623 354
1757646364098 0.11595621432950425 355
1757646364182 0.15797447077824087 356
1757646364265 0.08846233069904418 357
1757646364331 0.08150652002192786 358
1757646364403 0.07552567051442703 359
1757646364469 0.19907220953022306 360
1757646364533 0.13742710233644465 361
1757646364597 0.1279813561318404 362
1757646364660 0.1301541955300685 363
1757646364723 0.1057751996608704 364
1757646364786 0.22423622527219697 365
1757646364849 0.105331381624479 366
1757646364912 0.13960069684841941 367
1757646364974 0.22100918917445606 368
1757646365036 0.1481550907685378 369
1757646365099 0.11558636707846288 370
1757646365162 0.1518603061556792 371
1757646365227 0.129144118812668 372
1757646365291 0.17403695864480231 373
1757646365355 0.11291619591678283 374
1757646365419 0.12964635769016464 375
1757646365482 0.15397594257775474 376
1757646365545 0.10529192817634005 377
1757646365608 0.07423295465869112 378
1757646365671 0.11215620734173384 379
1757646365735 0.09789083190185575 380
1757646365799 0.11584678692986555 381
1757646365882 0.17854735858894855 382
1757646365948 0.08668560177227314 383
1757646366017 0.1578995711090909 384
1757646366085 0.12709328917095342 385
1757646366153 0.10773803662771513 386
1757646366218 0.11267913829067339 387
1757646366281 0.10157733434628231 388
1757646366344 0.125897815648899 389
1757646366413 0.07398910312364397 390
1757646366480 0.11489171142271812 391
1757646366544 0.12338199728029127 392
1757646366608 0.20568222481484774 393
1757646366672 0.11235159306668391 394
