1757635707130 178.44888062298688 0
1757635707184 174.82060514410014 1
1757635707238 171.2684142978628 2
1757635707305 167.79060345945825 3
1757635707364 164.38551145149512 4
1757635707424 161.0515191942977 5
1757635707487 157.78704840813828 6
1757635707538 154.59056036506524 7
1757635707587 151.4605546880976 8
1757635707646 148.3955681956662 9
1757635707743 145.39417378928707 10
1757635707849 142.45497938254942 11
1757635708061 139.57662686959608 12
1757635708118 136.75779113136238 13
1757635708172 133.99717907792385 14
1757635708227 131.2935287253835 15
1757635708280 128.64560830580527 16
1757635708335 126.05221540877191 17
1757635708418 123.51217615321471 18
1757635708512 121.02434438822692 19
1757635708566 118.58760092163439 20
1757635708620 116.2008527751554 21
1757635708672 113.86303246503776 22
1757635708731 111.5730973071128 23
1757635708855 109.33002874525745 24
1757635708909 107.13283170230143 25
1757635708963 104.98053395246362 26
1757635709015 102.87218551444252 27
1757635709080 100.8068580643282 28
1757635709136 98.78364436754075 29
1757635709192 96.80165772903715 30
1757635709243 94.86003146106376 31
1757635709298 92.9579183677645 32
1757635709346 91.09449024598632 33
1757635709393 89.2689374016534 34
1757635709648 87.48046818111048 35
1757635709786 85.72830851686221 36
1757635709907 84.01170148716153 37
1757635709988 82.32990688892403 38
1757635710059 80.68220082346963 39
1757635710132 79.0678752946134 40
1757635710212 77.48623781864994 41
1757635710286 75.93661104579482 42
1757635710354 74.41833239266589 43
1757635710425 72.93075368540549 44
1757635710497 71.47324081306188 45
1757635710565 70.04517339086402 46
1757635710643 68.64594443304055 47
1757635710782 67.27496003484768 48
1757635710854 65.93163906348553 49
1757635710970 64.6154128575953 50
1757635711108 63.32572493504346 51
1757635711199 62.062030708710445 52
1757635711267 60.82379721001346 53
1757635711337 59.61050281990417 54
1757635711398 58.42163700709239 55
1757635711465 57.25670007325737 56
1757635711524 56.11520290501735 57
1757635711599 54.99666673243786 58
1757635711694 53.900622893867556 59
1757635712240 52.82661260689898 60
1757635712651 51.774186745259335 61
1757635712733 50.742905621444564 62
1757635712798 49.73233877491642 63
1757635712858 48.74206476569002 64
1757635712920 47.771670973145376 65
1757635712984 46.82075339990302 66
1757635713039 45.888916480609915 67
1757635713093 44.97577289548736 68
1757635713153 44.08094338849836 69
1757635713208 43.20405658999728 70
1757635713280 42.344748843729185 71
1757635713336 41.50266403805179 72
1757635713388 40.67745344125683 73
1757635713445 39.86877554087272 74
1757635713502 39.076295886834025 75
1757635713561 38.29968693840804 76
1757635713621 37.538627914771574 77
1757635713686 36.792804649136066 78
1757635713757 36.06190944632141 79
1757635713831 35.34564094368343 80
1757635713889 34.64370397530219 81
1757635713950 33.95580943934234 82
1757635714006 33.281674168498995 83
1757635714062 32.621020803446 84
1757635714151 31.973577669205966 85
1757635714212 31.339078654364055 86
1757635714266 30.71726309305043 87
1757635714331 30.107875649618 88
1757635714383 29.51066620594533 89
1757635714432 28.925389751296137 90
1757635714481 28.351806274669134 91
1757635714529 27.78968065957436 92
1757635714578 27.238782581173787 93
1757635714631 26.698886405726007 94
1757635714700 26.169771092276743 95
1757635714760 25.651220096538655 96
1757635714829 25.143021276905582 97
1757635714900 24.644966802548094 98
1757635714972 24.1568530635387 99
1757635715032 23.678480582956787 100
1757635715095 23.209653930924556 101
1757635715153 22.750181640526886 102
1757635715231 22.299876125569376 103
1757635715292 21.85855360012993 104
1757635715355 21.426033999860927 105
1757635715412 21.002140904999827 106
1757635715464 20.586701465047405 107
1757635715515 20.179546325074188 108
1757635715565 19.78050955361634 109
1757635715615 19.389428572123595 110
1757635715677 19.00614408592292 111
1757635715730 18.63050001666223 112
1757635715779 18.26234343619991 113
1757635715832 17.901524501906486 114
1757635715881 17.547896393345745 115
1757635715929 17.201315250303672 116
1757635715976 16.8616401121341 117
1757635716028 16.52873285839112 118
1757635716112 16.20245815071876 119
1757635716193 15.882683375969458 120
1757635716282 15.56927859052351 121
1757635716369 15.262116465782281 122
1757635716440 14.961072234808906 123
1757635716506 14.666023640090573 124
1757635716612 14.37685088239742 125
1757635716686 14.093436570713497 126
1757635716772 13.815665673216023 127
1757635716846 13.543425469279601 128
1757635716913 13.276605502482774 129
1757635716978 13.015097534594743 130
1757635717042 12.758795500520757 131
1757635717115 12.507595464185037 132
1757635717174 12.261395575330726 133
1757635717231 12.020096027216873 134
1757635717300 11.783599015192861 135
1757635717359 11.551808696131113 136
1757635717420 11.324631148699636 137
1757635717478 11.101974334456035 138
1757635717536 10.883748059745272 139
1757635717607 10.669863938383983 140
1757635717685 10.460235355114223 141
1757635718090 10.254777429810238 142
1757635718157 10.05340698242205 143
1757635718218 9.85604249864013 144
1757635718279 9.662604096265746 145
1757635718405 9.473013492271898 146
1757635718489 9.287193970540141 147
1757635718547 9.105070350259043 148
1757635718625 8.926568954970037 149
1757635718681 8.751617582247126 150
1757635718742 8.58014547399694 151
1757635718796 8.41208328736608 152
1757635718852 8.247363066242894 153
1757635718904 8.085918213341245 154
1757635718954 7.927683462853914 155
1757635719005 7.772594853663855 156
1757635719054 7.620589703101327 157
1757635719108 7.4716065812357515 158
1757635719157 7.325585285690942 159
1757635719206 7.182466816972803 160
1757635719258 7.0421933542987745 161
1757635719316 6.904708231918679 162
1757635719376 6.769955915916545 163
1757635719441 6.63788198148358 164
1757635719508 6.508433090652416 165
1757635719566 6.381556970483032 166
1757635719628 6.257202391691073 167
1757635719686 6.13531914770929 168
1757635719742 6.015858034173239 169
1757635719794 5.89877082882241 170
1757635719845 5.7840102718082065 171
1757635719900 5.671530046400402 172
1757635719967 5.561284760083804 173
1757635720031 5.453229926037186 174
1757635720089 5.347321944986513 175
1757635720149 5.243518087424795 176
1757635720203 5.141776476191066 177
1757635720253 5.042056069401077 178
1757635720304 4.944316643722502 179
1757635720353 4.848518777987542 180
1757635720412 4.75462383713614 181
1757635720464 4.662593956482863 182
1757635720523 4.5723920263009425 183
1757635720579 4.483981676717011 184
1757635720646 4.397327262910032 185
1757635720725 4.312393850608414 186
1757635720799 4.229147201879023 187
1757635720858 4.147553761202318 188
1757635720921 4.067580641827628 189
1757635720978 3.989195612402949 190
1757635721031 3.912367083873621 191
1757635721080 3.837064096644485 192
1757635721133 3.7632563080000576 193
1757635721182 3.69091397977754 194
1757635721232 3.6200079662875346 195
1757635721282 3.550509702477381 196
1757635721331 3.482391192332234 197
1757635721382 3.415624997509041 198
1757635721434 3.35018422619868 199
1757635721483 3.28604252221166 200
1757635721536 3.2231740542828367 201
1757635721596 3.1615535055906814 202
1757635721654 3.1011560634868314 203
1757635721724 3.041957409431577 204
1757635721782 2.983933709131164 205
1757635721833 2.9270616028728322 206
1757635721883 2.8713181960535934 207
1757635721935 2.8166810498987847 208
1757635721984 2.7631281723666365 209
1757635722039 2.710638009235034 210
1757635722092 2.6591894353668444 211
1757635722152 2.6087617461501504 212
1757635722219 2.5593346491099203 213
1757635722296 2.5108882556875978 214
1757635722375 2.4634030731852867 215
1757635722454 2.41685999687114 216
1757635722518 2.371240302242786 217
1757635722586 2.326525637445529 218
1757635722650 2.2826980158422563 219
1757635722716 2.2397398087319838 220
1757635722780 2.1976337382140607 221
1757635722848 2.15636287019505 222
1757635722911 2.1159106075354797 223
1757635722976 2.076260683333627 224
1757635723039 2.0373971543435516 225
1757635723099 1.9993043945247202 226
1757635723155 1.9619670887205558 227
1757635723217 1.925370226463318 228
1757635723273 1.8894990959027809 229
1757635723330 1.8543392778562306 230
1757635723387 1.8198766399773414 231
1757635723446 1.7860973310415085 232
1757635723510 1.752987775345373 233
1757635723908 1.7205346672181754 234
1757635724224 1.6887249656427352 235
1757635724289 1.657545888983827 236
1757635724355 1.6269849098218436 237
1757635724414 1.5970297498895736 238
1757635724475 1.567668375110092 239
1757635724530 1.538888990733676 240
1757635724585 1.5106800365718012 241
1757635724643 1.48303018232625 242
1757635724698 1.4559283230114506 243
1757635724751 1.4293635744681474 244
1757635724805 1.4033252689665952 245
1757635724872 1.3778029508974756 246
1757635724936 1.352786372548796 247
1757635725000 1.328265489966992 248
1757635725051 1.304230458900652 249
1757635725102 1.2806716308250885 250
1757635725156 1.2575795490462418 251
1757635725209 1.2349449448822443 252
1757635725261 1.2127587339211703 253
1757635725312 1.1910120123533738 254
1757635725363 1.1696960533769774 255
1757635725415 1.1488023036750166 256
1757635725465 1.1283223799628237 257
1757635725520 1.1082480656042322 258
1757635725570 1.088571307295248 259
1757635725618 1.0692842118138006 260
1757635725707 1.0503790428343065 261
1757635725771 1.0318482178056947 262
1757635725839 1.0136843048916577 263
1757635725899 0.9958800199718925 264
1757635725956 0.9784282237030716 265
1757635726030 0.9613219186384041 266
1757635726086 0.9445542464045681 267
1757635726147 0.9281184849349 268
1757635726204 0.9120080457577066 269
1757635726278 0.8962164713385973 270
1757635726332 0.8807374324757603 271
1757635726386 0.8655647257471174 272
1757635726439 0.8506922710083464 273
1757635726490 0.8361141089407093 274
1757635726544 0.8218243986477609 275
1757635726595 0.8078174152998827 276
1757635726648 0.7940875478257441 277
1757635726716 0.7806292966497482 278
1757635726775 0.7674372714745037 279
1757635726826 0.7545061891074837 280
1757635726880 0.7418308713309464 281
1757635726962 0.7294062428142617 282
1757635727029 0.7172273290678214 283
1757635727089 0.7052892544376664 284
1757635727143 0.6935872401400558 285
1757635727197 0.6821166023351529 286
1757635727249 0.6708727502390621 287
1757635727301 0.6598511842734516 288
1757635727352 0.6490474942520036 289
1757635727404 0.6384573576029646 290
1757635727455 0.6280765376270826 291
1757635727513 0.6179008817902052 292
1757635727583 0.6079263200498731 293
1757635727647 0.5981488632152024 294
1757635727714 0.5885646013394268 295
1757635727779 0.5791697021444193 296
1757635727840 0.5699604094765647 297
1757635727900 0.5609330417933641 298
1757635727962 0.5520839906801579 299
1757635728022 0.543409719396353 300
1757635728111 0.5349067614505902 301
1757635728185 0.5265717192042554 302
1757635728256 0.5184012625027743 303
1757635728336 0.5103921273341481 304
1757635728421 0.5025411145141653 305
1757635728499 0.49484508839778596 306
1757635728569 0.4873009756161491 307
1757635728636 0.4799057638387192 308
1757635728708 0.47265650056004593 309
1757635728774 0.4655502919106682 310
1757635728840 0.4585843014916673 311
1757635728906 0.4517557492324056 312
1757635728979 0.4450619102709827 313
1757635729047 0.43850011385696763 314
1757635729116 0.43206774227594785 315
1757635729174 0.42576222979547995 316
1757635729233 0.4195810616319911 317
1757635729290 0.4135217729382406 318
1757635729349 0.4075819478109095 319
1757635729407 0.40175921831794253 320
1757635729466 0.3960512635452125 321
1757635729540 0.3904558086621636 322
1757635729774 0.38497062400602655 323
1757635729976 0.37959352418424414 324
1757635730046 0.37432236719475664 325
1757635730199 0.3691550535637653 326
1757635730260 0.36408952550065943 327
1757635730320 0.35912376606973473 328
1757635730377 0.35425579837838145 329
1757635730435 0.34948368478142633 330
1757635730491 0.3448055261012851 331
1757635730546 0.3402194608636221 332
1757635730600 0.3357236645482117 333
1757635730668 0.3313163488546936 334
1757635730731 0.32699576098291966 335
1757635730785 0.32276018292762093 336
1757635730838 0.3186079307870862 337
1757635730899 0.3145373540855952 338
1757635730962 0.31054683510931264 339
1757635731023 0.3066347882553949 340
1757635731076 0.3027996593940265 341
1757635731128 0.2990399252431486 342
1757635731184 0.29535409275561114 343
1757635731241 0.2917406985185139 344
1757635731294 0.2881983081644807 345
1757635731347 0.2847255157946433 346
1757635731400 0.2813209434130911 347
1757635731454 0.27798324037256605 348
1757635731505 0.2747110828311746 349
1757635731556 0.2715031732198976 350
1757635731608 0.26835823972068706 351
1757635731659 0.2652750357549356 352
1757635731732 0.262252339482112 353
1757635731789 0.2592889533083661 354
1757635731842 0.25638370340489425 355
1757635731896 0.253535439235886 356
1757635731952 0.25074303309584306 357
1757635732005 0.24800537965610553 358
1757635732056 0.24532139552038046 359
1757635732107 0.24269001878910992 360
1757635732163 0.24011020863249757 361
1757635732225 0.23758094487201764 362
1757635732320 0.23510122757024207 363
1757635732390 0.2326700766288221 364
1757635732456 0.23028653139445548 365
1757635732533 0.22794965027268474 366
1757635732623 0.2256585103493761 367
1757635732704 0.2234122070197109 368
1757635732788 0.2212098536245571 369
1757635732938 0.21905058109406786 370
1757635733069 0.2169335375983551 371
1757635733195 0.21485788820511165 372
1757635733339 0.21282281454403518 373
1757635733482 0.21082751447791956 374
1757635733664 0.208871201780282 375
1757635733815 0.2069531058193954 376
1757635733968 0.2050724712486024 377
1757635734133 0.20322855770277734 378
1757635734351 0.20142063950082836 379
1757635734482 0.19964800535410007 380
1757635734608 0.1979099580805794 381
1757635734755 0.19620581432477294 382
1757635734911 0.19453490428315645 383
1757635735053 0.19289657143507347 384
1757635735236 0.19129017227898654 385
1757635735345 0.18971507607396246 386
1757635735496 0.1881706645863015 387
1757635735652 0.1866563318411923 388
1757635735776 0.18517148387930607 389
1757635735885 0.18371553851822608 390
1757635736003 0.18228792511861727 391
1757635736644 0.18088808435504042 392
1757635736855 0.17951546799131746 393
1757635737022 0.17816953866036606 394
1757635737209 0.17684976964840127 395
1757635737447 0.1755556446834274 396
1757635737661 0.17428665772793467 397
1757635737797 0.17304231277570795 398
1757635737955 0.17182212365267593 399
1757635738398 0.1706256138217196 400
1757635738518 0.16945231619134882 401
1757635738600 0.16830177292819146 402
1757635738677 0.16717353527319842 403
1757635738749 0.1660671633615042 404
1757635738841 0.16498222604586532 405
1757635738951 0.16391830072360247 406
1757635739034 0.16287497316698837 407
1757635739097 0.1618518373569963 408
1757635739170 0.1608484953203561 409
1757635739263 0.15986455696984447 410
1757635739323 0.15889963994775144 411
1757635739384 0.15795336947245087 412
1757635739441 0.15702537818802204 413
1757635739505 0.15611530601685847 414
1757635739562 0.1552228000152015 415
1757635739618 0.1543475142315478 416
1757635739673 0.1534891095678639 417
1757635739730 0.15264725364356313 418
1757635739785 0.15182162066217958 419
1757635739843 0.15101189128069145 420
1757635739897 0.15021775248144267 421
1757635739950 0.14943889744660538 422
1757635740003 0.14867502543513497 423
1757635740060 0.14792584166217368 424
1757635740117 0.14719105718084302 425
1757635740184 0.14647038876639068 426
1757635740245 0.14576355880263198 427
1757635740310 0.14507029517065126 428
1757635740369 0.14439033113971247 429
1757635740423 0.14372340526033486 430
1757635740490 0.14306926125949407 431
1757635740574 0.14242764793790358 432
1757635740661 0.14179831906933657 433
1757635740771 0.14118103330194628 434
1757635740846 0.14057555406154765 435
1757635740928 0.13998164945681976 436
1757635741000 0.1393990921863869 437
1757635741068 0.13882765944775213 438
1757635741141 0.1382671328480317 439
1757635741210 0.13771729831646815 440
1757635741287 0.13717794601867614 441
1757635741357 0.13664887027259479 442
1757635741428 0.13612986946610736 443
1757635741502 0.1356207459762967 444
1757635741573 0.1351213060903053 445
1757635741648 0.1346313599277644 446
1757635741742 0.13415072136476694 447
1757635741818 0.13367920795934685 448
1757635741877 0.1332166408784402 449
1757635741941 0.13276284482629627 450
1757635742004 0.1323176479743089 451
1757635742072 0.1318808818922436 452
1757635742145 0.13145238148082705 453
1757635742344 0.1310319849056782 454
1757635742669 0.13061953353254865 455
1757635742781 0.13021487186385192 456
1757635742873 0.12981784747644798 457
1757635742952 0.12942831096066953 458
1757635743023 0.12904611586055287 459
1757635743109 0.12867111861525976 460
1757635743206 0.12830317850166 461
1757635743377 0.12794215757805547 462
1757635743508 0.12758792062901966 463
1757635743652 0.12724033511133287 464
1757635743802 0.12689927110099516 465
1757635743922 0.12656460124128208 466
1757635744126 0.12623620069184144 467
1757635744277 0.1259139470787939 468
1757635744444 0.12559772044582732 469
1757635744658 0.12528740320626133 470
1757635744804 0.12498288009606441 471
1757635744932 0.12468403812780032 472
1757635745066 0.12439076654549402 473
1757635745206 0.12410295678038934 474
1757635745345 0.1238205024075871 475
1757635745540 0.12354329910354275 476
1757635745686 0.12327124460440898 477
1757635745843 0.12300423866520371 478
1757635746046 0.12274218301979097 479
1757635746234 0.12248498134165353 480
1757635746345 0.12223253920544637 481
1757635746503 0.12198476404931162 482
1757635746655 0.12174156513794308 483
1757635746824 0.12150285352638193 484
1757635746986 0.12126854202453383 485
1757635747068 0.121038545162388 486
1757635747148 0.12081277915592745 487
1757635747259 0.12059116187371569 488
1757635747406 0.12037361280414702 489
1757635747516 0.12016005302334706 490
1757635747620 0.11995040516370943 491
1757635747744 0.11974459338305729 492
1757635747855 0.11954254333441708 493
1757635747944 0.11934418213639318 494
1757635748023 0.1191494383441281 495
1757635748110 0.11895824192084173 496
1757635748181 0.11877052420993285 497
1757635748245 0.11858621790763703 498
1757635748308 0.1184052570362243 499
