1757640865343 169.1781327591661 0
1757640865393 168.8396075135894 1
1757640865443 168.50176256552083 2
1757640865492 168.1645965362189 3
1757640865543 167.82810804979508 4
1757640865594 167.49229573320747 5
1757640865643 167.15715821625466 6
1757640865693 166.82269413156968 7
1757640865741 166.48890211461367 8
1757640865791 166.1557808036698 9
1757640865846 165.8233288398373 10
1757640865898 165.49154486702494 11
1757640865948 165.16042753194554 12
1757640865999 164.82997548410927 13
1757640866049 164.50018737581797 14
1757640866098 164.17106186215904 15
1757640866148 163.84259760099928 16
1757640866197 163.51479325297896 17
1757640866245 163.18764748150588 18
1757640866295 162.86115895274907 19
1757640866345 162.5353263356333 20
1757640866393 162.21014830183262 21
1757640866443 161.88562352576471 22
1757640866492 161.56175068458495 23
1757640866542 161.23852845818027 24
1757640866592 160.91595552916345 25
1757640866642 160.59403058286713 26
1757640866693 160.27275230733804 27
1757640866742 159.9521193933309 28
1757640866791 159.63213053430277 29
1757640866842 159.3127844264073 30
1757640866892 158.99407976848855 31
1757640866941 158.67601526207548 32
1757640866991 158.35858961137617 33
1757640867041 158.04180152327172 34
1757640867090 157.72564970731082 35
1757640867139 157.4101328757039 36
1757640867188 157.09524974331725 37
1757640867239 156.7809990276675 38
1757640867289 156.46737944891566 39
1757640867339 156.15438972986166 40
1757640867389 155.8420285959386 41
1757640867438 155.5302947752069 42
1757640867489 155.2191869983489 43
1757640867539 154.90870399866307 44
1757640867589 154.59884451205832 45
1757640867639 154.28960727704847 46
1757640867688 153.98099103474678 47
1757640867738 153.67299452885993 48
1757640867787 153.36561650568296 49
1757640867846 153.05885571409326 50
1757640867915 152.75271090554537 51
1757640867968 152.44718083406522 52
1757640868020 152.1422642562446 53
1757640868071 151.8379599312358 54
1757640868122 151.53426662074583 55
1757640868173 151.23118308903142 56
1757640868225 150.9287081028929 57
1757640868276 150.62684043166934 58
1757640868327 150.32557884723266 59
1757640868378 150.0249221239825 60
1757640868430 149.72486903884047 61
1757640868482 149.42541837124512 62
1757640868534 149.12656890314622 63
1757640868586 148.8283194189996 64
1757640868638 148.5306687057616 65
1757640868687 148.23361555288375 66
1757640868738 147.9371587523076 67
1757640868790 147.6412970984591 68
1757640868839 147.34602938824347 69
1757640868890 147.05135442103983 70
1757640868944 146.7572709986959 71
1757640868996 146.46377792552278 72
1757640869047 146.17087400828945 73
1757640869097 145.87855805621783 74
1757640869148 145.58682888097735 75
1757640869199 145.29568529667964 76
1757640869249 145.00512611987355 77
1757640869301 144.71515016953967 78
1757640869352 144.42575626708523 79
1757640869402 144.13694323633902 80
1757640869452 143.84870990354608 81
1757640869504 143.56105509736255 82
1757640869557 143.2739776488506 83
1757640869614 142.98747639147325 84
1757640869664 142.70155016108907 85
1757640869716 142.41619779594745 86
1757640869766 142.13141813668304 87
1757640869817 141.84721002631107 88
1757640869870 141.563572310222 89
1757640869926 141.28050383617654 90
1757640869980 140.99800345430054 91
1757640870033 140.71607001708009 92
1757640870086 140.43470237935634 93
1757640870136 140.15389939832045 94
1757640870187 139.87365993350878 95
1757640870238 139.5939828467977 96
1757640870291 139.31486700239867 97
1757640870342 139.03631126685335 98
1757640870393 138.7583145090283 99
1757640870446 138.48087560011066 100
1757640870496 138.20399341360246 101
1757640870547 137.92766682531632 102
1757640870598 137.6518947133701 103
1757640870651 137.37667595818223 104
1757640870702 137.1020094424668 105
1757640870753 136.8278940512285 106
1757640870805 136.5543286717579 107
1757640870857 136.28131219362672 108
1757640870907 136.00884350868253 109
1757640870960 135.73692151104441 110
1757640871011 135.46554509709793 111
1757640871063 135.19471316549016 112
1757640871114 134.92442461712508 113
1757640871165 134.65467835515878 114
1757640871218 134.38547328499453 115
1757640871269 134.11680831427816 116
1757640871322 133.8486823528932 117
1757640871374 133.58109431295617 118
1757640871427 133.31404310881186 119
1757640871479 133.0475276570285 120
1757640871532 132.78154687639324 121
1757640871584 132.51609968790717 122
1757640871634 132.2511850147809 123
1757640871686 131.98680178242964 124
1757640871740 131.72294891846872 125
1757640871792 131.45962535270877 126
1757640871844 131.1968300171512 127
1757640871896 130.93456184598347 128
1757640871953 130.67281977557442 129
1757640872008 130.41160274446972 130
1757640872062 130.15090969338735 131
1757640872116 129.89073956521278 132
1757640872168 129.63109130499453 133
1757640872219 129.3719638599396 134
1757640872272 129.11335617940878 135
1757640872325 128.8552672149122 136
1757640872377 128.5976959201048 137
1757640872430 128.34064125078163 138
1757640872494 128.08410216487363 139
1757640872548 127.82807762244263 140
1757640872606 127.57256658567742 141
1757640872659 127.31756801888876 142
1757640872713 127.06308088850518 143
1757640872766 126.80910416306848 144
1757640872822 126.55563681322907 145
1757640872894 126.30267781174177 146
1757640872949 126.05022613346118 147
1757640873003 125.79828075533733 148
1757640873219 125.54684065641122 149
1757640873282 125.2959048178105 150
1757640873345 125.04547222274478 151
1757640873410 124.79554185650167 152
1757640873467 124.54611270644209 153
1757640873524 124.29718376199591 154
1757640873582 124.04875401465765 155
1757640873639 123.80082245798212 156
1757640873696 123.5533880875802 157
1757640873751 123.3064499011142 158
1757640873804 123.06000689829379 159
1757640873859 122.81405808087162 160
1757640873914 122.56860245263893 161
1757640873970 122.32363901942142 162
1757640874029 122.07916678907479 163
1757640874084 121.83518477148051 164
1757640874139 121.59169197854169 165
1757640874195 121.34868742417859 166
1757640874250 121.1061701243246 167
1757640874303 120.86413909692182 168
1757640874358 120.62259336191696 169
1757640874412 120.38153194125698 170
1757640874467 120.14095385888508 171
1757640874523 119.90085814073629 172
1757640874577 119.66124381473345 173
1757640874632 119.42210991078288 174
1757640874688 119.18345546077036 175
1757640874743 118.94527949855684 176
1757640874798 118.70758105997434 177
1757640874851 118.4703591828218 178
1757640874905 118.23361290686096 179
1757640874959 117.99734127381221 180
1757640875014 117.76154332735051 181
1757640875070 117.52621811310121 182
1757640875123 117.29136467863606 183
1757640875176 117.056982073469 184
1757640875237 116.82306934905222 185
1757640875293 116.58962555877193 186
1757640875349 116.35664975794447 187
1757640875405 116.12414100381208 188
1757640875459 115.89209835553902 189
1757640875514 115.66052087420745 190
1757640875589 115.42940762281337 191
1757640875689 115.19875766626275 192
1757640875747 114.96857007136732 193
1757640875804 114.73884390684077 194
1757640875862 114.50957824329463 195
1757640875918 114.28077215323432 196
1757640875973 114.05242471105525 197
1757640876034 113.82453499303874 198
1757640876090 113.59710207734815 199
1757640876145 113.37012504402492 200
1757640876202 113.14360297498462 201
1757640876258 112.91753495401302 202
1757640876313 112.69192006676225 203
1757640876369 112.46675740074669 204
1757640876424 112.24204604533936 205
1757640876481 112.01778509176776 206
1757640876537 111.79397363311017 207
1757640876592 111.57061076429163 208
1757640876664 111.34769558208022 209
1757640876724 111.1252271850831 210
1757640876781 110.90320467374274 211
1757640876836 110.68162715033294 212
1757640876890 110.46049371895522 213
1757640876946 110.23980348553476 214
1757640877002 110.01955555781674 215
1757640877056 109.79974904536253 216
1757640877109 109.58038305954578 217
1757640877165 109.36145671354876 218
1757640877219 109.14296912235852 219
1757640877274 108.9249194027631 220
1757640877330 108.7073066733478 221
1757640877384 108.4901300544914 222
1757640877438 108.2733886683625 223
1757640877493 108.0570816389156 224
1757640877548 107.84120809188755 225
1757640877603 107.62576715479372 226
1757640877657 107.41075795692439 227
1757640877713 107.19617962934088 228
1757640877768 106.98203130487202 229
1757640877824 106.76831211811039 230
1757640877893 106.55502120540861 231
1757640877950 106.3421577048757 232
1757640878006 106.12972075637346 233
1757640878068 105.91770950151266 234
1757640878126 105.70612308364964 235
1757640878184 105.49496064788244 236
1757640878240 105.28422134104724 237
1757640878297 105.07390431171486 238
1757640878353 104.86400871018685 239
1757640878409 104.65453368849228 240
1757640878465 104.44547840038376 241
1757640878521 104.23684200133413 242
1757640878578 104.02862364853267 243
1757640878633 103.82082250088169 244
1757640878688 103.6134377189928 245
1757640878744 103.40646846518352 246
1757640878798 103.1999139034736 247
1757640878852 102.99377319958151 248
1757640878909 102.78804552092096 249
1757640878965 102.58273003659724 250
1757640879021 102.37782591740384 251
1757640879075 102.17333233581886 252
1757640879130 101.96924846600149 253
1757640879186 101.76557348378859 254
1757640879241 101.56230656669112 255
1757640879296 101.35944689389069 256
1757640879352 101.15699364623609 257
1757640879407 100.95494600623981 258
1757640879462 100.75330315807456 259
1757640879517 100.55206428756988 260
1757640879572 100.3512285822086 261
1757640879626 100.15079523112355 262
1757640879682 99.95076342509397 263
1757640879739 99.75113235654216 264
1757640879794 99.55190121953008 265
1757640879849 99.35306920975592 266
1757640879905 99.15463552455071 267
1757640879960 98.95659936287491 268
1757640880015 98.75895992531507 269
1757640880072 98.56171641408037 270
1757640880134 98.36486803299933 271
1757640880191 98.16841398751643 272
1757640880247 97.97235348468871 273
1757640880303 97.7766857331825 274
1757640880359 97.58140994326999 275
1757640880415 97.38652532682596 276
1757640880470 97.19203109732443 277
1757640880526 96.99792646983538 278
1757640880582 96.80421066102133 279
1757640880638 96.61088288913417 280
1757640880694 96.41794237401182 281
1757640880749 96.22538833707485 282
1757640880805 96.03322000132334 283
1757640880862 95.84143659133349 284
1757640880917 95.65003733325445 285
1757640880972 95.45902145480493 286
1757640881029 95.26838818527008 287
1757640881085 95.07813675549822 288
1757640881140 94.88826639789745 289
1757640881196 94.69877634643264 290
1757640881252 94.50966583662202 291
1757640881307 94.32093410553414 292
1757640881364 94.13258039178442 293
1757640881420 93.9446039355322 294
1757640881475 93.75700397847736 295
1757640881531 93.56977976385721 296
1757640881588 93.38293053644333 297
1757640881644 93.19645554253826 298
1757640881701 93.0103540299725 299
1757640881758 92.82462524810128 300
1757640881815 92.63926844780133 301
1757640881870 92.45428288146783 302
1757640881927 92.26966780301123 303
1757640881985 92.08542246785413 304
1757640882042 91.90154613292812 305
1757640882097 91.71803805667066 306
1757640882160 91.53489749902205 307
1757640882223 91.35212372142213 308
1757640882280 91.16971598680743 309
1757640882339 90.98767355960788 310
1757640882396 90.8059957057438 311
1757640882457 90.62468169262274 312
1757640882526 90.44373078913662 313
1757640882584 90.2631422656584 314
1757640882642 90.08291539403912 315
1757640882701 89.90304944760491 316
1757640882762 89.72354370115391 317
1757640882819 89.54439743095313 318
1757640882890 89.36560991473551 319
1757640882949 89.18718043169694 320
1757640883007 89.00910826249309 321
1757640883066 88.83139268923651 322
1757640883126 88.65403299549358 323
1757640883184 88.47702846628152 324
1757640883243 88.3003783880654 325
1757640883301 88.12408204875511 326
1757640883360 87.94813873770241 327
1757640883418 87.77254774569798 328
1757640883474 87.59730836496836 329
1757640883531 87.42241988917313 330
1757640883588 87.24788161340177 331
1757640883645 87.07369283417093 332
1757640883702 86.89985284942121 333
1757640883759 86.7263609585145 334
1757640883818 86.55321646223089 335
1757640883875 86.38041866276575 336
1757640883934 86.20796686372684 337
1757640883992 86.03586037013143 338
1757640884048 85.86409848840334 339
1757640884104 85.69268052637004 340
1757640884166 85.5216057932598 341
1757640884227 85.35087359969877 342
1757640884286 85.18048325770813 343
1757640884344 85.01043408070113 344
1757640884400 84.84072538348032 345
1757640884457 84.67135648223461 346
1757640884516 84.50232669453656 347
1757640884573 84.3336353393393 348
1757640884629 84.16528173697382 349
1757640884686 83.99726520914618 350
1757640884745 83.82958507893457 351
1757640884802 83.66224067078655 352
1757640884860 83.49523131051615 353
1757640884917 83.3285563253012 354
1757640884974 83.16221504368038 355
1757640885033 82.99620679555049 356
1757640885092 82.83053091216367 357
1757640885148 82.66518672612449 358
1757640885205 82.50017357138732 359
1757640885264 82.3354907832535 360
1757640885322 82.17113769836853 361
1757640885380 82.00711365471928 362
1757640885437 81.84341799163136 363
1757640885495 81.68005004976622 364
1757640885552 81.51700917111853 365
1757640885609 81.35429469901328 366
1757640885667 81.19190597810324 367
1757640885732 81.02984235436604 368
1757640885792 80.86810317510157 369
1757640885852 80.70668778892922 370
1757640885910 80.54559554578516 371
1757640885967 80.38482579691961 372
1757640886025 80.22437789489425 373
1757640886084 80.06425119357935 374
1757640886142 79.90444504815125 375
1757640886205 79.74495881508955 376
1757640886265 79.5857918521745 377
1757640886323 79.42694351848426 378
1757640886382 79.26841317439238 379
1757640886440 79.11020018156493 380
1757640886497 78.95230390295806 381
1757640886555 78.79472370281512 382
1757640886613 78.63745894666428 383
1757640886670 78.4805090013156 384
1757640886729 78.32387323485865 385
1757640886787 78.16755101665976 386
1757640886844 78.01154171735938 387
1757640886902 77.85584470886953 388
1757640886961 77.70045936437118 389
1757640887019 77.54538505831161 390
1757640887076 77.39062116640177 391
1757640887135 77.23616706561381 392
1757640887193 77.08202213417843 393
1757640887251 76.92818575158225 394
1757640887310 76.77465729856527 395
1757640887368 76.62143615711831 396
1757640887426 76.46852171048046 397
1757640887485 76.3159133431365 398
1757640887545 76.16361044081425 399
1757640887603 76.01161239048223 400
1757640887662 75.8599185803469 401
1757640887720 75.70852839985024 402
1757640887778 75.5574412396672 403
1757640887840 75.40665649170317 404
1757640887910 75.25617354909144 405
1757640887970 75.10599180619067 406
1757640888031 74.95611065858243 407
1757640888091 74.80652950306862 408
1757640888152 74.65724773766908 409
1757640888213 74.50826476161893 410
1757640888278 74.35957997536626 411
1757640888338 74.2111927805695 412
1757640888400 74.06310258009503 413
1757640888459 73.91530877801463 414
1757640888517 73.76781077960308 415
1757640888576 73.62060799133566 416
1757640888635 73.47369982088573 417
1757640888694 73.32708567712218 418
1757640888753 73.18076497010706 419
1757640888812 73.03473711109321 420
1757640888871 72.88900151252155 421
1757640888932 72.74355758801903 422
1757640888991 72.59840475239584 423
1757640889049 72.45354242164318 424
1757640889108 72.30897001293094 425
1757640889167 72.16468694460497 426
1757640889227 72.02069263618495 427
1757640889285 71.87698650836192 428
1757640889344 71.73356798299578 429
1757640889403 71.590436483113 430
1757640889462 71.44759143290429 431
1757640889521 71.305032257722 432
1757640889579 71.16275838407796 433
1757640889638 71.020769239641 434
1757640889698 70.87906425323466 435
1757640889758 70.7376428548347 436
1757640889817 70.59650447556685 437
1757640889877 70.45564854770443 438
1757640889935 70.31507450466599 439
1757640889994 70.174781781013 440
1757640890054 70.03476981244745 441
1757640890112 69.89503803580958 442
1757640890171 69.75558588907553 443
1757640890231 69.616412811355 444
1757640890295 69.47751824288899 445
1757640890366 69.33890162504738 446
1757640890446 69.20056240032677 447
1757640890507 69.06250001234801 448
1757640890568 68.92471390585403 449
1757640890630 68.78720352670751 450
1757640890690 68.64996832188858 451
1757640890751 68.51300773949252 452
1757640890813 68.37632122872755 453
1757640890874 68.23990823991241 454
1757640890936 68.10376822447435 455
1757640890997 67.96790063494653 456
1757640891056 67.83230492496608 457
1757640891115 67.69698054927159 458
1757640891175 67.56192696370107 459
1757640891234 67.42714362518949 460
1757640891292 67.29262999176674 461
1757640891353 67.1583855225553 462
1757640891412 67.02440967776799 463
1757640891471 66.89070191870582 464
1757640891531 66.75726170775559 465
1757640891590 66.62408850838797 466
1757640891650 66.49118178515504 467
1757640891710 66.35854100368815 468
1757640891769 66.2261656306957 469
1757640891828 66.09405513396108 470
1757640891889 65.96220898234027 471
1757640891949 65.83062664575974 472
1757640892009 65.69930759521435 473
1757640892075 65.56825130276505 474
1757640892134 65.43745724153669 475
1757640892194 65.30692488571601 476
1757640892254 65.17665371054932 477
1757640892321 65.04664319234034 478
1757640892383 64.91689280844817 479
1757640892445 64.78740203728499 480
1757640892532 64.65817035831405 481
1757640892602 64.5291972520474 482
1757640892670 64.40048220004378 483
1757640892732 64.27202468490661 484
1757640892794 64.1438241902817 485
1757640892864 64.01588020085516 486
1757640892935 63.88819220235135 487
1757640893245 63.76075968153069 488
1757640893305 63.633582126187584 489
1757640893366 63.50665902514834 490
1757640893427 63.37998986826896 491
1757640893488 63.25357414643317 492
1757640893551 63.12741135155021 493
1757640893615 63.001500976552826 494
1757640893676 62.875842515395206 495
1757640893736 62.75043546305075 496
1757640893796 62.62527931551019 497
1757640893855 62.50037356977937 498
1757640893917 62.37571772387722 499
