1757651255812 0.04355040585046242 0
1757651255961 0.6826627869829068 1
1757651256099 0.13654503320437814 2
1757651256267 0.018900164403741797 3
1757651256419 0.006232464912546062 4
1757651256581 0.025000313385235527 5
1757651256732 0.10375966273262673 6
1757651256970 0.053925388742904666 7
1757651257271 0.05440773106451331 8
1757651257524 0.33155661531949676 9
1757651257764 3.851177079534207e-05 10
1757651257998 0.07385517472785384 11
1757651258372 0.0014171240898883306 12
1757651258662 0.0072344078925134685 13
1757651258965 0.06020948950121104 14
1757651259174 0.021591898177170138 15
1757651259391 0.001393241494724628 16
1757651259614 0.08587634957259352 17
1757651259828 0.07162638740236908 18
1757651260061 0.07550377786710569 19
1757651260265 0.019817236204055268 20
1757651260471 0.005103936060214496 21
1757651260767 0.0427632443994221 22
1757651261002 0.06279858764657624 23
1757651261153 0.17403471099518616 24
1757651261338 0.03597696399463367 25
1757651261467 0.28914352898664786 26
1757651261584 0.024710179252467705 27
1757651261707 0.22920929473178167 28
1757651261845 0.0008988671193424408 29
1757651261972 0.015595422568885516 30
1757651262088 0.0915758680271146 31
1757651262204 0.003816874216247944 32
1757651262314 0.000453965285377229 33
1757651262429 0.06655631737108514 34
1757651262543 0.3108347480478716 35
1757651262651 0.28968219394346467 36
1757651262775 0.12569390711412112 37
1757651262889 0.20267487425583325 38
1757651263019 0.06198699877287744 39
1757651263152 0.14348822357703533 40
1757651263279 0.06517397808210962 41
1757651263409 0.04436680947595401 42
1757651263532 0.009570363451979964 43
1757651263648 0.034249828079714655 44
1757651263759 0.0735911515662528 45
1757651263868 0.09214757869445606 46
1757651263983 0.006180444979652487 47
1757651264100 0.06688294787421492 48
1757651264204 0.012943852314152909 49
1757651264311 0.0018658985315793742 50
1757651264423 0.19170268718415273 51
1757651264532 0.005625577490578761 52
1757651264651 0.09624773636148944 53
1757651264770 6.02966448135048e-05 54
1757651264880 0.022472082971886874 55
1757651265000 0.014674400686968047 56
1757651265134 0.11070630663829557 57
1757651265252 0.3435342345477248 58
1757651265369 0.0791216194004773 59
1757651265482 0.6911937557142988 60
1757651265596 0.04612443262565199 61
1757651265729 0.01865666148039586 62
1757651266130 0.0004579229206973338 63
1757651266500 0.13013286407806088 64
1757651266636 0.07461873260993211 65
1757651266758 0.22653109692333045 66
1757651266881 0.08370984466202014 67
1757651266993 0.007918486558918624 68
1757651267108 0.5437240278522357 69
1757651267325 0.0008376500858009004 70
1757651267828 2.6122303829733933 71
1757651267979 0.053199022306470535 72
1757651268106 0.0017258301095060661 73
1757651268254 0.13293354326775755 74
1757651268400 1.062217991514428 75
1757651268526 0.0008166835648058749 76
1757651268646 0.11968550300275996 77
1757651268763 0.10540463519260032 78
1757651268874 0.011564019828921262 79
1757651268987 0.024303063788757722 80
1757651269099 0.015114146751276893 81
1757651269207 0.821673787655162 82
1757651269316 0.10786688036936941 83
1757651269424 0.00035401817817252605 84
1757651269530 0.0027070569739928107 85
1757651269637 0.06584890191933786 86
1757651269749 0.39567339199483176 87
1757651269856 0.09521851172748777 88
1757651269966 0.011372581993643912 89
1757651270081 0.021435173466767658 90
1757651270204 0.010584981976936464 91
1757651270318 0.04267357641056916 92
1757651270425 0.005475785931077599 93
1757651270536 0.3079420996162731 94
1757651270645 0.0017452819527521287 95
1757651270756 0.9289118519835772 96
1757651270867 0.0003189476482689857 97
1757651270973 0.007979682130774374 98
1757651271131 0.015508853515720455 99
1757651271247 0.0798641625460099 100
1757651271366 0.12861349290654694 101
1757651271495 0.1397193344044149 102
1757651271627 0.17844598605570655 103
1757651271754 0.07789580313731884 104
1757651271885 0.2204277624515053 105
1757651272006 0.1112321639398651 106
1757651272118 0.034233461918516214 107
1757651272241 0.080199600928263 108
1757651272365 0.0023985189658513105 109
1757651272483 0.020040624892594377 110
1757651272595 0.024352282743839646 111
1757651272701 0.006782554903586635 112
1757651272810 0.14313768335216717 113
1757651272918 0.8649956761116439 114
1757651273027 7.146216258429077e-05 115
1757651273134 0.313274559559027 116
1757651273241 0.28640683009561246 117
1757651273442 0.0291639886452569 118
1757651273619 0.003218443812388921 119
1757651273845 0.26308169102109946 120
1757651274167 0.02269869509486879 121
1757651274300 0.007742299072821949 122
1757651274426 0.013835861477897636 123
1757651274557 0.0015254163947891648 124
1757651274724 0.37149334807022555 125
1757651274879 0.0010566833370678314 126
1757651275009 0.0005396446703932396 127
1757651275149 0.06401413582922444 128
1757651275272 0.07170848362877133 129
1757651275424 0.015891900794861642 130
1757651275547 0.14008132420702307 131
1757651275663 0.25274841389869634 132
1757651275805 0.33464040682878865 133
1757651275919 0.11987242798178038 134
1757651276030 0.06865314195785363 135
1757651276141 0.019138796808257592 136
1757651276255 0.14448243573994618 137
1757651276366 0.02908010293805873 138
1757651276475 0.327341282277352 139
1757651276630 0.08524827306873352 140
1757651276784 0.009352959581358195 141
1757651276943 0.05768010423625855 142
1757651277099 0.19708333829897406 143
1757651277332 0.00902749201646674 144
1757651277546 0.056397983502281014 145
1757651277840 0.258730310855307 146
1757651278139 0.32850277450186893 147
1757651278429 0.013865788399469357 148
1757651278783 0.0002678800028912394 149
1757651278996 0.6703500910283853 150
1757651279206 0.03598373283482056 151
1757651279609 0.09650135669907722 152
1757651279940 0.003843573274006248 153
1757651280237 0.011172576676747351 154
1757651280507 0.008268457136913557 155
1757651280718 0.0628496481611371 156
1757651281036 0.07299086666847046 157
1757651281297 0.02724570909130236 158
1757651281473 0.07395379334840739 159
1757651281647 0.23749333796135996 160
1757651281831 0.016813621927849715 161
1757651281990 0.14697098556460836 162
1757651282169 0.006933649004422482 163
1757651282308 0.0830955827798747 164
1757651282474 0.002283125518590261 165
1757651282621 0.0002943951165027672 166
1757651282778 0.05354283900278582 167
1757651282958 0.3541863295453706 168
1757651283249 0.08893351653989574 169
1757651283576 0.00012985293200248822 170
1757651283743 0.019826850972099592 171
1757651283896 0.05215545359090036 172
1757651284035 0.02581912944140361 173
1757651284176 0.002253889914221995 174
1757651284341 0.03231824673552582 175
1757651284470 0.4501901781668809 176
1757651284587 0.18762013941081404 177
1757651284709 0.0009000832375326182 178
1757651284830 0.06950974469412283 179
1757651284952 0.04211676271794861 180
1757651285073 0.07256173626535314 181
1757651285216 0.12915115563676938 182
1757651285376 0.08424744496468202 183
1757651285539 0.25256594427510026 184
1757651285728 0.02342628702857349 185
1757651285906 0.35708299089333034 186
1757651286045 0.023921962031451544 187
1757651286187 0.10514601451713042 188
1757651286312 0.16775477408560086 189
1757651286444 0.12787760963224568 190
1757651286560 0.14025304536199956 191
1757651286691 0.36513259128464215 192
1757651286828 0.02815157084320475 193
1757651286953 0.28827370090414145 194
1757651287070 0.035874279333874555 195
1757651287199 0.06139630795126035 196
1757651287339 0.3757250240589779 197
1757651287512 0.05095926348214543 198
1757651287658 0.16378554902078155 199
1757651287799 0.664589055743223 200
1757651287937 0.01955896140388003 201
1757651288102 1.0019119503490133 202
1757651288253 0.4003189601323206 203
1757651288386 0.558550330182921 204
1757651288524 0.42488208353169826 205
1757651288656 0.2895975818337824 206
1757651288878 0.02832530946646878 207
1757651289039 0.11507437086345895 208
1757651289177 0.03505277957086348 209
1757651289327 0.46776307339853157 210
1757651289494 0.4540429026693301 211
1757651289656 0.10737959379291524 212
1757651289817 0.1905547914959624 213
1757651289978 0.03269740472550463 214
1757651290145 0.22507991783283715 215
1757651290286 0.13996186129315902 216
1757651290416 0.0005896501784565041 217
1757651290549 0.06769250552884502 218
1757651290691 0.003568956874570772 219
1757651290819 0.011186859528972457 220
1757651290941 0.010359514518675391 221
1757651291065 0.0002788135155008955 222
1757651291180 0.16677373572878285 223
1757651291292 0.1646369006767555 224
1757651291407 0.07451535399576938 225
1757651291522 0.004160593863710102 226
1757651291635 0.03152348954794915 227
1757651291744 0.20720841257204606 228
1757651291858 0.03897222351968317 229
1757651291969 0.4161451914481355 230
1757651292084 0.04270525717335607 231
1757651292198 0.003106978001680269 232
1757651292308 0.021969207367203123 233
1757651292417 0.018992509478228562 234
1757651292533 0.07652845857767387 235
1757651292649 0.21352510136668415 236
1757651292758 0.006802824543017165 237
1757651292868 0.15901455859983768 238
1757651292979 0.01903064505156969 239
1757651293092 0.8053365384290812 240
1757651293201 0.056943176442341176 241
1757651293306 0.019634349082530422 242
1757651293413 0.04787673488166142 243
1757651293521 0.6907866614370501 244
1757651293633 0.011593546829113061 245
1757651293755 0.02466418388168545 246
1757651293864 0.01606495330020399 247
1757651293971 0.3731936385611228 248
1757651294085 0.04463786664469694 249
1757651294193 0.058624747075687156 250
1757651294300 0.11532067732210022 251
1757651294408 0.16969582886078768 252
1757651294516 0.0992852702444781 253
1757651294625 0.03714444895457406 254
1757651294734 0.773443271867005 255
1757651294841 0.052552462717977776 256
1757651294948 0.00018202928131671656 257
1757651295063 0.006802345273474779 258
1757651295195 0.0010386392983021502 259
1757651295306 0.038335537276991 260
1757651295417 0.05058512368666465 261
1757651295526 0.0190612050731784 262
1757651295639 0.049617323725241774 263
1757651295764 0.02533889739017599 264
1757651295875 0.008848986427124686 265
1757651295986 0.0058674162243940835 266
1757651296097 1.147839069622487 267
1757651296211 9.869066747448628e-05 268
1757651296321 0.15439534996099802 269
1757651296432 0.01591196049232421 270
1757651296538 0.03058635992887247 271
1757651296654 0.13527172316368813 272
1757651296767 0.10384214967134224 273
1757651296873 0.28642882184083684 274
1757651296980 0.0033758833763126504 275
1757651297089 0.2618320911885421 276
1757651297204 0.1459851865873583 277
1757651297312 0.001073912271339237 278
1757651297419 0.05515685895377287 279
1757651297527 0.019493837115989062 280
1757651297636 0.027075834913604584 281
1757651297750 0.6194351770131981 282
1757651297858 0.027519253439946188 283
1757651297966 0.037687842075823444 284
1757651298072 0.0019365951547018075 285
1757651298182 0.07011673700717827 286
1757651298295 0.0007380197915382895 287
1757651298404 0.0004033459799439745 288
1757651298511 0.01581742744468165 289
1757651298619 0.00010057974684896733 290
1757651298728 0.007093921548673341 291
1757651298838 0.004804081062745537 292
1757651298945 0.6103609218587992 293
1757651299051 0.0055151664516085025 294
1757651299161 0.0658122180240184 295
1757651299274 0.023317449746691133 296
1757651299382 0.28260410578739165 297
1757651299489 0.188641279231776 298
1757651299596 0.053092282468765545 299
1757651299706 0.13996761983872336 300
1757651299822 0.06249518481362643 301
1757651299930 0.020526472483480412 302
1757651300048 0.09939597371151579 303
1757651300172 0.06766573838707451 304
1757651300284 0.021795843738202175 305
1757651300549 0.021413139193957268 306
1757651300720 0.04028044724528605 307
1757651300862 0.6432692083591081 308
1757651300981 0.013115925805915973 309
1757651301099 0.05251094561388568 310
1757651301232 0.016007275307627963 311
1757651301348 0.005908982889505138 312
1757651301462 0.05656338473184694 313
1757651301573 0.3747134972494323 314
1757651301686 9.601669877017079e-05 315
1757651301797 0.17954489442105126 316
1757651301909 0.0067653539825135375 317
1757651302016 0.04949973898163178 318
1757651302123 0.02420933219864078 319
1757651302231 0.039026531091442426 320
1757651302339 4.880326588522094e-06 321
1757651302448 0.012144254383412146 322
1757651302555 0.009274932778660885 323
1757651302662 0.4570567657799918 324
1757651302773 0.09471383396052581 325
1757651302890 0.0064800938790856594 326
1757651302998 1.6574119739495674 327
1757651303106 0.003257492058098801 328
1757651303221 0.19242689022609152 329
1757651303336 0.19810149107734443 330
1757651303448 0.2614360033063216 331
1757651303559 0.050581629401175505 332
1757651303667 0.07384191168673324 333
1757651303777 8.361702200281013e-05 334
1757651303891 0.1556211423927744 335
1757651304001 0.14626120057681494 336
1757651304110 0.026216166868379468 337
1757651304218 0.058979436918886345 338
1757651304329 0.00425978013589498 339
1757651304440 0.0646688546977124 340
1757651304548 0.4847930165571501 341
1757651304657 2.049502777944555e-06 342
1757651304766 0.041638696805846726 343
1757651304875 0.05632063415865652 344
1757651304986 0.020731518940982227 345
1757651305103 0.010405191517355264 346
1757651305217 0.014047679755113498 347
1757651305336 0.09896451941338164 348
1757651305452 0.0017013833259103984 349
1757651305563 0.0014565103350717644 350
1757651305671 0.03785838119168307 351
1757651305800 0.05122679919695346 352
1757651305914 5.8071608010518404e-05 353
1757651306026 0.005200125267442476 354
1757651306137 7.460829920088618e-06 355
1757651306245 0.016927803844712513 356
1757651306356 0.22361880829775918 357
1757651306468 0.012097336467806839 358
1757651306576 0.0016670427440183106 359
1757651306684 0.060633175409024 360
1757651306794 0.13507698656189127 361
1757651306908 0.015052917579451212 362
1757651307022 0.021517348695983353 363
1757651307131 0.19263041769690092 364
1757651307239 0.010483302371931295 365
1757651307355 0.0018437705996992954 366
1757651307466 0.05422779331209242 367
1757651307574 0.005784883804524195 368
1757651307682 0.0983047475316973 369
1757651307791 0.0457311793757521 370
1757651307901 0.016003166388102896 371
1757651308018 0.03620416795012382 372
1757651308129 0.0499438595916471 373
1757651308238 0.1854421659052875 374
1757651308347 0.0060823641900943646 375
1757651308456 0.17324554468570377 376
1757651308565 0.004468508413361072 377
1757651308675 0.031524404376067586 378
1757651308784 0.12011001196699252 379
1757651308893 0.016998969303747495 380
1757651309006 0.04649104714295482 381
1757651309119 0.20588830727835578 382
1757651309227 0.18830039039891944 383
1757651309340 0.24505011925651532 384
1757651309454 0.06262353983155677 385
1757651309565 5.073868445713764e-05 386
1757651309674 0.0026370692140524647 387
1757651309783 0.12318115895893429 388
1757651309892 0.06783721672432036 389
1757651310003 0.22027769295589053 390
1757651310123 0.00016840808063819273 391
1757651310239 0.004912106293989508 392
1757651310354 0.0005636511603501117 393
1757651310470 0.001930446106991915 394
1757651310582 0.0054666624219287694 395
1757651310692 0.0967882922259181 396
1757651310802 0.006299048986318814 397
1757651310911 0.05236368250233459 398
1757651311021 0.03609893396636327 399
1757651311132 0.012125097259489095 400
1757651311241 0.0025717881057265796 401
1757651311353 0.05020276031846509 402
1757651311467 0.0041998852179684545 403
1757651311579 1.2816505805867289 404
1757651311688 0.2491538312458367 405
1757651311796 1.6070648820190163 406
1757651311906 0.17549957861658994 407
1757651312019 0.03139619630548444 408
1757651312133 0.32499498488883927 409
1757651312242 0.011580536818684997 410
1757651312351 0.46557767821816104 411
1757651312460 0.03432937365009297 412
1757651312570 0.002373270759570857 413
1757651312681 0.020668799511706137 414
1757651312815 0.207875610485197 415
1757651313011 0.10363507925201272 416
1757651313180 0.020384996714945026 417
1757651313325 0.7761125422544665 418
1757651313492 0.00047671450614874297 419
1757651313668 0.09550136687536301 420
1757651313848 0.011506243826456005 421
1757651314057 0.05860657652772241 422
1757651314229 0.02815836680979118 423
1757651314398 0.3684726924375434 424
1757651314580 0.04722716977319189 425
1757651314747 1.5491673937583798e-06 426
1757651314888 0.013630301111718524 427
1757651315076 0.043205536339942174 428
1757651315294 0.0014860010141278088 429
1757651315435 0.3383763349683394 430
1757651315587 0.10797039664771726 431
1757651315745 0.06161502958906076 432
1757651315902 0.3148401757054631 433
1757651316074 0.6588197726736494 434
1757651316259 0.019406766423800542 435
1757651316421 0.510127290868641 436
1757651316560 0.0008148655679734256 437
1757651316710 0.011568457906107447 438
1757651316881 0.3514349727723928 439
1757651317018 0.12497207134551731 440
1757651317148 0.020564561262724337 441
1757651317307 0.027749950560096392 442
1757651317434 0.0934304008968119 443
1757651317570 0.33334091285552137 444
1757651317724 0.01891629193687135 445
1757651317971 0.2787867883879554 446
1757651318135 0.040165850536974926 447
1757651318305 0.0011687171458744595 448
1757651318443 0.01461993688240923 449
1757651318583 0.0012791459603234195 450
1757651318750 0.04721979689844897 451
1757651318935 0.0094348756663708 452
1757651319122 0.0024067275498020663 453
1757651319275 0.038440205418163446 454
1757651319443 0.0036879901719231866 455
1757651319612 0.23148514616343663 456
1757651319746 0.004583805511447321 457
1757651319879 0.04244428038620584 458
1757651320027 0.0009852319875034122 459
1757651320216 0.1848781835235636 460
1757651320379 0.16785496580780185 461
1757651320536 0.16638030277116905 462
1757651320695 0.49301383267378335 463
1757651320850 0.11462047692128166 464
1757651320987 0.01864532842951086 465
1757651321113 0.013386384804136458 466
1757651321236 0.0441494811955683 467
1757651321358 0.0675995380782876 468
1757651321478 0.05124954071663622 469
1757651321594 0.019912926905548464 470
1757651321708 0.056404896195327105 471
1757651321825 0.03947322262094506 472
1757651321938 0.004821272243490625 473
1757651322057 0.006748847418678634 474
1757651322209 0.002034961251662075 475
1757651322356 0.025288796209547302 476
1757651322490 0.18714011069872827 477
1757651322624 0.019800353267410066 478
1757651322779 0.010534646876204543 479
1757651322921 0.01664100266521606 480
1757651323055 0.07561079010869987 481
1757651323188 0.26120299836679667 482
1757651323333 0.028321698947229475 483
1757651323487 0.009215442706910668 484
1757651323637 0.02573719020593341 485
1757651323774 0.017859600497163126 486
1757651323912 0.057745543758779515 487
1757651324076 0.4768430094836122 488
1757651324247 0.010689321529400117 489
1757651324426 0.11940870603468631 490
1757651324592 9.484665872881828e-05 491
1757651324773 0.07100625463613744 492
1757651324931 0.0001888558290239823 493
1757651325068 0.03579210353340604 494
1757651325241 0.0001815043390172591 495
1757651325417 0.023748820370330707 496
1757651325616 0.053667732971239085 497
1757651325961 0.04471747791124107 498
1757651326129 0.12582095096896068 499
