1757648444854 169.53332230536054 0
1757648444925 169.49926215253086 1
1757648444997 169.4652089130131 2
1757648445062 169.43116258537296 3
1757648445125 169.3971231681763 4
1757648445186 169.36309065998947 5
1757648445247 169.32906505937913 6
1757648445308 169.29504636491205 7
1757648445372 169.26103457515555 8
1757648445434 169.22702968867716 9
1757648445492 169.19303170404473 10
1757648445551 169.15904061982636 11
1757648445612 169.1250564345905 12
1757648445671 169.09107914690605 13
1757648445729 169.057108755342 14
1757648445852 169.02314525846782 15
1757648445917 168.9891886548532 16
1757648445976 168.9552389430681 17
1757648446035 168.92129612168293 18
1757648446096 168.88736018926835 19
1757648446154 168.85343114439533 20
1757648446213 168.81950898563505 21
1757648446272 168.7855937115592 22
1757648446331 168.75168532073963 23
1757648446390 168.71778381174852 24
1757648446448 168.68388918315847 25
1757648446505 168.65000143354223 26
1757648446563 168.616120561473 27
1757648446627 168.58224656552414 28
1757648446686 168.54837944426953 29
1757648446745 168.51451919628312 30
1757648446804 168.48066582013936 31
1757648446867 168.44681931441298 32
1757648446926 168.41297967767892 33
1757648446985 168.3791469085125 34
1757648447044 168.34532100548932 35
1757648447102 168.3115019671854 36
1757648447160 168.27768979217691 37
1757648447218 168.24388447904045 38
1757648447277 168.21008602635283 39
1757648447338 168.1762944326913 40
1757648447397 168.14250969663323 41
1757648447455 168.10873181675655 42
1757648447514 168.07496079163923 43
1757648447574 168.04119661985976 44
1757648447634 168.00743929999686 45
1757648447692 167.97368883062953 46
1757648447750 167.93994521033716 47
1757648447807 167.90620843769935 48
1757648447866 167.87247851129612 49
1757648447924 167.83875542970765 50
1757648447982 167.80503919151457 51
1757648448038 167.7713297952978 52
1757648448098 167.73762723963847 53
1757648448157 167.7039315231181 54
1757648448214 167.6702426443185 55
1757648448272 167.63656060182188 56
1757648448331 167.60288539421052 57
1757648448395 167.56921702006727 58
1757648448454 167.53555547797512 59
1757648448512 167.50190076651748 60
1757648448571 167.46825288427797 61
1757648448629 167.4346118298406 62
1757648448693 167.4009776017896 63
1757648448752 167.3673501987096 64
1757648448812 167.33372961918548 65
1757648448871 167.30011586180242 66
1757648448929 167.26650892514598 67
1757648448990 167.23290880780195 68
1757648449049 167.19931550835648 69
1757648449108 167.16572902539602 70
1757648449176 167.13214935750722 71
1757648449251 167.09857650327723 72
1757648449313 167.06501046129338 73
1757648449378 167.03145123014335 74
1757648449457 166.99789880841504 75
1757648449529 166.96435319469686 76
1757648449592 166.93081438757724 77
1757648449654 166.89728238564518 78
1757648449714 166.8637571874899 79
1757648449773 166.83023879170085 80
1757648449832 166.79672719686783 81
1757648449893 166.763222401581 82
1757648449953 166.72972440443078 83
1757648450013 166.69623320400794 84
1757648450073 166.66274879890346 85
1757648450134 166.62927118770872 86
1757648450194 166.5958003690154 87
1757648450254 166.56233634141535 88
1757648450314 166.52887910350097 89
1757648450374 166.4954286538648 90
1757648450433 166.4619849910997 91
1757648450494 166.42854811379885 92
1757648450554 166.39511802055577 93
1757648450613 166.36169470996418 94
1757648450675 166.3282781806183 95
1757648450743 166.29486843111243 96
1757648450803 166.26146546004136 97
1757648450910 166.22806926600012 98
1757648450987 166.19467984758396 99
1757648451049 166.16129720338856 100
1757648451108 166.12792133200983 101
1757648451168 166.09455223204407 102
1757648451228 166.06118990208773 103
1757648451288 166.02783434073777 104
1757648451347 165.99448554659128 105
1757648451409 165.96114351824573 106
1757648451470 165.9278082542989 107
1757648451530 165.8944797533489 108
1757648451590 165.86115801399401 109
1757648451650 165.827843034833 110
1757648451710 165.79453481446484 111
1757648451770 165.76123335148878 112
1757648451830 165.72793864450446 113
1757648451890 165.69465069211174 114
1757648451949 165.66136949291084 115
1757648452010 165.62809504550233 116
1757648452070 165.5948273484869 117
1757648452131 165.5615664004658 118
1757648452197 165.52831220004032 119
1757648452268 165.4950647458123 120
1757648452331 165.46182403638372 121
1757648452393 165.42859007035688 122
1757648452453 165.39536284633448 123
1757648452513 165.3621423629194 124
1757648452574 165.3289286187149 125
1757648452636 165.2957216123246 126
1757648452697 165.26252134235227 127
1757648452766 165.2293278074021 128
1757648452828 165.19614100607853 129
1757648452888 165.16296093698628 130
1757648452949 165.1297875987305 131
1757648453009 165.09662098991654 132
1757648453070 165.06346110915 133
1757648453131 165.03030795503693 134
1757648453191 164.99716152618356 135
1757648453252 164.96402182119647 136
1757648453313 164.9308888386826 137
1757648453375 164.8977625772491 138
1757648453452 164.8646430355034 139
1757648453514 164.8315302120534 140
1757648453574 164.79842410550708 141
1757648453635 164.7653247144729 142
1757648453696 164.73223203755956 143
1757648453757 164.69914607337606 144
1757648453817 164.66606682053163 145
1757648453876 164.63299427763596 146
1757648453937 164.59992844329895 147
1757648453997 164.56686931613075 148
1757648454056 164.5338168947419 149
1757648454116 164.5007711777432 150
1757648454177 164.46773216374578 151
1757648454237 164.43469985136105 152
1757648454296 164.40167423920073 153
1757648454357 164.36865532587686 154
1757648454425 164.3356431100017 155
1757648454496 164.30263759018789 156
1757648454558 164.2696387650484 157
1757648454620 164.23664663319641 158
1757648454682 164.2036611932454 159
1757648454744 164.17068244380937 160
1757648454822 164.1377103835022 161
1757648454889 164.1047450109385 162
1757648454950 164.07178632473295 163
1757648455023 164.03883432350054 164
1757648455122 164.00588900585663 165
1757648455249 163.9729503704169 166
1757648455319 163.94001841579717 167
1757648455386 163.90709314061374 168
1757648455451 163.87417454348318 169
1757648455517 163.84126262302226 170
1757648455578 163.80835737784807 171
1757648455640 163.77545880657817 172
1757648455702 163.74256690783022 173
1757648455764 163.70968168022225 174
1757648455827 163.67680312237258 175
1757648455890 163.6439312328999 176
1757648455953 163.6110660104231 177
1757648456015 163.57820745356142 178
1757648456077 163.54535556093438 179
1757648456139 163.51251033116182 180
1757648456203 163.47967176286392 181
1757648456265 163.44683985466105 182
1757648456328 163.41401460517395 183
1757648456389 163.38119601302367 184
1757648456451 163.34838407683156 185
1757648456515 163.3155787952192 186
1757648456578 163.28278016680855 187
1757648456640 163.2499881902218 188
1757648456702 163.21720286408151 189
1757648456765 163.18442418701053 190
1757648456833 163.1516521576319 191
1757648456895 163.11888677456912 192
1757648456958 163.08612803644593 193
1757648457019 163.05337594188623 194
1757648457081 163.02063048951447 195
1757648457143 162.9878916779552 196
1757648457204 162.9551595058333 197
1757648457264 162.9224339717741 198
1757648457328 162.889715074403 199
1757648457390 162.85700281234585 200
1757648457452 162.82429718422878 201
1757648457512 162.79159818867822 202
1757648457575 162.75890582432078 203
1757648457635 162.72622008978354 204
1757648457695 162.6935409836938 205
1757648457758 162.6608685046791 206
1757648457820 162.6282026513674 207
1757648457880 162.59554342238687 208
1757648457942 162.56289081636598 209
1757648458003 162.53024483193357 210
1757648458065 162.4976054677187 211
1757648458126 162.4649727223507 212
1757648458194 162.43234659445932 213
1757648458254 162.3997270826745 214
1757648458314 162.3671141856266 215
1757648458376 162.3345079019461 216
1757648458439 162.30190823026393 217
1757648458500 162.26931516921118 218
1757648458562 162.23672871741934 219
1757648458624 162.2041488735202 220
1757648458686 162.17157563614586 221
1757648458748 162.1390090039286 222
1757648458809 162.10644897550105 223
1757648458877 162.07389554949626 224
1757648458941 162.04134872454736 225
1757648459005 162.008808499288 226
1757648459067 161.97627487235192 227
1757648459127 161.94374784237326 228
1757648459188 161.9112274079865 229
1757648459252 161.8787135678264 230
1757648459313 161.84620632052787 231
1757648459375 161.8137056647263 232
1757648459448 161.7812115990573 233
1757648459515 161.74872412215672 234
1757648459578 161.71624323266087 235
1757648459641 161.6837689292061 236
1757648459705 161.65130121042935 237
1757648459769 161.61884007496766 238
1757648459833 161.58638552145845 239
1757648459896 161.5539375485393 240
1757648459959 161.52149615484828 241
1757648460023 161.48906133902364 242
1757648460086 161.4566330997039 243
1757648460149 161.424211435528 244
1757648460209 161.39179634513505 245
1757648460272 161.35938782716454 246
1757648460335 161.32698588025616 247
1757648460396 161.29459050305002 248
1757648460458 161.2622016941864 249
1757648460522 161.22981945230597 250
1757648460584 161.19744377604965 251
1757648460646 161.16507466405864 252
1757648460710 161.13271211497445 253
1757648460772 161.10035612743894 254
1757648460838 161.0680067000942 255
1757648460908 161.0356638315826 256
1757648460972 161.00332752054686 257
1757648461037 160.97099776562996 258
1757648461100 160.93867456547514 259
1757648461164 160.90635791872603 260
1757648461227 160.8740478240265 261
1757648461290 160.84174428002072 262
1757648461355 160.8094472853531 263
1757648461417 160.7771568386684 264
1757648461478 160.74487293861165 265
1757648461548 160.71259558382826 266
1757648461613 160.68032477296381 267
1757648461675 160.64806050466424 268
1757648461739 160.61580277757577 269
1757648461802 160.58355159034488 270
1757648461865 160.5513069416184 271
1757648461928 160.5190688300434 272
1757648461990 160.48683725426736 273
1757648462051 160.4546122129379 274
1757648462115 160.42239370470293 275
1757648462179 160.39018172821085 276
1757648462243 160.35797628211014 277
1757648462305 160.3257773650497 278
1757648462369 160.2935849756786 279
1757648462432 160.2613991126464 280
1757648462494 160.22921977460274 281
1757648462556 160.1970469601977 282
1757648462619 160.1648806680815 283
1757648462680 160.13272089690486 284
1757648462743 160.1005676453187 285
1757648462807 160.06842091197413 286
1757648462870 160.0362806955227 287
1757648462939 160.0041469946161 288
1757648463004 159.97201980790652 289
1757648463069 159.9398991340462 290
1757648463134 159.9077849716879 291
1757648463197 159.87567731948454 292
1757648463260 159.8435761760893 293
1757648463321 159.8114815401558 294
1757648463388 159.77939341033778 295
1757648463450 159.7473117852894 296
1757648463513 159.71523666366508 297
1757648463577 159.68316804411947 298
1757648463640 159.65110592530755 299
1757648463701 159.61905030588466 300
1757648463765 159.58700118450633 301
1757648463829 159.55495855982844 302
1757648463957 159.52292243050707 303
1757648464021 159.49089279519876 304
1757648464084 159.45886965256022 305
1757648464147 159.42685300124845 306
1757648464209 159.39484283992076 307
1757648464271 159.36283916723477 308
1757648464333 159.33084198184838 309
1757648464397 159.2988512824198 310
1757648464475 159.26686706760745 311
1757648464541 159.23488933607013 312
1757648464606 159.2029180864669 313
1757648464672 159.17095331745708 314
1757648464739 159.1389950277004 315
1757648464816 159.10704321585666 316
1757648464881 159.07509788058613 317
1757648464952 159.04315902054938 318
1757648465021 159.0112266344071 319
1757648465087 158.97930072082048 320
1757648465152 158.94738127845085 321
1757648465218 158.91546830595988 322
1757648465284 158.88356180200952 323
1757648465350 158.851661765262 324
1757648465416 158.81976819437992 325
1757648465481 158.78788108802607 326
1757648465553 158.75600044486353 327
1757648465618 158.72412626355577 328
1757648465682 158.69225854276644 329
1757648465746 158.66039728115953 330
1757648465812 158.62854247739935 331
1757648465892 158.59669413015038 332
1757648465961 158.56485223807755 333
1757648466031 158.533016799846 334
1757648466101 158.50118781412107 335
1757648466167 158.46936527956854 336
1757648466233 158.4375491948544 337
1757648466299 158.405739558645 338
1757648466366 158.37393636960684 339
1757648466433 158.3421396264068 340
1757648466498 158.3103493277121 341
1757648466563 158.27856547219014 342
1757648466627 158.24678805850866 343
1757648466692 158.2150170853357 344
1757648466757 158.18325255133956 345
1757648466823 158.1514944551888 346
1757648466888 158.1197427955524 347
1757648466952 158.0879975710995 348
1757648467022 158.0562587804995 349
1757648467090 158.02452642242224 350
1757648467158 157.9928004955377 351
1757648467222 157.96108099851622 352
1757648467287 157.92936793002846 353
1757648467358 157.89766128874527 354
1757648467423 157.86596107333787 355
1757648467488 157.83426728247767 356
1757648467552 157.80257991483654 357
1757648467617 157.77089896908643 358
1757648467681 157.73922444389976 359
1757648467747 157.70755633794911 360
1757648467813 157.6758946499074 361
1757648467878 157.64423937844785 362
1757648467943 157.61259052224392 363
1757648468008 157.58094807996943 364
1757648468073 157.54931205029837 365
1757648468138 157.51768243190514 366
1757648468201 157.48605922346434 367
1757648468266 157.4544424236509 368
1757648468333 157.42283203114002 369
1757648468398 157.39122804460726 370
1757648468464 157.3596304627283 371
1757648468530 157.32803928417925 372
1757648468594 157.29645450763647 373
1757648468659 157.26487613177662 374
1757648468725 157.23330415527656 375
1757648468790 157.2017385768135 376
1757648468854 157.17017939506505 377
1757648468920 157.13862660870888 378
1757648468985 157.10708021642307 379
1757648469056 157.075540216886 380
1757648469124 157.04400660877633 381
1757648469191 157.01247939077297 382
1757648469257 156.98095856155504 383
1757648469322 156.9494441198022 384
1757648469389 156.9179360641941 385
1757648469469 156.88643439341087 386
1757648469538 156.85493910613286 387
1757648469606 156.82345020104063 388
1757648469673 156.7919676768152 389
1757648469742 156.76049153213776 390
1757648469914 156.72902176568974 391
1757648469987 156.697558376153 392
1757648470056 156.66610136220956 393
1757648470123 156.63465072254175 394
1757648470191 156.60320645583224 395
1757648470259 156.5717685607639 396
1757648470327 156.54033703602 397
1757648470396 156.50891188028393 398
1757648470462 156.47749309223954 399
1757648470531 156.44608067057086 400
1757648470597 156.41467461396223 401
1757648470665 156.3832749210982 402
1757648470732 156.35188159066385 403
1757648470800 156.3204946213442 404
1757648470868 156.28911401182486 405
1757648470935 156.25773976079145 406
1757648471000 156.2263718669301 407
1757648471071 156.19501032892714 408
1757648471140 156.16365514546916 409
1757648471207 156.13230631524303 410
1757648471273 156.100963836936 411
1757648471339 156.06962770923545 412
1757648471405 156.03829793082917 413
1757648471474 156.0069745004052 414
1757648471540 155.97565741665179 415
1757648471606 155.9443466782576 416
1757648471673 155.91304228391152 417
1757648471738 155.88174423230262 418
1757648471806 155.85045252212043 419
1757648471875 155.81916715205466 420
1757648471941 155.78788812079532 421
1757648472006 155.75661542703264 422
1757648472074 155.72534906945734 423
1757648472142 155.69408904676015 424
1757648472208 155.66283535763225 425
1757648472274 155.63158800076505 426
1757648472341 155.60034697485028 427
1757648472409 155.56911227857995 428
1757648472474 155.53788391064631 429
1757648472541 155.50666186974192 430
1757648472606 155.47544615455962 431
1757648472672 155.4442367637925 432
1757648472739 155.41303369613402 433
1757648472806 155.38183695027777 434
1757648472871 155.3506465249178 435
1757648472938 155.31946241874837 436
1757648473005 155.2882846304639 437
1757648473071 155.2571131587593 438
1757648473145 155.22594800232963 439
1757648473213 155.19478915987025 440
1757648473280 155.1636366300769 441
1757648473347 155.1324904116454 442
1757648473415 155.10135050327207 443
1757648473482 155.07021690365332 444
1757648473550 155.03908961148602 445
1757648473616 155.00796862546716 446
1757648473683 154.97685394429413 447
1757648473751 154.94574556666453 448
1757648473816 154.9146434912763 449
1757648473882 154.8835477168276 450
1757648473951 154.85245824201692 451
1757648474018 154.82137506554298 452
1757648474084 154.79029818610482 453
1757648474151 154.75922760240184 454
1757648474218 154.72816331313345 455
1757648474285 154.6971053169997 456
1757648474353 154.66605361270067 457
1757648474428 154.6350081989368 458
1757648474508 154.60396907440875 459
1757648474582 154.57293623781763 460
1757648474651 154.5419096878646 461
1757648474720 154.5108894232513 462
1757648474801 154.47987544267957 463
1757648474871 154.44886774485144 464
1757648474940 154.41786632846942 465
1757648475009 154.3868711922361 466
1757648475077 154.3558823348544 467
1757648475152 154.3248997550277 468
1757648475222 154.2939234514594 469
1757648475291 154.26295342285331 470
1757648475361 154.23198966791355 471
1757648475430 154.20103218534445 472
1757648475500 154.17008097385067 473
1757648475569 154.13913603213706 474
1757648475639 154.10819735890885 475
1757648475708 154.07726495287153 476
1757648475778 154.04633881273085 477
1757648475847 154.01541893719278 478
1757648475914 153.98450532496375 479
1757648475983 153.95359797475018 480
1757648476051 153.9226968852591 481
1757648476123 153.8918020551976 482
1757648476191 153.86091348327307 483
1757648476258 153.83003116819324 484
1757648476325 153.79915510866613 485
1757648476397 153.76828530339995 486
1757648476465 153.73742175110326 487
1757648476532 153.70656445048488 488
1757648476599 153.6757134002539 489
1757648476670 153.64486859911972 490
1757648476739 153.614030045792 491
1757648476808 153.5831977389806 492
1757648476876 153.5523716773958 493
1757648476981 153.5215518597481 494
1757648477077 153.4907382847482 495
1757648477151 153.4599309511072 496
1757648477231 153.42912985753642 497
1757648477304 153.39833500274744 498
1757648477376 153.36754638545216 499
