1757638443859 0.016976201919129765 0
1757638443956 0.0395056643776722 1
1757638444059 0.061809016190158265 2
1757638444150 0.03584524442819466 3
1757638444243 0.03003893255218911 4
1757638444342 0.1582735326369211 5
1757638444435 0.027783114661940545 6
1757638444526 0.16785748899618394 7
1757638444618 0.06914145085602577 8
1757638444714 0.48596343812938025 9
1757638444806 0.15258447790251917 10
1757638444898 1.5263845371031635 11
1757638444990 0.16264493034080524 12
1757638445081 0.008386063055850948 13
1757638445173 6.851330188871085e-05 14
1757638445269 0.006539463388470828 15
1757638445359 0.033188937099038925 16
1757638445449 0.0556711892938907 17
1757638445538 0.02628547012140466 18
1757638445628 0.06610570436131864 19
1757638445717 0.06478414720758402 20
1757638445807 0.4727264329001793 21
1757638445906 0.013140123824464188 22
1757638446004 0.0021666139895961394 23
1757638446101 0.023682127782630336 24
1757638446191 0.0010908447713110908 25
1757638446283 0.034592638612631676 26
1757638446375 0.05764817212046858 27
1757638446466 0.12999662223397757 28
1757638446555 9.674065099115622e-06 29
1757638446645 6.840513579055178e-05 30
1757638446735 0.021379533857227295 31
1757638446824 0.0013247099927195549 32
1757638446913 0.007015192730761058 33
1757638447004 0.00013513244644478443 34
1757638447094 0.1628532236939904 35
1757638447185 0.030693094731007713 36
1757638447274 0.7346968991370265 37
1757638447363 0.005361547978221972 38
1757638447459 0.021868753134274384 39
1757638447558 0.0021994130806614353 40
1757638447650 0.1908351442704767 41
1757638447743 0.04133212776507904 42
1757638447834 0.20187809925127123 43
1757638447926 0.19517443663007092 44
1757638448015 0.005325003949361469 45
1757638448113 0.004933815739598579 46
1757638448205 0.003533173671046774 47
1757638448297 0.010011329902569982 48
1757638448387 0.10227964272186982 49
1757638448476 0.0007701182936473902 50
1757638448569 0.0418898109874561 51
1757638448658 0.023307383273734272 52
1757638448749 0.1704314779106691 53
1757638448840 1.109575965117778 54
1757638448931 0.6789247360244977 55
1757638449022 0.16990724104631197 56
1757638449112 0.006055150720423806 57
1757638449202 0.03971209660532804 58
1757638449293 0.02311983425265524 59
1757638449383 0.1220872427535456 60
1757638449473 0.02222648365529279 61
1757638449562 0.22175246297513662 62
1757638449652 0.029424830171664553 63
1757638449742 0.015761373981452623 64
1757638449832 0.24954143490386532 65
1757638449923 0.006558634672532371 66
1757638450014 0.023659235703217065 67
1757638450106 0.01856063438547863 68
1757638450198 0.008769184836431396 69
1757638450290 0.20111508778280066 70
1757638450380 0.0056011648876372255 71
1757638450472 0.03974577360429763 72
1757638450562 0.008606678031758982 73
1757638450654 0.3241004253184742 74
1757638450744 0.0014374234827106958 75
1757638450834 0.21520214358892212 76
1757638450924 0.06675981172128469 77
1757638451015 0.0018327216051456702 78
1757638451105 0.03489838313546495 79
1757638451196 0.08085341198028279 80
1757638451285 0.09194444389282007 81
1757638451375 0.5615829095240551 82
1757638451465 0.10142265961198052 83
1757638451556 0.06696064835861906 84
1757638451647 0.018670719913718537 85
1757638451744 0.008380964983014392 86
1757638451839 1.2191999018860198 87
1757638451932 0.02091129313668041 88
1757638452024 0.009201263742338203 89
1757638452119 0.0010129503789729742 90
1757638452214 0.01404227666236563 91
1757638452306 0.07579394020155486 92
1757638452397 0.030232848255856697 93
1757638452499 0.0008711340451366146 94
1757638452593 0.2560831717253718 95
1757638452686 0.09341804031767026 96
1757638452781 0.0021305985247463766 97
1757638452877 0.31203578617918754 98
1757638452969 9.356708930828656e-06 99
1757638453060 0.0031492624335488894 100
1757638453151 0.01502671845388357 101
1757638453241 7.757804954847135e-05 102
1757638453332 0.7139570906086796 103
1757638453423 1.0332255686912135e-06 104
1757638453517 0.11874321047756545 105
1757638453608 0.6509588202287516 106
1757638453699 0.04662404945353246 107
1757638453792 0.18037186713405107 108
1757638453883 0.0018428965484105137 109
1757638453982 0.25559856730566693 110
1757638454127 0.0009798360891329337 111
1757638454231 0.361753968295692 112
1757638454334 0.31159528209752596 113
1757638454432 0.4122253917820663 114
1757638454530 0.014122244408046143 115
1757638454627 0.08707669875197711 116
1757638454727 0.059374691062981544 117
1757638454828 0.002383806271241667 118
1757638454926 1.3215785732043415 119
1757638455021 0.10174024534439706 120
1757638455115 0.0005513672323212705 121
1757638455210 0.19926046950982668 122
1757638455305 0.06551900178134573 123
1757638455402 0.018914787181569227 124
1757638455508 0.1660887572896905 125
1757638455607 0.0029952334274843647 126
1757638455701 0.03847031620718272 127
1757638455798 0.009516561748609617 128
1757638455892 0.2958589904925519 129
1757638455986 1.355952436703506 130
1757638456081 0.17155416869575568 131
1757638456177 0.16507639065536722 132
1757638456273 0.0012432747548541546 133
1757638456365 0.0032431165203990623 134
1757638456457 0.004307966699518677 135
1757638456615 0.333327176221162 136
1757638456718 0.049417572689700005 137
1757638456817 0.00022982448224340715 138
1757638456912 0.0018352206817263822 139
1757638457006 0.007076803437770026 140
1757638457101 8.125346400202792e-06 141
1757638457196 0.004263703785859647 142
1757638457291 0.009565913666472562 143
1757638457387 0.34112173477199664 144
1757638457490 0.18718068495721404 145
1757638457585 0.9949814401076179 146
1757638457680 0.1247276426628139 147
1757638457776 0.014535977756213174 148
1757638457871 2.6944557560632795e-06 149
1757638457966 0.024882317561920806 150
1757638458058 0.010731102497435861 151
1757638458149 0.2822145202717575 152
1757638458247 0.557149295978055 153
1757638458343 0.04371966179004625 154
1757638458438 0.032849122130610954 155
1757638458533 0.04237552558089534 156
1757638458625 0.025001477297559204 157
1757638458717 0.060509891173391096 158
1757638458812 0.0022497386272852062 159
1757638458904 0.07156337112515355 160
1757638458998 0.34591432880266065 161
1757638459090 0.381184640799904 162
1757638459182 0.001943230213371941 163
1757638459275 0.06966760524808761 164
1757638459367 0.14572572697781327 165
1757638459460 0.20840071089479237 166
1757638459554 0.013665987109539222 167
1757638459646 0.003548345957019167 168
1757638459739 0.05436999008198163 169
1757638459833 0.0009229437424000215 170
1757638459925 0.009065589299037108 171
1757638460016 0.21597053775891636 172
1757638460109 0.006060869936571151 173
1757638460201 0.0933071722975408 174
1757638460303 0.18578630203246063 175
1757638460399 0.2695778102915793 176
1757638460493 0.0008185142429741917 177
1757638460586 0.001973194893321849 178
1757638460680 0.0006799511053152214 179
1757638460778 0.4008444756974399 180
1757638460873 0.3621035142838968 181
1757638460966 0.30231519482048996 182
1757638461059 0.22490850141732016 183
1757638461151 0.37845577443858314 184
1757638461244 0.0071645495753466775 185
1757638461337 0.08403488682852629 186
1757638461431 0.2218506552201878 187
1757638461523 0.09305934577958663 188
1757638461615 0.0032575502552766003 189
1757638461710 0.0015453046158273457 190
1757638461828 0.025359308555833848 191
1757638461924 0.022552093506178497 192
1757638462018 0.0006916713655901725 193
1757638462113 0.10038387904555804 194
1757638462206 0.006963017737527579 195
1757638462303 0.23209664773521052 196
1757638462399 0.006473358057342433 197
1757638462506 0.6507390729132199 198
1757638462604 0.00796660904978827 199
1757638462700 0.0010437638349482588 200
1757638462797 0.0008037726923632893 201
1757638462893 0.03249926362958023 202
1757638462987 0.011656200302914912 203
1757638463080 0.16091351553188454 204
1757638463174 0.027480271375306304 205
1757638463267 0.0023159000810259807 206
1757638463361 0.014182363020928289 207
1757638463455 0.10122386829675134 208
1757638463550 0.00433881429180887 209
1757638463644 0.2602786825934537 210
1757638463739 0.05484815520819398 211
1757638463833 0.0029509127075432137 212
1757638463927 0.32098062258259635 213
1757638464020 0.03789107208611317 214
1757638464114 0.008923819713121785 215
1757638464209 1.4407134558120193e-05 216
1757638464307 0.04262296031737553 217
1757638464404 0.12389733548216382 218
1757638464499 0.7048618324141577 219
1757638464592 0.08656782696677214 220
1757638464684 0.004553864645249583 221
1757638464779 1.299040167125894e-07 222
1757638464873 0.8591234571085055 223
1757638464967 0.132944922763607 224
1757638465062 0.6314450713388385 225
1757638465159 0.02075092577778216 226
1757638465254 0.0726165339201679 227
1757638465349 0.062485133750946935 228
1757638465445 0.4042489581845656 229
1757638465540 0.07175804767163531 230
1757638465633 0.05682607745752018 231
1757638465729 0.25208469341192263 232
1757638465827 0.09529053138387289 233
1757638465921 0.01117516016600558 234
1757638466018 0.21488403757257477 235
1757638466115 0.3009483078844847 236
1757638466209 0.38967542091105495 237
1757638466304 0.004072055628476952 238
1757638466404 0.05376883613290224 239
1757638466501 1.1359655043900663 240
1757638466594 0.0004583689715944628 241
1757638466689 0.2653459274488702 242
1757638466784 0.06435639738806488 243
1757638466878 0.15341044901105588 244
1757638466971 0.3165973970126963 245
1757638467068 0.1084525034471109 246
1757638467166 0.059004585026725315 247
1757638467263 0.06091368532946894 248
1757638467359 0.12236496375736518 249
1757638467460 0.24765868306206212 250
1757638467565 0.002675522683418895 251
1757638467665 0.001755690103467394 252
1757638467763 0.06302451420685735 253
1757638467859 0.08347618538600775 254
1757638467954 0.08242405715739261 255
1757638468048 0.46765191126106215 256
1757638468141 0.021025033680677967 257
1757638468237 0.23558246920062892 258
1757638468332 0.022828199457683617 259
1757638468433 0.004181806383795373 260
1757638468532 3.708983324338378e-06 261
1757638468628 0.003930294999049122 262
1757638468721 0.1282854862014975 263
1757638468818 0.10426873719406969 264
1757638468913 0.02941786325760551 265
1757638469009 0.03748711280438055 266
1757638469105 0.08879833053494936 267
1757638469199 0.0021385958381841025 268
1757638469293 0.009940845694313406 269
1757638469390 0.11462314531129422 270
1757638469491 7.634874582665934e-06 271
1757638469591 0.6041129803607392 272
1757638469687 0.00926014495641568 273
1757638469782 0.052319776157190176 274
1757638469877 0.022352299103039486 275
1757638469974 0.004385686519946705 276
1757638470112 0.1113589207995431 277
1757638470214 0.06717418533213769 278
1757638470314 0.0007440375522306891 279
1757638470414 0.0002353912783663581 280
1757638470512 0.2923555712287595 281
1757638470612 0.017105573160076486 282
1757638470710 0.4045443878961614 283
1757638470806 0.1483824679839422 284
1757638470901 0.08072547898894279 285
1757638470996 0.09184540611520886 286
1757638471091 0.053127086363130537 287
1757638471187 0.14353180106221985 288
1757638471282 0.004754127736495086 289
1757638471377 0.13228610988629597 290
1757638471472 0.020786060573491492 291
1757638471570 0.0003904706107975041 292
1757638471666 0.05584975543781208 293
1757638471765 0.7055577210701084 294
1757638471864 0.03238785438401965 295
1757638471962 0.020433227038387125 296
1757638472062 0.04174030026615857 297
1757638472158 0.41663011536534866 298
1757638472253 0.001768483533015307 299
1757638472350 0.0013515645115045037 300
1757638472451 0.03063164941279483 301
1757638472570 0.04588975700794139 302
1757638472669 0.0023770471889677613 303
1757638472768 0.4408874587943816 304
1757638472866 0.0006196832590230336 305
1757638472965 2.159541437658528e-05 306
1757638473063 0.0021961305087392657 307
1757638473158 0.040433018885816636 308
1757638473254 0.004237231928496705 309
1757638473350 0.02114981726820897 310
1757638473444 0.010712554018899966 311
1757638473542 0.02862593412966771 312
1757638473639 0.091118473349767 313
1757638473735 0.20824873789798024 314
1757638473833 0.003720612076463169 315
1757638473929 0.025212331662015558 316
1757638474024 0.018149853331425568 317
1757638474120 0.08521190492485047 318
1757638474216 0.035721603001802556 319
1757638474317 0.01203049441839996 320
1757638474413 0.005736334864502319 321
1757638474515 0.004334283942209068 322
1757638474611 0.08458354358063949 323
1757638474707 0.0006319646338010617 324
1757638474803 0.00389378971868397 325
1757638474899 0.012443287993353905 326
1757638474996 0.22876627130288624 327
1757638475092 0.21897135313252533 328
1757638475194 0.027612315674194733 329
1757638475293 0.0844799170212489 330
1757638475390 0.244634911803653 331
1757638475486 0.00016100312019026966 332
1757638475583 0.00929869291979498 333
1757638475680 0.06791973267851274 334
1757638475775 0.02580686388034571 335
1757638475872 0.5160441217674522 336
1757638475970 0.6209331060792819 337
1757638476066 0.019437074757921228 338
1757638476161 0.01162758976758935 339
1757638476258 0.024088481945252493 340
1757638476357 0.03974644244039856 341
1757638476453 0.09540750011372663 342
1757638476556 0.2854921070250126 343
1757638476654 0.03045125234435114 344
1757638476750 0.6897679709427689 345
1757638476848 0.008499984445897368 346
1757638476945 0.8120950655208837 347
1757638477044 0.006985917502740527 348
1757638477140 0.15497763885225768 349
1757638477237 0.13101416357738 350
1757638477332 0.7545776909681815 351
1757638477432 0.04969022200060168 352
1757638477544 0.04916147437893218 353
1757638477645 0.00038263815977868256 354
1757638477744 0.10836894009036586 355
1757638477844 0.0004341344292745709 356
1757638477941 0.10391447126571256 357
1757638478037 0.006871555916444848 358
1757638478134 0.018973835967262608 359
1757638478230 0.07928320754052974 360
1757638478329 0.034114346011005534 361
1757638478426 0.7618439454831937 362
1757638478525 0.07582609629876493 363
1757638478624 0.01626190768336852 364
1757638478722 0.003928501109634367 365
1757638478819 0.005668488239060883 366
1757638478916 0.13071731641373294 367
1757638479013 0.23317305603591598 368
1757638479110 0.3714985575501247 369
1757638479206 0.16138947926371555 370
1757638479303 0.00013157124032932383 371
1757638479400 0.06001897293379874 372
1757638479498 0.019218507301184174 373
1757638479595 0.04270419023131235 374
1757638479695 0.12135099863877619 375
1757638479805 1.3914476779987166e-06 376
1757638479916 0.12932871808889554 377
1757638480041 0.03295276055444168 378
1757638480150 0.019260074486828028 379
1757638480253 0.006037459358948718 380
1757638480355 0.1743754471371554 381
1757638480460 0.05046209533662325 382
1757638480563 0.8559375724487043 383
1757638480678 0.0011273991648298174 384
1757638480779 0.022348304868154836 385
1757638480878 0.25413001140708574 386
1757638480975 0.00934504369812803 387
1757638481075 0.0014851448240949 388
1757638481172 0.5050475300573333 389
1757638481269 0.29643255348530007 390
1757638481368 0.15848675518532623 391
1757638481466 0.0645180077341808 392
1757638481563 0.5902525981185812 393
1757638481661 0.12499978141092864 394
1757638481851 0.046017107501252534 395
1757638481961 0.00238405307323447 396
1757638482067 0.0026542672717946177 397
1757638482167 0.799914481793897 398
1757638482267 0.002187468201885668 399
1757638482370 0.000234995959563035 400
1757638482476 0.3194139634959953 401
1757638482586 0.06574980844218255 402
1757638482688 0.23506169552893724 403
1757638482788 0.0024583331274309044 404
1757638482890 0.2043846190131109 405
1757638482992 0.0015653840311882611 406
1757638483093 0.015506404141911153 407
1757638483191 0.7224738727750387 408
1757638483289 0.005024492759664882 409
1757638483388 0.16791301770783787 410
1757638483486 0.11513745466350427 411
1757638483587 0.04525307174369864 412
1757638483685 0.0035505163008746348 413
1757638483784 0.8020481113144481 414
1757638483883 0.0530707459674683 415
1757638483980 0.011749547601831795 416
1757638484079 0.1540367098983375 417
1757638484176 1.1340908282465016 418
1757638484275 0.6079716163350668 419
1757638484375 0.030810110665301645 420
1757638484476 0.07396304413183204 421
1757638484574 0.0009224308801222212 422
1757638484681 0.003360651057165016 423
1757638484780 0.0654474164515624 424
1757638484879 0.07228799966259813 425
1757638484976 0.1070911982734894 426
1757638485075 0.02159748988973324 427
1757638485172 0.013513395338135328 428
1757638485271 0.07882412547009472 429
1757638485370 0.20154010597746588 430
1757638485469 0.04152113209021746 431
1757638485567 0.02521485561953581 432
1757638485665 0.00026547621949915817 433
1757638485789 0.4051813905677181 434
1757638485898 0.008938484346682435 435
1757638486003 0.013500034466105301 436
1757638486151 0.0029673484165659274 437
1757638486256 0.0012912972805508907 438
1757638486357 0.10024724426302103 439
1757638486459 0.06410450424489735 440
1757638486561 0.10055708270107912 441
1757638486668 0.157077608968768 442
1757638486769 0.09595236020924469 443
1757638486873 0.006646690433944131 444
1757638486972 0.03803345542026505 445
1757638487071 0.06346292438025715 446
1757638487174 0.06113266515767589 447
1757638487273 0.000154514571059594 448
1757638487372 0.08553393314517503 449
1757638487482 0.044143832065257314 450
1757638487586 0.3280096659275251 451
1757638487689 0.011311359290781342 452
1757638487790 0.03808695737394136 453
1757638487891 0.06026399993386221 454
1757638487990 0.023424072087209386 455
1757638488088 0.0698757089612205 456
1757638488228 0.13194204603353676 457
1757638488327 0.0013919172048083176 458
1757638488425 0.22995476343504737 459
1757638488524 0.29078342287000464 460
1757638488621 0.033472169633486294 461
1757638488727 0.013902811501603237 462
1757638488827 0.004018656802026721 463
1757638488927 0.17363291794653796 464
1757638489026 0.12045760842744806 465
1757638489125 0.17452111099351658 466
1757638489223 0.004690017713438471 467
1757638489322 0.15211465645669323 468
1757638489421 0.16993903343078784 469
1757638489520 0.008369622847904854 470
1757638489619 0.04015149368569276 471
1757638489717 0.006604487573251878 472
1757638489816 0.14414354016401532 473
1757638489915 0.08462134532474694 474
1757638490016 0.11079798669550522 475
1757638490119 0.0003364980735986626 476
1757638490221 0.003401606168371663 477
1757638490333 0.18853669140018736 478
1757638490435 0.21746158824944176 479
1757638490538 0.034313089910058006 480
1757638490641 0.051640473272673994 481
1757638490747 0.646784495705142 482
1757638490849 1.5193754774554608e-09 483
1757638490951 0.02515832593423213 484
1757638491051 0.013068154741176199 485
1757638491151 0.44565996094709465 486
1757638491250 0.09149659529982078 487
1757638491350 0.28984329608457154 488
1757638491448 0.06943022701915363 489
1757638491549 0.021337205748073254 490
1757638491648 0.16597922881737537 491
1757638491750 0.003613298235822937 492
1757638491853 0.007226178251027206 493
1757638491954 0.024609293078100367 494
1757638492056 0.02037596506174193 495
1757638492156 0.05810700939464262 496
1757638492256 0.05037642066731772 497
1757638492355 0.024369140304270873 498
1757638492460 0.017113077311727256 499
