1757644410947 0.07789516097924527 0
1757644411053 0.27421729452728744 1
1757644411157 0.17800204558579935 2
1757644411258 0.004638215169722474 3
1757644411360 0.020661201498433392 4
1757644411462 0.003051624473151898 5
1757644411563 0.1399912990229263 6
1757644411665 0.1693162978908764 7
1757644411766 0.05519636310072561 8
1757644411868 0.024919261498747132 9
1757644411969 0.03509922374055122 10
1757644412070 0.00034522827893842 11
1757644412171 0.04635352870605663 12
1757644412274 0.013781874631390896 13
1757644412375 0.3786238178526905 14
1757644412477 0.11190942352068431 15
1757644412579 0.01117966552745764 16
1757644412680 0.04760662606727796 17
1757644412788 0.05263568252508262 18
1757644412890 0.35423931567600625 19
1757644412992 0.19955165870974675 20
1757644413093 0.01564657939041796 21
1757644413196 0.4443658924611695 22
1757644413298 0.20994167327664626 23
1757644413398 0.002722743523138772 24
1757644413499 0.24820976856615906 25
1757644413604 0.06599464205072228 26
1757644413721 0.005973220405039142 27
1757644413828 0.9030152804698875 28
1757644413930 0.014559582114367644 29
1757644414032 0.11104004961544561 30
1757644414134 0.191349585580058 31
1757644414236 0.02718273294034131 32
1757644414337 0.28902032100135594 33
1757644414440 0.014174788811519842 34
1757644414542 0.004945128457838393 35
1757644414645 0.023664461098234044 36
1757644414749 0.01782162870190398 37
1757644414854 0.379756924969736 38
1757644414957 8.564366382539196e-05 39
1757644415060 0.00046490915510083284 40
1757644415162 0.005010681044784314 41
1757644415264 0.1372669192114139 42
1757644415367 0.016943959294970234 43
1757644415473 0.007306784127512352 44
1757644415576 0.2651972237313345 45
1757644415680 0.0001291132637770064 46
1757644415782 0.2658304342534408 47
1757644415889 0.27325825684541977 48
1757644415991 0.002155713425508069 49
1757644416094 0.015177024076434766 50
1757644416202 0.010776910940090936 51
1757644416305 0.0003948364756508567 52
1757644416408 0.022609594262799848 53
1757644416510 0.0068532729361053465 54
1757644416613 0.009209121783738694 55
1757644416717 0.02459687366210281 56
1757644416822 0.3258366647426714 57
1757644416925 0.03734706156773359 58
1757644417027 0.21564954001716752 59
1757644417130 0.009566408639349287 60
1757644417235 0.00909242729570716 61
1757644417338 1.1169505830476456 62
1757644417441 0.7481800354740803 63
1757644417543 0.4107491711011893 64
1757644417647 0.0012122247277449566 65
1757644417749 0.025831784493027834 66
1757644417851 0.1169958854698567 67
1757644417953 0.19878836356177043 68
1757644418055 0.007686814378220821 69
1757644418155 0.2510905797189119 70
1757644418258 0.021705371378135094 71
1757644418360 0.04308130575371993 72
1757644418462 0.013753382065208025 73
1757644418565 0.09488520886443208 74
1757644418672 0.05525609075309548 75
1757644418779 0.003040078494103175 76
1757644418888 0.19296047701000535 77
1757644418992 0.040921245463001577 78
1757644419096 0.01439389649907437 79
1757644419200 0.23066355465231556 80
1757644419303 0.2717916656333767 81
1757644419407 0.1296023043442871 82
1757644419511 0.002344334006416908 83
1757644419673 0.00043367588027219467 84
1757644419788 0.023043650101952987 85
1757644419898 1.068927700826809 86
1757644420006 0.1445530038068036 87
1757644420114 0.053681076505717795 88
1757644420219 0.026874425588152034 89
1757644420322 0.019045634078484027 90
1757644420425 0.049239304617746095 91
1757644420529 1.368626786553136 92
1757644420634 0.1761256107769863 93
1757644420739 0.043888481283089115 94
1757644420844 0.0052836857035839626 95
1757644420951 0.08445290398709927 96
1757644421055 0.028278878224771476 97
1757644421183 0.03038496778225658 98
1757644421295 0.0922656314701929 99
1757644421450 0.010639668142881503 100
1757644421563 0.03559794405690059 101
1757644421673 0.20554397690329176 102
1757644421779 0.025300671581792472 103
1757644421885 0.002977268195871063 104
1757644421989 0.010820467624654844 105
1757644422092 0.059832352480948425 106
1757644422197 0.17601406196831293 107
1757644422301 0.003278581584775674 108
1757644422407 0.02040216873730944 109
1757644422511 0.45803877011249194 110
1757644422615 0.019342824685348207 111
1757644422719 0.08972607282238455 112
1757644422823 0.06365200150782462 113
1757644422931 0.2897999058940855 114
1757644423037 0.07364724979246651 115
1757644423142 0.2947514855465015 116
1757644423246 0.01075472439119279 117
1757644423350 0.045683183157278914 118
1757644423455 0.06961753251625248 119
1757644423560 0.007776609804550391 120
1757644423686 0.034116360152587816 121
1757644423797 0.40243826551391476 122
1757644423906 0.003746260217361602 123
1757644424011 0.004152941758383564 124
1757644424116 0.19690942106581713 125
1757644424221 0.0027733940479984444 126
1757644424326 0.02251514146018894 127
1757644424430 0.0051195523591386054 128
1757644424535 0.07202047528136339 129
1757644424643 0.00610200231100612 130
1757644424748 0.0035915957002975326 131
1757644424853 0.052262357585879694 132
1757644424960 0.01348726336011967 133
1757644425065 0.9490682734709922 134
1757644425171 0.5067299601114895 135
1757644425277 0.10233022707143098 136
1757644425381 0.014193073976828384 137
1757644425486 0.03401428157024386 138
1757644425590 0.10302961296864319 139
1757644425705 0.0002784815356208254 140
1757644425814 0.12092732956551647 141
1757644425920 0.003610741258569281 142
1757644426025 0.14557624112426937 143
1757644426130 0.02486145837690226 144
1757644426235 0.023205634591935913 145
1757644426340 0.07078048377373665 146
1757644426446 0.09460892587731437 147
1757644426550 0.00981707463165369 148
1757644426660 0.001983519844171373 149
1757644426765 0.038120475329466386 150
1757644426871 0.0075784642090967885 151
1757644426978 0.05602297550968988 152
1757644427083 0.08415581180045423 153
1757644427187 0.42703998220604716 154
1757644427291 0.3448527681062179 155
1757644427397 0.0036674191416512674 156
1757644427503 0.08640803461745 157
1757644427609 0.21202769796278562 158
1757644427714 0.07805400033874384 159
1757644427819 0.052284546211670856 160
1757644427924 0.18183871079329486 161
1757644428031 0.012684234605250205 162
1757644428137 0.0024228053068097682 163
1757644428242 0.07972105756859993 164
1757644428346 0.01412051489759672 165
1757644428450 0.02156639607075133 166
1757644428555 0.04929180422310237 167
1757644428665 0.04005000532005285 168
1757644428775 0.020983373766896404 169
1757644428882 0.025345500077907986 170
1757644428990 0.012437558542988201 171
1757644429099 0.10832976721317883 172
1757644429206 0.08504040153683655 173
1757644429313 0.00020064308684529378 174
1757644429418 0.002320769431005311 175
1757644429524 0.004047240221917252 176
1757644429630 0.03455158948544074 177
1757644429737 0.0011426176195538263 178
1757644429842 0.013439817762082501 179
1757644429948 0.005037280447725088 180
1757644430054 0.05627971357611524 181
1757644430162 0.4929143985332049 182
1757644430269 0.48255779047960606 183
1757644430375 0.18713723004820113 184
1757644430482 0.6502602718023333 185
1757644430597 0.1951889081833777 186
1757644430805 0.2082608114130152 187
1757644430919 0.14635155884924697 188
1757644431034 0.29045350689092847 189
1757644431146 0.5888081781808241 190
1757644431257 0.024939022768552085 191
1757644431368 0.008544866989406989 192
1757644431474 0.250753385869341 193
1757644431581 0.16736930210184492 194
1757644431687 0.0003748267712995279 195
1757644431793 0.08635903434859192 196
1757644431902 0.00328618262213345 197
1757644432010 0.36086659049323383 198
1757644432116 0.048277459929181706 199
1757644432222 0.08268181208029018 200
1757644432328 0.010038216336687788 201
1757644432436 0.0016681010089963425 202
1757644432543 0.23437764069261285 203
1757644432649 9.5487546391276e-05 204
1757644432755 0.008013925146052554 205
1757644432862 0.0007125668750282508 206
1757644432969 0.24794197509718782 207
1757644433078 0.0167766273360823 208
1757644433185 0.06858051774447489 209
1757644433291 0.0002026974941195704 210
1757644433399 0.06069627986578752 211
1757644433507 0.3073723006926556 212
1757644433623 0.22263398827426392 213
1757644433749 0.17159246443897855 214
1757644433859 0.006963292370445961 215
1757644433966 0.09472270669599123 216
1757644434074 0.0008034002633419227 217
1757644434182 0.03198571019721552 218
1757644434289 0.04340114928208034 219
1757644434395 1.314102835666806 220
1757644434502 0.008069842097365788 221
1757644434609 0.3457473815012469 222
1757644434718 0.0006861201135088276 223
1757644434826 0.013350318978822738 224
1757644434933 0.0066216272797474055 225
1757644435040 0.7219361781947776 226
1757644435152 0.0059384283709329085 227
1757644435261 0.33785511208841873 228
1757644435369 0.00027589436555856193 229
1757644435476 0.07652401682896376 230
1757644435583 0.027388923357324492 231
1757644435692 0.028026047244082235 232
1757644435800 0.6971745400647275 233
1757644435908 0.23185991362932656 234
1757644436015 0.0631151834483595 235
1757644436122 1.9132166015073684 236
1757644436231 0.06010797165604427 237
1757644436338 0.09752228278368538 238
1757644436451 0.00048575426095926713 239
1757644436568 0.02209480742240627 240
1757644436679 0.0007801865704197253 241
1757644436786 0.03746790965038197 242
1757644436894 0.02272414402290168 243
1757644437002 0.01773285227111888 244
1757644437116 0.013220017780082938 245
1757644437229 0.1686077706869474 246
1757644437337 0.08950344414181322 247
1757644437445 0.00018604630704810573 248
1757644437558 0.0491143711218634 249
1757644437666 0.06884753770524742 250
1757644437775 0.215646337403165 251
1757644437887 0.8509388991871188 252
1757644437995 0.7560120251908867 253
1757644438163 0.2543987553345427 254
1757644438279 1.417133541009169 255
1757644438419 0.019478791963034748 256
1757644438552 0.00046781398380880604 257
1757644438677 0.13061594161044887 258
1757644438798 0.07026128859917165 259
1757644438913 0.07313634962836635 260
1757644439027 0.7488624145638639 261
1757644439142 0.09345174179278178 262
1757644439262 0.24615798013519313 263
1757644439373 0.18246083323600082 264
1757644439482 0.013800128023931562 265
1757644439590 0.011378453616213412 266
1757644439699 0.061361027177173594 267
1757644439809 0.002170467593032371 268
1757644439918 0.04323754983593722 269
1757644440027 0.011426293277202522 270
1757644440136 0.006937347630909151 271
1757644440245 0.17086055554252372 272
1757644440353 0.12034242032607356 273
1757644440463 0.02656956897464058 274
1757644440574 0.2089863444222024 275
1757644440684 0.06196178761241023 276
1757644440792 0.9441224619555336 277
1757644440901 0.0712824140749825 278
1757644441010 0.2116690126970826 279
1757644441119 0.01001752831615092 280
1757644441231 0.15520546772558527 281
1757644441340 0.02573862969624952 282
1757644441448 0.5532559051789898 283
1757644441557 0.30309235430870024 284
1757644441666 0.15804845808260212 285
1757644441773 0.023617717402592133 286
1757644441881 0.18949939513176767 287
1757644441988 0.3036476791276581 288
1757644442097 1.2380654559872257e-05 289
1757644442205 0.19985259385038345 290
1757644442314 0.004501295498744165 291
1757644442421 0.09120135478244903 292
1757644442529 0.037412083811012097 293
1757644442636 0.10036464489419286 294
1757644442743 0.15752877491187967 295
1757644442851 0.040653333268561034 296
1757644442960 0.014987068286746164 297
1757644443067 0.062398061047993995 298
1757644443174 0.004390991631417761 299
1757644443288 0.17620011912737096 300
1757644443398 0.06211389183756983 301
1757644443508 0.06400946661518742 302
1757644443626 0.004854279980261725 303
1757644443753 0.33080467743575187 304
1757644443864 0.28378950272734665 305
1757644443973 0.45393935227895077 306
1757644444082 0.05615796035831485 307
1757644444191 0.0020016097867470496 308
1757644444300 0.06838022367374827 309
1757644444410 0.5098913648899939 310
1757644444519 0.004225707265509841 311
1757644444629 0.0003254611059753601 312
1757644444741 0.0005464328647403607 313
1757644444854 0.09113141936006221 314
1757644444964 0.11653182511407473 315
1757644445074 0.0036675964762136553 316
1757644445183 0.1440675120130214 317
1757644445295 0.46749775735791527 318
1757644445407 0.04986270077172573 319
1757644445519 0.002408609010327677 320
1757644445631 0.22775478318899706 321
1757644445741 0.055544010703337955 322
1757644445865 0.10734688200039837 323
1757644445981 0.005084274976517881 324
1757644446093 0.04240680515725483 325
1757644446207 0.014978451533335968 326
1757644446319 0.5509232093783063 327
1757644446429 0.3156776827692333 328
1757644446539 0.10420956032940545 329
1757644446649 0.43903747929245573 330
1757644446759 0.034187155970566784 331
1757644446869 0.6824130723873736 332
1757644446977 0.04045772986297194 333
1757644447087 0.0071636676791664656 334
1757644447197 0.24639518598585525 335
1757644447311 0.04000643908947761 336
1757644447421 0.13377773998945497 337
1757644447530 0.35385272474379914 338
1757644447640 0.1810693622970594 339
1757644447751 0.03499598863813181 340
1757644447861 0.17399940889250048 341
1757644447972 0.0007599970906009796 342
1757644448082 0.1762565719642192 343
1757644448192 8.785938096850998e-05 344
1757644448303 0.15330560024338646 345
1757644448418 0.010784327446572612 346
1757644448528 0.00013083841700673934 347
1757644448642 1.3102236734927144 348
1757644448762 0.00015098116791779697 349
1757644448874 0.5470255066375321 350
1757644448986 0.027782886674544496 351
1757644449095 0.0010080270596275814 352
1757644449205 0.12124782510999962 353
1757644449317 0.003142331943183404 354
1757644449432 0.25501211129505613 355
1757644449542 0.036891597354225814 356
1757644449653 1.1748002483872106 357
1757644449764 0.0653590532856872 358
1757644449873 0.035448889907999805 359
1757644449985 0.07772639389227684 360
1757644450096 0.10201563489560492 361
1757644450207 0.008455845630937875 362
1757644450317 0.25376397491476915 363
1757644450428 0.18931874384513167 364
1757644450538 0.002170392044890023 365
1757644450649 0.13996580725972918 366
1757644450760 0.021974079168024248 367
1757644450876 0.08673533874320354 368
1757644450984 0.09893360073732158 369
1757644451092 0.058915363145723446 370
1757644451202 0.16536425131614288 371
1757644451312 7.433037785176258e-07 372
1757644451427 0.012466486227535233 373
1757644451539 0.11788705010710972 374
1757644451651 0.06993117325352896 375
1757644451761 0.15021245297489214 376
1757644451873 0.009726401942899233 377
1757644451984 0.26505861459248264 378
1757644452094 0.15445898715541975 379
1757644452204 0.07630172884842595 380
1757644452314 0.2555088290066478 381
1757644452425 0.0006012619069340476 382
1757644452533 0.011054554039135593 383
1757644452643 0.02230754830056235 384
1757644452751 1.5931134370099098 385
1757644452862 0.037000275083235196 386
1757644452972 0.0036332475984151833 387
1757644453081 0.0018552989808150956 388
1757644453192 0.015849013224940315 389
1757644453302 0.8777635718913993 390
1757644453415 0.5215561715785506 391
1757644453528 0.099600281104463 392
1757644453646 0.015838387917507597 393
1757644453775 0.062083958635469984 394
1757644453893 0.0369798739172037 395
1757644454005 0.11344701503912473 396
1757644454117 0.4788419132459128 397
1757644454228 0.07444937626962578 398
1757644454340 0.11132475383408348 399
1757644454452 0.06901150538090758 400
1757644454563 0.13009650299272965 401
1757644454676 0.19840271296210413 402
1757644454789 0.002518334254163317 403
1757644454901 0.031527255414673085 404
1757644455014 0.24355983719241506 405
1757644455125 1.2598935526489417 406
1757644455237 0.15245477167582527 407
1757644455348 0.01826920884377257 408
1757644455463 0.008117288876112468 409
1757644455576 0.049860132003128915 410
1757644455741 0.16156047921554734 411
1757644455864 0.012884693105497155 412
1757644455977 0.0004248370590441504 413
1757644456089 0.5248331881237802 414
1757644456204 0.16339630816558112 415
1757644456316 0.0006745650833462057 416
1757644456429 0.03997593142934671 417
1757644456541 0.07846111357120308 418
1757644456654 0.5259039060398834 419
1757644456766 0.04020720107120368 420
1757644456878 0.15789685306593385 421
1757644456990 0.4073637315214234 422
1757644457102 0.07216462093273732 423
1757644457214 7.13644542453572e-05 424
1757644457326 0.08024444864790703 425
1757644457439 0.02887448031373765 426
1757644457556 0.1608580972239133 427
1757644457669 0.07257816451127015 428
1757644457866 0.00040109459386599545 429
1757644457987 0.27541610337052114 430
1757644458101 0.013348421553230131 431
1757644458214 0.1419117375868037 432
1757644458327 0.14071482868046473 433
1757644458439 0.05518146699449871 434
1757644458551 0.21733145310955154 435
1757644458668 0.0021395610304121297 436
1757644458792 0.10747081952592043 437
1757644458912 0.40971041153649884 438
1757644459025 0.06251810371513436 439
1757644459138 0.273797676352876 440
1757644459251 0.2043714535706974 441
1757644459365 0.08137647533300328 442
1757644459478 0.063986420398022 443
1757644459598 0.010225866059061397 444
1757644459711 0.11358485646948885 445
1757644459825 0.009943917721992952 446
1757644459938 0.022440778857207654 447
1757644460051 0.015013571787178255 448
1757644460164 0.010401602594132331 449
1757644460276 0.03284887647140318 450
1757644460389 0.0015893914435919866 451
1757644460503 0.2713138551036108 452
1757644460619 0.003862345913891725 453
1757644460735 5.114265101666962e-05 454
1757644460848 0.022792918965011007 455
1757644460960 0.6140632889472225 456
1757644461073 0.049868686956995825 457
1757644461186 0.5745584401149868 458
1757644461297 0.0015461817492093653 459
1757644461408 0.19238823965244709 460
1757644461518 0.1620498933285564 461
1757644461636 0.0502516917270763 462
1757644461750 0.021213644362214845 463
1757644461863 0.9223077462915825 464
1757644461975 0.018523788224637083 465
1757644462084 0.24352052404826202 466
1757644462196 0.0006760942572663565 467
1757644462308 0.03347778224898332 468
1757644462420 0.03390976634644915 469
1757644462532 0.09896467922521318 470
1757644462641 0.002269149882919629 471
1757644462754 0.08922035634174853 472
1757644462865 0.3743250342627839 473
1757644462977 0.2179659242965408 474
1757644463089 0.002574940288959728 475
1757644463199 0.003941618031143392 476
1757644463313 0.044492634011991626 477
1757644463424 0.10851253276366325 478
1757644463537 0.06708325114647308 479
1757644463659 0.0019709888390819197 480
1757644463792 0.04573127165503401 481
1757644463909 0.0006507932995718678 482
1757644464023 0.9007956209636828 483
1757644464136 0.016700293595404862 484
1757644464249 2.000769100389551e-06 485
1757644464362 0.2474548783305346 486
1757644464477 0.06388929187155458 487
1757644464591 0.007547020064021121 488
1757644464705 0.029102012716991015 489
1757644464820 0.030029300179480235 490
1757644464934 0.2602033904808059 491
1757644465048 9.658266202246844e-05 492
1757644465161 0.4292828940993464 493
1757644465275 0.08369644395346983 494
1757644465385 0.10645851533734561 495
1757644465499 0.05393172112594476 496
1757644465614 0.07170216543402283 497
1757644465730 0.00041347837096345657 498
1757644465843 0.12066862520671205 499
