1757645723843 0.4079627609743459 0
1757645723945 0.1312770310913677 1
1757645724060 0.00439420241134113 2
1757645724155 0.01444138725933017 3
1757645724247 0.07184786931013118 4
1757645724341 0.041931381506466955 5
1757645724434 0.34029798371389774 6
1757645724529 0.03186865088738221 7
1757645724631 0.03635315255786903 8
1757645724727 0.17211141669866856 9
1757645724821 0.0003843516828145378 10
1757645724915 0.02251260224100034 11
1757645725009 0.03822054537434397 12
1757645725110 0.18048733927536062 13
1757645725207 0.015347668652525008 14
1757645725304 0.01284612002520032 15
1757645725398 0.039696132848514934 16
1757645725493 0.0053781894246274775 17
1757645725588 0.001959414478937125 18
1757645725685 0.07035828158125497 19
1757645725782 0.13420914671362216 20
1757645725879 0.463419496881987 21
1757645725990 0.013346612900999389 22
1757645726090 0.0421713887940041 23
1757645726184 0.06331746759417613 24
1757645726278 0.006250595005510373 25
1757645726373 0.0075810828793537975 26
1757645726467 0.18505778725693783 27
1757645726565 0.2680201005713081 28
1757645726661 0.00014234567154673052 29
1757645726757 0.3107170961941154 30
1757645726852 0.018846042193425915 31
1757645726947 0.00046842666473519433 32
1757645727052 0.014330357934176597 33
1757645727152 0.2563883709982727 34
1757645727250 0.0779957108501257 35
1757645727345 0.031655369671316894 36
1757645727441 0.017800018611981553 37
1757645727536 0.014523122254655383 38
1757645727631 0.026014201655928496 39
1757645727726 0.000295660325604709 40
1757645727822 0.01040412417970588 41
1757645727918 0.03916105828241619 42
1757645728020 0.3072997719699874 43
1757645728115 0.7748820632556858 44
1757645728210 0.006538528256256187 45
1757645728306 0.035544764145739385 46
1757645728411 0.12164002649202423 47
1757645728508 0.26752456998178553 48
1757645728602 0.24169202725044434 49
1757645728697 0.0007594988817480459 50
1757645728792 8.597410711827579e-07 51
1757645728887 0.08254005908414451 52
1757645728995 0.21508788429205844 53
1757645729099 0.16973486887897057 54
1757645729195 0.020681383332222098 55
1757645729292 0.11676062706631554 56
1757645729388 0.003422214911918231 57
1757645729482 0.513922256231176 58
1757645729579 0.031114409917066176 59
1757645729675 0.1413359329162992 60
1757645729771 0.012680959319238886 61
1757645729866 0.03762109722839375 62
1757645729974 0.0974143089322469 63
1757645730073 0.040140836921717056 64
1757645730174 0.008139675252934403 65
1757645730272 0.435739133818836 66
1757645730369 0.09025102838365182 67
1757645730464 0.3330861633758857 68
1757645730559 0.02981215461200732 69
1757645730655 0.4757959760111121 70
1757645730749 0.04090539997466919 71
1757645730843 0.38659386148462144 72
1757645730941 0.18855829171272478 73
1757645731038 0.1190243121970566 74
1757645731133 0.16388106453443702 75
1757645731230 0.48307761098003493 76
1757645731325 0.5631243504287367 77
1757645731422 0.10821061845523249 78
1757645731519 0.020964822807120167 79
1757645731614 0.08827438262578585 80
1757645731711 0.22725989795445353 81
1757645731806 0.006461341766705282 82
1757645731900 0.10462202856850299 83
1757645732001 5.7943536784509465e-05 84
1757645732106 0.005766737341556737 85
1757645732205 0.05656739266410087 86
1757645732302 6.995183175972524e-05 87
1757645732398 0.17870088104417958 88
1757645732495 0.045344644329283014 89
1757645732591 0.07846816930659645 90
1757645732687 0.007917267861499976 91
1757645732784 0.2686524400915444 92
1757645732877 0.00034606020727731286 93
1757645732973 0.188142587957842 94
1757645733070 0.2986546847785636 95
1757645733166 0.5263992747333018 96
1757645733263 0.10435862846402291 97
1757645733361 0.21996282013100182 98
1757645733457 0.001246644323100319 99
1757645733552 0.027807754952375786 100
1757645733648 0.09057845221873477 101
1757645733746 0.00842481334363658 102
1757645733843 0.5534292607839824 103
1757645733939 0.0002511440198008305 104
1757645734154 0.002994517671423146 105
1757645734255 0.829005337302447 106
1757645734356 0.1520858068326596 107
1757645734453 0.1456041206642475 108
1757645734551 0.0021927348032424435 109
1757645734648 0.15457949325059073 110
1757645734744 0.9788509934854656 111
1757645734841 0.1960044817403418 112
1757645734938 0.1554570419669153 113
1757645735034 1.8813297190873308e-05 114
1757645735135 0.07925983537526186 115
1757645735233 0.11724274226872446 116
1757645735333 0.15663436127387037 117
1757645735429 0.03260531258377521 118
1757645735528 0.039973124016944146 119
1757645735634 0.007315917705986062 120
1757645735733 0.8163162946817112 121
1757645735831 0.10171069118071202 122
1757645735930 0.0024791272680082096 123
1757645736026 0.04339561830455737 124
1757645736132 0.08453706155227234 125
1757645736229 0.2628972652842258 126
1757645736326 0.0220914548104079 127
1757645736428 0.07319598016872972 128
1757645736526 0.03403981593228307 129
1757645736625 0.4514524838445955 130
1757645736725 0.002631553451461494 131
1757645736822 0.03994302050838044 132
1757645736919 0.0007338999106197833 133
1757645737018 0.031396314765601945 134
1757645737115 0.0050597758650685895 135
1757645737213 4.3216029197867916e-08 136
1757645737311 0.1683277537233499 137
1757645737408 0.022650337713954683 138
1757645737506 0.0028495093461500622 139
1757645737605 0.24322492456648237 140
1757645737702 0.0023714024775019164 141
1757645737800 0.034283508754127986 142
1757645737896 0.07756378005402464 143
1757645737993 0.1310729021063403 144
1757645738092 0.053813567332642594 145
1757645738196 0.04204829713435762 146
1757645738295 0.1297542791472675 147
1757645738391 0.027090916646539148 148
1757645738490 0.00469767916063916 149
1757645738587 0.12134502424007727 150
1757645738684 0.09754870805737935 151
1757645738782 0.004428176998537844 152
1757645738881 0.10357925728151023 153
1757645738988 0.08305962810174837 154
1757645739094 0.007787695244017709 155
1757645739193 0.40370712022292665 156
1757645739290 0.020599503969793858 157
1757645739392 0.6016511025995734 158
1757645739492 0.02273011327813447 159
1757645739592 0.04778649004936759 160
1757645739692 0.127099641982441 161
1757645739790 0.014434364571680795 162
1757645739887 0.12905581920068718 163
1757645739987 0.003500973751344994 164
1757645740089 0.25738689333185283 165
1757645740192 6.366438205123194e-05 166
1757645740292 0.053011323752090965 167
1757645740391 0.5335610469876261 168
1757645740489 0.9601959799028397 169
1757645740588 0.20881216741397804 170
1757645740686 0.02151854752595443 171
1757645740783 0.003020902258994244 172
1757645740880 0.010523308935293955 173
1757645740978 0.5994381145886695 174
1757645741075 0.24880280078823558 175
1757645741175 0.5212484353994992 176
1757645741274 0.0030245276809475244 177
1757645741372 0.7854947367847301 178
1757645741470 0.011829281289035161 179
1757645741569 0.04076081993068218 180
1757645741667 0.16877499210156202 181
1757645741765 0.0011198027946056933 182
1757645741864 0.01508313000839315 183
1757645741963 0.05287725929980833 184
1757645742064 0.0005309289635848745 185
1757645742166 0.13696924493375487 186
1757645742270 0.1353408122546996 187
1757645742370 0.10589516912770003 188
1757645742471 0.09420434135284883 189
1757645742568 0.12227098673637411 190
1757645742666 0.006318736033518124 191
1757645742766 0.046145789618623916 192
1757645742864 0.013225003316986214 193
1757645742963 0.07086420841216191 194
1757645743064 0.15095519805394264 195
1757645743162 0.0122019993184041 196
1757645743261 0.8809653100180556 197
1757645743360 0.008453116251135559 198
1757645743459 0.004560532532204859 199
1757645743561 0.36952670455074976 200
1757645743660 0.07967028649547381 201
1757645743760 0.009681327930423915 202
1757645743859 0.47252916292167746 203
1757645743964 1.7755960254767864 204
1757645744085 0.00497555542104717 205
1757645744187 0.2555503958703139 206
1757645744291 0.27545725617868433 207
1757645744390 0.0005850451487704707 208
1757645744489 0.1545441346255901 209
1757645744587 0.0015175886337077118 210
1757645744687 0.07092110359895039 211
1757645744787 0.8213544879059421 212
1757645744886 0.09944188636539514 213
1757645744985 0.05746182966495762 214
1757645745086 0.00012905041357183454 215
1757645745186 0.0645946846196129 216
1757645745287 0.24266026405165628 217
1757645745388 0.29420815801659955 218
1757645745488 0.0042857496259389545 219
1757645745586 1.4187027497963652e-09 220
1757645745698 0.01194275639385233 221
1757645745812 0.003189890601165578 222
1757645745914 0.04811001869981816 223
1757645746016 0.09973419668779773 224
1757645746119 0.017590245442075284 225
1757645746218 0.02827458941645308 226
1757645746324 0.01694934946020704 227
1757645746426 0.03336430295089563 228
1757645746526 0.09834418350909375 229
1757645746628 0.00026969751693512513 230
1757645746730 0.0007289076344521292 231
1757645746830 0.023158897830676182 232
1757645746929 0.013403113923338173 233
1757645747030 0.04881906625823469 234
1757645747134 0.00013555860956161901 235
1757645747234 0.029248322990621908 236
1757645747337 0.16666813471669303 237
1757645747436 0.7512355288076595 238
1757645747539 0.05511313693297061 239
1757645747637 0.006031733289016841 240
1757645747737 0.03136709826016676 241
1757645747838 0.5301279063887393 242
1757645747939 0.4005197994955703 243
1757645748037 0.058000556467611965 244
1757645748137 0.004436502283789621 245
1757645748238 0.019259802787246347 246
1757645748343 0.05445182277578897 247
1757645748445 0.004371719718441137 248
1757645748547 0.01621095555107888 249
1757645748646 0.12842941433890512 250
1757645748760 0.010221872750694238 251
1757645748862 0.0025477581294812693 252
1757645748968 0.3265393434457173 253
1757645749095 0.11519934562732219 254
1757645749198 0.014227062829956047 255
1757645749297 0.012791415381706417 256
1757645749398 0.2841652706305285 257
1757645749498 0.1026354658184856 258
1757645749599 0.01151837182911494 259
1757645749700 0.032598416488105804 260
1757645749801 0.002972503023146827 261
1757645749901 0.11345631702916058 262
1757645750001 0.10435857013551283 263
1757645750171 0.00597266776925379 264
1757645750276 0.0002537788936204864 265
1757645750386 0.14451032842119343 266
1757645750487 0.48652779351980724 267
1757645750586 0.17665986215899052 268
1757645750697 0.0032800747726896744 269
1757645750819 0.005878734911613446 270
1757645750920 0.0023300883924846022 271
1757645751022 0.00039007186892181186 272
1757645751122 0.10063521328340087 273
1757645751223 0.07996263698821586 274
1757645751324 0.003721530334569734 275
1757645751424 0.012894195304490793 276
1757645751526 0.05419161985745076 277
1757645751627 0.05624674366527176 278
1757645751728 1.2537977783788083 279
1757645751828 1.6504749152973366 280
1757645751929 0.1552590986054998 281
1757645752029 0.0013118526953628366 282
1757645752131 0.21911442434851217 283
1757645752233 0.13134651993369006 284
1757645752334 0.03639669466187574 285
1757645752441 0.0008456367687308586 286
1757645752541 0.005219070908021335 287
1757645752642 0.041751075232057594 288
1757645752747 0.02694578190434852 289
1757645752849 0.008050360698295435 290
1757645752950 0.11852235337335995 291
1757645753051 0.021713212022576582 292
1757645753153 0.1628364913874391 293
1757645753254 0.21391702702911095 294
1757645753357 0.3836657839390001 295
1757645753458 0.08319216180491261 296
1757645753559 0.2973579284955229 297
1757645753660 0.00925716251837447 298
1757645753761 0.24424999202653294 299
1757645753868 0.0696014529082525 300
1757645753977 0.012914655891296615 301
1757645754108 0.0009509918779313866 302
1757645754212 0.00043088013591026223 303
1757645754315 0.0001452525455668901 304
1757645754479 0.06456162434630755 305
1757645754586 0.02924730454191628 306
1757645754689 0.0013192277843909145 307
1757645754790 0.08173216292030712 308
1757645754891 0.10507317297731968 309
1757645754993 0.017570128187656724 310
1757645755096 0.2920910641620424 311
1757645755199 0.1330203879678889 312
1757645755301 6.461433229453892e-05 313
1757645755402 0.10635402468579147 314
1757645755503 0.16317276338605133 315
1757645755604 0.039311921103352326 316
1757645755707 0.051190754328328154 317
1757645755810 0.1578421466919643 318
1757645755912 0.13667826977162728 319
1757645756015 0.10038623907394718 320
1757645756117 0.02259916402090848 321
1757645756219 0.00014668765148552156 322
1757645756321 0.007499798260901275 323
1757645756424 0.0955233519056444 324
1757645756532 0.03428627781698735 325
1757645756635 0.005437683975668935 326
1757645756736 0.0110709223204382 327
1757645756838 0.5165778483316292 328
1757645756939 0.1579516590181192 329
1757645757043 0.0005727383646186439 330
1757645757146 0.19516435789601716 331
1757645757248 0.04728202265741408 332
1757645757350 0.6101694059867697 333
1757645757453 0.053210607071025054 334
1757645757558 0.022459297621016457 335
1757645757663 0.26528636375822384 336
1757645757765 0.0006638894259721223 337
1757645757869 0.031303018442057046 338
1757645757976 0.046534923408021546 339
1757645758078 0.38866456872388466 340
1757645758184 0.07665713593635223 341
1757645758289 0.03585975562202982 342
1757645758392 0.0003710112504486049 343
1757645758500 0.09604419521018895 344
1757645758603 0.05132479856614361 345
1757645758705 0.16755096684572 346
1757645758809 1.3786415654934311e-05 347
1757645758913 0.05057650601335175 348
1757645759028 0.31112367268841473 349
1757645759133 0.3143654349242059 350
1757645759236 0.019584366929969434 351
1757645759342 0.085128434192037 352
1757645759447 0.17853378832387662 353
1757645759551 0.029424278837499342 354
1757645759653 0.12832726296464902 355
1757645759756 0.28526042447278044 356
1757645759862 0.22828594476860556 357
1757645759965 0.01630511553151881 358
1757645760072 0.019008101269448217 359
1757645760176 0.03509083219253065 360
1757645760279 0.034611023217794794 361
1757645760382 0.2180539968560138 362
1757645760485 0.04481278507416783 363
1757645760595 0.015737423693208956 364
1757645760698 0.06101387483187085 365
1757645760802 0.017387858483351483 366
1757645760904 0.0004941077041347753 367
1757645761007 0.01211451570075856 368
1757645761110 0.0013446934962378701 369
1757645761215 0.3280359772839424 370
1757645761318 0.012186650035981215 371
1757645761421 0.009197897768080708 372
1757645761524 0.017853805146504143 373
1757645761627 0.020710216988025176 374
1757645761730 0.13704919717809164 375
1757645761833 0.01467586113316284 376
1757645761936 0.027733584911383447 377
1757645762039 0.01764052265235596 378
1757645762143 0.43960576162226983 379
1757645762247 0.002383258544548489 380
1757645762350 0.3722607982298881 381
1757645762454 0.013511240083315433 382
1757645762563 0.054146987219799395 383
1757645762667 0.1187678264805796 384
1757645762772 0.00015651337376669495 385
1757645762875 0.11033552872892059 386
1757645762980 0.027743382193851807 387
1757645763085 0.13190744772478144 388
1757645763188 0.05806098861599066 389
1757645763290 0.007216217902090821 390
1757645763394 0.048292323625581494 391
1757645763498 0.00312571626332749 392
1757645763602 0.10903720362310307 393
1757645763706 0.17538231724797443 394
1757645763811 0.4763269835437698 395
1757645763914 0.519070172642945 396
1757645764030 0.06598018875054391 397
1757645764141 0.002652541896475214 398
1757645764247 0.06147023434674595 399
1757645764351 0.024349954410515694 400
1757645764454 0.4401154429974456 401
1757645764557 0.4259071272445206 402
1757645764667 0.19989132912054203 403
1757645764772 0.16292036261948 404
1757645764876 0.04626125328041278 405
1757645764980 0.004574265787024196 406
1757645765086 0.047746208436184726 407
1757645765190 0.03234573955681511 408
1757645765294 0.09601816534711208 409
1757645765406 0.07257297585454928 410
1757645765512 0.2522307543197914 411
1757645765616 0.01090548860622408 412
1757645765719 0.020260942825933468 413
1757645765832 0.429491537870064 414
1757645765940 0.003627062286000778 415
1757645766049 0.3548574591409984 416
1757645766156 0.07243167218908259 417
1757645766260 0.06378769337062545 418
1757645766368 0.011534041025707629 419
1757645766472 0.08566798686041187 420
1757645766578 0.0011070972659386004 421
1757645766688 0.30385075260430205 422
1757645766794 0.008236835764890973 423
1757645766899 0.4134434395207919 424
1757645767004 0.00937696625979989 425
1757645767109 0.00460575860503193 426
1757645767214 0.23711414505303338 427
1757645767321 0.2089707547269267 428
1757645767429 0.4979888873864474 429
1757645767533 0.2586066755303205 430
1757645767638 0.0032344580086380802 431
1757645767743 0.12581691627695557 432
1757645767850 0.0027568938465625573 433
1757645767956 0.2672354499245295 434
1757645768060 0.03903638747495397 435
1757645768165 0.35976967155684236 436
1757645768274 0.0031650134943539167 437
1757645768377 0.05084774799715559 438
1757645768483 0.022332355801016758 439
1757645768589 0.00820702750630665 440
1757645768701 0.0020248854227598143 441
1757645768806 0.0760094530928809 442
1757645768912 0.01109737577631269 443
1757645769030 0.19356015831140116 444
1757645769138 0.02057724187373703 445
1757645769243 0.0009551319778073167 446
1757645769349 0.11540666436209641 447
1757645769454 0.016600312275940086 448
1757645769559 0.0001378341782762006 449
1757645769665 0.14929515795957143 450
1757645769771 0.012214288053993471 451
1757645769877 0.44244886370039704 452
1757645769982 0.040040924732263825 453
1757645770088 0.044946046807003134 454
1757645770192 0.00016099090662707597 455
1757645770298 0.002920111980629808 456
1757645770404 9.974923727052904e-05 457
1757645770507 0.003613736406944579 458
1757645770611 0.04758402858873593 459
1757645770721 0.10608518379525982 460
1757645770827 0.008683518241612589 461
1757645770934 0.028506241404557757 462
1757645771040 0.004564078576632768 463
1757645771192 0.2503715148697097 464
1757645771303 0.004797396754836223 465
1757645771417 0.09876438065834624 466
1757645771523 0.0018556780812666635 467
1757645771630 0.0027315773055673464 468
1757645771736 0.00459414326329602 469
1757645771840 0.027041445918074582 470
1757645771944 0.1416320387058777 471
1757645772050 0.013737761470292768 472
1757645772157 0.08543036840289701 473
1757645772264 0.8080402819297998 474
1757645772371 0.001792648271856802 475
1757645772476 0.00011168034807887615 476
1757645772582 0.014616680604326684 477
1757645772687 0.06684896411125167 478
1757645772798 0.23523266665875858 479
1757645772905 0.08762764438148643 480
1757645773010 0.013426333195659524 481
1757645773116 0.013011788372226397 482
1757645773222 0.10698325818881557 483
1757645773329 2.863528915227008e-08 484
1757645773435 0.7430042112435106 485
1757645773541 0.15507539476122342 486
1757645773646 0.0013310594014619538 487
1757645773753 0.07690028098281555 488
1757645773859 0.02431991125283685 489
1757645773968 0.020223232347760963 490
1757645774098 0.2941073537533751 491
1757645774203 0.012611789899112505 492
1757645774309 0.003623584237893184 493
1757645774414 0.007914709787851705 494
1757645774521 0.0803643673708768 495
1757645774627 0.00033204194167399295 496
1757645774734 0.050543208375713015 497
1757645774845 0.008162774443454644 498
1757645774952 0.051843827781248214 499
