1757646726246 116.01285288714827 0
1757646726312 83.16372052906551 1
1757646726376 61.204015468768084 2
1757646726442 43.150022147704256 3
1757646726504 30.117609298433294 4
1757646726565 21.588314787383545 5
1757646726626 14.938652618250343 6
1757646726686 11.036013255107898 7
1757646726749 7.085990564065799 8
1757646726817 5.250426347023701 9
1757646726879 4.093990003343718 10
1757646726940 2.7154918083105466 11
1757646727006 2.0656109204304753 12
1757646727080 1.3981752773222083 13
1757646727143 1.397218311543485 14
1757646727209 0.8546276114921612 15
1757646727270 0.7609666669441292 16
1757646727332 0.582592775769038 17
1757646727394 0.37126267086247877 18
1757646727455 0.3156306369678424 19
1757646727521 0.2550338870704371 20
1757646727584 0.25944098486856354 21
1757646727646 0.20824328023531696 22
1757646727706 0.1861093519584077 23
1757646727765 0.12252142314659305 24
1757646727825 0.13522173500257478 25
1757646727887 0.10036970971538087 26
1757646727947 0.24831990589899935 27
1757646728008 0.12553008235479793 28
1757646728071 0.16030403096635745 29
1757646728135 0.1234260083511187 30
1757646728196 0.12407972078880083 31
1757646728255 0.14526623943691008 32
1757646728316 0.17273000144052655 33
1757646728376 0.13824603089594117 34
1757646728703 0.14542817079744155 35
1757646728760 0.1075935057214999 36
1757646728817 0.10458744631706822 37
1757646728873 0.21183486557872705 38
1757646728931 0.05972674647784035 39
1757646728992 0.14976580142953586 40
1757646729059 0.07748875808010237 41
1757646729126 0.09964753723812327 42
1757646729204 0.41349435530457257 43
1757646729274 0.22608880557520142 44
1757646729337 0.12443362256423726 45
1757646729399 0.16136244751839196 46
1757646729461 0.13526504812052043 47
1757646729524 0.12557752219421758 48
1757646729586 0.14199070840516548 49
1757646729647 0.20166379846675941 50
1757646729711 0.1458390683657033 51
1757646729772 0.07131349106485288 52
1757646729844 0.22918559763849386 53
1757646729907 0.13330541670365884 54
1757646729970 0.08409190266057068 55
1757646730031 0.1646460396249302 56
1757646730091 0.1741115170289898 57
1757646730151 0.14094786683069044 58
1757646730210 0.11297028847853365 59
1757646730274 0.09702405189337841 60
1757646730337 0.12008821914991782 61
1757646730401 0.07730535082636315 62
1757646730463 0.09758679141747864 63
1757646730524 0.06876562050348586 64
1757646730584 0.13667056323422225 65
1757646730643 0.0850314386818533 66
1757646730702 0.112181385913077 67
1757646730760 0.09685436158809303 68
1757646730819 0.11544906818314493 69
1757646730877 0.18927385111469358 70
1757646730934 0.10352381722208215 71
1757646730993 0.1012036816757531 72
