1757627904942 0.02265560024230201 0
1757627905042 0.003967005313508745 1
1757627905143 0.1174752856906006 2
1757627905247 0.27048358721020266 3
1757627905352 0.0002695727480822407 4
1757627905455 0.05037050015626732 5
1757627905553 0.5276899165310023 6
1757627905650 0.1629813000540423 7
1757627905750 3.6475751985827204e-05 8
1757627905867 0.023374986596110342 9
1757627905980 0.0024295721440736025 10
1757627906089 0.01950957480866736 11
1757627906189 0.5825632582142389 12
1757627906284 0.22410911183098708 13
1757627906378 3.018578025385278e-06 14
1757627906469 0.06645054219634185 15
1757627906559 0.0019696132440670464 16
1757627906652 0.2404780771716818 17
1757627906751 0.020637149594239818 18
1757627906850 0.0414459982411998 19
1757627906944 0.33316259942804954 20
1757627907036 0.03391652720729471 21
1757627907130 0.08837783611576024 22
1757627907227 0.33053068186105783 23
1757627907332 0.1476278411987053 24
1757627907436 0.6825113791395186 25
1757627907535 0.06658723104446707 26
1757627907633 0.17469480553539116 27
1757627907725 0.013278913746740131 28
1757627907815 0.19319046850120566 29
1757627907946 0.0019256395235748452 30
1757627908047 0.09767423993148433 31
1757627908149 0.3586293836073752 32
1757627908258 2.696488636365436e-05 33
1757627908365 0.2573288733092591 34
1757627908478 0.020323960901060215 35
1757627908580 0.003908125397150008 36
1757627908679 0.019276253479902444 37
1757627908780 0.4019012054305516 38
1757627908886 0.052148077217321544 39
1757627908996 0.037751949131000606 40
1757627909101 0.14337293920253005 41
1757627909211 0.013487011334627756 42
1757627909319 0.050951798774179574 43
1757627909424 0.7578612376173943 44
1757627909522 0.0022589347381040147 45
1757627909618 0.05622315526658193 46
1757627909712 0.03435224779620409 47
1757627909804 0.35024765581654677 48
1757627909906 0.007065382242620306 49
1757627910018 0.0151227983383642 50
1757627910116 0.024319080395547202 51
1757627910230 0.061042517619659634 52
1757627910340 0.09307791925704453 53
1757627910442 0.049644887097453384 54
1757627910539 0.025333043105158465 55
1757627910638 0.06864445698866653 56
1757627910742 0.022538026827477558 57
1757627910845 0.014900415247182382 58
1757627910957 0.03675306803741181 59
1757627911062 0.09815561724166087 60
1757627911164 0.006922413865852341 61
1757627911263 0.01103361871668127 62
1757627911362 0.02071013490185076 63
1757627911460 0.005475195081348935 64
1757627911554 0.09212311170451344 65
1757627911648 0.00038846224287958066 66
1757627911744 0.8627826663223784 67
1757627911840 0.10640384883726675 68
1757627911940 0.021194351613212162 69
1757627912035 0.051292025955893425 70
1757627912138 0.01414933666251317 71
1757627912239 0.5025880543741764 72
1757627912335 0.011088761146907699 73
1757627912431 0.037746318198256995 74
1757627912529 0.013819323748552855 75
1757627912624 0.00045084449472046245 76
1757627912718 0.003686389261372609 77
1757627912812 0.061076023120516944 78
1757627912907 0.0020506200300834314 79
1757627913002 0.0893426914543544 80
1757627913092 0.00019352419562406001 81
1757627913185 0.008669761082710923 82
1757627913275 0.4075965878769421 83
1757627913366 0.16237503207999698 84
1757627913466 0.02488259947983124 85
1757627913571 0.038141321308630044 86
1757627913673 0.08121684815440405 87
1757627913772 0.02058606770484358 88
1757627913868 0.00870481067756244 89
1757627913966 0.2695479480082595 90
1757627914066 0.024102305325292346 91
1757627914176 0.027946178712779594 92
1757627914289 0.0021431676870133417 93
1757627914443 0.018758074379786764 94
1757627914557 0.18254165136687264 95
1757627914658 0.05869322240345032 96
1757627914760 0.006946539988168457 97
1757627914871 0.036167548967758846 98
1757627915002 0.014701046260961515 99
1757627915126 0.019536754529204954 100
1757627915250 0.19518978857968977 101
1757627915367 0.12873501415986524 102
1757627915522 0.07098628979316796 103
1757627915635 0.028548278173922633 104
1757627915744 4.339384538571149 105
1757627915858 0.20805872518088386 106
1757627915972 0.4400770801856356 107
1757627916094 0.10952632513537147 108
1757627916282 0.07982626506329628 109
1757627916657 0.025300653140382028 110
1757627916779 0.09439602086241183 111
1757627916902 0.11805734719999325 112
1757627917023 1.588237699978205e-07 113
1757627917138 2.7430151704980985e-05 114
1757627917254 0.04266932420664422 115
1757627917373 0.12480150872377256 116
1757627917614 8.238543731974921e-05 117
1757627917744 0.09993257244630467 118
1757627917894 0.4479215855791931 119
1757627918024 0.2627250243114974 120
1757627918144 0.0003930623984546239 121
1757627918247 0.041324943924865666 122
1757627918347 0.02516967327802508 123
1757627918447 0.060601467768276907 124
1757627918551 0.14258077451705942 125
1757627918684 0.18455107814170288 126
1757627918802 0.3506352599370505 127
1757627918918 0.04887727838323768 128
1757627919038 0.07471397283217468 129
1757627919145 0.06056309678180132 130
1757627919250 0.17163350137914477 131
1757627919359 0.0885757504982133 132
1757627919483 0.09858792292103079 133
1757627919601 0.012432441382159605 134
1757627919712 0.0025864096767466015 135
1757627919815 0.10273506634858529 136
1757627919932 0.004009325919726695 137
1757627920074 0.40346967979632864 138
1757627920194 0.09371981735978924 139
1757627920301 0.14085536143760474 140
1757627920404 0.01894009974204583 141
1757627920507 0.10440232900274381 142
1757627920607 0.007819892235583898 143
1757627920706 0.07703699514127103 144
1757627920807 0.024909436629448202 145
1757627920914 0.1290185944170261 146
1757627921017 0.0009877273954274422 147
1757627921117 0.028172726762429146 148
1757627921212 0.8603652813193257 149
1757627921306 0.08716513687964397 150
1757627921401 0.006441879835526595 151
1757627921494 0.08411686922825438 152
1757627921590 0.02058225175117328 153
1757627921695 0.16657469904002967 154
1757627921799 1.3229482519299764 155
1757627921906 0.08790299831218396 156
1757627922011 0.04632014578797702 157
1757627922120 0.11125946085053787 158
1757627922242 0.00032639925666185296 159
1757627922352 0.0001551443219270713 160
1757627922459 0.0057459607903524446 161
1757627922560 0.10491660184758407 162
1757627922663 0.03666546670627793 163
1757627922773 0.02189794301236898 164
1757627922884 0.04700084351464383 165
1757627922997 0.006225336797575499 166
1757627923110 0.10973650098270286 167
1757627923228 0.13300738791832506 168
1757627923343 0.01365772752809517 169
1757627923458 0.0012701281284320865 170
1757627923566 0.0053471704058315325 171
1757627923682 0.0281823139154104 172
1757627923798 0.001040005936922252 173
1757627923912 0.004885501969161005 174
1757627924024 1.9880394770657752e-05 175
1757627924135 0.006143815968220698 176
1757627924260 0.0018909149733881412 177
1757627924373 0.16539293066057761 178
1757627924487 0.17604538099584058 179
1757627924606 0.03267431361858188 180
1757627924722 0.002961016935161017 181
1757627924828 0.06785333183583564 182
1757627924941 0.00561717334743873 183
1757627925050 0.5552434645744656 184
1757627925149 0.08078719870171937 185
1757627925247 0.6931403398515001 186
1757627925345 0.07176061064308054 187
1757627925443 0.006377191404786075 188
1757627925548 0.055006073971792836 189
1757627925651 0.18581367813042043 190
1757627925788 0.7207299547343089 191
1757627925898 1.5229093173886474 192
1757627926018 0.078672552058665 193
1757627926127 0.13379420034478554 194
1757627926236 0.1867960496049375 195
1757627926336 0.12377113987622976 196
1757627926435 0.0004378600774547124 197
1757627926538 0.028624521256763208 198
1757627926652 0.03675786538826185 199
1757627926761 0.08072043033907232 200
1757627926878 0.071516372281775 201
1757627926991 0.33037622369050457 202
1757627927106 0.00010432898072199783 203
1757627927216 6.334009220439883 204
1757627927328 0.009248437919913352 205
1757627927441 0.046039249911213 206
1757627927542 0.020729956835070323 207
1757627927642 12.873750712052201 208
1757627927740 0.26006917939628554 209
1757627927836 4.797201476738646 210
1757627927954 0.04595486961466049 211
1757627928051 0.03705111660704823 212
1757627928147 0.10535040339283036 213
1757627928248 0.17119251345530917 214
1757627928349 0.006334210077603659 215
1757627928452 0.007594120221232124 216
1757627928555 0.009526728158523038 217
1757627928659 0.04283694979198639 218
1757627928758 0.06753809376466151 219
1757627928855 0.7723323114173051 220
1757627928952 0.23621197824205128 221
1757627929048 0.07013704766093747 222
1757627929145 0.03231254356366085 223
1757627929248 0.015237698422491086 224
1757627929353 0.0003978017175040506 225
1757627929462 0.02650871775438388 226
1757627929571 0.006287049835967375 227
1757627929686 0.0014330966735944285 228
1757627929842 0.16706664496574994 229
1757627929978 0.017245900856779933 230
1757627930085 0.025801022776355872 231
1757627930190 0.023784388626756074 232
1757627930303 0.15756828438304551 233
1757627930418 0.002589066291506213 234
1757627930528 0.21724659464986443 235
1757627930727 0.03553416771508863 236
1757627930838 0.29002473049318606 237
1757627930944 0.24263453275433927 238
1757627931050 4.018292104151239e-05 239
1757627931158 0.30351897671146144 240
1757627931270 0.07457747790503638 241
1757627931382 0.5089622400672461 242
1757627931502 0.013070382822634091 243
1757627931620 0.5496584309928889 244
1757627931738 0.12489595796211249 245
1757627931852 3.3015390204459965e-06 246
1757627931965 0.4697279590290535 247
1757627932081 0.017756687577841542 248
1757627932196 0.4280183439030694 249
1757627932312 0.08081232054998834 250
1757627932434 0.006191524493311481 251
1757627932543 0.028168491248251534 252
1757627932654 2.9497797319310015 253
1757627932769 0.002982617681654264 254
1757627932882 0.08260739425621591 255
1757627933005 0.39499131070864407 256
1757627933124 0.0035963623956224255 257
1757627933240 0.06865380880103886 258
1757627933356 0.050040412269836354 259
1757627933461 0.012614862085140982 260
1757627933561 0.0017567629010697282 261
1757627933662 0.04678173604967835 262
1757627933768 0.09238350413827061 263
1757627933874 0.1265228075764118 264
1757627933979 0.14920839089599897 265
1757627934081 0.05968963424359108 266
1757627934182 0.0022995240507291815 267
1757627934296 0.0379317266179778 268
1757627934409 0.9955798207405911 269
1757627934523 3.7285177372129703 270
1757627934631 0.003552910872648525 271
1757627934735 0.1333610041824605 272
1757627934837 0.3855534297120166 273
1757627934954 0.024103137503349692 274
1757627935075 3.548073004993844 275
1757627935188 0.009942499426634763 276
1757627935301 0.013996281865594795 277
1757627935406 0.2203252962290431 278
1757627935511 0.08197577281771486 279
1757627935617 0.0005466620705791894 280
1757627935735 0.11151370918711329 281
1757627935839 0.18724032218074302 282
1757627935944 0.0010135168436817212 283
1757627936044 0.7070303571444398 284
1757627936143 3.8292441217964174e-05 285
1757627936241 0.2589272846239329 286
1757627936338 0.016644256548802132 287
1757627936450 1.2923732121386717e-05 288
1757627936557 0.02542678932732788 289
1757627936666 0.035438015235245854 290
1757627936809 0.01721591618939025 291
1757627936933 0.012088420688194774 292
1757627937046 0.002320546910082007 293
1757627937158 0.006109219319942183 294
1757627937274 0.035001598807604714 295
1757627937411 0.23316059949642964 296
1757627937545 0.02195360836078563 297
1757627937658 0.04234804500248327 298
1757627937770 0.0004835557385107527 299
1757627937892 0.042785785805923404 300
1757627937997 0.04940903550436458 301
1757627938105 0.15143957062847796 302
1757627938218 0.1383725009637076 303
1757627938330 0.0007284376226581633 304
1757627938452 0.21977404092785016 305
1757627938567 0.0024369038479666494 306
1757627938670 0.030198422721027487 307
1757627938781 6.98718068461907e-05 308
1757627938895 1.2041251253619654 309
1757627939002 0.18175979802478892 310
1757627939113 0.43718810264539076 311
1757627939237 0.007773990442279651 312
1757627939361 0.01164664904069506 313
1757627939484 0.050659950349845814 314
1757627939593 0.04839142557306432 315
1757627939717 0.007919394449770228 316
1757627939844 0.01866667354096962 317
1757627940003 0.06283387145745198 318
1757627940129 0.009617329355100391 319
1757627940251 0.009293345325050035 320
1757627940364 0.03068831479232641 321
1757627940474 0.010766572810081558 322
1757627940597 0.003933687262315813 323
1757627940707 0.009711034177814633 324
1757627940822 37.535973977226995 325
1757627940932 0.07504909751532587 326
1757627941039 0.018294523485194333 327
1757627941147 0.0014216036175344028 328
1757627941264 0.005843934776414385 329
1757627941378 0.007925571124004091 330
1757627941492 0.10974373121830557 331
1757627941604 0.02710345057820418 332
1757627941709 0.06122069195639164 333
1757627941808 0.018373018773945423 334
1757627941909 0.1759780253459107 335
1757627942021 0.053811567388056085 336
1757627942141 0.11232524175107185 337
1757627942251 0.012739132715303003 338
1757627942353 0.0014412080744354145 339
1757627942456 9.164643965327814e-05 340
1757627942560 0.13271141922676324 341
1757627942662 0.005637684000756188 342
1757627942762 0.29217153075597996 343
1757627942862 0.9666485476281679 344
1757627942962 0.05476457410901319 345
1757627943072 0.27981046815282873 346
1757627943182 0.05383542469004028 347
1757627943293 0.007471032157475235 348
1757627943404 0.9141954673766306 349
1757627943516 0.05714813760094043 350
1757627943625 0.0015079108453365051 351
1757627943733 0.0006791562269403214 352
1757627943839 0.011419741542836512 353
1757627943955 0.048088653597709176 354
1757627944075 0.11942593865606045 355
1757627944190 0.004234590241051488 356
1757627944299 0.0188106982119457 357
1757627944411 0.03454820973728711 358
1757627944522 0.06267055158399266 359
1757627944638 0.00298793838226643 360
1757627944743 0.0050844786710886125 361
1757627944846 0.07347755540869967 362
1757627944965 0.004359614877986205 363
1757627945079 0.0004936325013597679 364
1757627945193 0.0068356427526274095 365
1757627945306 0.007957007880034056 366
1757627945473 0.29500029418856466 367
1757627945585 0.4922901270837738 368
1757627945690 0.01394845767413695 369
1757627945791 0.04748715799049386 370
1757627945894 0.7898199452731915 371
1757627945996 0.05291854376289309 372
1757627946095 0.013424311340753975 373
1757627946194 0.04983378062842976 374
1757627946296 0.009239897151573452 375
1757627946407 0.1568365722263229 376
1757627946522 0.2611787766325293 377
1757627946647 0.7229647916310357 378
1757627946765 0.04675823476916946 379
1757627946873 0.0062299539486050885 380
1757627946975 0.05459259390964618 381
1757627947078 0.014633081011999572 382
1757627947180 0.21832231693581394 383
1757627947292 0.12094947824431815 384
1757627947404 0.0531508543211933 385
1757627947515 0.001706309479545963 386
1757627947627 0.3625981567264238 387
1757627947748 0.3908358491603889 388
1757627947863 0.19092896924227057 389
1757627947985 2.5157814707964024 390
1757627948102 0.08780023254506132 391
1757627948212 0.19539894762892995 392
1757627948327 0.9368888105649378 393
1757627948441 0.09151922716512452 394
1757627948556 0.3158928134233833 395
1757627948772 0.00015542509554907226 396
1757627948885 0.05950398163101859 397
1757627948993 0.010985234065641182 398
1757627949099 0.017216046777717063 399
1757627949204 0.0017847891671079507 400
1757627949311 0.5101392531086778 401
1757627949445 3.501506672563715e-06 402
1757627949583 0.14897541830759994 403
1757627949709 0.273153553220193 404
1757627949826 0.06031211369251163 405
1757627949956 0.0062968455816954354 406
1757627950069 0.015209973378664612 407
1757627950181 0.9354022719492076 408
1757627950285 0.017007568107929118 409
1757627950391 0.03230148256416294 410
1757627950524 0.44956280900681866 411
1757627950634 0.10700394313498822 412
1757627950743 0.028912429420535176 413
1757627950852 0.00682135216478333 414
1757627950961 0.0028991296667450917 415
1757627951066 0.5833505604133385 416
1757627951168 0.002638214863827026 417
1757627951269 0.011704349868472094 418
1757627951374 0.38796355252367215 419
1757627951472 0.1718289818059026 420
1757627951570 0.017809790321551056 421
1757627951666 0.08071444123306894 422
1757627951763 0.0006302217474534344 423
1757627951860 0.0038185524671551603 424
1757627951970 0.8420485951859926 425
1757627952078 0.016187026518928192 426
1757627952183 0.30382965870845563 427
1757627952299 0.10719361704743485 428
1757627952418 0.09393437659550295 429
1757627952536 0.06316220696088971 430
1757627952643 0.09098431976110999 431
1757627952751 0.03049477920662182 432
1757627952874 0.1763694907809771 433
1757627952978 0.0023785731557857295 434
1757627953089 0.023247229312465485 435
1757627953223 0.9861984349802203 436
1757627953337 0.0034070749663833114 437
1757627953442 0.06118382251692155 438
1757627953568 0.25833804349717926 439
1757627953674 0.10401975471682656 440
1757627953786 0.0013179050256305427 441
1757627953928 0.034528091639935685 442
1757627954052 0.05385239207455842 443
1757627954175 0.8918652133255364 444
1757627954301 0.04371517368983478 445
1757627954415 0.04452863370675551 446
1757627954542 0.3481945523589253 447
1757627954699 1.1845650342374876 448
1757627954819 0.05775290579863426 449
1757627954959 0.16638350659423468 450
1757627955075 0.040067671895792446 451
1757627955182 0.07178703694115374 452
1757627955287 0.14874165460451932 453
1757627955387 1.7911928127663683 454
1757627955488 0.44439874272715474 455
1757627955607 0.18217100775936834 456
1757627955717 0.05155663543061466 457
1757627955831 0.037455928477581495 458
1757627955950 0.0028129876781199954 459
1757627956069 0.007719915484330187 460
1757627956191 0.2910165148910708 461
1757627956316 0.0028357507530882794 462
1757627956429 0.2270436262367229 463
1757627956537 0.16481806455330028 464
1757627956644 0.07209923112105186 465
1757627956754 0.3148983564676866 466
1757627956879 0.00018570395378465768 467
1757627956989 0.13989325258883503 468
1757627957097 0.08499746260762625 469
1757627957200 0.005832053946497571 470
1757627957303 0.006718154482859732 471
1757627957415 1.454011079072436 472
1757627957529 0.002533830075821351 473
1757627957633 0.07216075580254895 474
1757627957734 0.012583732818802464 475
1757627957834 0.0635840201928796 476
1757627957951 0.39303527197468324 477
1757627958053 0.173453694922188 478
1757627958153 0.2537485566610787 479
1757627958252 0.29258456413266654 480
1757627958349 0.0042641364774811405 481
1757627958447 0.0045358445830043 482
1757627958544 0.002139757281696118 483
1757627958642 0.1575943277340448 484
1757627958744 0.03577040258857235 485
1757627958844 0.5259070002332541 486
1757627958945 0.08734153786285992 487
1757627959043 0.06724235976183991 488
1757627959141 0.11480106035907119 489
1757627959239 0.21149545083497043 490
1757627959337 0.0009795211320121542 491
1757627959435 0.025806456784461935 492
1757627959532 0.4786891263635103 493
1757627959630 0.032571104941192454 494
1757627959729 0.04486454152447068 495
1757627959826 0.14740700168914847 496
1757627959930 0.1621891164808762 497
1757627960038 0.19141555101457555 498
1757627960177 0.030787330389454786 499
