1757647681756 168.87672819721146 0
1757647681819 165.51998343291547 1
1757647681876 162.2332679736125 2
1757647681935 159.01162155911967 3
1757647681993 155.85434572237187 4
1757647682052 152.75983761504142 5
1757647682107 149.726627517348 6
1757647682162 146.75398412183532 7
1757647682217 143.8404930821028 8
1757647682274 140.98463370933425 9
1757647682330 138.1858752943887 10
1757647682393 135.44274934935237 11
1757647682450 132.7539207648815 12
1757647682503 130.1188138806057 13
1757647682563 127.53614298119277 14
1757647682631 125.00451240172266 15
1757647682688 122.52353949555531 16
1757647682746 120.0919069764622 17
1757647682860 117.70830098364122 18
1757647682928 115.37241592952408 19
1757647682996 113.08294787838553 20
1757647683056 110.83891073905544 21
1757647683115 108.63942414684932 22
1757647683172 106.48387160174458 23
1757647683232 104.37101576839768 24
1757647683290 102.30016690851832 25
1757647683348 100.27062525804766 26
1757647683407 98.28134664885206 27
1757647683464 96.33175402292238 28
1757647683521 94.42070505949846 29
1757647683578 92.5477403688718 30
1757647683636 90.71210384266668 31
1757647683694 88.91282358238361 32
1757647683751 87.14932621416638 33
1757647683811 85.4210602063372 34
1757647683869 83.72711559800972 35
1757647683926 82.06657705491688 36
1757647683982 80.43931921268118 37
1757647684039 78.8444570995062 38
1757647684096 77.28117927387918 39
1757647684151 75.74886654965199 40
1757647684208 74.24725185614429 41
1757647684264 72.77531939367276 42
1757647684335 71.3328222269338 43
1757647684398 69.91875769392335 44
1757647684458 68.53291921741626 45
1757647684525 67.17470856423428 46
1757647684594 65.84354744442686 47
1757647684654 64.53852423533546 48
1757647684714 63.25971180349442 49
1757647684772 62.006373661539946 50
1757647684830 60.777775104631175 51
1757647684889 59.57357045970809 52
1757647684945 58.39345064154843 53
1757647685004 57.23671861509717 54
1757647685062 56.10310483404853 55
1757647685120 54.99164101417363 56
1757647685179 53.902647249513784 57
1757647685238 52.83524506027276 58
1757647685296 51.78867783126495 59
1757647685352 50.763085026252675 60
1757647685412 49.75814122587381 61
1757647685469 48.77305489173449 62
1757647685525 47.80760378737649 63
1757647685584 46.8611938759731 64
1757647685642 45.933619320396865 65
1757647685700 45.02466211097724 66
1757647685757 44.13370869809223 67
1757647685836 43.259889882334996 68
1757647685897 42.40407146377722 69
1757647685959 41.565193417466524 70
1757647686019 40.74293957965711 71
1757647686077 39.93686077794947 72
1757647686136 39.14696488537335 73
1757647686195 38.37288314351795 74
1757647686254 37.614113181737636 75
1757647686313 36.87008898173538 76
1757647686371 36.140964995878804 77
1757647686428 35.426619205690166 78
1757647686485 34.72627964775417 79
1757647686542 34.04004704682526 80
1757647686601 33.36723414870582 81
1757647686665 32.707811487740976 82
1757647686723 32.06140176438548 83
1757647686780 31.428041645550483 84
1757647686840 30.807014913690626 85
1757647686897 30.198656087699828 86
1757647686954 29.602190661648397 87
1757647687011 29.017772071499564 88
1757647687070 28.444883543681268 89
1757647687128 27.88285296497855 90
1757647687186 27.332593968334912 91
1757647687244 26.793180274065982 92
1757647687301 26.264460957862227 93
1757647687360 25.746050527484172 94
1757647687418 25.23824249279476 95
1757647687474 24.740144432595983 96
1757647687532 24.25222999110357 97
1757647687591 23.77410374942997 98
1757647687648 23.305142926464036 99
1757647687705 22.845731756854377 100
1757647687762 22.395433512073026 101
1757647687820 21.953830744320047 102
1757647687877 21.52114064267032 103
1757647687933 21.097154050984827 104
1757647687993 20.681599054238042 105
1757647688050 20.274399613821565 106
1757647688107 19.875080242710727 107
1757647688165 19.483420587624003 108
1757647688223 19.10001883523195 109
1757647688280 18.724020067310786 110
1757647688338 18.35570263295416 111
1757647688399 17.994374045193087 112
1757647688456 17.640439934824784 113
1757647688513 17.293386196876526 114
1757647688572 16.953375425219516 115
1757647688631 16.620114166431012 116
1757647688695 16.293361781866285 117
1757647688755 15.973099930585017 118
1757647688813 15.65916225918335 119
1757647688872 15.351607703764643 120
1757647688931 15.049932995720727 121
1757647688990 14.754577604131109 122
1757647689047 14.464983523440205 123
1757647689104 14.181131456218926 124
1757647689163 13.902563995524144 125
1757647689221 13.629886798298017 126
1757647689282 13.362610930429447 127
1757647689359 13.100761646720844 128
1757647689419 12.843889191432723 129
1757647689478 12.59187563322222 130
1757647689539 12.345223713553438 131
1757647689598 12.103451414523223 132
1757647689659 11.866601114502501 133
1757647689719 11.634133697534498 134
1757647689780 11.406231953433451 135
1757647689839 11.183221362979797 136
1757647689899 10.964535527802418 137
1757647689958 10.750169578146014 138
1757647690016 10.539867101464665 139
1757647690074 10.33381367025461 140
1757647690133 10.131962443077825 141
1757647690190 9.9341456331605 142
1757647690247 9.740142747393637 143
1757647690307 9.55007379909438 144
1757647690367 9.363565982244683 145
1757647690428 9.181101556682925 146
1757647690486 9.001813412812243 147
1757647690545 8.826524655980034 148
1757647690603 8.654717094361354 149
1757647690662 8.485848822443861 150
1757647690730 8.320335428019558 151
1757647690790 8.158573833504224 152
1757647690848 7.9997887999330475 153
1757647690910 7.84438927975737 154
1757647690967 7.691741295001807 155
1757647691026 7.542104539476293 156
1757647691084 7.395540102119024 157
1757647691145 7.252030700904042 158
1757647691203 7.1113371940004155 159
1757647691262 6.9731195706578895 160
1757647691322 6.837989401426335 161
1757647691381 6.705270660988005 162
1757647691438 6.575457968697292 163
1757647691498 6.44810585649849 164
1757647691557 6.323125795175265 165
1757647691615 6.200892165758494 166
1757647691674 6.080955342062828 167
1757647691733 5.963496359928683 168
1757647691793 5.847950416800194 169
1757647691853 5.735242807146562 170
1757647691914 5.624315457991266 171
1757647691987 5.516046219383636 172
1757647692064 5.409707579233966 173
1757647692180 5.305227786657606 174
1757647692243 5.203284404016408 175
1757647692307 5.103150029083298 176
1757647692376 5.004764172569261 177
1757647692437 4.908779283743037 178
1757647692498 4.814371151036145 179
1757647692559 4.721817856542984 180
1757647692620 4.631447115479196 181
1757647692683 4.542548467707235 182
1757647692749 4.455366070173475 183
1757647692811 4.3700734980987415 184
1757647692874 4.286574861785748 185
1757647692935 4.204479667230624 186
1757647692997 4.124263066265356 187
1757647693058 4.045067775774882 188
1757647693119 3.9679824143810465 189
1757647693180 3.8924606243456585 190
1757647693239 3.818314283651763 191
1757647693300 3.7455311186785942 192
1757647693360 3.6739556229739563 193
1757647693420 3.604363793956245 194
1757647693480 3.5356989188025842 195
1757647693539 3.4686557882808957 196
1757647693598 3.40291109508758 197
1757647693658 3.3382277130828233 198
1757647693718 3.275291235362618 199
1757647693776 3.2131960735590264 200
1757647693836 3.152507342516378 201
1757647693897 3.092806240461771 202
1757647693957 3.034464546039418 203
1757647694016 2.9771917012817664 204
1757647694077 2.92140892100818 205
1757647694136 2.866421141363635 206
1757647694196 2.8123082799310297 207
1757647694256 2.759703091757135 208
1757647694327 2.708005740133732 209
1757647694395 2.6570425585506765 210
1757647694457 2.607297767379114 211
1757647694526 2.558847343906221 212
1757647694595 2.5112245130780835 213
1757647694657 2.464190575937938 214
1757647694718 2.418360610231463 215
1757647694784 2.3732165894540382 216
1757647694848 2.3292433636432355 217
1757647694911 2.2860707013002566 218
1757647694972 2.2435465143700553 219
1757647695035 2.2020925740971022 220
1757647695098 2.161420812976374 221
1757647695158 2.121670643882483 222
1757647695218 2.082398601509245 223
1757647695279 2.0438956263773873 224
1757647695339 2.006471827725634 225
1757647695402 1.9699208143453708 226
1757647695464 1.9336479747484179 227
1757647695523 1.897974380422601 228
1757647695585 1.8634817439153755 229
1757647695647 1.8294862475184486 230
1757647695707 1.7962317043096523 231
1757647695767 1.7635597507705025 232
1757647695830 1.7313106838723797 233
1757647695891 1.7001162835436594 234
1757647695953 1.6694241654282589 235
1757647696013 1.6392212528090255 236
1757647696086 1.6094756669439423 237
1757647696148 1.5807791698760363 238
1757647696211 1.552049633714665 239
1757647696271 1.5243524092249199 240
1757647696331 1.4973424195193525 241
1757647696392 1.4704149863651033 242
1757647696453 1.443948736398196 243
1757647696514 1.4184436461373606 244
1757647696576 1.3933967562296896 245
1757647696636 1.3688447962628731 246
1757647696695 1.3442062068168623 247
1757647696756 1.3206259077754432 248
1757647696825 1.2975132905806273 249
1757647696889 1.274724300712399 250
1757647696951 1.2523259475149515 251
1757647697013 1.2302426240844018 252
1757647697075 1.2090450963467767 253
1757647697135 1.1879624832674918 254
1757647697197 1.1671994539775576 255
1757647697258 1.1472500306625468 256
1757647697318 1.1269476943137846 257
1757647697381 1.1077919518116224 258
1757647697442 1.0888227472713956 259
1757647697503 1.0700889917572138 260
1757647697564 1.051886862106219 261
1757647697625 1.033891825789838 262
1757647697686 1.0161338826218231 263
1757647697748 0.9989987831020943 264
1757647697809 0.9822910376813697 265
1757647697869 0.9657521958307949 266
1757647697931 0.9495081122830888 267
1757647697993 0.9334447268988861 268
1757647698053 0.9178691685593469 269
1757647698114 0.9027619603995486 270
1757647698176 0.887680605777397 271
1757647698237 0.8729315111066034 272
1757647698298 0.8585452810145063 273
1757647698360 0.8445799239685334 274
1757647698422 0.8304375736271914 275
1757647698483 0.8171371097400164 276
1757647698546 0.803913025387653 277
1757647698607 0.790409340939382 278
1757647698669 0.7778970971254346 279
1757647698730 0.7653203329292028 280
1757647698791 0.7531442101162913 281
1757647698857 0.7411056873159436 282
1757647699007 0.7293350710403919 283
1757647699074 0.7177771977077316 284
1757647699140 0.7063559937959898 285
1757647699206 0.6951893737982066 286
1757647699270 0.6844775761171012 287
1757647699350 0.6737983777735655 288
1757647699419 0.6632099069570077 289
1757647699484 0.652939302167724 290
1757647699547 0.6428812704906672 291
1757647699610 0.6330764959721391 292
1757647699673 0.6233850120419251 293
1757647699738 0.6137574032538268 294
1757647699802 0.6045241391234635 295
1757647699867 0.5955787857106658 296
1757647699931 0.5866460519362482 297
1757647699995 0.577776575898913 298
1757647700060 0.5693801756683755 299
1757647700122 0.560969135137715 300
1757647700183 0.5524207928665187 301
1757647700245 0.5445217966989417 302
1757647700308 0.5368547572422567 303
1757647700371 0.5288965502975969 304
1757647700435 0.5213541817140088 305
1757647700497 0.5137935308596919 306
1757647700560 0.5063810199679253 307
1757647700621 0.4992816019485402 308
1757647700683 0.49234021744020773 309
1757647700745 0.4854253108367609 310
1757647700806 0.47857470396643104 311
1757647700879 0.4719476340378003 312
1757647700946 0.46543233333388884 313
1757647701012 0.4591608086394907 314
1757647701073 0.4530479106468868 315
1757647701136 0.4469131804911821 316
1757647701198 0.440681188139832 317
1757647701262 0.43492923858101595 318
1757647701323 0.42907598491967897 319
1757647701384 0.4235307008586555 320
1757647701448 0.4180443624924266 321
1757647701511 0.41277854539545705 322
1757647701573 0.4071128813278732 323
1757647701635 0.4018645652511565 324
1757647701697 0.3969972360702168 325
1757647701760 0.3920141529645098 326
1757647701822 0.38695604976643405 327
1757647701885 0.3823827783497598 328
1757647701946 0.37734159560550773 329
1757647702009 0.3726527823470549 330
1757647702073 0.3682889198956688 331
1757647702135 0.36385952489900786 332
1757647702197 0.359615134450947 333
1757647702260 0.35468492276187785 334
1757647702323 0.3506053485259708 335
1757647702386 0.3465516485425421 336
1757647702448 0.3425128468867927 337
1757647702511 0.33860896933710044 338
1757647702573 0.3347802917871531 339
1757647702638 0.33096415665436735 340
1757647702701 0.32703218689162766 341
1757647702765 0.3232101489752463 342
1757647702829 0.3198186112539693 343
1757647702898 0.3162330637666227 344
1757647702968 0.31286656079657943 345
1757647703033 0.3093393303184703 346
1757647703096 0.3060312384310492 347
1757647703159 0.3028003854973297 348
1757647703226 0.29950555271681717 349
1757647703290 0.29633312811032353 350
1757647703353 0.29346025235891704 351
1757647703417 0.2902770253578695 352
1757647703479 0.28728088033831406 353
1757647703546 0.28458170437082686 354
1757647703611 0.28177428839719687 355
1757647703677 0.27865313236834643 356
1757647703745 0.27613517689257194 357
1757647703812 0.27346626037488786 358
1757647703877 0.2706185781216616 359
1757647703939 0.2682555534892759 360
1757647704002 0.26581076909449575 361
1757647704066 0.2632515311714456 362
1757647704130 0.2607433045861567 363
1757647704193 0.2581995031081445 364
1757647704256 0.25601625441108317 365
1757647704332 0.2537571624658652 366
1757647704402 0.25148797210496887 367
1757647704469 0.24949220862126087 368
1757647704552 0.2473740840993173 369
1757647704620 0.24474836541294276 370
1757647704687 0.24282425564644577 371
1757647704752 0.24106119457299674 372
1757647704819 0.238863418574932 373
1757647704884 0.23712068178989576 374
1757647704954 0.23502967175987724 375
1757647705022 0.2328048753645918 376
1757647705089 0.23123305337356947 377
1757647705154 0.2294670687592039 378
1757647705218 0.2278432586079165 379
1757647705282 0.22613939518949078 380
1757647705346 0.22427335343203073 381
1757647705414 0.22248016690556996 382
1757647705477 0.2208239169624721 383
1757647705541 0.2193798617862921 384
1757647705607 0.21783442319010288 385
1757647705670 0.2162859205182152 386
1757647705735 0.21454146742672017 387
1757647705799 0.21305614130638395 388
1757647705863 0.21176550052515677 389
1757647705927 0.21020383797338815 390
1757647705992 0.20907013418880097 391
1757647706055 0.20774512371768228 392
1757647706119 0.20611318745313328 393
1757647706184 0.20458709254825827 394
1757647706249 0.20355972797821628 395
1757647706313 0.20243717603864836 396
1757647706378 0.20107813109024297 397
1757647706441 0.19986035779900574 398
1757647706505 0.19869622956621072 399
1757647706571 0.19725791930560385 400
1757647706635 0.1962654176965994 401
1757647706699 0.19518500415303758 402
1757647706764 0.1942962772157917 403
1757647706829 0.19286546965018192 404
1757647706893 0.19196554305889016 405
1757647706958 0.19081742739822866 406
1757647707029 0.1897741584479813 407
1757647707098 0.18889201813177275 408
1757647707163 0.18810875386173084 409
1757647707227 0.18671938535696397 410
1757647707292 0.1857198256391184 411
1757647707357 0.185012475740475 412
1757647707422 0.18409320865503698 413
1757647707488 0.1832976755375196 414
1757647707553 0.18254553367225748 415
1757647707617 0.18150506834293784 416
1757647707682 0.18046110394869952 417
1757647707746 0.1797467679478938 418
1757647707811 0.17903603412360683 419
1757647707880 0.17819469769208338 420
1757647707949 0.17725385612486402 421
1757647708017 0.17649906872471213 422
1757647708085 0.17586236222158075 423
1757647708153 0.17506505503362688 424
1757647708221 0.17454722930128116 425
1757647708289 0.17396474042180504 426
1757647708355 0.17268220830226078 427
1757647708419 0.17213878212530973 428
1757647708485 0.17173275614170666 429
1757647708550 0.17111999647471962 430
1757647708616 0.17048451194613085 431
1757647708681 0.17001532236039288 432
1757647708747 0.1689418332879483 433
1757647708814 0.1683786818302613 434
1757647708881 0.16800340059800528 435
1757647708947 0.1674721306620707 436
1757647709014 0.16689992065170656 437
1757647709084 0.1658902011555045 438
1757647709152 0.1655058668378569 439
1757647709218 0.16522558830874842 440
1757647709287 0.16449664764730018 441
1757647709366 0.16423399883268797 442
1757647709434 0.1636530752732395 443
1757647709502 0.1627798848968759 444
1757647709570 0.1625491543844633 445
1757647709638 0.1621464730354551 446
1757647709706 0.16165346269048408 447
1757647709774 0.1610331455850022 448
1757647709840 0.16083648426197752 449
1757647709909 0.16018026292079024 450
1757647709976 0.15975708178711262 451
1757647710049 0.15943241152230483 452
1757647710115 0.1588920390170811 453
1757647710180 0.1585784142776969 454
1757647710246 0.15796305431741656 455
1757647710312 0.15774223314055266 456
1757647710380 0.15735875041149772 457
1757647710448 0.1567974949108166 458
1757647710515 0.1566448780323637 459
1757647710580 0.1564773542246783 460
1757647710647 0.15572067478120938 461
1757647710712 0.15556684430438567 462
1757647710777 0.1551246965786452 463
1757647710846 0.15471059769369935 464
1757647710915 0.15459756537921324 465
1757647710982 0.15444536229839553 466
1757647711054 0.15378446453234643 467
1757647711126 0.15337626641655072 468
1757647711195 0.15315254237847697 469
1757647711265 0.1529101761071254 470
1757647711335 0.15273664599703335 471
1757647711404 0.15228743028088348 472
1757647711473 0.15194248695346838 473
1757647711542 0.15167024959826172 474
1757647711611 0.15145729792368168 475
1757647711680 0.15135426662017967 476
1757647711745 0.15118307700369524 477
1757647711811 0.15043296288060143 478
1757647711877 0.1503984449952111 479
1757647711943 0.15011998301068713 480
1757647712009 0.14997427568196914 481
1757647712075 0.14974921549274897 482
1757647712142 0.14949283314037298 483
1757647712207 0.1490956542339695 484
1757647712275 0.14896320690968598 485
1757647712340 0.14887546433682028 486
1757647712408 0.1484315916256687 487
1757647712475 0.14839677048399294 488
1757647712540 0.14803451082595473 489
1757647712607 0.14779419730866067 490
1757647712673 0.1478423042566843 491
1757647712740 0.14738938130357795 492
1757647712807 0.14728944426848237 493
1757647712875 0.1472644155681552 494
1757647712943 0.14687739903852548 495
1757647713010 0.14686011886352582 496
1757647713078 0.14635550199412356 497
1757647713149 0.14639890886158488 498
1757647713221 0.14642077227436842 499
