1757628224391 0.07844445414423533 0
1757628224477 0.11847840899061743 1
1757628224568 0.02052336699087482 2
1757628224656 0.13274883542429516 3
1757628224751 0.012431573389021237 4
1757628224843 0.01063521645400494 5
1757628224933 0.02306867311330996 6
1757628225067 0.010588701606771809 7
1757628225172 3.4534626368006355e-06 8
1757628225269 0.06710956620370798 9
1757628225363 0.07715328296210149 10
1757628225459 0.16424538379047307 11
1757628225555 0.005697227097796227 12
1757628225648 0.40871396917504177 13
1757628225785 0.034270894198947376 14
1757628225884 0.0009011309635992762 15
1757628225985 0.21589363657683036 16
1757628226079 0.003492256651829655 17
1757628226172 0.0009648161267326103 18
1757628226265 0.3776940439566216 19
1757628226358 0.11418304473004608 20
1757628226450 0.3564313112846476 21
1757628226541 0.005990870500537863 22
1757628226631 0.1318681631785395 23
1757628226723 0.7033068213380737 24
1757628226820 0.686196067303507 25
1757628226921 0.056699890037859677 26
1757628227012 2.232816389458672e-05 27
1757628227102 0.07872701287210805 28
1757628227194 0.008700580512645786 29
1757628227289 0.011469629587312898 30
1757628227379 0.18849028817992278 31
1757628227466 0.7997511528644481 32
1757628227553 0.09144683375051137 33
1757628227640 0.18260124923318563 34
1757628227730 0.43801129099557334 35
1757628227817 0.027667356609604378 36
1757628227905 0.05350219385420098 37
1757628228014 0.1480599023396175 38
1757628228106 0.09473525812595747 39
1757628228197 0.08470618308579844 40
1757628228286 0.0017241256632017624 41
1757628228373 0.4074630440496139 42
1757628228463 0.04467199162721412 43
1757628228552 0.08839701182447406 44
1757628228638 0.08819688028755762 45
1757628228725 0.02526199678849146 46
1757628228812 0.13322118075796854 47
1757628228900 0.0013546083142328281 48
1757628228988 0.023256379301486746 49
1757628229076 0.2989082707372624 50
1757628229166 0.17988409555180493 51
1757628229256 0.003728309454333795 52
1757628229343 0.7551125509394746 53
1757628229430 0.00010369943913264902 54
1757628229520 0.2529352508396477 55
1757628229608 0.017569341661938583 56
1757628229701 0.043515196287483106 57
1757628229833 0.1535967826723681 58
1757628229927 0.0005926329658208776 59
1757628230034 0.14326860333901004 60
1757628230127 0.12935278541939643 61
1757628230218 0.11463669147237142 62
1757628230310 0.02520862775746011 63
1757628230401 0.19527982889218778 64
1757628230489 0.0009746039718555551 65
1757628230577 0.11819837656377748 66
1757628230665 0.3135659428543258 67
1757628230753 0.012559949008158895 68
1757628230840 0.008812411098365615 69
1757628230933 0.010260324295360227 70
1757628231021 0.009874718066728768 71
1757628231111 0.029772350604141865 72
1757628231199 0.05871214349919924 73
1757628231291 7.79626380826711e-05 74
1757628231389 0.09228793316249236 75
1757628231477 0.00011820390076777139 76
1757628231564 0.03778733174802638 77
1757628231651 0.016790701036501154 78
1757628231738 0.024982787165082454 79
1757628231828 0.32234895288605675 80
1757628231918 0.009416807063031926 81
1757628232007 0.05245901815205705 82
1757628232094 0.009171977319326466 83
1757628232183 7.359703663487697e-06 84
1757628232272 0.02107361185600234 85
1757628232360 0.016149988357234815 86
1757628232448 0.0007801351491971893 87
1757628232535 0.15269392216835492 88
1757628232620 0.07229700752726272 89
1757628232706 0.0014153058396771166 90
1757628232794 0.04349237916940374 91
1757628232881 0.036099674717719375 92
1757628232970 0.41682731579019117 93
1757628233059 0.1277196398531953 94
1757628233147 0.0401675413026754 95
1757628233235 0.0024863318317033477 96
1757628233323 0.12175321059263786 97
1757628233409 0.07433822147643225 98
1757628233495 0.08612186531265828 99
1757628233584 0.0007572715076052986 100
1757628233671 0.002514646472534574 101
1757628233758 0.005383556572980471 102
1757628233845 0.007317706184334509 103
1757628233932 0.09254670646904638 104
1757628234020 0.11952294231102421 105
1757628234106 0.089098919487093 106
1757628234192 0.0036802282311998533 107
1757628234277 0.043947942467202794 108
1757628234364 0.0062744956624395925 109
1757628234456 0.5122785517294705 110
1757628234661 0.031542537408275076 111
1757628234826 0.1720154826155279 112
1757628234925 0.09302015123581422 113
1757628235042 0.01726734491257996 114
1757628235140 0.10045347909342654 115
1757628235232 0.04366658091420041 116
1757628235325 0.0017103399889677122 117
1757628235417 0.003459279873993426 118
1757628235508 0.0051562867179676735 119
1757628235597 0.19827052403066542 120
1757628235686 0.714496308519224 121
1757628235776 0.24746840988351446 122
1757628235865 0.21169564702918808 123
1757628235954 0.1320611646676977 124
1757628236043 0.012310191854716586 125
1757628236132 0.028103736615950278 126
1757628236223 0.25477064107459985 127
1757628236313 0.08971938733789843 128
1757628236400 0.0033607999848199763 129
1757628236491 0.27345999139803157 130
1757628236579 0.0001093133804361901 131
1757628236667 0.21908220255468264 132
1757628236755 0.37059489959429004 133
1757628236843 0.08543297706039642 134
1757628236931 0.009035735176344938 135
1757628237021 0.0003182764319102202 136
1757628237111 0.33551517886708976 137
1757628237201 0.002954496066855062 138
1757628237289 0.06469197894374609 139
1757628237376 0.0840956685511002 140
1757628237464 0.8693510149275193 141
1757628237551 8.669022476456983e-05 142
1757628237639 0.10875531432399631 143
1757628237726 0.43734573977560903 144
1757628237813 0.07526393504335403 145
1757628237901 0.02084203803745709 146
1757628238001 0.08576457805240326 147
1757628238091 0.0010981130193121603 148
1757628238181 0.06054046335343815 149
1757628238269 0.00587020721466469 150
1757628238358 0.04238792936729177 151
1757628238446 0.08368512766096523 152
1757628238543 0.0007361162860335958 153
1757628238633 0.018580050879960307 154
1757628238721 0.45047667591915513 155
1757628238808 0.8162053372400788 156
1757628238896 0.01300989917751707 157
1757628238985 0.0202110672235696 158
1757628239077 0.7264990072303891 159
1757628239167 0.021866448330084512 160
1757628239274 0.01289460335853693 161
1757628239404 0.0013813040635371834 162
1757628239533 0.352787632703318 163
1757628239659 0.13496474032305864 164
1757628239802 0.013879063111129854 165
1757628239934 0.1380451322413638 166
1757628240100 0.11031462008374023 167
1757628240213 0.12219470644489758 168
1757628240320 0.27069812908728075 169
1757628240425 0.028963314210084374 170
1757628240536 0.06577836872844997 171
1757628240641 0.0065370530335728495 172
1757628240754 8.781362604044082e-09 173
1757628240885 0.00017323566653853887 174
1757628241006 0.02846479440761287 175
1757628241124 0.06568657043798863 176
1757628241231 0.09798440981384932 177
1757628241335 0.028139607264987033 178
1757628241440 0.008306844193224567 179
1757628241542 0.00957867802348707 180
1757628241642 0.4104589801096033 181
1757628241741 0.02117031052940214 182
1757628241859 0.13116866784159745 183
1757628241968 0.13671665147476142 184
1757628242074 0.2281067832793919 185
1757628242188 0.47371312458240783 186
1757628242303 0.0005411463560014352 187
1757628242411 0.05300322172160052 188
1757628242520 0.17091476261807842 189
1757628242630 0.05431843115189477 190
1757628242737 0.045254720663182174 191
1757628242852 0.051400049243323497 192
1757628242967 0.03938836261000874 193
1757628243084 0.12472422327918956 194
1757628243202 0.0871067906400041 195
1757628243311 7.308267349179733e-05 196
1757628243418 0.0029140951226848282 197
1757628243529 0.22365574356685916 198
1757628243636 0.7086412563910314 199
1757628243741 0.12608847305818696 200
1757628243846 0.658928746740316 201
1757628243951 0.013902703789402313 202
1757628244053 0.09912029559872151 203
1757628244155 0.09164256561948154 204
1757628244255 0.842543879841048 205
1757628244355 0.0006189050856685332 206
1757628244461 0.06245638949500813 207
1757628244573 0.0015346231608991622 208
1757628244684 0.05155985744520528 209
1757628244798 0.05141843225788695 210
1757628244906 0.0016472922882959054 211
1757628245028 0.19160312647946487 212
1757628245139 0.10238024675077598 213
1757628245249 0.58988349555666 214
1757628245351 0.019902177754695525 215
1757628245452 0.43995102773604544 216
1757628245554 0.0005598589449587724 217
1757628245668 0.028960006728162405 218
1757628245778 0.0006026545622553715 219
1757628245903 0.006945542513857127 220
1757628246028 0.7563378173925558 221
1757628246163 0.0006177468159139287 222
1757628246285 0.8713793494352141 223
1757628246416 0.023082773524501398 224
1757628246548 0.0798885748381055 225
1757628246687 0.10217654707042712 226
1757628246813 0.013520066959509365 227
1757628246960 0.013280944694334277 228
1757628247095 0.08289910745318753 229
1757628247226 0.72070013004169 230
1757628247353 0.12428522831310812 231
1757628247485 0.09260997597474226 232
1757628247610 0.30116340201371306 233
1757628247738 0.04577659994166461 234
1757628247862 0.0006475851730352148 235
1757628247994 0.2953391609330448 236
1757628248114 0.014714649676749764 237
1757628248232 0.3210074560428487 238
1757628248360 0.006078732693064594 239
1757628248481 8.359751101896983e-06 240
1757628248600 0.08495625586997972 241
1757628248721 0.0471850056907506 242
1757628248841 0.05104656950875281 243
1757628248967 0.007410194075634807 244
1757628249079 0.7502505276455931 245
1757628249185 0.0037060203181984654 246
1757628249294 0.14236325312845868 247
1757628249410 0.6153227010433826 248
1757628249596 0.08831425596540138 249
1757628249718 0.12143391445531387 250
1757628249854 0.49751228297792155 251
1757628249983 0.10084575251830163 252
1757628250157 0.09585774146920974 253
1757628250360 0.13821015666718903 254
1757628250488 0.1104283313911704 255
1757628250601 0.021313398653881904 256
1757628250716 0.017728752371506007 257
1757628250826 0.00025179973452358164 258
1757628250931 0.006947467327903646 259
1757628251035 0.03594502214791475 260
1757628251153 0.09548155904974039 261
1757628251268 0.04608011785592064 262
1757628251383 0.06829252329804494 263
1757628251488 0.2503603436105662 264
1757628251601 0.0004941137970683569 265
1757628251706 0.1396037837000902 266
1757628251813 0.21367711349251267 267
1757628251922 0.044581039266748376 268
1757628252023 0.06911812251563437 269
1757628252135 0.13916453047925267 270
1757628252246 0.01143930520241861 271
1757628252357 0.0040427796139960405 272
1757628252466 0.006278696721138049 273
1757628252571 1.3138257483516698 274
1757628252686 0.005324889760678404 275
1757628252803 0.18687451567146954 276
1757628252917 2.3568772587686674e-07 277
1757628253033 0.23148215334016817 278
1757628253141 0.049965768471087406 279
1757628253247 0.038470031176284766 280
1757628253372 0.0015888674141204125 281
1757628253483 0.01334083138795444 282
1757628253588 0.013051975853092554 283
1757628253693 0.18624553822852216 284
1757628253797 0.08880157095531481 285
1757628253897 0.1781101097878016 286
1757628254012 0.0014520346233765523 287
1757628254112 0.044681934518252746 288
1757628254210 0.02196499446495789 289
1757628254349 0.17899576709970474 290
1757628254456 0.042922551323282605 291
1757628254552 0.07491154199244629 292
1757628254646 0.1585517721421406 293
1757628254743 0.6033178003597092 294
1757628254988 0.15956696097070266 295
1757628255150 0.0035136153005846447 296
1757628255270 0.002912637093487612 297
1757628255386 0.003934597612509217 298
1757628255500 0.006569451537882859 299
1757628255613 0.31352651616633836 300
1757628255712 0.012038243034432884 301
1757628255819 0.020075825880536875 302
1757628255917 0.04098158265780973 303
1757628256012 0.10255952635460475 304
1757628256108 0.12197682560962214 305
1757628256227 0.37784948862307877 306
1757628256333 0.16420809784045842 307
1757628256433 0.36445416443208467 308
1757628256535 0.2786666660002974 309
1757628256632 0.04318483206329535 310
1757628256728 5.939137538859656e-05 311
1757628256822 0.07236997589152011 312
1757628256916 8.07306335237701e-05 313
1757628257010 0.44174998971225143 314
1757628257104 0.08713912302234823 315
1757628257197 0.012756403837277046 316
1757628257297 0.18393865945029003 317
1757628257401 0.0104840871178615 318
1757628257504 0.04412997282044902 319
1757628257625 0.08910197980227572 320
1757628257746 0.10291957623338314 321
1757628257858 0.11202514789300878 322
1757628257982 0.020900897028746982 323
1757628258084 0.26852739788160374 324
1757628258182 0.7250039770561539 325
1757628258297 0.17296247124669192 326
1757628258394 0.0704120493939153 327
1757628258487 0.04269669388483747 328
1757628258629 0.057153971589900876 329
1757628258810 0.013501334184427 330
1757628258950 0.026003239787940106 331
1757628259092 0.1444803430279584 332
1757628259235 0.001534584176906695 333
1757628259362 0.027647490170705467 334
1757628259481 0.22940707281238318 335
1757628259585 0.5442354007935752 336
1757628259686 0.004894378651232181 337
1757628259798 0.1186915070091519 338
1757628259897 0.5045634362603887 339
1757628260006 0.004903393364541602 340
1757628260124 0.5366026487644284 341
1757628260232 0.4077264495210542 342
1757628260350 0.2929067915588211 343
1757628260450 0.0011644343864879506 344
1757628260651 0.0009983451617047332 345
1757628260772 0.022989649345778494 346
1757628260894 0.07076115802618874 347
1757628261027 0.1540736865762391 348
1757628261156 0.009729780274747846 349
1757628261272 0.008051621001013755 350
1757628261379 0.27703228815702025 351
1757628261485 0.0008173195312826158 352
1757628261588 0.0014498332189397962 353
1757628261686 0.0006650013212465714 354
1757628261784 0.09470233540352482 355
1757628261883 0.045337846079322744 356
1757628261989 0.14710725974560576 357
1757628262094 0.026384638889846972 358
1757628262193 0.27743808035640916 359
1757628262291 0.04221234216662374 360
1757628262386 0.07411282675172094 361
1757628262488 0.060102771730053045 362
1757628262590 0.007539146978875288 363
1757628262688 0.3936877966767687 364
1757628262795 0.29841403453125986 365
1757628262896 0.009345082031359711 366
1757628262997 0.4207578726335583 367
1757628263095 0.015725042039165988 368
1757628263191 0.39294893176063544 369
1757628263286 0.11448058614763958 370
1757628263380 0.26176841039993914 371
1757628263480 0.014820309626092286 372
1757628263579 0.2786702401201158 373
1757628263673 0.10215302469794968 374
1757628263767 0.002316997683320263 375
1757628263861 0.009203457313999887 376
1757628263955 0.0011991272235781956 377
1757628264047 0.04175945282489581 378
1757628264140 0.03877266288232152 379
1757628264233 0.0887541016632754 380
1757628264327 0.011561154286628794 381
1757628264420 0.11026413244993173 382
1757628264514 0.17325146429935218 383
1757628264607 2.104330208338467 384
1757628264699 0.00016915345041568428 385
1757628264795 0.11605123754252715 386
1757628264890 0.01510075099646541 387
1757628264991 0.020925770994983165 388
1757628265099 0.047445227140906515 389
1757628265197 1.2264829226313594 390
1757628265293 0.01012243465164797 391
1757628265390 6.739283419710124e-06 392
1757628265488 0.03260413707921856 393
1757628265588 0.008381723477949214 394
1757628265684 0.10762721619519722 395
1757628265781 0.038466016564488004 396
1757628265883 0.29465649292892687 397
1757628265979 0.12266973885474965 398
1757628266074 0.2953767841836989 399
1757628266168 0.15148876360454083 400
1757628266281 0.0032660744719068845 401
1757628266383 0.1009647483984174 402
1757628266480 0.001526275604535471 403
1757628266575 0.001199954876343408 404
1757628266673 0.013451216947585375 405
1757628266781 0.9698840103921337 406
1757628266878 0.16619151136017643 407
1757628266974 0.029241075518715992 408
1757628267070 0.02546466103488352 409
1757628267170 0.042459708108451136 410
1757628267281 3.3212820324834486e-06 411
1757628267395 0.019421233743482997 412
1757628267502 0.008316666966604356 413
1757628267605 0.1670853197583037 414
1757628267714 0.0010756835891873907 415
1757628267831 0.035569298173710094 416
1757628267973 0.12376633756644594 417
1757628268094 0.09597218787223914 418
1757628268229 0.00019452782222181348 419
1757628268353 0.045796200592184366 420
1757628268465 0.0023596804126551313 421
1757628268567 0.06019056834613285 422
1757628268667 0.0009614784612055042 423
1757628268766 0.8200057003967458 424
1757628268865 0.010629967314513464 425
1757628268973 0.026210855208431316 426
1757628269173 0.28194754091381385 427
1757628269287 0.03975525376396098 428
1757628269411 0.26389044455627547 429
1757628269528 0.05152715576055547 430
1757628269634 0.025106986897836175 431
1757628269736 1.5121863370900356e-05 432
1757628269841 0.006040209012933432 433
1757628269944 0.009026130568434602 434
1757628270060 0.44373381963104336 435
1757628270161 0.10360631535841221 436
1757628270261 0.31952359236848843 437
1757628270356 0.012058004818573364 438
1757628270454 0.09320365841479825 439
1757628270552 0.3775080300987337 440
1757628270649 0.020586132722407762 441
1757628270758 0.13748650143341404 442
1757628270871 0.8454018793923267 443
1757628270989 0.880900833786792 444
1757628271105 0.0691961516383916 445
1757628271209 0.0554696175290458 446
1757628271306 0.13331103976394448 447
1757628271404 0.180061066035501 448
1757628271523 0.7883759160850495 449
1757628271636 0.1688082419119074 450
1757628271739 0.2176241617973658 451
1757628271839 0.0028473454670429883 452
1757628271947 0.26530326274089827 453
1757628272049 0.22404640850417684 454
1757628272169 0.02456528158080705 455
1757628272288 0.04500561852127209 456
1757628272403 0.5025502995088619 457
1757628272523 0.09026973383130582 458
1757628272640 1.2063425409622321 459
1757628272749 0.02698814399148032 460
1757628272850 0.025334313896016394 461
1757628272959 0.014839709422812227 462
1757628273083 0.21588508189880565 463
1757628273201 0.06974122600588538 464
1757628273309 8.828742263303531e-09 465
1757628273417 0.21283576481614053 466
1757628273526 0.1103762190515701 467
1757628273648 0.43999315540599077 468
1757628273767 0.01106506875300536 469
1757628273875 0.06263204272837782 470
1757628273984 0.16512256482365445 471
1757628274111 0.05024264598214249 472
1757628274237 0.10675991776977864 473
1757628274365 0.3402638214793776 474
1757628274496 0.2205677965089926 475
1757628274636 0.4490468283086196 476
1757628274769 0.05982314331310841 477
1757628274918 0.14349031616208358 478
1757628275078 0.000976665963278382 479
1757628275203 0.0035097451943415852 480
1757628275337 0.26182834079989825 481
1757628275470 0.08686917310193107 482
1757628275584 0.16822000788590027 483
1757628275698 0.02499052367114456 484
1757628275818 0.004635891003099636 485
1757628275936 0.019469968209319753 486
1757628276070 0.008783833659731958 487
1757628276197 0.00982778702000154 488
1757628276311 0.4712377560374421 489
1757628276426 0.010997175031793515 490
1757628276541 0.015790555826405272 491
1757628276667 0.05156124658833292 492
1757628276803 0.219879321031503 493
1757628277128 0.008308598858136118 494
1757628277412 0.37390979171845684 495
1757628277973 0.07929196372062017 496
1757628278118 0.009736994224599177 497
1757628278236 0.045670956690639884 498
1757628278391 0.03842719154014595 499
