1757650993729 0.18805812754073215 0
1757650993841 0.005619820463907268 1
1757650993953 0.05970737173436295 2
1757650994054 0.8864274151722665 3
1757650994154 0.170984177856876 4
1757650994256 0.007009109967468292 5
1757650994357 0.025608657603928053 6
1757650994457 0.23121697031198862 7
1757650994560 0.01938152182430748 8
1757650994663 0.029093352638031037 9
1757650994773 0.010878022515117776 10
1757650994875 0.19462811493948456 11
1757650994989 0.15492584101490237 12
1757650995120 0.007529449622299114 13
1757650995249 0.011459948491474227 14
1757650995362 0.09461333126786763 15
1757650995472 0.029868505679213647 16
1757650995582 0.04183869043341331 17
1757650995710 0.0872795195963796 18
1757650995819 0.6813229289188937 19
1757650995928 0.03540938114828338 20
1757650996035 0.013034534325718002 21
1757650996176 0.017572175190377574 22
1757650996330 0.058144417285194365 23
1757650996489 0.01159060861214692 24
1757650996650 0.04790557011578819 25
1757650996781 0.018233904061626106 26
1757650996902 0.11045367497129083 27
1757650997024 0.042814837399337204 28
