1757635860335 31.429435374559745 0
1757635860384 5.6651174311064825 1
1757635860432 1.1097184820505248 2
1757635860480 0.33853324387444694 3
1757635860533 0.1188042907711408 4
1757635860592 0.10149785964109795 5
1757635860651 0.09355543563452806 6
1757635860710 0.11218264747406449 7
1757635860804 0.12805061292408113 8
1757635860861 0.13964669164826715 9
1757635860915 0.08690991674787751 10
1757635860968 0.11558551415763896 11
1757635861016 0.10033731776187896 12
1757635861068 0.1413695928600176 13
1757635861132 0.05994533856059561 14
1757635861192 0.059067323230593514 15
1757635861250 0.10855629220203182 16
1757635861299 0.13604233963335577 17
1757635861351 0.10426690526280316 18
1757635861401 0.1652526505695553 19
1757635861452 0.12539002682634506 20
1757635861501 0.15536392505661814 21
1757635861552 0.1229614749366733 22
1757635861604 0.1049578517859201 23
1757635861655 0.1538889809464679 24
1757635861716 0.05334281048480162 25
1757635861782 0.07765417506405303 26
1757635861840 0.10801656045646248 27
1757635861901 0.13542218256638508 28
1757635861963 0.1620692834659652 29
1757635862020 0.15973737609099337 30
1757635862075 0.12898338528640804 31
1757635862128 0.11921749709132022 32
1757635862180 0.14623511378493714 33
1757635862230 0.06957419251928595 34
1757635862280 0.10707141424467917 35
1757635862330 0.06655524665282445 36
1757635862380 0.1263711306651527 37
1757635862431 0.10865894689943337 38
1757635862482 0.17117198279445955 39
1757635862544 0.1644314806867613 40
1757635862596 0.12132430302888364 41
1757635862646 0.09176635007990755 42
1757635862693 0.10297694780785015 43
1757635862745 0.0771470981352445 44
1757635862793 0.1290410127354677 45
1757635862840 0.15829264406445986 46
1757635862901 0.14419839296316286 47
1757635862954 0.15059110145294186 48
1757635863006 0.0794910816168017 49
1757635863053 0.12418030095357627 50
1757635863101 0.08386920697240427 51
1757635863158 0.08024116125449196 52
1757635863205 0.14203534493361097 53
1757635863252 0.12888131413934878 54
1757635863402 0.09469487250779023 55
1757635863529 0.1053448513157799 56
1757635863642 0.08537092607248722 57
1757635863745 0.11844284824121395 58
1757635863836 0.09901312200741788 59
1757635863930 0.09154646748543743 60
1757635864025 0.07822980132454367 61
1757635864116 0.10312095804451066 62
1757635864189 0.10592638359267195 63
1757635864260 0.13015850245680632 64
1757635864325 0.18054206525801306 65
1757635864414 0.11758809314919985 66
1757635864502 0.13674741959706863 67
1757635864589 0.05572425979576967 68
1757635864676 0.11371839282535069 69
1757635864772 0.08192028099447435 70
1757635864861 0.09127876747147629 71
1757635864936 0.07646338788530128 72
1757635865001 0.08708695874593068 73
1757635865074 0.09637416931414709 74
1757635865161 0.13042754737585488 75
1757635865249 0.16258445486636225 76
1757635865338 0.0877384261355196 77
