1757627278125 0.001231407162426083 0
1757627278218 0.04282168470735416 1
1757627278308 0.09850591248807541 2
1757627278483 0.008838660286720385 3
1757627278622 0.508404806714781 4
1757627278716 0.0016299830909655298 5
1757627278814 0.11484220352987992 6
1757627278904 0.002621698903624069 7
1757627278993 0.25312501306388857 8
1757627279080 0.0033677419793405397 9
1757627279167 0.36788435072316206 10
1757627279257 0.07094778861888701 11
1757627279347 0.07333512222312566 12
1757627279435 0.020568409971075917 13
1757627279525 0.005681815379829828 14
1757627279613 0.11083493664557573 15
1757627279704 0.0021083415121373227 16
1757627279799 0.04152233329710331 17
1757627279900 0.006030592887388792 18
1757627279989 0.1456501597079985 19
1757627280077 0.0035268158435896447 20
1757627280166 0.00012001515333494134 21
1757627280257 1.1922657575674942 22
1757627280345 0.0976972053748506 23
1757627280431 0.04050949573938866 24
1757627280519 0.116340439606327 25
1757627280604 0.18884605090408388 26
1757627280691 0.022679781447162588 27
1757627280779 0.0012679769376894713 28
1757627280876 0.043119554906619596 29
1757627280964 0.011987363556457346 30
1757627281061 0.01872311948864665 31
1757627281157 0.22259304319377593 32
1757627281250 0.05008735592579071 33
1757627281347 0.15607606456724957 34
1757627281468 0.07224464320025965 35
1757627281558 0.03612577359949177 36
1757627281651 0.8151738994062484 37
1757627281747 0.03788766366570404 38
1757627281843 4.968950290658567e-05 39
1757627281938 0.020691519370781092 40
1757627282033 0.0751579945925344 41
1757627282125 0.1497581702890694 42
1757627282285 0.00724380430577552 43
1757627282567 0.11195544484213159 44
1757627282658 0.09410534881942097 45
1757627282750 0.012545224726328824 46
1757627282841 0.10853873580835001 47
1757627282942 0.038340845448643524 48
1757627283031 0.009920083434211994 49
1757627283121 0.6227587743924315 50
1757627283209 0.06645117721443827 51
1757627283299 0.46854381187255034 52
1757627283394 0.12005533976431731 53
1757627283484 0.00985045626494497 54
1757627283574 0.14256829222062314 55
1757627283670 0.6414756833569033 56
1757627283772 0.03006503272965682 57
1757627283941 0.4195515912765227 58
1757627284049 0.1875007122404826 59
1757627284147 0.002485704304189995 60
1757627284244 0.02866411264821935 61
1757627284337 0.033232259862900924 62
1757627284435 0.12910706603340308 63
1757627284527 0.14780402298311535 64
1757627284619 0.022527340493346964 65
1757627284705 0.07972283289666067 66
1757627284804 0.4791259477662307 67
1757627284906 0.08821168947658159 68
1757627284999 0.035857315378170676 69
1757627285088 0.30638881861345557 70
1757627285177 0.04621688205226852 71
1757627285266 4.029197442859921e-05 72
1757627285369 0.0077586696830202395 73
1757627285469 0.002437267388909068 74
1757627285568 0.03737509964084509 75
1757627285686 0.11376948998542234 76
1757627285783 0.019428244157010013 77
1757627285892 0.09337138096801302 78
1757627285987 0.007080512853238917 79
1757627286077 0.15376389043167496 80
1757627286167 0.07889275477366141 81
1757627286304 0.0016688306129326177 82
1757627286404 0.4815969043050857 83
1757627286500 0.0037415874237525398 84
1757627286591 0.013286984773287377 85
1757627286680 0.5380475991214618 86
1757627286768 0.03371707701173213 87
1757627286859 0.026078427726515224 88
1757627286955 0.261561571220618 89
1757627287046 0.07147034236179164 90
1757627287170 0.114413225905176 91
1757627287313 0.001029474852561026 92
1757627287426 3.6170380094960315e-05 93
1757627287535 0.3923044461093921 94
1757627287629 0.02132894078518046 95
1757627287735 0.029205969306623024 96
1757627287826 0.16182075819248648 97
1757627287915 0.4406209915291127 98
1757627288011 0.014217692391622136 99
1757627288105 0.001645739879999483 100
1757627288197 0.049221437659703694 101
1757627288294 0.09047508016893271 102
1757627288414 0.5801123006164183 103
1757627288582 0.1476151980332278 104
1757627288681 0.0415170832605972 105
1757627288803 0.021439583664269908 106
1757627288899 0.04366307172726011 107
1757627288997 0.8400276559496417 108
1757627289090 0.038440268376129474 109
1757627289182 0.2059601136193422 110
1757627289273 0.6085207308687365 111
1757627289365 0.0025730924580817534 112
1757627289457 0.047571729912757925 113
1757627289547 0.12932898337090568 114
1757627289639 0.000613587071100122 115
1757627289732 0.06948041615647088 116
1757627289840 0.006459689503147972 117
1757627289932 0.20313599265881954 118
1757627290023 0.12330269199482104 119
1757627290114 0.0476515753225803 120
1757627290205 0.08912850982289405 121
1757627290299 0.027696223778522582 122
1757627290390 1.0733974949080038 123
1757627290481 0.0034643565130135752 124
1757627290571 7.485331222167118e-05 125
1757627290661 0.0005671498239083895 126
1757627290752 0.026824558559015037 127
1757627290843 0.13016549435461863 128
1757627290934 0.015052327694187177 129
1757627291029 0.02368263710074174 130
1757627291121 0.015767996227286796 131
1757627291211 0.0007992339966410574 132
1757627291301 0.0008776825087155698 133
1757627291393 0.053474628582342185 134
1757627291483 0.09775569971589779 135
1757627291580 0.0019152549592623839 136
1757627291677 0.0049735633504986365 137
1757627291770 0.0007580998805456015 138
1757627291859 0.05788539760832473 139
1757627291951 0.015715063689226514 140
1757627292043 0.4241116019980789 141
1757627292133 0.06239472514817679 142
1757627292224 0.011860944506693229 143
1757627292316 0.03949797078766533 144
1757627292410 0.0010534473138504867 145
1757627292521 0.2896968246222229 146
1757627292627 0.012840273294481057 147
1757627292725 0.16355737138897575 148
1757627292822 0.015762812311510044 149
1757627292935 0.5945090797049342 150
1757627293039 0.19334378488829698 151
1757627293145 0.06459986929309777 152
1757627293248 1.1008933786413342e-06 153
1757627293343 0.02177500776620774 154
1757627293438 16.052481912115717 155
1757627293531 0.06684359210235873 156
1757627293642 0.004681454351390491 157
1757627293735 0.08672636078715151 158
1757627293827 0.07738535511456676 159
1757627293920 0.0037997346883290816 160
1757627294016 0.03365961719523898 161
1757627294109 2.4953039705518605 162
1757627294208 0.13390454366337812 163
1757627294317 0.27658145015065067 164
1757627294427 0.03463543308560002 165
1757627294535 0.014043689593444987 166
1757627294646 0.028165661292354136 167
1757627294765 0.04387624899592301 168
1757627294890 0.06990188415392186 169
1757627294986 0.05676784497704815 170
1757627295086 0.03928723298500875 171
1757627295182 0.4645004980520148 172
1757627295277 0.7766263417071237 173
1757627295384 0.027209925168286263 174
1757627295482 0.4873327710237081 175
1757627295576 0.043964241182886395 176
1757627295671 0.12609849179782656 177
1757627295772 0.1221563059508869 178
1757627295869 0.00403745048985679 179
1757627295965 0.0177907406178929 180
1757627296058 0.030528422024650347 181
1757627296154 0.0004979098909561831 182
1757627296247 0.1985808095970286 183
1757627296339 0.0020427756597820234 184
1757627296430 0.01805583534360138 185
1757627296522 0.06610966826074277 186
1757627296618 0.28809276062534 187
1757627296712 0.007698060071068954 188
1757627296805 0.4785029733536005 189
1757627296898 0.015502726086110748 190
1757627296990 0.03263376299004857 191
1757627297083 0.34969675393073796 192
1757627297182 0.04689295177610103 193
1757627297275 0.035469648746121026 194
1757627297367 0.006049776163090951 195
1757627297462 0.13640127887776715 196
1757627297555 0.5976913934799019 197
1757627297648 0.7176947187861532 198
1757627297765 0.0589744316720584 199
1757627297862 0.001510184907342178 200
1757627297956 0.017865876167611143 201
1757627298049 0.0026832839414668275 202
1757627298143 0.039798233790202836 203
1757627298235 0.02919257664383972 204
1757627298327 0.14781938785945484 205
1757627298421 0.07361906532957176 206
1757627298514 0.10117508998132478 207
1757627298606 0.006494423059515733 208
1757627298700 0.014084256938996207 209
1757627298795 0.02717863030559936 210
1757627298888 0.33055766117083707 211
1757627298981 0.15035001564142345 212
1757627299074 0.09243018172971287 213
1757627299172 0.08886463178239547 214
1757627299266 0.4366841795050693 215
1757627299359 0.0615374711199582 216
1757627299453 0.0606440874493588 217
1757627299549 0.07394113630051316 218
1757627299643 0.00685174305744714 219
1757627299736 0.035962376699492454 220
1757627299846 0.6008710385366653 221
1757627299942 0.4328015748053243 222
1757627300036 0.0026155026230444012 223
1757627300132 0.2707313433861702 224
1757627300228 0.13589478519640608 225
1757627300324 0.0006604506647754569 226
1757627300420 0.018754231386616468 227
1757627300521 0.07918250450757758 228
1757627300616 0.1464850896471617 229
1757627300711 0.4439366042054192 230
1757627300805 0.00041235469933748395 231
1757627300901 0.01847013214408072 232
1757627300994 0.0013245539789009286 233
1757627301087 0.20668334868911847 234
1757627301197 0.023884873504534745 235
1757627301349 0.12986209751500422 236
1757627301449 0.034638757671226816 237
1757627301545 0.0015282988526254307 238
1757627301640 9.049985494134174e-05 239
1757627301735 0.000891648875756755 240
1757627301828 1.07600962021103 241
1757627301921 0.04714236237085716 242
1757627302017 0.0006101170182370753 243
1757627302110 0.005176132308441364 244
1757627302205 1.4092814794395292 245
1757627302298 0.019799804681661735 246
1757627302394 0.5672249429124584 247
1757627302503 1.8224637485057849 248
1757627302603 0.15864848705133208 249
1757627302697 0.04106082583339719 250
1757627302791 0.23152993161953891 251
1757627302894 0.0024167134224410657 252
1757627302988 0.016212981915403723 253
1757627303084 0.00021670234229294796 254
1757627303179 0.04054415631283683 255
1757627303279 0.00010418761237748387 256
1757627303373 0.5317419447534693 257
1757627303466 0.02526872115894937 258
1757627303560 0.14753613634357612 259
1757627303653 0.0405509686665765 260
1757627303747 0.1106728425578628 261
1757627303841 0.07520038125850013 262
1757627303934 0.03431348489438172 263
1757627304027 0.07318189674078317 264
1757627304121 0.1435225971758641 265
1757627304215 0.0034237298297891978 266
1757627304307 0.8287752818312716 267
1757627304400 1.1908342066008548 268
1757627304495 0.012635504167905695 269
1757627304589 0.04044511749611187 270
1757627304681 0.021818313942778958 271
1757627304781 0.018493665081435698 272
1757627304887 0.049322327634243476 273
1757627304980 0.04367283532798724 274
1757627305074 0.07565835711386103 275
1757627305172 0.34807528279328315 276
1757627305273 0.1294158547228528 277
1757627305368 0.48823991846877235 278
1757627305466 0.002407121163071064 279
1757627305561 0.24508501459000787 280
1757627305656 0.2763631550038373 281
1757627305749 0.01729836155701061 282
1757627305845 0.00031054904752709193 283
1757627305941 0.004276337139448346 284
1757627306036 0.05753284301163824 285
1757627306143 0.01514454416348491 286
1757627306250 0.27037076328173554 287
1757627306347 0.02371257606032958 288
1757627306441 0.00333858947026852 289
1757627306545 0.08284417040943745 290
1757627306642 0.3654122435428665 291
1757627306741 0.22158399838160214 292
1757627306839 0.10837726271088251 293
1757627306936 0.00037632382274198394 294
1757627307036 0.0012041267126830985 295
1757627307134 0.38563513950955636 296
1757627307233 0.11721003365842708 297
1757627307336 0.12542878857403478 298
1757627307434 0.08505275980880808 299
1757627307532 1.677538747545588 300
1757627307641 0.00922204586333111 301
1757627307759 0.011400824307253784 302
1757627307862 0.019751564879118843 303
1757627307960 0.1742543516451351 304
1757627308056 0.21673087085118792 305
1757627308154 0.222717821793626 306
1757627308259 0.1862119354237917 307
1757627308358 0.23010277803198612 308
1757627308453 0.008583903221890104 309
1757627308549 0.06139452524780186 310
1757627308644 0.056821069280609995 311
1757627308746 0.049438065308985174 312
1757627308850 0.0027383208825275144 313
1757627309015 0.012070653934936617 314
1757627309120 0.1495001516982964 315
1757627309230 0.037451694281893065 316
1757627309350 0.004352669075149973 317
1757627309458 0.003447490773742307 318
1757627309556 0.7118652932210476 319
1757627309651 0.05427436168069729 320
1757627309751 0.03686714123672376 321
1757627309863 0.1579960479494049 322
1757627309960 0.0026314377118918488 323
1757627310056 0.08387149193591237 324
1757627310151 0.021159797619693412 325
1757627310251 0.24382078189542877 326
1757627310347 0.0370326241805911 327
1757627310444 0.19344487133333152 328
1757627310539 0.2296215858229268 329
1757627310634 0.15968412484288502 330
1757627310731 0.06047964999877116 331
1757627310837 0.05243118648995579 332
1757627310976 0.04299550480512303 333
1757627311176 0.21563268316938589 334
1757627311288 0.017663141622168255 335
1757627311406 0.04142672097066492 336
1757627311513 0.049238170462851664 337
1757627311611 0.1902270046511055 338
1757627311708 0.009713830279362986 339
1757627311804 0.028382539874385403 340
1757627311901 0.1467012625632488 341
1757627311996 0.005305078747296407 342
1757627312094 0.09030298095316731 343
1757627312191 1.9098904923347653e-05 344
1757627312288 0.006767691541302133 345
1757627312383 3.052427416157334e-05 346
1757627312515 0.0739599318673452 347
1757627312683 0.03141981795303021 348
1757627312787 0.13954435603075194 349
1757627312887 0.017050177429382123 350
1757627312984 0.06853349319294355 351
1757627313080 0.6753289585649004 352
1757627313177 0.0027818407537918075 353
1757627313276 0.5349679207478883 354
1757627313374 0.19824741447582175 355
1757627313475 0.07336578155348109 356
1757627313571 0.04210950291357194 357
1757627313666 0.011071417791150178 358
1757627313764 0.01599107661390626 359
1757627313860 0.06339393117387458 360
1757627313956 0.040301735112160515 361
1757627314053 0.010223739427275521 362
1757627314149 0.15717523511183154 363
1757627314246 0.012248636840332987 364
1757627314356 0.002267841658457882 365
1757627314465 0.0023401012938130536 366
1757627314594 0.09190443677617527 367
1757627314704 0.0749644814746387 368
1757627314813 0.026763138923019163 369
1757627314925 0.14854346777875477 370
1757627315051 0.36225622672155033 371
1757627315188 0.015548015114960147 372
1757627315307 0.0017644655477821048 373
1757627315425 0.0079882718235179 374
1757627315538 0.4852253633591386 375
1757627315654 0.09134366381237734 376
1757627315765 0.004457751308164849 377
1757627315887 0.006133823007978671 378
1757627316043 0.08025744975124978 379
1757627316169 0.023253420079381516 380
1757627316298 0.010672451774644511 381
1757627316442 0.0024123313888845775 382
1757627316577 0.004104981496463418 383
1757627316692 0.0003434634198671479 384
1757627316808 0.11059105852185065 385
1757627316926 0.013603836354793473 386
1757627317045 0.05889070368724272 387
1757627317162 0.14745663587334445 388
1757627317278 0.03975645615592664 389
1757627317399 0.058133528797517695 390
1757627317524 0.1069616701756 391
1757627317634 0.07687414475207996 392
1757627317760 0.14159447960403987 393
1757627317872 0.031651351323197484 394
1757627317982 0.16037370103508694 395
1757627318092 0.35917728076190536 396
1757627318200 0.021613649944717612 397
1757627318324 0.44160069396120194 398
1757627318462 0.10522988253940004 399
1757627318575 0.15496104740094258 400
1757627318690 0.0037543577007096126 401
1757627318807 0.09509815396572796 402
1757627318977 0.5812631624734262 403
1757627319094 0.05446821997557425 404
1757627319222 3.6978026547587646e-05 405
1757627319356 0.0392398948677633 406
1757627319469 0.03178786946420763 407
1757627319598 0.17443829143607215 408
1757627319717 0.007185508137811583 409
1757627319851 0.0009088819947813233 410
1757627319964 0.11578119700104315 411
1757627320077 0.2612303358501251 412
1757627320193 0.22140333972551707 413
1757627320301 0.8621661479283911 414
1757627320400 0.11725054383288634 415
1757627320510 0.05319733932654018 416
1757627320622 0.21372065054298803 417
1757627320771 0.17102606586426788 418
1757627320875 0.039536602951246044 419
1757627320976 0.1533304703431913 420
1757627321078 0.34798020401288926 421
1757627321178 0.10887153131027837 422
1757627321279 0.06878461012634078 423
1757627321386 0.09658759473260498 424
1757627321489 0.025291199547516182 425
1757627321603 0.006393403476272805 426
1757627321706 0.18434804805590507 427
1757627321811 0.4491729169253079 428
1757627321912 0.009762851808052999 429
1757627322013 0.22974102093636728 430
1757627322116 0.015438022061760046 431
1757627322216 0.028224022185830193 432
1757627322314 0.5465137659369074 433
1757627322413 0.014120291176104968 434
1757627322511 0.16121534406984592 435
1757627322625 0.06867988568627696 436
1757627322725 0.04502059884832962 437
1757627322824 0.033540082741001426 438
1757627322938 0.011637879228277382 439
1757627323045 0.07281109877525693 440
1757627323144 0.05483298008094017 441
1757627323243 0.041335004534483515 442
1757627323344 0.05881460797155964 443
1757627323456 0.8294480786692574 444
1757627323587 0.030064062170283245 445
1757627323711 0.7402214137967451 446
1757627323831 0.009151938275227334 447
1757627323947 0.010250367278016601 448
1757627324061 0.16768010244488782 449
1757627324164 0.41623960700560647 450
1757627324264 0.012320629789333945 451
1757627324363 0.0008324230688487761 452
1757627324463 0.05015808470778612 453
1757627324563 0.06932395691639134 454
1757627324697 0.014759053639914513 455
1757627324810 0.002025682759013369 456
1757627324917 0.8326654350933249 457
1757627325017 0.026029628940186535 458
1757627325126 0.00229775322196875 459
1757627325307 3.98829065428215e-06 460
1757627325435 0.1533120683351556 461
1757627325553 0.1387277411171502 462
1757627325659 0.026442313398477305 463
1757627325844 0.3362625763506545 464
1757627325958 0.07337946129972121 465
1757627326061 0.14668727286113978 466
1757627326164 0.054874544071108165 467
1757627326286 0.2511318774730043 468
1757627326406 0.04118458068249688 469
1757627326528 0.00014459775610859853 470
1757627326633 0.08647741048032846 471
1757627326760 0.0357111198888743 472
1757627326876 0.0006803906696367409 473
1757627326985 0.07834608393992686 474
1757627327093 0.09764130251038067 475
1757627327197 0.015011755123067764 476
1757627327300 0.29176169222616627 477
1757627327453 0.10521355003796934 478
1757627327586 0.029145766964916095 479
1757627327741 0.024763151234779134 480
1757627327866 0.07879794424692632 481
1757627327978 0.0038392082915362246 482
1757627328086 0.0017883460369936411 483
1757627328191 0.05322740179858185 484
1757627328294 0.038478038283346894 485
1757627328396 0.05604950785249804 486
1757627328497 0.011803528659985685 487
1757627328598 0.02718565461447825 488
1757627328698 0.0008549664505167003 489
1757627328800 0.001371589564428293 490
1757627328914 0.00035533669377056496 491
1757627329026 0.346618407496401 492
1757627329133 0.05867159704968125 493
1757627329234 0.00019321799391558046 494
1757627329337 0.11870026024618269 495
1757627329437 0.024595358259830554 496
1757627329538 0.007217220066317541 497
1757627329694 0.20838180720348307 498
1757627329833 0.2645569737261293 499
