1757629969387 0.20647263573244753 0
1757629969474 0.025328793587377024 1
1757629969564 0.07307901227403192 2
1757629969650 0.0006854413193503352 3
1757629969736 0.7329849139201106 4
1757629969846 0.28810349210352953 5
1757629969940 0.2523510317303919 6
1757629970027 0.02234449435016534 7
1757629970116 0.09385701602889582 8
1757629970214 0.1996979950617619 9
1757629970302 0.4095503477387679 10
1757629970389 0.03268654918051778 11
1757629970490 0.8720410393595897 12
1757629970582 0.23234894844059978 13
1757629970676 0.14370963267760503 14
1757629970783 0.07365969433533053 15
1757629970878 0.02282804449628476 16
1757629970966 0.013810108513305571 17
1757629971054 0.046782379011548844 18
1757629971141 0.008584190580401413 19
1757629971230 0.30977150288451405 20
1757629971319 0.21257126229080828 21
1757629971407 0.24776175433030642 22
1757629971495 0.028948804561303935 23
1757629971583 0.013145789588641113 24
1757629971669 0.25650197718543505 25
1757629971755 0.008799455043042664 26
1757629971840 0.007359662762561522 27
1757629971925 0.00022069264449351474 28
1757629972009 0.1131202033518861 29
1757629972094 0.11362456137150563 30
1757629972180 0.008665234327532441 31
1757629972266 0.06735183357914855 32
1757629972351 0.24378040800622236 33
1757629972437 2.281128635281165 34
1757629972524 0.7872210836166965 35
1757629972610 0.007586699218700219 36
1757629972694 0.31364085080690424 37
1757629972782 0.06967113036265037 38
1757629972871 0.11396994988050695 39
1757629972958 0.16816956323348278 40
1757629973043 0.21904600866881896 41
1757629973130 0.0586955098576682 42
1757629973215 0.6391236556512011 43
1757629973300 0.008208505591777644 44
1757629973386 0.10776093035594989 45
1757629973473 0.023828563546614022 46
1757629973579 0.05075033280405373 47
1757629973674 0.079579871201474 48
1757629973762 0.012426630349093372 49
1757629973852 0.005188805855455853 50
1757629973941 0.17313896179117283 51
1757629974029 0.18884888659047283 52
1757629974119 0.855548209218703 53
1757629974212 0.5375525992771193 54
1757629974317 0.006358822737515492 55
1757629974417 0.08629201637133944 56
1757629974524 0.7092495470973816 57
1757629974647 0.0028359624378433987 58
1757629974791 0.002945114490325902 59
1757629975101 0.708226631488988 60
1757629975250 0.007615257427609323 61
1757629975479 0.008618571553784642 62
1757629975704 0.0887023393030237 63
1757629975889 0.02665735557981929 64
1757629976066 0.019737905586144463 65
1757629976208 0.09408902328093223 66
1757629976344 0.0709469791188755 67
1757629976482 0.0714032500612084 68
1757629976621 0.0413387381134346 69
1757629976758 0.05127460114057197 70
1757629976892 0.4670103368267061 71
1757629977031 0.0012075498958049838 72
1757629977162 0.17868533504004416 73
1757629977295 0.0545313568809684 74
1757629977423 0.0005497696175175793 75
1757629977557 0.6729186959206312 76
1757629977848 0.022537786715545106 77
1757629978003 0.0582142774864041 78
1757629978161 0.01855856187563557 79
1757629978324 0.005366507985988854 80
1757629978499 0.08253559022399519 81
1757629978659 0.0009730934179361294 82
1757629978806 0.015683342105268807 83
1757629978941 0.08882171901235017 84
1757629979061 0.006079276843189739 85
1757629979171 0.0025641232307097293 86
1757629979273 0.057814608125294556 87
1757629979372 0.09042892178731397 88
1757629979470 0.0007487766189647853 89
1757629979585 0.011429686832076208 90
1757629979771 0.08751910889760238 91
1757629979885 0.1687827722422965 92
1757629980000 0.03155689404687874 93
1757629980127 0.21943498047735746 94
1757629980236 0.17601801658092758 95
1757629980339 0.23134733772969965 96
1757629980449 0.09034663903440635 97
1757629980564 0.18296277929121502 98
1757629980665 0.1017034730659931 99
1757629980765 0.0035400945644570394 100
1757629980861 0.3091587869083873 101
1757629980960 0.061571182735324234 102
1757629981065 0.13706303459868902 103
1757629981161 0.3996394936184562 104
1757629981255 0.06404733297662328 105
1757629981353 0.005863016737116099 106
1757629981445 1.057106475488678 107
1757629981536 0.030011015235977465 108
1757629981630 0.16031690208685542 109
1757629981722 0.054587582580453584 110
1757629981813 0.03049875489899459 111
1757629981904 0.17076162407755713 112
1757629981994 0.00442847087650242 113
1757629982089 0.02717252812447802 114
1757629982180 0.0595240890751045 115
1757629982274 0.0076725086064770125 116
1757629982367 0.7399636517577668 117
1757629982457 0.12214681080411197 118
1757629982547 0.006189824726658777 119
1757629982638 0.00018348242343190947 120
1757629982727 0.019404578230542265 121
1757629982816 0.003574160945039624 122
1757629982905 0.5850192397873569 123
1757629982996 0.8884149311894081 124
1757629983091 0.16020640456183827 125
1757629983181 0.08909441464821939 126
1757629983269 0.06870775519504577 127
1757629983358 0.02654897939611401 128
1757629983447 0.061950004402656335 129
1757629983537 0.0005453421589031748 130
1757629983626 0.6488896512716242 131
1757629983715 0.02188562541687914 132
1757629983803 0.28455736139768795 133
1757629983892 0.8380597409989228 134
1757629983981 0.11507223570285287 135
1757629984070 0.0013251562537672696 136
1757629984158 0.5606163127469337 137
1757629984249 1.5415363238913552e-07 138
1757629984337 0.22415140991732002 139
1757629984429 0.06438552650427498 140
1757629984517 0.016629391605220673 141
1757629984607 0.034291262590344915 142
1757629984695 0.16865620955679198 143
1757629984785 0.3326878488019139 144
1757629984875 0.0008353711440053376 145
1757629984965 0.013148027514840422 146
1757629985056 0.04027143956209687 147
1757629985147 0.00499187338333423 148
1757629985237 0.1734623990927782 149
1757629985330 0.35915664667923874 150
1757629985433 0.05292266182777857 151
1757629985542 1.566881762133982 152
1757629985637 0.26818306241147094 153
1757629985729 0.014744691191469393 154
1757629985823 0.20002953785625502 155
1757629985921 0.01000569492997055 156
1757629986013 0.04478871028534731 157
1757629986104 0.002695556502779959 158
1757629986194 0.3196924153788443 159
1757629986286 0.028021222434730614 160
1757629986377 0.0009542477497308746 161
1757629986469 0.28489385370300924 162
1757629986562 0.11081020815099793 163
1757629986653 0.0010776510547480154 164
1757629986741 0.09284685043486883 165
1757629986831 0.2405476825650585 166
1757629986920 0.14900498028945622 167
1757629987009 0.041840806602621884 168
1757629987102 0.04763606856289078 169
1757629987194 0.02914648517311944 170
1757629987284 0.11368372880860521 171
1757629987374 0.03745068176462104 172
1757629987464 0.021882315638378863 173
1757629987555 0.008932128567020683 174
1757629987643 0.19975654570344653 175
1757629987734 0.25239714722708584 176
1757629987824 0.03429394852899036 177
1757629987914 0.023084209846707306 178
1757629988003 0.6268478180863228 179
1757629988093 0.014765339645307097 180
1757629988185 0.09012005678162012 181
1757629988274 0.06114403624506468 182
1757629988365 0.16374746145882618 183
1757629988463 0.010480328120109489 184
1757629988556 0.11708563093265896 185
1757629988648 0.0023745385971740206 186
1757629988740 0.1369325191239185 187
1757629988831 0.008376821466345578 188
1757629988921 0.36541988376765294 189
1757629989012 0.10319992964936694 190
1757629989114 0.03299172944570871 191
1757629989210 0.09905584954479031 192
1757629989302 0.021062106605165942 193
1757629989394 0.015565972135608898 194
1757629989487 0.02580138646845197 195
1757629989579 0.1533679492911494 196
1757629989669 0.025874168963130294 197
1757629989760 0.21186104088279234 198
1757629989849 0.04810424392987965 199
1757629989940 0.0005514055529335612 200
1757629990034 0.10104523113982067 201
1757629990126 0.06937528052226802 202
1757629990218 0.31930925476318633 203
1757629990314 0.19984373009746456 204
1757629990406 0.01772842245367083 205
1757629990515 0.12431888632612058 206
1757629990612 0.06795442191553996 207
1757629990705 0.02210879063501666 208
1757629990797 0.3065655642123135 209
1757629990891 0.025792986377968466 210
1757629990983 0.10046616709149082 211
1757629991077 0.07734346243383126 212
1757629991178 0.010447830358994343 213
1757629991279 0.19702699687576614 214
1757629991380 0.01442991103798414 215
1757629991496 0.15941461419577396 216
1757629991605 0.00024354709933125667 217
1757629991713 0.0006021132080755872 218
1757629991877 0.038808613488450196 219
1757629992005 0.10607517521656303 220
1757629992124 0.00893499365864557 221
1757629992242 0.18088152500479004 222
1757629992358 0.03038510460923649 223
1757629992474 0.17255960204506712 224
1757629992589 0.015249456609593873 225
1757629992697 0.04703608726473452 226
1757629992801 0.08515379936838323 227
1757629992902 0.0002225634577330451 228
1757629993002 0.12376159557660495 229
1757629993098 0.06688939859142833 230
1757629993199 0.19214753690040742 231
1757629993295 0.06421912301746963 232
1757629993391 0.004981360213076277 233
1757629993487 0.0420292076523819 234
1757629993582 0.037764227291514324 235
1757629993675 0.09444853400972748 236
1757629993767 0.00844108560681341 237
1757629993861 0.0654753837072041 238
1757629993953 0.09007979912806068 239
1757629994045 0.012291224286294576 240
1757629994138 0.08738396253356674 241
1757629994232 0.0202701656740836 242
1757629994325 0.9314769863930068 243
1757629994417 0.13625058388616276 244
1757629994509 0.013694154012787662 245
1757629994601 0.3338552340174153 246
1757629994694 5.454187788636848e-05 247
1757629994787 0.10887089628003974 248
1757629994879 0.10134901502179423 249
1757629994972 0.6586427720547346 250
1757629995065 0.03937705865596517 251
1757629995161 0.0014813691506345508 252
1757629995299 0.22488770206905784 253
1757629995394 0.03529088744472053 254
1757629995499 0.37312814517059384 255
1757629995599 0.4080238609683003 256
1757629995695 0.011879894144010259 257
1757629995788 0.00043293411036303685 258
1757629995881 0.14484091131999063 259
1757629995975 0.2642193345472955 260
1757629996069 0.0016168631205920696 261
1757629996164 0.03598539165313539 262
1757629996258 0.05155503014797418 263
1757629996350 0.05805770877595782 264
1757629996495 0.0009747821873290733 265
1757629996597 0.9533663788013395 266
1757629996695 0.1537625168412953 267
1757629996791 0.08566026609362988 268
1757629996887 0.0144994235621976 269
1757629996985 0.21685251612874282 270
1757629997078 0.0034584220707935547 271
1757629997172 0.09894746600786765 272
1757629997286 0.0456365788069536 273
1757629997386 0.007051986932525897 274
1757629997483 0.08938841541089189 275
1757629997577 0.736842561564882 276
1757629997670 0.0052777120217229 277
1757629997765 0.1252202452034806 278
1757629997859 0.11055726205018858 279
1757629997953 0.06775998285996547 280
1757629998047 0.11091420902464802 281
1757629998140 0.0005154351977541301 282
1757629998232 0.038020102067701136 283
1757629998325 0.05758357216083778 284
1757629998421 0.037206608562207234 285
1757629998525 0.05545761949873887 286
1757629998619 0.023942314611211154 287
1757629998715 1.4415193024817055 288
1757629998811 0.02217093517914812 289
1757629998903 0.0642242888344847 290
1757629998996 0.0021571010170302377 291
1757629999089 0.00015759162413431097 292
1757629999181 0.6586609650673398 293
1757629999284 0.008689533845913536 294
1757629999379 0.04755850997029513 295
1757629999475 0.14962931780912617 296
1757629999571 0.18369832335267902 297
1757629999665 0.13127816468335196 298
1757629999760 0.027454271776515726 299
1757629999854 0.006368962878681603 300
1757629999949 0.0003818466817200368 301
1757630000041 0.14244455400331624 302
1757630000133 0.1094774019706041 303
1757630000226 0.014185367443744528 304
1757630000318 0.3583966259971155 305
1757630000414 0.02917239718642168 306
1757630000523 0.09046170750635292 307
1757630000622 1.1179333169210206 308
1757630000719 0.0530966938893089 309
1757630000814 0.01894861036224073 310
1757630000908 0.18866205382215598 311
1757630001006 0.013940638354840485 312
1757630001101 0.13371401197683455 313
1757630001193 4.920499305781579e-05 314
1757630001290 0.002731854868284221 315
1757630001388 0.027725044515927815 316
1757630001483 0.13461192732588972 317
1757630001578 0.005492538348236772 318
1757630001671 0.1582850549725421 319
1757630001765 0.06432197800384343 320
1757630001857 0.37933593707137303 321
1757630001953 0.07293418803297581 322
1757630002051 1.214407073198583 323
1757630002145 0.925650876000987 324
1757630002240 0.005430196767383048 325
1757630002333 0.0036806523532622966 326
1757630002426 0.10601692853109088 327
1757630002522 0.023515984747187354 328
1757630002617 0.018954902171487983 329
1757630002710 0.02359744568145874 330
1757630002803 7.83318385850801e-05 331
1757630002901 0.15032808158111266 332
1757630002994 0.0008014293979030018 333
1757630003088 0.01644190794372024 334
1757630003182 0.048878669697817984 335
1757630003274 0.2996129764192251 336
1757630003373 0.0003642624695636544 337
1757630003470 0.13436039858154825 338
1757630003563 0.06126590059151078 339
1757630003656 0.04320291340634123 340
1757630003749 0.06725141637352793 341
1757630003842 0.00400965518233873 342
1757630003935 0.002873493517037937 343
1757630004029 0.05527197421931847 344
1757630004122 0.042257196784229 345
1757630004217 0.006538634650958326 346
1757630004312 0.0619792221119768 347
1757630004406 0.02006331940417699 348
1757630004499 0.04144493882182626 349
1757630004592 0.22230457189388336 350
1757630004685 0.4421765696035995 351
1757630004780 0.07101032157935563 352
1757630004872 1.271410177596128 353
1757630004965 0.009748962435852713 354
1757630005059 0.1650530554660398 355
1757630005151 0.021120674550597827 356
1757630005244 0.00564759100524534 357
1757630005340 0.02029141885797411 358
1757630005442 0.4445475644254534 359
1757630005549 0.03598675668268318 360
1757630005646 0.13098153261627152 361
1757630005744 0.021945434421991712 362
1757630005841 0.061609101999488845 363
1757630005936 0.07266767237578463 364
1757630006030 0.10019521718753491 365
1757630006124 0.0024505655667624265 366
1757630006217 0.39536027487717634 367
1757630006311 0.034479854105658875 368
1757630006404 0.23408340059264665 369
1757630006499 0.002389323321281935 370
1757630006594 0.019456905549026043 371
1757630006688 0.02533349035998818 372
1757630006781 0.002577291094808858 373
1757630006875 0.27425881223868886 374
1757630006968 0.03571286513133066 375
1757630007062 0.20067886892367023 376
1757630007155 0.11956246239359693 377
1757630007249 0.05792974847873271 378
1757630007344 0.44565294469302674 379
1757630007444 0.003766903870208063 380
1757630007539 0.018739769317731775 381
1757630007634 0.01929550950430497 382
1757630007728 0.19738779761354824 383
1757630007823 0.04410594116794836 384
1757630007918 0.16389396229075012 385
1757630008012 0.05442793036966026 386
1757630008108 0.20686243957889516 387
1757630008202 0.0006364916827881958 388
1757630008302 0.005172627369943434 389
1757630008399 0.025059674743163153 390
1757630008548 0.1778350017634576 391
1757630008653 0.0015419818767977826 392
1757630008756 0.014487176298494584 393
1757630008854 0.1284981754013606 394
1757630008951 0.09513238942201278 395
1757630009051 0.008314873345290465 396
1757630009148 0.03958448361902699 397
1757630009244 0.06333762898207826 398
1757630009338 0.035848770961755316 399
1757630009434 0.22298387054281332 400
1757630009533 0.09566291959853732 401
1757630009627 0.0017927189059877046 402
1757630009721 0.637325413194878 403
1757630009816 0.058628863532588366 404
1757630009910 0.07587036669030228 405
1757630010004 0.014386999697481745 406
1757630010098 0.03797023787840962 407
1757630010192 0.09174721272885168 408
1757630010288 0.016453072571106377 409
1757630010382 0.15699572221640398 410
1757630010486 0.00033829697344320113 411
1757630010585 0.00530017287035168 412
1757630010681 0.0237610490984475 413
1757630010779 0.3147943169763807 414
1757630010876 0.28199120963885155 415
1757630010973 0.2781720047579437 416
1757630011070 0.1436577086725099 417
1757630011165 0.015220414396998427 418
1757630011259 0.15651429931582095 419
1757630011353 0.03557661575812735 420
1757630011451 0.27372452535796143 421
1757630011550 2.4987140658662296e-05 422
1757630011646 0.07305127169639956 423
1757630011741 0.011628082478801422 424
1757630011835 0.09158675608253711 425
1757630011931 0.048330883382071706 426
1757630012025 0.005537830475941493 427
1757630012120 0.06022329171900336 428
1757630012214 0.021023318957784674 429
1757630012309 0.036479138469824826 430
1757630012404 0.012306918638408697 431
1757630012501 0.005534985441800028 432
1757630012595 0.003133602108009978 433
1757630012690 0.41143525127341934 434
1757630012784 0.12928439304171335 435
1757630012878 0.009333590406187382 436
1757630012972 0.005160255030945605 437
1757630013070 0.038985673671014756 438
1757630013168 0.08239439228172776 439
1757630013267 0.0028211587733920004 440
1757630013363 0.03173985457367383 441
1757630013463 0.021042849410198208 442
1757630013563 0.06186365277663731 443
1757630013659 0.04595188916531638 444
1757630013754 0.09396047926333032 445
1757630013848 0.00360680091967357 446
1757630013943 0.006114585697575471 447
1757630014038 0.13808909716099685 448
1757630014133 0.05415606701456093 449
1757630014227 0.01130546568368992 450
1757630014325 0.0750946148364966 451
1757630014421 0.150434281406238 452
1757630014518 0.03804042501087961 453
1757630014615 0.45904454327347777 454
1757630014720 0.33709748587047744 455
1757630014817 0.06005903099086305 456
1757630014912 0.12177073320657011 457
1757630015014 0.052604167276677265 458
1757630015113 0.040157046190365475 459
1757630015256 0.005157941972707279 460
1757630015361 0.3736735160350428 461
1757630015470 0.4149289959485333 462
1757630015585 0.06161829722258889 463
1757630015685 0.013139798645996245 464
1757630015783 0.05426078287765685 465
1757630015882 0.1774977865694854 466
1757630015980 0.34630676455180937 467
1757630016079 0.0023489448503495694 468
1757630016174 0.053326770052778354 469
1757630016268 0.030496360480889315 470
1757630016364 0.026799642022242446 471
1757630016516 0.024212049946013135 472
1757630016627 0.0066318400636922155 473
1757630016743 0.4120966186130524 474
1757630016849 0.1506114838523468 475
1757630016955 0.03756517261395965 476
1757630017061 0.10599104948446715 477
1757630017166 0.0034814019746181213 478
1757630017274 0.0007505208669284918 479
1757630017383 0.2418580467383908 480
1757630017489 0.0009259376605078278 481
1757630017603 0.02041727282607191 482
1757630017714 0.12545653281000171 483
1757630017814 0.7912563438828703 484
1757630017921 0.37216916408333417 485
1757630018038 0.04083145840001639 486
1757630018144 0.0038217726890876972 487
1757630018250 0.13460192556274844 488
1757630018359 0.19169073927402594 489
1757630018472 0.02097656948200839 490
1757630018582 0.10877717124998332 491
1757630018694 0.6386786553370085 492
1757630018805 1.4044645465736871 493
1757630018914 0.05223309433103512 494
1757630019021 0.15729043472828036 495
1757630019134 0.006170788778906947 496
1757630019241 0.06293493784643174 497
1757630019347 0.12299600751282419 498
1757630019459 0.08575102868256189 499
