1757644691039 31.385235384130567 0
1757644691143 9.376861648228692 1
1757644691246 0.914772229635771 2
1757644691350 0.31504268446548855 3
1757644691458 0.6445985471743227 4
1757644691579 0.07141746588452273 5
1757644691685 0.5864772155065864 6
1757644691791 0.01731426465084994 7
1757644691899 0.009743363973439579 8
1757644692002 0.007995797604106845 9
1757644692110 0.12992920916013007 10
1757644692218 0.07998992243968898 11
1757644692328 0.35764224289004143 12
1757644692437 0.04175203392346791 13
1757644692548 0.010062887976157097 14
1757644692662 0.004075715809287146 15
1757644692772 0.5183339305268992 16
1757644692880 0.15344027350642292 17
1757644692991 1.5758752723373068 18
1757644693099 0.07812684079243054 19
1757644693207 0.1651766025274722 20
1757644693314 0.049408977385675575 21
1757644693422 0.4019168153880681 22
1757644693527 0.06224779802006597 23
1757644693647 3.2241360442879386e-05 24
1757644693795 0.24241697828812941 25
1757644693911 0.12517993104327962 26
1757644694021 0.4482794078642886 27
1757644694130 0.05796028908821037 28
