1757641974432 168.87672819721146 0
1757641974488 168.84302190699694 1
1757641974542 168.80932235110245 2
1757641974600 168.77562952818244 3
1757641974658 168.74194343689152 4
1757641974715 168.7082640758845 5
1757641974769 168.67459144381664 6
1757641974822 168.6409255393433 7
1757641974876 168.6072663611202 8
1757641974928 168.57361390780326 9
1757641974981 168.5399681780488 10
1757641975032 168.50632917051323 11
1757641975085 168.47269688385336 12
1757641975138 168.4390713167262 13
1757641975190 168.4054524677891 14
1757641975246 168.37184033569963 15
1757641975300 168.33823491911556 16
1757641975352 168.30463621669506 17
1757641975408 168.27104422709652 18
1757641975461 168.23745894897854 19
1757641975516 168.2038803810001 20
1757641975568 168.1703085218203 21
1757641975618 168.13674337009866 22
1757641975675 168.10318492449483 23
1757641975729 168.06963318366888 24
1757641975781 168.03608814628097 25
1757641975834 168.00254981099172 26
1757641975887 167.96901817646184 27
1757641975941 167.9354932413524 28
1757641975993 167.90197500432475 29
1757641976046 167.8684634640405 30
1757641976099 167.83495861916145 31
1757641976152 167.80146046834977 32
1757641976204 167.76796901026785 33
1757641976256 167.73448424357832 34
1757641976308 167.70100616694415 35
1757641976363 167.6675347790285 36
1757641976417 167.63407007849486 37
1757641976471 167.60061206400695 38
1757641976523 167.56716073422876 39
1757641976575 167.53371608782453 40
1757641976628 167.50027812345888 41
1757641976683 167.46684683979652 42
1757641976741 167.43342223550252 43
1757641976805 167.40000430924226 44
1757641976859 167.36659305968132 45
1757641976913 167.33318848548552 46
1757641976971 167.2997905853211 47
1757641977025 167.26639935785434 48
1757641977084 167.23301480175195 49
1757641977138 167.19963691568086 50
1757641977193 167.16626569830828 51
1757641977247 167.13290114830164 52
1757641977299 167.0995432643287 53
1757641977352 167.06619204505745 54
1757641977406 167.03284748915618 55
1757641977465 166.99950959529335 56
1757641977517 166.9661783621378 57
1757641977570 166.93285378835859 58
1757641977625 166.89953587262505 59
1757641977678 166.86622461360673 60
1757641977734 166.83292000997355 61
1757641977788 166.79962206039562 62
1757641977842 166.7663307635433 63
1757641977896 166.73304611808723 64
1757641977950 166.6997681226984 65
1757641978003 166.6664967760479 66
1757641978169 166.6332320768073 67
1757641978235 166.59997402364823 68
1757641978297 166.56672261524272 69
1757641978357 166.53347785026298 70
1757641978414 166.50023972738154 71
1757641978470 166.46700824527122 72
1757641978526 166.433783402605 73
1757641978582 166.40056519805623 74
1757641978636 166.36735363029845 75
1757641978692 166.3341486980055 76
1757641978753 166.30095039985156 77
1757641978809 166.26775873451092 78
1757641978865 166.23457370065822 79
1757641978920 166.20139529696837 80
1757641978978 166.16822352211662 81
1757641979034 166.13505837477828 82
1757641979091 166.10189985362908 83
1757641979436 166.06874795734498 84
1757641979487 166.03560268460222 85
1757641979539 166.00246403407726 86
1757641979596 165.96933200444693 87
1757641979651 165.9362065943881 88
1757641979705 165.90308780257817 89
1757641979759 165.86997562769466 90
1757641979813 165.83687006841532 91
1757641979865 165.80377112341836 92
1757641979919 165.77067879138198 93
1757641979972 165.73759307098481 94
1757641980027 165.70451396090579 95
1757641980080 165.67144145982397 96
1757641980133 165.63837556641874 97
1757641980187 165.60531627936984 98
1757641980243 165.5722635973571 99
1757641980297 165.5392175190608 100
1757641980351 165.5061780431613 101
1757641980405 165.47314516833936 102
1757641980459 165.44011889327595 103
1757641980513 165.4070992166523 104
1757641980566 165.37408613714993 105
1757641980620 165.34107965345058 106
1757641980674 165.30807976423634 107
1757641980728 165.27508646818941 108
1757641980789 165.2420997639924 109
1757641980846 165.20911965032818 110
1757641980903 165.17614612587974 111
1757641980957 165.14317918933045 112
1757641981012 165.110218839364 113
1757641981067 165.07726507466418 114
1757641981123 165.04431789391518 115
1757641981178 165.01137729580128 116
1757641981231 164.97844327900734 117
1757641981288 164.9455158422181 118
1757641981342 164.91259498411884 119
1757641981396 164.879680703395 120
1757641981451 164.84677299873226 121
1757641981509 164.81387186881665 122
1757641981564 164.7809773123344 123
1757641981618 164.74808932797194 124
1757641981672 164.71520791441614 125
1757641981729 164.68233307035393 126
1757641981784 164.6494647944727 127
1757641981839 164.61660308545984 128
1757641981894 164.58374794200333 129
1757641981949 164.5508993627911 130
1757641982004 164.51805734651168 131
1757641982059 164.48522189185348 132
1757641982116 164.45239299750548 133
1757641982171 164.41957066215673 134
1757641982227 164.3867548844966 135
1757641982282 164.35394566321486 136
1757641982339 164.3211429970013 137
1757641982393 164.28834688454612 138
1757641982448 164.25555732453978 139
1757641982503 164.22277431567295 140
1757641982559 164.18999785663658 141
1757641982614 164.1572279461219 142
1757641982669 164.1244645828204 143
1757641982728 164.09170776542385 144
1757641982802 164.05895749262413 145
1757641982867 164.02621376311365 146
1757641982926 163.99347657558485 147
1757641982983 163.96074592873052 148
1757641983050 163.92802182124373 149
1757641983115 163.8953042518178 150
1757641983174 163.86259321914628 151
1757641983232 163.829888721923 152
1757641983289 163.79719075884205 153
1757641983347 163.76449932859776 154
1757641983404 163.73181442988476 155
1757641983463 163.69913606139798 156
1757641983520 163.6664642218325 157
1757641983579 163.6337989098837 158
1757641983636 163.60114012424728 159
1757641983694 163.56848786361914 160
1757641983751 163.53584212669543 161
1757641983812 163.50320291217267 162
1757641983868 163.47057021874744 163
1757641983925 163.4379440451168 164
1757641983981 163.4053243899779 165
1757641984039 163.37271125202824 166
1757641984097 163.34010462996562 167
1757641984155 163.30750452248802 168
1757641984211 163.2749109282936 169
1757641984269 163.242323846081 170
1757641984326 163.20974327454894 171
1757641984381 163.17716921239648 172
1757641984439 163.14460165832293 173
1757641984494 163.1120406110278 174
1757641984550 163.07948606921096 175
1757641984617 163.04693803157252 176
1757641984757 163.01439649681276 177
1757641984823 162.9818614636323 178
1757641984892 162.94933293073197 179
1757641984955 162.916810896813 180
1757641985013 162.8842953605766 181
1757641985072 162.85178632072453 182
1757641985130 162.81928377595864 183
1757641985188 162.78678772498114 184
1757641985246 162.75429816649435 185
1757641985306 162.72181509920108 186
1757641985366 162.68933852180413 187
1757641985425 162.6568684330068 188
1757641985484 162.62440483151246 189
1757641985542 162.59194771602492 190
1757641985601 162.559497085248 191
1757641985659 162.52705293788608 192
1757641985716 162.4946152726436 193
1757641985775 162.46218408822529 194
1757641985831 162.42975938333615 195
1757641985902 162.39734115668148 196
1757641985963 162.3649294069668 197
1757641986025 162.33252413289787 198
1757641986086 162.30012533318074 199
1757641986144 162.26773300652172 200
1757641986203 162.2353471516274 201
1757641986262 162.20296776720454 202
1757641986320 162.17059485196023 203
1757641986378 162.13822840460182 204
1757641986434 162.10586842383685 205
1757641986489 162.07351490837328 206
1757641986547 162.04116785691917 207
1757641986605 162.0088272681828 208
1757641986662 161.97649314087295 209
1757641986718 161.94416547369838 210
1757641986776 161.91184426536827 211
1757641986834 161.87952951459206 212
1757641986894 161.84722122007935 213
1757641986955 161.81491938054006 214
1757641987014 161.78262399468443 215
1757641987077 161.7503350612228 216
1757641987134 161.71805257886592 217
1757641987192 161.68577654632472 218
1757641987249 161.6535069623104 219
1757641987311 161.6212438255344 220
1757641987369 161.5889871347085 221
1757641987427 161.55673688854463 222
1757641987484 161.524493085755 223
1757641987543 161.4922557250522 224
1757641987602 161.46002480514883 225
1757641987659 161.427800324758 226
1757641987715 161.39558228259298 227
1757641987773 161.36337067736721 228
1757641987832 161.3311655077946 229
1757641987889 161.29896677258904 230
1757641987946 161.26677447046492 231
1757641988005 161.23458860013668 232
1757641988079 161.2024091603193 233
1757641988141 161.17023614972763 234
1757641988200 161.13806956707717 235
1757641988260 161.10590941108342 236
1757641988319 161.07375568046214 237
1757641988379 161.04160837392956 238
1757641988505 161.00946749020196 239
1757641988564 160.97733302799588 240
1757641988622 160.94520498602824 241
1757641988681 160.9130833630162 242
1757641988738 160.88096815767707 243
1757641988795 160.84885936872848 244
1757641988856 160.81675699488832 245
1757641988918 160.78466103487474 246
1757641988985 160.75257148740613 247
1757641989044 160.72048835120114 248
1757641989106 160.68841162497864 249
1757641989166 160.65634130745786 250
1757641989226 160.62427739735818 251
1757641989286 160.5922198933993 252
1757641989347 160.56016879430115 253
1757641989407 160.52812409878388 254
1757641989467 160.496085805568 255
1757641989526 160.4640539133741 256
1757641989586 160.43202842092325 257
1757641989643 160.4000093269366 258
1757641989701 160.36799663013562 259
1757641989759 160.33599032924204 260
1757641989816 160.30399042297788 261
1757641989876 160.27199691006527 262
1757641989934 160.2400097892268 263
1757641989993 160.20802905918512 264
1757641990051 160.17605471866332 265
1757641990111 160.14408676638462 266
1757641990168 160.11212520107247 267
1757641990227 160.0801700214507 268
1757641990285 160.04822122624333 269
1757641990344 160.0162788141746 270
1757641990401 159.98434278396905 271
1757641990461 159.95241313435145 272
1757641990519 159.92048986404686 273
1757641990579 159.88857297178058 274
1757641990637 159.85666245627814 275
1757641990696 159.8247583162653 276
1757641990755 159.79286055046822 277
1757641990814 159.76096915761312 278
1757641990874 159.72908413642665 279
1757641990933 159.69720548563552 280
1757641990998 159.66533320396687 281
1757641991058 159.63346729014805 282
1757641991120 159.6016077429066 283
1757641991178 159.56975456097038 284
1757641991236 159.53790774306748 285
1757641991296 159.50606728792624 286
1757641991355 159.47423319427526 287
1757641991414 159.4424054608434 288
1757641991473 159.41058408635976 289
1757641991532 159.3787690695537 290
1757641991589 159.3469604091549 291
1757641991648 159.3151581038931 292
1757641991709 159.28336215249854 293
1757641991770 159.25157255370155 294
1757641991833 159.21978930623277 295
1757641991893 159.18801240882306 296
1757641991952 159.1562418602036 297
1757641992012 159.12447765910576 298
1757641992071 159.0927198042612 299
1757641992130 159.06096829440182 300
1757641992190 159.02922312825973 301
1757641992248 158.99748430456742 302
1757641992306 158.96575182205743 303
1757641992369 158.93402567946276 304
1757641992430 158.90230587551656 305
1757641992491 158.8705924089523 306
1757641992549 158.8388852785035 307
1757641992609 158.80718448290423 308
1757641992670 158.77549002088864 309
1757641992729 158.74380189119114 310
1757641992801 158.71212009254637 311
1757641992862 158.68044462368934 312
1757641992923 158.6487754833552 313
1757641992985 158.6171126702794 314
1757641993061 158.58545618319766 315
1757641993130 158.55380602084588 316
1757641993192 158.52216218196034 317
1757641993253 158.49052466527738 318
1757641993314 158.4588934695338 319
1757641993376 158.42726859346652 320
1757641993437 158.39565003581274 321
1757641993498 158.3640377953099 322
1757641993560 158.3324318706958 323
1757641993621 158.30083226070838 324
1757641993684 158.2692389640858 325
1757641993745 158.23765197956658 326
1757641993806 158.20607130588942 327
1757641993868 158.17449694179334 328
1757641993927 158.14292888601747 329
1757641993986 158.11136713730141 330
1757641994047 158.07981169438483 331
1757641994107 158.0482625560077 332
1757641994168 158.0167197209103 333
1757641994228 157.9851831878331 334
1757641994289 157.9536529555168 335
1757641994349 157.9221290227024 336
1757641994409 157.89061138813125 337
1757641994471 157.85910005054467 338
1757641994530 157.8275950086845 339
1757641994589 157.79609626129275 340
1757641994650 157.76460380711165 341
1757641994710 157.7331176448837 342
1757641994770 157.70163777335162 343
1757641994831 157.67016419125844 344
1757641994893 157.6386968973474 345
1757641994953 157.60723589036203 346
1757641995013 157.57578116904605 347
1757641995080 157.5443327321435 348
1757641995143 157.5128905783986 349
1757641995204 157.48145470655592 350
1757641995266 157.45002511536015 351
1757641995337 157.4186018035563 352
1757641995400 157.38718476988967 353
1757641995462 157.3557740131058 354
1757641995534 157.32436953195037 355
1757641995609 157.29297132516942 356
1757641995679 157.26157939150923 357
1757641995749 157.23019372971635 358
1757641995821 157.1988143385375 359
1757641995899 157.16744121671965 360
1757641995968 157.13607436301015 361
1757641996045 157.10471377615644 362
1757641996129 157.07335945490635 363
1757641996210 157.04201139800787 364
1757641996296 157.01066960420926 365
1757641996372 156.97933407225906 366
1757641996445 156.94800480090598 367
1757641996527 156.91668178889913 368
1757641996621 156.88536503498764 369
1757641996697 156.85405453792117 370
1757641996776 156.8227502964494 371
1757641996850 156.79145230932238 372
1757641996923 156.76016057529034 373
1757641996990 156.72887509310385 374
1757641997063 156.6975958615136 375
1757641997150 156.6663228792707 376
1757641997230 156.63505614512638 377
1757641997307 156.60379565783208 378
1757641997378 156.57254141613964 379
1757641997447 156.54129341880105 380
1757641997521 156.51005166456858 381
1757641997588 156.47881615219475 382
1757641997658 156.44758688043228 383
1757641997725 156.41636384803428 384
1757641997814 156.38514705375388 385
1757641997877 156.35393649634463 386
1757641997941 156.32273217456037 387
1757641998008 156.29153408715496 388
1757641998088 156.26034223288278 389
1757641998156 156.2291566104983 390
1757641998220 156.19797721875628 391
1757641998283 156.16680405641168 392
1757641998346 156.13563712221978 393
1757641998410 156.10447641493604 394
1757641998478 156.0733219333163 395
1757641998542 156.04217367611648 396
1757641998606 156.01103164209286 397
1757641998669 155.9798958300019 398
1757641998733 155.94876623860037 399
1757641998797 155.91764286664528 400
1757641998860 155.8865257128938 401
1757641998922 155.85541477610354 402
1757641998984 155.82431005503213 403
1757641999047 155.79321154843757 404
1757641999109 155.76211925507812 405
1757641999178 155.73103317371223 406
1757641999242 155.6999533030987 407
1757641999306 155.66887964199637 408
1757641999367 155.63781218916463 409
1757641999429 155.60675094336284 410
1757641999492 155.57569590335075 411
1757641999552 155.54464706788832 412
1757641999614 155.5136044357358 413
1757641999676 155.48256800565363 414
1757641999740 155.45153777640252 415
1757641999804 155.42051374674347 416
1757641999869 155.3894959154376 417
1757641999931 155.3584842812464 418
1757641999993 155.32747884293167 419
1757642000055 155.2964795992552 420
1757642000118 155.2654865489793 421
1757642000179 155.2344996908664 422
1757642000241 155.20351902367912 423
1757642000303 155.1725445461805 424
1757642000365 155.14157625713366 425
1757642000426 155.11061415530204 426
1757642000490 155.07965823944934 427
1757642000553 155.0487085083395 428
1757642000615 155.01776496073666 429
1757642000676 154.9868275954052 430
1757642000741 154.9558964111099 431
1757642000803 154.92497140661564 432
1757642000867 154.89405258068751 433
1757642000929 154.86313993209097 434
1757642000991 154.8322334595917 435
1757642001052 154.80133316195554 436
1757642001114 154.77043903794873 437
1757642001183 154.7395510863376 438
1757642001249 154.7086693058888 439
1757642001312 154.67779369536916 440
1757642001374 154.64692425354596 441
1757642001437 154.61606097918644 442
1757642001500 154.58520387105833 443
1757642001562 154.55435292792944 444
1757642001624 154.52350814856788 445
1757642001686 154.49266953174208 446
1757642001749 154.4618370762206 447
1757642001812 154.43101078077234 448
1757642001874 154.4001906441664 449
1757642001937 154.36937666517204 450
1757642001999 154.338568842559 451
1757642002061 154.30776717509698 452
1757642002125 154.27697166155616 453
1757642002186 154.2461823007069 454
1757642002248 154.21539909131968 455
1757642002312 154.1846220321654 456
1757642002378 154.15385112201506 457
1757642002441 154.12308635964007 458
1757642002504 154.09232774381195 459
1757642002569 154.06157527330248 460
1757642002633 154.03082894688373 461
1757642002695 154.00008876332802 462
1757642002759 153.96935472140788 463
1757642002841 153.93862681989606 464
1757642002905 153.90790505756567 465
1757642002971 153.8771894331899 466
1757642003042 153.8464799455424 467
1757642003118 153.8157765933968 468
1757642003183 153.7850793755272 469
1757642003254 153.75438829070782 470
1757642003319 153.72370333771323 471
1757642003385 153.6930245153181 472
1757642003450 153.66235182229744 473
1757642003515 153.6316852574265 474
1757642003582 153.60102481948078 475
1757642003648 153.57037050723602 476
1757642003714 153.53972231946815 477
1757642003779 153.5090802549534 478
1757642003843 153.47844431246827 479
1757642003906 153.44781449078943 480
1757642003969 153.4171907886938 481
1757642004032 153.38657320495864 482
1757642004094 153.35596173836134 483
1757642004160 153.32535638767965 484
1757642004224 153.29475715169147 485
1757642004288 153.26416402917488 486
1757642004351 153.23357701890842 487
1757642004415 153.20299611967073 488
1757642004478 153.17242133024067 489
1757642004541 153.14185264939738 490
1757642004605 153.11129007592035 491
1757642004667 153.08073360858913 492
1757642004831 153.0501832461836 493
1757642004903 153.01963898748392 494
1757642004972 152.98910083127043 495
1757642005039 152.95856877632377 496
1757642005105 152.92804282142478 497
1757642005171 152.89752296535457 498
1757642005242 152.8670092068945 499
