1757628848468 0.07540336540957207 0
1757628848561 0.523027583387478 1
1757628848656 0.04042863424101696 2
1757628848741 0.1625749525059174 3
1757628848828 0.11415638393853766 4
1757628848923 0.01946014396562389 5
1757628849017 0.00747631538314959 6
1757628849119 0.3557083241154561 7
1757628849221 0.06006676802115733 8
1757628849332 0.06924087542009727 9
1757628849443 0.013060718291245837 10
1757628849544 0.00022598844824608794 11
1757628849644 0.015395339516348297 12
1757628849752 0.002296502917157767 13
1757628849858 0.3687223978189206 14
1757628849962 0.045010172151942064 15
1757628850059 0.037140662379965966 16
1757628850171 0.1149955636492082 17
1757628850269 0.098120926518958 18
1757628850369 0.43018285378013804 19
1757628850473 0.22302145627997488 20
1757628850571 0.36999027151664793 21
1757628850669 3.597750021486696e-07 22
1757628850766 0.11519526243339026 23
1757628850859 0.027477985891629256 24
1757628850953 0.00018273742001445768 25
1757628851051 0.08466662409119798 26
1757628851153 0.0123776898475416 27
1757628851251 1.10207022810638 28
1757628851344 0.11454822836176294 29
1757628851435 0.15799236401833625 30
1757628851525 0.16947372022696294 31
1757628851613 0.004385074037501479 32
1757628851701 0.0073492201299702195 33
1757628851790 0.00010714907968256449 34
1757628851876 0.05374978877967306 35
1757628851966 0.07817117940638957 36
1757628852053 0.06302738707482464 37
1757628852140 0.03338674015965533 38
1757628852230 0.07575011835988701 39
1757628852322 0.005892280670894512 40
1757628852422 0.056992512634285945 41
1757628852523 0.09456984306834003 42
1757628852630 0.0759425697202547 43
1757628852733 0.3735164330103766 44
1757628852833 0.19561313131712108 45
1757628852934 0.1097517458250015 46
1757628853031 0.14374315130355367 47
1757628853128 0.04580426291645012 48
1757628853234 0.131913528828474 49
1757628853348 0.15080402601253845 50
1757628853456 0.05472897274295356 51
1757628853560 0.057936321459143424 52
1757628853664 0.07428077214369236 53
1757628853770 0.05479981518922928 54
1757628853872 0.04772977243686806 55
1757628853976 0.009378564021541217 56
1757628854084 0.3262589624955835 57
1757628854183 0.09939191984358828 58
1757628854281 0.2793773632659909 59
1757628854377 0.015890283043757978 60
1757628854468 0.004436070394704357 61
1757628854561 0.0035787462614107787 62
1757628854661 0.003567490846167877 63
1757628854767 0.10063791383982078 64
1757628854866 0.0943995818460182 65
1757628854959 0.00041566679112544345 66
1757628855052 0.0572749158975864 67
1757628855163 0.06378761480405287 68
1757628855277 0.026502037035758853 69
1757628855379 0.20809139827369233 70
1757628855478 0.13272558635165982 71
1757628855572 0.00047682887637893594 72
1757628855752 0.03676863741393506 73
1757628855865 0.03363214581073161 74
1757628855970 0.0715102989179583 75
1757628856075 0.0384032222411892 76
1757628856185 0.11595203502219849 77
1757628856290 0.0005453095331694125 78
1757628856387 0.021889393875160645 79
1757628856483 0.0019848534894067794 80
1757628856575 0.0004840288024574368 81
1757628856666 0.008362393200328999 82
1757628856764 0.4315666236152098 83
1757628856869 0.23444730685767562 84
1757628856967 9.408539054925714e-06 85
1757628857060 0.15204543640432405 86
1757628857153 0.027936748132377724 87
1757628857250 0.018056268274576893 88
1757628857350 0.04131696839776051 89
1757628857462 0.0099839070713767 90
1757628857569 0.0843573140172582 91
1757628857674 0.003194633198728643 92
1757628857777 0.09951414878717232 93
1757628857878 0.0911624621544179 94
1757628857981 0.44605963761808687 95
1757628858118 2.2824573796144965e-08 96
1757628858232 0.014352508914267537 97
1757628858333 0.020360113034741043 98
1757628858432 0.013681217683693212 99
1757628858529 0.19979736309639415 100
1757628858628 0.016879860396904898 101
1757628858786 0.15621560728163783 102
1757628858889 0.3584722520566234 103
1757628858987 0.010274749334712521 104
1757628859082 0.04417409680646447 105
1757628859180 0.01942653078935616 106
1757628859288 0.289546832527574 107
1757628859394 0.24241160806432316 108
1757628859493 0.17723659604447586 109
1757628859621 0.28263238974763427 110
1757628859778 0.028078091488308587 111
1757628859886 0.09239898326149894 112
1757628859994 0.0007982044968459846 113
1757628860098 0.0013556869069596342 114
1757628860213 0.07966559860644054 115
1757628860309 0.00013824668247451054 116
1757628860405 0.008581293569308082 117
1757628860501 0.03138655520985476 118
1757628860602 0.0015368914594465553 119
1757628860712 0.07472561265602859 120
1757628860819 0.05901140115143748 121
1757628860918 0.027706751875320606 122
1757628861017 0.002136584024009603 123
1757628861114 0.0061378392472625195 124
1757628861215 0.0341305468480866 125
1757628861323 0.0092140775434536 126
1757628861450 0.06595096141769018 127
1757628861563 0.3944112448200705 128
1757628861664 0.27718368339336286 129
1757628861764 0.36977568389401555 130
1757628861866 0.0003855362594578605 131
1757628861960 0.05547936663044661 132
1757628862055 0.006496787249694466 133
1757628862153 0.06944144730580609 134
1757628862246 0.01365670313658651 135
1757628862336 0.011866505588999257 136
1757628862426 0.020926250932750703 137
1757628862517 0.050821717552718436 138
1757628862607 0.023644407906019745 139
1757628862696 2.268153308755475e-05 140
1757628862785 0.3251885831484192 141
1757628862874 0.008095711191828647 142
1757628862964 0.03819439462297238 143
1757628863053 0.37611466099612034 144
1757628863143 0.05082884242763522 145
1757628863233 0.17169581618289767 146
1757628863323 0.026140791823594266 147
1757628863413 0.5914432632335701 148
1757628863501 0.00024165113527259123 149
1757628863590 0.03942771346460334 150
1757628863680 0.024893973670562192 151
1757628863770 0.0033360731383174683 152
1757628863861 0.0038827050585017904 153
1757628863959 0.4458542399450634 154
1757628864060 0.003911699694524095 155
1757628864170 0.051038537280454085 156
1757628864276 0.5032777375431299 157
1757628864375 0.0003184104738765018 158
1757628864471 0.010462399774749859 159
1757628864564 0.002278931989862181 160
1757628864659 0.026753108052016368 161
1757628864757 0.03369573353572676 162
1757628864859 0.12265429610826759 163
1757628864966 0.023899322135239685 164
1757628865072 0.12527960432579938 165
1757628865198 0.09279661552061962 166
1757628865304 0.007032671374205527 167
1757628865414 0.07065492506063226 168
1757628865527 0.005028908335016279 169
1757628865641 0.3521152911189623 170
1757628865746 0.008301948299225134 171
1757628865847 0.004423890568718017 172
1757628865949 0.0034191018660219607 173
1757628866048 0.1568350174522882 174
1757628866147 0.11656817972687017 175
1757628866251 0.09134237550437328 176
1757628866348 0.008554164036937793 177
1757628866442 0.0597573375009759 178
1757628866538 0.42837076016727144 179
1757628866630 1.1442184905247044 180
1757628866720 0.04040942123592506 181
1757628866811 0.31608023310833844 182
1757628866903 0.1392186349005504 183
1757628866995 0.002388826144229643 184
1757628867086 0.03351501912790313 185
1757628867178 0.001685118290981398 186
1757628867281 0.02590784168092745 187
1757628867392 0.0011445782942756239 188
1757628867508 0.0226969097699839 189
1757628867618 0.345566207812866 190
1757628867723 0.02761294965417129 191
1757628867823 0.3227279514257996 192
1757628867922 0.01502717051072135 193
1757628868020 0.34259194510199875 194
1757628868144 0.002910238373367324 195
1757628868266 0.0008102095755796807 196
1757628868384 0.08609560812311381 197
1757628868491 0.005012385187883188 198
1757628868608 0.15137213257920282 199
1757628868719 0.008025314455004973 200
1757628868838 8.56277763375801e-06 201
1757628868947 0.05594391704561888 202
1757628869049 0.6831290937617269 203
1757628869153 0.11745817182296649 204
1757628869254 0.15221711995369996 205
1757628869354 0.06740117162877125 206
1757628869458 0.0003109656846995192 207
1757628869555 0.12389516196159245 208
1757628869654 0.23929059251813442 209
1757628869754 0.04573943776945227 210
1757628869853 0.017830717329815705 211
1757628869953 0.04860632240943309 212
1757628870060 0.1719718844438725 213
1757628870190 0.0013405188072284327 214
1757628870302 0.007622838141638159 215
1757628870423 0.09337605269066651 216
1757628870535 0.17008345268924227 217
1757628870633 0.7146005637175362 218
1757628870730 1.9228410322364626 219
1757628870826 0.20525748088064952 220
1757628870923 0.025876217976465526 221
1757628871072 0.11464551715831281 222
1757628871186 0.0061796802343455064 223
1757628871306 0.002951255478825525 224
1757628871428 0.007825361997252398 225
1757628871536 0.0009810052147873778 226
1757628871637 0.07066993772229842 227
1757628871735 0.014659201513073643 228
1757628871841 0.07814709673716047 229
1757628871958 0.22484305658467235 230
1757628872064 0.032250112682430124 231
1757628872164 0.01880880225608687 232
1757628872334 0.0686006182034452 233
1757628872455 0.016161417084296317 234
1757628872602 0.07791073138281292 235
1757628872713 0.06985627699882768 236
1757628872838 0.06111554138269077 237
1757628872962 0.00045166595662017437 238
1757628873069 0.14117281534124232 239
1757628873187 0.00037863830162189536 240
1757628873299 0.00044103073157550777 241
1757628873402 0.45221583763940276 242
1757628873503 0.0113890944362153 243
1757628873599 0.05877136797904113 244
1757628873703 0.11160082359408062 245
1757628873810 0.0034252672352825574 246
1757628873918 0.00814218818725086 247
1757628874016 0.0009683779685157879 248
1757628874113 0.10810938320885796 249
1757628874217 0.01637914726302155 250
1757628874333 0.1793009184347774 251
1757628874490 0.3553487773856003 252
1757628874608 0.005005404369916781 253
1757628874763 0.3344309506862607 254
1757628874875 0.14891285100421706 255
1757628874994 0.03124959366917819 256
1757628875144 0.0008394074422549212 257
1757628875273 0.15944659058291136 258
1757628875377 0.0025037073508459226 259
1757628875476 0.10400350740971215 260
1757628875586 0.12343474155498287 261
1757628875791 0.19254667101059528 262
1757628875918 0.018182549737343366 263
1757628876038 0.00017101321182553432 264
1757628876168 0.17307336253939154 265
1757628876289 0.020095773456784066 266
1757628876413 0.0058296255521067125 267
1757628876519 0.08256799349559796 268
1757628876620 0.1945309350567193 269
1757628876722 0.429065551307775 270
1757628876829 0.2503235851231836 271
1757628876928 0.01875377182626716 272
1757628877026 0.05966902296773005 273
1757628877122 0.23417075590926253 274
1757628877224 0.05827130385603725 275
1757628877336 0.4936677734511324 276
1757628877459 0.011464867993067734 277
1757628877570 0.008982566828057063 278
1757628877683 0.05925737453881646 279
1757628877804 0.10410729172333615 280
1757628877926 0.0005776983192796748 281
1757628878030 0.29920734027291607 282
1757628878155 0.0009539042909131488 283
1757628878271 0.010803197932154129 284
1757628878393 0.07316034398579904 285
1757628878515 0.01090123963565762 286
1757628878624 0.07623297670270338 287
1757628878729 0.011600912380640874 288
1757628878834 0.19918388856690972 289
1757628878933 0.07389725586855433 290
1757628879040 0.1774077149781126 291
1757628879146 0.05346070110716997 292
1757628879247 0.0015751973417345907 293
1757628879347 0.00018911508281228446 294
1757628879446 0.363739806028298 295
1757628879550 0.022126050214110023 296
1757628879664 0.3783272713268359 297
1757628879777 0.10369158221405764 298
1757628879892 0.0006434209305311572 299
1757628880010 0.0696353336779709 300
1757628880136 0.0011213303542814627 301
1757628880266 0.05900447406094294 302
1757628880416 0.1260181473278922 303
1757628880538 0.0768247645875417 304
1757628880651 0.0016150383123618242 305
1757628880767 0.02287033468748871 306
1757628880894 0.011732682403061225 307
1757628881016 0.033780170868910275 308
1757628881141 0.17474045807048727 309
1757628881246 0.34613084646675096 310
1757628881351 0.284976348230026 311
1757628881460 0.15337421468113288 312
1757628881559 1.4663071721668008e-05 313
1757628881658 0.09016043004764009 314
1757628881756 0.00894347547033991 315
1757628881853 0.21434168200786985 316
1757628881953 0.06266629223172165 317
1757628882051 0.489538006721442 318
1757628882147 0.00123956991401221 319
1757628882248 0.0966558568784498 320
1757628882365 0.030205964880904598 321
1757628882484 0.5296716152831916 322
1757628882602 0.05959183301301716 323
1757628882720 0.5155111812691858 324
1757628882833 0.03009713705115729 325
1757628882938 5.6019660722502325e-05 326
1757628883042 0.0024349263009230885 327
1757628883170 0.04821456895486505 328
1757628883401 0.08679139633937456 329
1757628883620 0.008712964719074045 330
1757628883833 0.0010424111580852095 331
1757628884073 0.06057364935769242 332
1757628884323 0.09758110528454411 333
1757628884579 0.07582667204767773 334
1757628884795 0.03586042480797777 335
1757628885077 0.07577864051433138 336
1757628885294 0.30471626853510886 337
1757628885553 0.04992111798400419 338
1757628885822 0.24441212779567476 339
1757628886021 0.015784401110686515 340
1757628886177 0.10146043656157806 341
1757628886293 0.04754439457274807 342
1757628886399 0.04465233543305253 343
1757628886504 0.00030633293079629814 344
1757628886611 0.20065006832654436 345
1757628886714 0.009492731720877483 346
1757628886812 0.20866949975283752 347
1757628886910 0.13160777263314544 348
1757628887009 0.05903080304143153 349
1757628887108 0.009245477045037335 350
1757628887206 0.36006825344781 351
1757628887305 0.31691386132402005 352
1757628887403 0.09678864225868292 353
1757628887498 0.09921426691666314 354
1757628887596 0.1935648880590109 355
1757628887692 0.2129564346348632 356
1757628887793 0.01339650829775962 357
1757628887894 0.055659836919567864 358
1757628887995 0.06240722621344856 359
1757628888126 0.057422122745781456 360
1757628888251 0.000969984963775945 361
1757628888369 0.37301161972068225 362
1757628888476 0.1789992225710552 363
1757628888584 0.1603493241330977 364
1757628888692 0.0002919864855699727 365
1757628888791 0.430532373241396 366
1757628888892 0.10835738322862262 367
1757628888996 0.0003030999540556145 368
1757628889103 0.2661486974121052 369
1757628889229 0.1356706990670809 370
1757628889337 0.049456906345936816 371
1757628889440 0.11347361506826643 372
1757628889550 0.11123536337590587 373
1757628889664 0.2856292802055167 374
1757628889800 0.02343197409552856 375
1757628889903 0.4840065622245075 376
1757628890006 0.019173029886359088 377
1757628890108 0.0067580210705959175 378
1757628890232 0.040034262078405 379
1757628890359 0.9687223098822662 380
1757628890478 0.0006324233121265491 381
1757628890585 0.0577378195872729 382
1757628890693 0.0003199392957310996 383
1757628890797 0.1007475109333999 384
1757628890900 1.7551971768153745e-06 385
1757628890998 0.0811282946661157 386
1757628891098 0.030019611843000286 387
1757628891197 0.005183769474245658 388
1757628891296 0.0035575656130034236 389
1757628891403 0.008453938850850724 390
1757628891522 0.009048270250316126 391
1757628891764 5.812149606907228e-05 392
1757628891881 0.0638663311647234 393
1757628892011 0.04450741563383199 394
1757628892125 0.042157824025659284 395
1757628892239 0.018741490814479036 396
1757628892364 0.010751335414602598 397
1757628892472 0.7423271562902025 398
1757628892577 0.009524964424735688 399
1757628892800 0.009736541919958035 400
1757628893016 0.011278809318874618 401
1757628893276 0.08214219071501291 402
1757628893531 0.20763095015727823 403
1757628893777 0.22240957511356252 404
1757628894013 0.08652420494371464 405
1757628894288 0.006815263993108658 406
1757628894453 0.003125546646182765 407
1757628894642 0.13548002566629494 408
1757628894802 0.10587157014063833 409
1757628894922 0.08614301183072733 410
1757628895041 0.003914902862301904 411
1757628895153 0.008883016357553243 412
1757628895268 0.0540873268521605 413
1757628895380 0.22410345104749413 414
1757628895488 2.754636501514748e-06 415
1757628895594 0.06805746445155872 416
1757628895702 0.07979181201359599 417
1757628895809 0.08005347195678755 418
1757628895922 0.1955171896112624 419
1757628896041 0.10821835948680238 420
1757628896154 0.004544522160294484 421
1757628896269 0.20090951258979778 422
1757628896384 0.0018861039305226015 423
1757628896492 0.011267640858065569 424
1757628896603 0.23372762340210404 425
1757628896718 0.13216042346058163 426
1757628896834 0.00011079274869598863 427
1757628896942 0.8787323804024436 428
1757628897049 0.0008483244811129592 429
1757628897152 0.32301506580992867 430
1757628897267 0.03627863499048277 431
1757628897378 0.046498838038265565 432
1757628897490 0.42849478518756273 433
1757628897599 0.03017036245762361 434
1757628897707 0.016639349802954995 435
1757628897820 3.1885230860261498e-06 436
1757628897928 0.034929310449218716 437
1757628898039 0.005552345260577647 438
1757628898172 0.0010754807961917486 439
1757628898285 0.00435420802803411 440
1757628898406 0.031648397058793985 441
1757628898522 0.3813286605706446 442
1757628898638 0.4323398994471457 443
1757628898749 0.07429695227360705 444
1757628898856 0.039906899655958464 445
1757628898967 0.05767769091494749 446
1757628899076 0.21674764849719225 447
1757628899187 0.0928988788841399 448
1757628899300 0.0006463620016412342 449
1757628899404 0.046823521760536835 450
1757628899504 0.05731611295460367 451
1757628899605 0.0322839531120471 452
1757628899705 0.11574078535623238 453
1757628899805 0.06208622716198056 454
1757628899913 0.09959214132801084 455
1757628900016 0.041755422947425284 456
1757628900123 0.16853503422867855 457
1757628900249 0.007002636037077775 458
1757628900355 0.1563317617300109 459
1757628900455 0.16961622063928466 460
1757628900561 0.09066684684316656 461
1757628900676 0.07675354411256248 462
1757628900780 0.008283821626841449 463
1757628900882 0.009494101561486874 464
1757628900998 0.23919953143547332 465
1757628901110 0.16664269885276656 466
1757628901219 0.01226454860490042 467
1757628901320 0.08598082784480465 468
1757628901421 0.0019707944269708355 469
1757628901531 0.00481315580131196 470
1757628901634 0.5999326904357539 471
1757628901735 0.3168395777201595 472
1757628901836 0.09364545099661079 473
1757628901943 0.010100625757247227 474
1757628902059 0.19639974878106886 475
1757628902165 0.0031523102290473112 476
1757628902281 0.8109173933843344 477
1757628902392 0.0027451522494095276 478
1757628902503 0.14668881092673997 479
1757628902619 0.09468780888927035 480
1757628902740 0.03334869441717843 481
1757628902849 0.00014234030647504204 482
1757628902956 0.16480733659933358 483
1757628903058 0.05598121962865324 484
1757628903170 0.07044635415742576 485
1757628903280 0.2694361762958399 486
1757628903393 0.05682503932339108 487
1757628903504 0.0004605853215128685 488
1757628903614 0.017734805108705058 489
1757628903717 0.03475299230841335 490
1757628903819 0.22044420669830928 491
1757628903920 0.47519313726053547 492
1757628904022 0.049572538412938495 493
1757628904136 0.1637142355962136 494
1757628904249 0.0622426225170831 495
1757628904361 0.001337273991111167 496
1757628904471 0.007400930666289215 497
1757628904579 0.0034904111537071517 498
1757628904686 0.013581577932973165 499
