1757642204151 157.49152356958433 0
1757642204201 157.45986854495538 1
1757642204255 157.41239518389827 2
1757642204312 157.3570245218918 3
1757642204364 157.29771774664664 4
1757642204418 157.23645561606907 5
1757642204469 157.17422854645048 6
1757642204521 157.11153175149423 7
1757642204573 157.04861283561684 8
1757642204625 156.98559559657144 9
1757642204677 156.9225419282641 10
1757642204734 156.8594827725445 11
1757642204786 156.79643359519955 12
1757642204837 156.7334021239763 13
1757642204889 156.67039221760058 14
1757642204942 156.60740580028843 15
1757642205001 156.54444382900283 16
1757642205063 156.48150677708185 17
1757642205121 156.41859487605328 18
1757642205175 156.3557082365417 19
1757642205232 156.2928469087223 20
1757642205287 156.23001091254753 21
1757642205341 156.16720025286054 22
1757642205399 156.10441492695205 23
1757642205457 156.0416549283385 24
1757642205514 155.97892024865138 25
1757642205572 155.91621087858172 26
1757642205632 155.8535268083525 27
1757642205687 155.79086802795467 28
1757642205753 155.72823452726524 29
1757642205809 155.6656262961064 30
1757642205867 155.603043324275 31
1757642205926 155.54048560155732 32
1757642205983 155.4779531177363 33
1757642206040 155.41544586259542 34
1757642206096 155.35296382592054 35
1757642206157 155.2905069975007 36
1757642206286 155.22807536712855 37
1757642206350 155.16566892460082 38
1757642206412 155.10328765971818 39
1757642206473 155.0409315622854 40
1757642206535 154.9786006221114 41
1757642206593 154.91629482900916 42
1757642206651 154.85401417279596 43
1757642206711 154.791758643293 44
1757642206773 154.72952823032583 45
1757642206834 154.667322923724 46
1757642206893 154.6051427133212 47
1757642206955 154.54298758895533 48
1757642207018 154.48085754046843 49
1757642207074 154.4187525577066 50
1757642207142 154.3566726305201 51
1757642207201 154.2946177487634 52
1757642207259 154.23258790229485 53
1757642207316 154.17058308097728 54
1757642207374 154.1086032746774 55
1757642207430 154.04664847326612 56
1757642207485 153.98471866661848 57
1757642207542 153.92281384461356 58
1757642207602 153.86093399713468 59
1757642207658 153.79907911406917 60
1757642207714 153.73724918530854 61
1757642207771 153.67544420074844 62
1757642207828 153.6136641502885 63
1757642207885 153.55190902383262 64
1757642207942 153.4901788112887 65
1757642207998 153.42847350256883 66
1757642208060 153.36679308758906 67
1757642208117 153.3051375562697 68
1757642208199 153.24350689853506 69
1757642208266 153.18190110431368 70
1757642208325 153.12032016353797 71
1757642208385 153.05876406614473 72
1757642208444 152.99723280207456 73
1757642208512 152.93572636127234 74
1757642208575 152.87424473368702 75
1757642208633 152.8127879092716 76
1757642208690 152.75135587798317 77
1757642208744 152.68994862978292 78
1757642208800 152.62856615463608 79
1757642208856 152.56720844251205 80
1757642208911 152.50587548338427 81
1757642208966 152.44456726723024 82
1757642209023 152.38328378403156 83
1757642209079 152.32202502377388 84
1757642209138 152.26079097644694 85
1757642209198 152.1995816320446 86
1757642209259 152.1383969805647 87
1757642209314 152.0772370120092 88
1757642209370 152.01610171638418 89
1757642209426 151.95499108369964 90
1757642209482 151.89390510396981 91
1757642209538 151.8328437672129 92
1757642209593 151.77180706345115 93
1757642209651 151.7107949827109 94
1757642209708 151.64980751502262 95
1757642209772 151.58884465042067 96
1757642209829 151.5279063789436 97
1757642209885 151.46699269063404 98
1757642209942 151.40610357553845 99
1757642209997 151.34523902370762 100
1757642210053 151.2843990251962 101
1757642210109 151.22358357006297 102
1757642210167 151.1627926483707 103
1757642210228 151.10202625018627 104
1757642210284 151.04128436558054 105
1757642210343 150.98056698462847 106
1757642210399 150.91987409740898 107
1757642210482 150.8592056940051 108
1757642210587 150.79856176450383 109
1757642210654 150.73794229899624 110
1757642210711 150.6773472875775 111
1757642210768 150.61677672034665 112
1757642210824 150.55623058740687 113
1757642210882 150.49570887886537 114
1757642210941 150.43521158483335 115
1757642211000 150.374738695426 116
1757642211057 150.31429020076263 117
1757642211114 150.25386609096648 118
1757642211174 150.19346635616483 119
1757642211234 150.13309098648904 120
1757642211292 150.07273997207434 121
1757642211349 150.01241330306013 122
1757642211404 149.95211096958974 123
1757642211462 149.89183296181056 124
1757642211519 149.83157926987388 125
1757642211575 149.77134988393516 126
1757642211632 149.7111447941537 127
1757642211690 149.650963990693 128
1757642211748 149.59080746372027 129
1757642211806 149.53067520340696 130
1757642211863 149.47056719992855 131
1757642211920 149.41048344346424 132
1757642211978 149.35042392419757 133
1757642212035 149.29038863231582 134
1757642212092 149.2303775580104 135
1757642212149 149.17039069147657 136
1757642212206 149.11042802291374 137
1757642212262 149.05048954252524 138
1757642212321 148.9905752405183 139
1757642212378 148.9306851071043 140
1757642212434 148.8708191324985 141
1757642212490 148.81097730692014 142
1757642212547 148.75115962059243 143
1757642212602 148.69136606374263 144
1757642212659 148.6315966266019 145
1757642212714 148.57185129940538 146
1757642212772 148.5121300723923 147
1757642212827 148.45243293580566 148
1757642212899 148.3927598798926 149
1757642212957 148.33311089490414 150
1757642213015 148.27348597109528 151
1757642213074 148.213885098725 152
1757642213137 148.15430826805624 153
1757642213210 148.0947554693559 154
1757642213272 148.03522669289478 155
1757642213329 147.9757219289478 156
1757642213388 147.91624116779366 157
1757642213446 147.85678439971505 158
1757642213503 147.79735161499875 159
1757642213561 147.7379428039353 160
1757642213619 147.67855795681933 161
1757642213678 147.61919706394931 162
1757642213736 147.5598601156278 163
1757642213794 147.50054710216116 164
1757642213851 147.4412580138597 165
1757642213910 147.38199284103783 166
1757642213967 147.32275157401372 167
1757642214029 147.26353420310963 168
1757642214086 147.20434071865157 169
1757642214144 147.14517111096964 170
1757642214203 147.08602537039786 171
1757642214264 147.0269034872741 172
1757642214333 146.96780545194025 173
1757642214400 146.908731254742 174
1757642214475 146.84968088602918 175
1757642214599 146.7906543361554 176
1757642214664 146.7316515954781 177
1757642214727 146.67267265435888 178
1757642214791 146.61371750316303 179
1757642214851 146.55478613226 180
1757642214911 146.4958785320229 181
1757642214969 146.43699469282893 182
1757642215028 146.3781346050592 183
1757642215087 146.31929825909862 184
1757642215146 146.26048564533608 185
1757642215203 146.20169675416437 186
1757642215267 146.14293157598027 187
1757642215327 146.08419010118433 188
1757642215386 146.02547232018105 189
1757642215445 145.9667782233789 190
1757642215504 145.90810780119017 191
1757642215563 145.84946104403107 192
1757642215622 145.79083794232176 193
1757642215681 145.73223848648627 194
1757642215741 145.67366266695237 195
1757642215800 145.61511047415203 196
1757642215858 145.5565818985209 197
1757642215916 145.49807693049848 198
1757642215975 145.4395955605284 199
1757642216034 145.3811377790579 200
1757642216092 145.32270357653826 201
1757642216149 145.2642929434246 202
1757642216208 145.20590587017603 203
1757642216265 145.14754234725527 204
1757642216322 145.0892023651292 205
1757642216379 145.0308859142685 206
1757642216438 144.97259298514766 207
1757642216495 144.91432356824507 208
1757642216552 144.856077654043 209
1757642216609 144.7978552330276 210
1757642216667 144.73965629568895 211
1757642216724 144.68148083252086 212
1757642216781 144.62332883402107 213
1757642216840 144.56520029069128 214
1757642216898 144.50709519303686 215
1757642216955 144.44901353156726 216
1757642217179 144.3909552967956 217
1757642217257 144.33292047923896 218
1757642217331 144.2749090694183 219
1757642217396 144.2169210578583 220
1757642217458 144.1589564350877 221
1757642217520 144.10101519163888 222
1757642217583 144.0430973180482 223
1757642217642 143.98520280485587 224
1757642217702 143.9273316426059 225
1757642217762 143.86948382184616 226
1757642217821 143.81165933312835 227
1757642217881 143.75385816700802 228
1757642217939 143.69608031404456 229
1757642217999 143.63832576480127 230
1757642218058 143.58059450984518 231
1757642218117 143.52288653974725 232
1757642218191 143.46520184508213 233
1757642218259 143.40754041642853 234
1757642218320 143.34990224436876 235
1757642218381 143.2922873194892 236
1757642218441 143.23469563237973 237
1757642218500 143.1771271736344 238
1757642218559 143.11958193385087 239
1757642218619 143.0620599036307 240
1757642218679 143.0045610735793 241
1757642218738 142.94708543430582 242
1757642218797 142.88963297642331 243
1757642218858 142.83220369054854 244
1757642218918 142.77479756730224 245
1757642218979 142.7174145973088 246
1757642219039 142.66005477119649 247
1757642219098 142.60271807959748 248
1757642219156 142.54540451314756 249
1757642219215 142.48811406248652 250
1757642219276 142.43084671825787 251
1757642219338 142.37360247110882 252
1757642219400 142.3163813116906 253
1757642219464 142.25918323065807 254
1757642219523 142.20200821867 255
1757642219581 142.1448562663889 256
1757642219638 142.08772736448108 257
1757642219698 142.03062150361663 258
1757642219758 141.9735386744695 259
1757642219819 141.91647886771736 260
1757642219877 141.85944207404174 261
1757642219936 141.80242828412793 262
1757642219994 141.74543748866492 263
1757642220058 141.68846967834563 264
1757642220118 141.6315248438667 265
1757642220178 141.57460297592857 266
1757642220235 141.51770406523545 267
1757642220294 141.4608281024953 268
1757642220354 141.40397507841985 269
1757642220412 141.34714498372475 270
1757642220479 141.29033780912923 271
1757642220539 141.23355354535647 272
1757642220596 141.17679218313324 273
1757642220654 141.12005371319023 274
1757642220718 141.06333812626193 275
1757642220778 141.00664541308632 276
1757642220837 140.9499755644055 277
1757642220895 140.89332857096517 278
1757642220958 140.83670442351473 279
1757642221018 140.78010311280747 280
1757642221077 140.72352462960035 281
1757642221136 140.66696896465413 282
1757642221198 140.61043610873338 283
1757642221257 140.5539260526063 284
1757642221318 140.49743878704487 285
1757642221385 140.44097430282497 286
1757642221447 140.38453259072608 287
1757642221507 140.32811364153142 288
1757642221567 140.2717174460281 289
1757642221626 140.21534399500683 290
1757642221686 140.15899327926215 291
1757642221745 140.10266528959232 292
1757642221805 140.04636001679927 293
1757642221862 139.99007745168885 294
1757642221920 139.93381758507047 295
1757642221981 139.8775804077574 296
1757642222041 139.82136591056644 297
1757642222100 139.7651740843185 298
1757642222160 139.70900491983778 299
1757642222222 139.65285840795258 300
1757642222281 139.59673453949472 301
1757642222341 139.54063330529985 302
1757642222401 139.48455469620725 303
1757642222461 139.42849870305997 304
1757642222518 139.3724653167049 305
1757642222578 139.31645452799245 306
1757642222639 139.2604663277768 307
1757642222699 139.204500706916 308
1757642222758 139.14855765627172 309
1757642222818 139.0926371667092 310
1757642222895 139.0367392290977 311
1757642223040 138.9808638343099 312
1757642223100 138.92501097322236 313
1757642223168 138.86918063671536 314
1757642223245 138.81337281567272 315
1757642223307 138.7575875009822 316
1757642223370 138.70182468353505 317
1757642223438 138.64608435422642 318
1757642223499 138.59036650395498 319
1757642223560 138.53467112362318 320
1757642223622 138.47899820413727 321
1757642223683 138.42334773640704 322
1757642223742 138.36771971134598 323
1757642223802 138.31211411987144 324
1757642223863 138.25653095290428 325
1757642223925 138.20097020136913 326
1757642223985 138.14543185619436 327
1757642224044 138.08991590831198 328
1757642224106 138.03442234865759 329
1757642224168 137.97895116817068 330
1757642224239 137.92350235779423 331
1757642224305 137.86807590847502 332
1757642224376 137.8126718111635 333
1757642224437 137.75729005681376 334
1757642224497 137.70193063638354 335
1757642224559 137.64659354083437 336
1757642224619 137.59127876113138 337
1757642224680 137.53598628824332 338
1757642224740 137.48071611314273 339
1757642224801 137.42546822680572 340
1757642224862 137.37024262021217 341
1757642224924 137.31503928434554 342
1757642224985 137.259858210193 343
1757642225044 137.20469938874533 344
1757642225105 137.14956281099705 345
1757642225165 137.0944484679463 346
1757642225226 137.0393563505949 347
1757642225287 136.98428644994829 348
1757642225347 136.92923875701558 349
1757642225410 136.87421326280958 350
1757642225483 136.81920995834673 351
1757642225545 136.76422883464707 352
1757642225609 136.7092698827344 353
1757642225670 136.65433309363604 354
1757642225730 136.599418458383 355
1757642225792 136.54452596801008 356
1757642225896 136.4896556135555 357
1757642225964 136.4348073860613 358
1757642226030 136.379981276573 359
1757642226092 136.32517727613995 360
1757642226156 136.270395375815 361
1757642226218 136.2156355666547 362
1757642226280 136.16089783971913 363
1757642226344 136.10618218607223 364
1757642226405 136.05148859678133 365
1757642226468 135.9968170629175 366
1757642226529 135.94216757555546 367
1757642226592 135.88754012577354 368
1757642226653 135.83293470465367 369
1757642226716 135.77835130328148 370
1757642226776 135.72378991274613 371
1757642226837 135.66925052414044 372
1757642226899 135.61473312856083 373
1757642226960 135.56023771710744 374
1757642227028 135.50576428088394 375
1757642227090 135.45131281099756 376
1757642227152 135.3968832985593 377
1757642227213 135.3424757346836 378
1757642227274 135.2880901104887 379
1757642227337 135.23372641709634 380
1757642227398 135.17938464563184 381
1757642227459 135.1250647872242 382
1757642227528 135.070766833006 383
1757642227591 135.01649077411338 384
1757642227653 134.9622366016862 385
1757642227716 134.90800430686778 386
1757642227778 134.85379388080514 387
1757642227839 134.79960531464894 388
1757642227900 134.74543859955327 389
1757642227964 134.69129372667595 390
1757642228025 134.63717068717835 391
1757642228086 134.58306947222545 392
1757642228153 134.52899007298583 393
1757642228229 134.4749324806316 394
1757642228293 134.42089668633858 395
1757642228358 134.36688268128603 396
1757642228422 134.31289045665687 397
1757642228486 134.25892000363768 398
1757642228549 134.2049713134184 399
1757642228614 134.15104437719287 400
1757642228678 134.09713918615822 401
1757642228740 134.04325573151536 402
1757642228803 133.98939400446855 403
1757642228863 133.93555399622593 404
1757642228924 133.88173569799898 405
1757642228987 133.82793910100278 406
1757642229048 133.7741641964561 407
1757642229109 133.72041097558122 408
1757642229171 133.66667942960387 409
1757642229236 133.6129695497536 410
1757642229300 133.55928132726322 411
1757642229362 133.50561475336937 412
1757642229424 133.45196981931218 413
1757642229486 133.39834651633515 414
1757642229552 133.34474483568565 415
1757642229617 133.29116476861435 416
1757642229681 133.23760630637565 417
1757642229742 133.18406944022738 418
1757642229804 133.13055416143106 419
1757642229866 133.0770604612516 420
1757642229931 133.02358833095758 421
1757642229994 132.9701377618211 422
1757642230057 132.91670874511777 423
1757642230118 132.8633012721268 424
1757642230181 132.8099153341309 425
1757642230244 132.7565509224164 426
1757642230306 132.70320802827308 427
1757642230368 132.64988664299432 428
1757642230431 132.596586757877 429
1757642230493 132.54330836422153 430
1757642230556 132.49005145333194 431
1757642230619 132.43681601651573 432
1757642230683 132.38360204508393 433
1757642230745 132.3304095303511 434
1757642230806 132.2772384636353 435
1757642230870 132.22408883625832 436
1757642230940 132.1709606395452 437
1757642231003 132.11785386482458 438
1757642231066 132.0647685034288 439
1757642231128 132.01170454669355 440
1757642231192 131.9586619859581 441
1757642231254 131.90564081256517 442
1757642231317 131.85264101786112 443
1757642231378 131.7996625931957 444
1757642231441 131.74670552992237 445
1757642231506 131.69376981939786 446
1757642231573 131.64085545298255 447
1757642231703 131.5879624220404 448
1757642231775 131.53509071793866 449
1757642231843 131.48224033204832 450
1757642231911 131.42941125574376 451
1757642231977 131.37660348040285 452
1757642232046 131.32381699740705 453
1757642232112 131.27105179814126 454
1757642232177 131.2183078739939 455
1757642232243 131.16558521635685 456
1757642232309 131.11288381662553 457
1757642232374 131.06020366619893 458
1757642232439 131.00754475647938 459
1757642232504 130.95490707887282 460
1757642232568 130.9022906247887 461
1757642232633 130.84969538563982 462
1757642232700 130.79712135284254 463
1757642232767 130.74456851781684 464
1757642232831 130.69203687198603 465
1757642232915 130.63952640677692 466
1757642232982 130.5870371136199 467
1757642233048 130.53456898394873 468
1757642233113 130.48212200920074 469
1757642233190 130.42969618081665 470
1757642233262 130.3772914902408 471
1757642233327 130.32490792892082 472
1757642233394 130.27254548830805 473
1757642233460 130.220204159857 474
1757642233526 130.167883935026 475
1757642233593 130.11558480527654 476
1757642233666 130.06330676207378 477
1757642233732 130.0110497968863 478
1757642233798 129.95881390118612 479
1757642233863 129.90659906644876 480
1757642233930 129.85440528415313 481
1757642233994 129.80223254578172 482
1757642234058 129.75008084282038 483
1757642234123 129.69795016675852 484
1757642234185 129.64584050908888 485
1757642234253 129.59375186130777 486
1757642234321 129.5416842149149 487
1757642234385 129.48963756141347 488
1757642234450 129.43761189231014 489
1757642234516 129.38560719911496 490
1757642234579 129.33362347334142 491
1757642234643 129.28166070650659 492
1757642234710 129.22971889013084 493
1757642234774 129.17779801573815 494
1757642234838 129.12589807485574 495
1757642234903 129.0740190590144 496
1757642234968 129.02216095974842 497
1757642235033 128.9703237685954 498
1757642235097 128.9185074770964 499
