1757635017787 177.9122363045461 0
1757635017844 174.3637716618585 1
1757635017896 167.75527210548904 2
1757635017941 158.63103411357463 3
1757635017986 147.5566297074425 4
1757635018030 135.09039224437777 5
1757635018074 121.76088512085315 6
1757635018118 108.0500511385094 7
1757635018164 94.38158271995181 8
1757635018211 81.11394275405611 9
1757635018257 68.5373979890566 10
1757635018303 56.87439618647533 11
1757635018346 46.2826188863051 12
1757635018396 36.86006768095044 13
1757635018438 28.651587552835522 14
1757635018484 21.656290632619662 15
1757635018526 15.835412699558745 16
1757635018570 11.120208477230038 17
1757635018615 7.4195665283911705 18
1757635018658 4.627097245177696 19
1757635018705 2.627515652481225 20
1757635018748 1.302202713152615 21
1757635018800 0.5338833456693062 22
1757635018848 0.21040575830029243 23
1757635018898 0.22764473480866299 24
1757635018948 0.4915813115475844 25
1757635018995 0.9196332944910641 26
1757635019052 1.4413259280426398 27
1757635019100 1.9984005489384393 28
1757635019155 2.5444621336788837 29
1757635019212 3.0442652112630095 30
1757635019257 3.472732594061077 31
1757635019306 3.8137936674183446 32
1757635019357 4.059119394495327 33
1757635019412 4.206820471777073 34
1757635019456 4.260163848930975 35
1757635019501 4.226351636275078 36
1757635019547 4.115395691267898 37
1757635019594 3.93911122832892 38
1757635019639 3.7102438660753476 39
1757635019684 3.4417367601192392 40
1757635019730 3.146137941428066 41
1757635019775 2.8351427011554944 42
1757635019820 2.5192617935458284 43
1757635019865 2.2076032906950798 44
1757635019918 1.9077540099565762 45
1757635019963 1.6257454213132119 46
1757635020007 1.3660886926802847 47
1757635020060 1.1318639075340795 48
1757635020105 0.9248493561721036 49
1757635020151 0.7456780316226624 50
1757635020196 0.5940099370940187 51
1757635020241 0.468710430591284 52
1757635020288 0.3680265053138076 53
1757635020332 0.28975455823907836 54
1757635020401 0.23139477546282056 55
1757635020514 0.1902887172411875 56
1757635020570 0.16373798726946798 57
1757635020622 0.1491030002869148 58
1757635020673 0.1438818105566938 59
1757635020724 0.14576973060629952 60
1757635020774 0.15270106119046878 61
1757635020820 0.16287468142888306 62
1757635020889 0.1747655279892027 63
1757635020977 0.18712414206340275 64
1757635021027 0.19896650211145497 65
1757635021085 0.2095563086865602 66
1757635021139 0.21838176444726257 67
1757635021189 0.22512871598035136 68
1757635021240 0.22965181105077034 69
1757635021289 0.23194509025427223 70
1757635021338 0.23211318862405023 71
1757635021396 0.2303440812577334 72
1757635021453 0.22688407609744649 73
1757635021515 0.2220155431999074 74
1757635021578 0.21603767788168676 75
1757635021628 0.2092504280273346 76
1757635021680 0.2019415751309538 77
1757635021732 0.19437684457138876 78
1757635021795 0.186792832432047 79
1757635021859 0.17939247229338187 80
1757635021923 0.17234272367396347 81
1757635021990 0.1657741415912768 82
1757635022049 0.15978198123465515 83
1757635022109 0.15442850007857495 84
1757635022173 0.14974613903633777 85
1757635022236 0.14574129171532912 86
1757635022292 0.14239840394704062 87
1757635022344 0.13968418225166912 88
1757635022395 0.13755172777946445 89
1757635022459 0.135944449885079 90
1757635022514 0.13479964949091447 91
1757635022562 0.13405169574356893 92
1757635022611 0.13363474941679304 93
1757635022658 0.13348501258195494 94
1757635022708 0.13354250600344664 95
1757635022755 0.13375239347210002 96
1757635022803 0.1340658859797259 97
1757635022851 0.13444076850792416 98
1757635022898 0.1348415985970953 99
1757635022945 0.13523962918649918 100
1757635022993 0.1356125089217328 101
1757635023048 0.13594381167569528 102
1757635023096 0.13622244388159882 103
1757635023149 0.1364419738691152 104
1757635023202 0.1365999221308384 105
1757635023248 0.1366970456865996 106
1757635023294 0.13673664377004838 107
1757635023346 0.1367239061962439 108
1757635023403 0.13666532019001684 109
1757635023463 0.1365681463217434 110
1757635023532 0.13643996962227176 111
1757635023597 0.13628832800203192 112
1757635023647 0.13612041681362552 113
1757635023700 0.13594286577373946 114
1757635023751 0.1357615824746937 115
1757635023802 0.1355816553240352 116
1757635023852 0.13540730789355038 117
1757635023904 0.13524189626861596 118
1757635023956 0.13508794099157947 119
1757635024005 0.13494718551420123 120
1757635024061 0.13482067364129982 121
1757635024108 0.13470883919211293 122
1757635024157 0.1346116019651888 123
1757635024206 0.13452846501192114 124
1757635024255 0.13445860915634916 125
1757635024304 0.13440098160618302 126
1757635024350 0.13435437635211356 127
1757635024398 0.13431750482714788 128
1757635024447 0.13428905598004856 129
1757635024498 0.13426774549846787 130
1757635024547 0.13425235439511574 131
1757635024600 0.13424175754593884 132
1757635024648 0.13423494304811875 133
1757635024700 0.1342310234557543 134
1757635024751 0.1342292400623067 135
1757635024804 0.13422896144233382 136
1757635024852 0.13422967745227934 137
1757635024901 0.13423098983261084 138
1757635024948 0.13423260046242516 139
1757635024996 0.1342342982029365 140
