1757637630212 78.90239426312462 0
1757637630305 28.053470256002417 1
1757637630396 14.696821517146383 2
1757637630483 6.70113311012017 3
1757637630572 5.240233969983059 4
1757637630666 1.3790177245476551 5
1757637630752 0.7958951340204248 6
1757637630841 0.20359800969746655 7
1757637630929 0.46764552444888874 8
1757637631015 0.04035296586526648 9
1757637631104 0.36807043039394716 10
1757637631199 0.16589802221470323 11
1757637631286 0.10108954355649262 12
1757637631384 0.08621809013125016 13
1757637631481 0.00026251878345383387 14
1757637631567 0.9350564335763214 15
1757637631656 0.009501064651981195 16
1757637631744 0.07291030530710352 17
1757637631831 0.055803867585678964 18
1757637631920 0.038700466587213794 19
1757637632009 0.16555397515539047 20
1757637632096 1.0747598669284786 21
1757637632183 0.19923611781660855 22
1757637632290 0.1863998370742528 23
1757637632379 0.0015586037091036165 24
1757637632470 0.04620476772676345 25
1757637632558 0.13119947843813992 26
1757637632645 0.0018094408031919262 27
1757637632734 0.6549628796208219 28
1757637632822 0.16924929714665307 29
1757637632909 0.009599695165349687 30
1757637632998 0.7279039415909542 31
1757637633086 0.047265020098050184 32
1757637633173 0.02685838553921798 33
1757637633265 1.2175422756614065 34
1757637633355 0.03156565437234658 35
1757637633443 0.045694215568758675 36
1757637633533 0.0029256717169961134 37
1757637633623 0.15592067577534638 38
1757637633714 0.00620747555655733 39
1757637633907 0.08240477699334751 40
1757637634001 0.00018578142436794214 41
1757637634094 0.02200397931442378 42
1757637634184 0.04813403315542435 43
1757637634274 0.12087184330886412 44
1757637634362 0.046791700158008896 45
1757637634451 0.00303812871149007 46
1757637634540 0.1437946194764418 47
1757637634629 1.1784178947372952 48
1757637634717 0.3039144985407557 49
1757637634805 0.00047329493302999075 50
1757637634893 0.07734726113681474 51
1757637634982 0.1440915218045373 52
1757637635077 0.019350179376991395 53
1757637635167 0.02707622010250582 54
1757637635265 0.0562603760331566 55
1757637635355 0.08523139990652154 56
1757637635444 0.08454730371254786 57
1757637635531 0.06787590970007373 58
1757637635620 0.00862611406657882 59
1757637635711 0.018069793710723838 60
1757637635798 0.3394370222187847 61
1757637635889 0.46444685167059974 62
1757637635977 0.08857876931550067 63
1757637636064 0.0001754167513689865 64
1757637636152 0.010923886381221708 65
1757637636239 0.10062768729406267 66
1757637636327 0.047597383024040034 67
1757637636416 0.026654309559107713 68
1757637636504 0.001524599122491883 69
1757637636592 0.13811135288402987 70
1757637636679 0.04363874805014122 71
1757637636767 0.03548498483093417 72
1757637636856 0.0025212092767807827 73
1757637636946 0.017976777665790252 74
1757637637034 0.01934215012304978 75
1757637637124 0.1720241893896916 76
1757637637219 0.05765096323610558 77
1757637637328 0.16784301527582196 78
1757637637421 0.001114063803594706 79
1757637637511 0.012093746080009635 80
1757637637601 0.01409669556808932 81
1757637637689 0.018829478263214443 82
1757637637779 0.031914455585023836 83
1757637637868 0.18750554173462572 84
1757637637957 1.10139821193857 85
1757637638048 0.13522489300505325 86
1757637638139 0.007279985094110443 87
1757637638228 0.3419675642318564 88
1757637638316 0.34303282020979325 89
1757637638406 0.07488936679291376 90
1757637638497 0.4566449008671944 91
1757637638587 1.1156838652743193 92
1757637638676 0.08561721817389867 93
1757637638766 0.05553131348309886 94
1757637638856 0.0800760736790215 95
1757637638949 0.1581290701379932 96
1757637639040 0.10695541015026303 97
1757637639130 0.05028423546349452 98
1757637639218 0.03329779798519798 99
1757637639315 0.002598216597127117 100
1757637639410 0.26785821561727796 101
1757637639500 0.2467144848567674 102
1757637639591 0.029550174488430028 103
1757637639683 0.0009675783755702496 104
1757637639771 0.1437507736036808 105
1757637639859 0.2762733915889264 106
1757637639949 0.05258988352391125 107
1757637640040 0.272278953346592 108
1757637640130 0.39094068461260795 109
1757637640221 0.06504174415818538 110
1757637640313 0.017088504207276926 111
1757637640481 0.22301726560837717 112
1757637640577 0.01889010095568064 113
1757637640672 0.05473745790287449 114
1757637640762 0.01179132419909812 115
1757637640852 0.0026860915884245285 116
1757637640948 0.03411300179077109 117
1757637641039 0.004076990838874649 118
1757637641132 0.11552140391789384 119
1757637641223 0.005285402038172448 120
1757637641315 0.12004987645001651 121
1757637641423 0.0018108299374187207 122
1757637641515 0.0034011791466171297 123
1757637641607 0.04763404006019738 124
1757637641698 0.34959525519974705 125
1757637641791 0.05150996051179224 126
1757637641882 1.7015723360796378 127
1757637641971 0.04357604381892091 128
1757637642063 0.6507282888943922 129
1757637642154 0.10348698310132105 130
1757637642258 0.014597981347324006 131
1757637642365 0.04160308399591753 132
1757637642459 0.11515332114916517 133
1757637642549 0.014956306277193509 134
1757637642640 0.0012714753711382083 135
1757637642730 0.013852530037320735 136
1757637642821 0.06207942533522303 137
1757637642911 0.0005038789999650359 138
1757637643003 0.03140756742226454 139
1757637643094 0.6008645011575491 140
1757637643184 0.07417674980642801 141
1757637643274 0.019740377118135945 142
1757637643583 0.13219760903027067 143
1757637643690 0.0016067808361001322 144
1757637643783 1.4032911549195347e-05 145
1757637643875 0.00396849760704012 146
1757637643968 0.5116517593196915 147
1757637644062 0.006780833540232123 148
1757637644159 0.02097415092216644 149
1757637644253 0.0478388885530052 150
1757637644345 0.009455854007615342 151
1757637644436 0.018822327813617746 152
1757637644529 0.00024903775559512224 153
1757637644619 0.137938830448121 154
1757637644712 0.03605360180774556 155
1757637644804 0.06507039743198666 156
1757637644895 0.029530298562365418 157
1757637644988 0.035109095464135306 158
1757637645079 0.0953051211813785 159
1757637645171 0.0038754976072928053 160
1757637645266 0.13051218333009318 161
1757637645361 0.06372234502119445 162
1757637645453 0.09685619731454434 163
1757637645544 0.2597216827431835 164
1757637645643 0.1648432501836662 165
1757637645787 0.017336720629318552 166
1757637645897 0.003412583374172096 167
1757637645990 0.00011483455934778644 168
1757637646083 0.00043060170818337443 169
1757637646174 0.11236941302391182 170
1757637646265 0.014546307471384195 171
1757637646357 0.03978476121629813 172
1757637646450 0.003181550579946446 173
1757637646543 0.006633168321312716 174
1757637646634 0.08357589403295433 175
1757637646726 1.1714268285894394 176
1757637646817 0.0006974983647419031 177
1757637646913 0.005936766483339131 178
1757637647007 2.504867026547191 179
1757637647099 0.04861427615955183 180
1757637647190 0.0481648127625883 181
1757637647303 0.06106186859895436 182
1757637647398 0.03239482361137497 183
1757637647491 0.0008781973346455709 184
1757637647585 0.002503198245448366 185
1757637647687 0.022666345408654642 186
1757637647778 0.22213529349142602 187
1757637647870 0.11077222030976704 188
1757637647962 0.0024848694771044304 189
1757637648055 0.04090817995587425 190
1757637648148 0.09778209415155456 191
1757637648247 0.019487518996644783 192
1757637648340 0.09315991940542201 193
1757637648433 0.041369634299961315 194
1757637648525 0.1422284094620939 195
1757637648619 0.10609731685441302 196
1757637648712 0.3665517422359148 197
