1757630053429 89.2948744679339 0
1757630053549 35.06750474410102 1
1757630053667 11.348959361968758 2
1757630053774 6.275776397428682 3
1757630053875 2.5621300986483533 4
1757630053972 1.114943165058758 5
1757630054070 0.3252614498548566 6
1757630054221 0.07177714278112718 7
1757630054345 0.11029407153624601 8
1757630054451 0.1408055350153505 9
1757630054556 0.008604377628172531 10
1757630054669 5.8355852501852225e-05 11
1757630054779 0.28312890645686106 12
1757630054904 0.13536016299396683 13
1757630055022 0.3658456440082289 14
1757630055141 0.16048408097653313 15
1757630055258 0.042666071855348875 16
1757630055364 0.1295747082216604 17
1757630055509 0.003254459317612917 18
1757630055625 0.04268562487611378 19
1757630055732 0.024329061373113425 20
1757630055843 0.040754958364322254 21
1757630055945 0.4448446888362824 22
1757630056043 0.0018139448741999985 23
1757630056135 5.0238932038868436e-05 24
1757630056311 0.16380203770001864 25
1757630056412 0.00957820052074458 26
1757630056507 0.00503861088607887 27
1757630056601 0.01330743369826597 28
1757630056693 0.10541014239341823 29
1757630056841 0.009477952419251829 30
1757630056968 0.05855534700393377 31
1757630057083 0.07698439638570212 32
1757630057209 0.09230195474178748 33
1757630057359 0.35323887517680663 34
1757630057471 0.20239642072486058 35
1757630057585 0.0005186857690127866 36
1757630057706 0.14647925463868114 37
1757630057824 0.010569537063126707 38
1757630057939 0.3872290262125975 39
1757630058057 0.28416141134248746 40
1757630058250 0.0020379423037629606 41
1757630058404 0.007023174677452928 42
1757630058548 0.09993425231398914 43
1757630058658 0.05078104822218532 44
1757630058764 0.01084163193736481 45
1757630058873 0.004993720028666615 46
1757630058977 0.006243413658745855 47
1757630059073 0.00021447576663358224 48
1757630059177 0.09803365674543811 49
1757630059292 0.04611928979448075 50
1757630059457 0.007614004108943264 51
1757630059682 0.8100778316111373 52
1757630059827 0.09906382413183067 53
1757630059955 0.02899466606930892 54
1757630060066 0.0027881847030784314 55
1757630060173 0.007771495872187409 56
1757630060297 0.09973923495291678 57
1757630060479 0.04665977280159021 58
1757630060657 0.08065521876957962 59
1757630060790 0.0004250994566016551 60
1757630060929 0.020806020229568928 61
1757630061076 0.00697187449746679 62
1757630061225 0.0759411308938508 63
1757630061355 0.004397933562434098 64
1757630061483 0.3648478629227302 65
1757630061602 0.0043227078226740386 66
1757630061710 0.005235115549730692 67
1757630061815 0.009610492667397599 68
1757630061922 0.001549542572016224 69
1757630062023 0.0691692902976739 70
1757630062123 0.03942559531727852 71
1757630062222 0.0011111330564025541 72
1757630062322 0.008090445534935695 73
1757630062421 0.06234046769922085 74
1757630062525 0.004760342284512129 75
1757630062632 0.0024218378103166177 76
1757630062753 0.1351758784490555 77
1757630062857 0.14188319655247308 78
1757630062957 0.3924266495890535 79
1757630063055 0.07829648325528465 80
1757630063159 0.0566252557187199 81
1757630063270 0.029795391459201792 82
1757630063399 0.04552008417850391 83
1757630063509 0.14220146867048278 84
1757630063644 0.02391966443742416 85
1757630063847 0.05479528811094411 86
1757630063961 0.0004426036320537273 87
1757630064072 0.005453890180857574 88
1757630064182 0.12517551194367008 89
1757630064297 0.05859402614437176 90
1757630064427 0.29708803863045713 91
1757630064571 0.15909203594499163 92
1757630064690 0.08108705349905819 93
1757630064810 0.018256552797962216 94
1757630064928 0.013076214767262503 95
1757630065046 0.07838518076003421 96
1757630065172 0.020839183467580263 97
1757630065294 0.04138533085859555 98
1757630065404 0.3912933935884018 99
1757630065526 0.0017755351800165125 100
1757630065628 0.0397833770426262 101
1757630065761 0.004837265778473691 102
1757630065893 0.06235572519394184 103
1757630066011 0.015850127206387135 104
1757630066153 0.34172684521649344 105
1757630066262 0.16996488662593498 106
1757630066370 0.275546791966392 107
1757630066482 0.043928550648456424 108
1757630066592 0.033241921564204815 109
1757630066694 0.3448843576084041 110
1757630066792 0.014639380889775898 111
1757630066920 0.0027709621960712405 112
1757630067017 0.007181189038829307 113
1757630067112 0.058220588662046054 114
1757630067207 0.06883123744945037 115
1757630067304 0.060277406945610505 116
1757630067407 0.08086827057565836 117
1757630067554 0.17334141690745739 118
1757630067655 0.010313735940969982 119
1757630067782 0.008678894577074473 120
1757630067899 0.012603056968881376 121
1757630068012 0.006135704085738515 122
1757630068129 0.139780070856296 123
1757630068239 0.02024341204866734 124
1757630068369 0.018049888797653173 125
1757630068587 0.40919388293856296 126
1757630068759 0.8319068409874754 127
1757630068886 0.007476170754060592 128
1757630069009 0.8516644078574692 129
1757630069117 0.03458899083045486 130
1757630069217 0.18726535279744458 131
1757630069317 0.000983886206587138 132
1757630069416 0.006800249447986658 133
1757630069511 0.0077287563657745 134
1757630069606 0.008985436747171073 135
1757630069702 0.7251727092106254 136
1757630069839 0.012979116450512805 137
1757630070149 0.1274604788926582 138
1757630070258 0.03246291686373984 139
1757630070357 0.039168884378913416 140
1757630070460 0.0016429733015404754 141
1757630070679 0.024705890001174815 142
1757630070793 0.13715136872719383 143
1757630070894 0.04576935033628969 144
1757630070993 0.07442406656846355 145
1757630071091 0.42273336435292586 146
1757630071186 0.2707877712129152 147
1757630071282 0.024903356541766786 148
1757630071376 0.01054680533393257 149
1757630071468 0.006619921816982063 150
1757630071562 0.005952503959961543 151
1757630071656 0.3930828670003686 152
1757630071763 0.0088881362709229 153
1757630071861 0.021672228970727413 154
1757630071952 0.07397089061330808 155
1757630072043 0.2564500714855001 156
1757630072135 0.5187490756785705 157
1757630072227 0.10048477319670451 158
1757630072319 0.09880947534952059 159
1757630072436 0.20439848486957063 160
1757630072551 0.21332039280601142 161
1757630072661 0.1395174216121088 162
1757630072773 0.5093993005132339 163
1757630072871 0.12572936796842574 164
1757630073041 0.050709460242139695 165
1757630073153 0.00021385631490555826 166
1757630073280 0.0005622205398370523 167
1757630073395 0.06278962190455663 168
1757630073506 0.0027137694808853944 169
1757630073609 0.18403556991328857 170
1757630073705 0.005358758096623967 171
1757630073803 0.02272186939878535 172
1757630073904 0.2780885687470901 173
1757630074002 0.005469291361235565 174
1757630074114 0.23352756253671095 175
1757630074230 0.0030749090665088434 176
1757630074348 6.620293290037886e-05 177
1757630074472 0.04638691191378839 178
1757630074668 0.004010800925232303 179
1757630074803 0.2058206767304191 180
1757630074932 0.1571531290429867 181
1757630075070 1.686324760472653e-05 182
1757630075196 0.04068001220548632 183
1757630075326 0.18225400755326712 184
1757630075457 0.39466586606317255 185
1757630075585 0.14593499332761495 186
1757630075691 0.015144989974594437 187
1757630075793 0.029187818817652963 188
1757630075892 0.3787039807688958 189
1757630075992 0.0002080775519481723 190
1757630076087 0.08745364551276903 191
1757630076182 0.22854831192887812 192
1757630076279 0.4378603142785715 193
1757630076374 3.291055285660905e-06 194
1757630076469 0.0905506604504173 195
1757630076564 4.243716663235315e-05 196
1757630076670 0.018726995769424243 197
1757630076763 0.006833993506580037 198
1757630076860 0.0892070118706195 199
1757630076964 0.1700964429916562 200
1757630077063 0.6391780102795821 201
1757630077160 0.3380081758790753 202
1757630077253 0.20241280774323622 203
1757630077373 0.07242593300362794 204
1757630077479 0.07155093250841171 205
1757630077580 0.09204474364815116 206
1757630077681 0.05993830483457966 207
1757630077782 0.37719423152053205 208
1757630077882 0.04912948368805609 209
1757630077981 0.03183618933902879 210
1757630078081 0.00021297208323881977 211
1757630078178 1.0129799104453783 212
1757630078274 0.14839136121299693 213
1757630078371 0.10529669474782133 214
1757630078475 0.08190502915251316 215
1757630078580 0.0004345699947024524 216
1757630078678 3.585051456174831e-05 217
1757630078771 0.01206704235679978 218
1757630078869 0.39868268480053254 219
1757630078966 0.4458162189443469 220
1757630079059 0.033586885228562714 221
1757630079153 0.39326879871616155 222
1757630079249 0.033427530383298466 223
1757630079348 0.2251537428959608 224
1757630079442 0.15595776906455178 225
1757630079536 0.2619633941832316 226
1757630079629 4.0848570852447146e-05 227
1757630079722 0.01074750770695377 228
1757630079814 0.2850539006066378 229
1757630079907 0.22098025106197278 230
1757630080000 0.031528095912061085 231
1757630080092 0.005970462493880158 232
1757630080184 0.12572774094932013 233
1757630080285 0.044178162100601895 234
1757630080379 1.2513183251321807 235
1757630080479 0.009656482108535066 236
1757630080584 0.022686739512332764 237
1757630080682 0.2988058316134627 238
1757630080780 0.06323795944242382 239
1757630080877 0.030195302630336956 240
1757630080976 0.095993098685361 241
1757630081072 0.005351300704061398 242
1757630081165 0.00021364586167583528 243
1757630081257 0.15698207351735832 244
1757630081351 0.9330079924794242 245
1757630081443 0.047831096819022 246
1757630081536 0.018947076287653936 247
1757630081630 0.1067271572738099 248
1757630081726 0.3314592591113469 249
1757630081821 0.010913545247143506 250
1757630081914 0.026652653482770218 251
1757630082007 0.0730795955217942 252
1757630082099 0.3175567689105925 253
1757630082192 0.0059692908957462085 254
1757630082285 0.18526551495458501 255
1757630082378 4.209317374368399e-05 256
1757630082471 0.18544369532233262 257
1757630082565 0.012431302836163753 258
1757630082657 0.043663823116823444 259
1757630082751 0.002208054855893897 260
1757630082845 0.004022254920964517 261
1757630082940 0.46466311966979806 262
1757630083033 0.010263943015411269 263
1757630083127 0.044959925497369185 264
1757630083221 0.00856158832505512 265
1757630083314 5.7504970489601e-05 266
1757630083408 0.09167235868398162 267
1757630083501 0.015304184612884372 268
1757630083595 0.02938819633982605 269
1757630083689 0.015798191702026388 270
1757630083782 0.04382303697588614 271
1757630083876 0.05450996707676274 272
1757630083969 6.512246761510836e-06 273
1757630084062 0.007995003069040168 274
1757630084156 0.0820470164670995 275
1757630084249 0.25183537834419556 276
1757630084343 0.08074538179671534 277
1757630084436 0.1982991689157049 278
1757630084528 0.0919606347108573 279
1757630084622 0.27586754018775106 280
1757630084715 0.7233465500125584 281
1757630084808 1.5622601825905014 282
1757630084961 0.0885535915268913 283
1757630085065 0.6667380370651791 284
1757630085163 0.0010403284756619574 285
1757630085256 0.0034156710107195068 286
1757630085350 0.2576768128180521 287
1757630085448 0.6015170649011027 288
1757630085560 0.028775930529391282 289
1757630085660 0.040775088241511444 290
1757630085790 0.02379917954984064 291
1757630085891 0.01627853730220604 292
1757630085991 0.0002986050543206878 293
1757630086089 0.8190229278373268 294
1757630086187 0.09725242586748989 295
1757630086282 0.3536775655213749 296
1757630086376 0.10617953618641726 297
1757630086470 0.0635002650397211 298
1757630086566 0.004203868165912646 299
1757630086661 0.004852351589946054 300
1757630086755 0.015308698519148851 301
1757630086849 0.024685516459161776 302
1757630086942 0.16370577743410508 303
1757630087044 0.08654765171123527 304
1757630087140 0.011506664879194863 305
1757630087308 0.16274710420943617 306
1757630087410 0.09121933039216856 307
1757630087513 0.2059794029841842 308
1757630087615 0.34518348681150995 309
1757630087712 0.007213828099903761 310
1757630087812 0.1800470038056493 311
1757630087909 0.009919908806026704 312
1757630088004 0.05921986836430266 313
1757630088098 0.013803142019912824 314
1757630088193 0.03734864101163624 315
1757630088287 0.25881405907201066 316
1757630088383 0.0685649455904479 317
1757630088500 0.034965258259074185 318
1757630088602 0.008709965015364718 319
1757630088699 0.1001177756410929 320
1757630088794 0.00704617518140712 321
1757630088889 0.1341119911591434 322
1757630088985 0.7631708577904232 323
1757630089086 0.08040652429621989 324
1757630089181 0.029426715041634476 325
1757630089276 0.09711769146138652 326
1757630089372 0.07236646442197785 327
1757630089466 0.06806582027539895 328
1757630089561 0.009521092522629518 329
1757630089656 0.24021568403890525 330
1757630089751 0.02276272203223617 331
1757630089865 0.0004006769875298498 332
1757630089964 0.08915228247227026 333
1757630090062 0.013792464151278336 334
1757630090159 0.009305832026541087 335
1757630090255 0.15928703258582244 336
1757630090351 0.01589598227080535 337
1757630090449 0.44019881255558546 338
1757630090570 0.15668733853537095 339
1757630090670 0.003342976837278361 340
1757630090769 0.1313508253615498 341
1757630090869 0.004448333558058275 342
1757630090968 0.003134358277460879 343
1757630091068 0.34552566347238783 344
1757630091166 0.20480405230859897 345
1757630091260 0.0016498254400258508 346
1757630091356 0.0808772485835781 347
1757630091451 0.12748664794473408 348
1757630091548 0.33345689649894295 349
1757630091644 0.02102711006864668 350
1757630091739 0.0698884724567995 351
1757630091834 0.7610142544522202 352
1757630091929 0.08419767826892911 353
1757630092024 0.20144268029204696 354
1757630092121 0.011996760656832289 355
1757630092216 0.01431355003311788 356
1757630092312 0.05064850291122899 357
1757630092408 0.024677655891145275 358
1757630092503 0.007798668179041966 359
1757630092598 0.13212908723682384 360
1757630092694 0.8363374460755961 361
1757630092789 0.36039353675666375 362
1757630092884 0.42347971562450865 363
1757630092977 0.01827673275099734 364
1757630093075 0.4008268171179092 365
1757630093172 0.06747512195758208 366
1757630093268 0.019834279643144763 367
1757630093365 0.005338343143102372 368
1757630093461 0.00407639118090375 369
1757630093555 0.07337221701592408 370
1757630093650 0.181526614109401 371
1757630093745 0.44155038578095246 372
1757630093840 0.060993037814857314 373
1757630093936 0.04766425263429288 374
1757630094031 0.15913345862253148 375
1757630094125 0.8297849808727056 376
1757630094219 0.00018809182217747406 377
1757630094313 0.09045835955051595 378
1757630094408 0.040542522417081554 379
1757630094506 0.026483010254334 380
1757630094605 0.03375097431966262 381
1757630094701 0.06879424504713805 382
1757630094796 0.44331235842853345 383
1757630094892 0.0043401302243014864 384
1757630094986 0.016932021299995218 385
1757630095084 0.13533980622562283 386
1757630095184 0.18656474954806748 387
1757630095279 0.35201258552204345 388
1757630095375 0.12383251981972765 389
1757630095476 0.00037033143120504547 390
1757630095582 0.10130379060331456 391
1757630095678 0.02147216642546059 392
1757630095774 0.0008771197710665788 393
1757630095872 0.23606656228165104 394
1757630095969 0.019201902119623207 395
1757630096066 0.03980730006219138 396
1757630096162 0.007890865432184336 397
1757630096258 0.37512856459281024 398
1757630096355 0.017610465858442167 399
1757630096452 0.2280677367915582 400
1757630096549 0.043801458714836775 401
1757630096646 0.22613278563710498 402
1757630096743 0.039732772448728804 403
1757630096839 0.08296354701183674 404
1757630096934 0.02427931726205722 405
1757630097029 0.7185795663210534 406
1757630097127 0.007869148783992173 407
1757630097225 0.17519221387969452 408
1757630097322 5.172292259370197e-06 409
1757630097420 0.04025485104378147 410
1757630097516 0.2757896001350177 411
1757630097612 0.14460128203742303 412
1757630097708 0.09286900129607692 413
1757630097803 0.04226414039571435 414
1757630097901 0.00017668795812498153 415
1757630097997 0.001521880178056122 416
1757630098095 0.04808641528858021 417
1757630098191 0.1908514787730524 418
1757630098286 9.86989082819811e-09 419
1757630098385 0.3841620160610836 420
1757630098488 0.0022445970698337396 421
1757630098586 0.046805626360106906 422
1757630098682 0.004871683465575383 423
1757630098778 0.03884912028262697 424
1757630098875 1.0029455125769358 425
1757630098972 0.0159473456311057 426
1757630099069 0.38958288661176604 427
1757630099168 0.02170963772986067 428
1757630099266 0.4379110345313934 429
1757630099363 0.02963896412763248 430
1757630099460 0.017909755056854312 431
1757630099557 0.18985393141150617 432
1757630099653 0.15935713973913862 433
1757630099748 0.011776762585179098 434
1757630099845 0.0006267656064233131 435
1757630099942 0.0005593031151982381 436
1757630100040 0.21290082795441445 437
1757630100139 0.13512432443127675 438
1757630100235 0.02252887136633952 439
1757630100331 3.5783464468840836e-05 440
1757630100427 0.04252986760187975 441
1757630100554 0.16853438957644962 442
1757630100663 0.00808927898609705 443
1757630100765 0.4574869914706635 444
1757630100874 1.6646694432798652 445
1757630100985 0.07501135308838922 446
1757630101095 0.013933809131273546 447
1757630101204 0.11252695996152873 448
1757630101305 0.005576388077384895 449
1757630101407 0.1722866166198605 450
1757630101510 0.18193332079046678 451
1757630101613 0.058799333457779934 452
1757630101712 0.5460380260324164 453
1757630101814 0.2847101652690361 454
1757630101932 0.02493735913722324 455
1757630102029 0.18190317358661987 456
1757630102127 0.0005888152623705659 457
1757630102224 0.0006974733658845494 458
1757630102321 0.38809927592649074 459
1757630102419 0.05268848528831295 460
1757630102515 7.768534725087714e-05 461
1757630102611 0.3847432449624419 462
1757630102711 0.03264103639627867 463
1757630102814 0.035390455625951486 464
1757630102964 0.08057007786487957 465
1757630103067 0.44885058104961556 466
1757630103169 0.004463268496043375 467
1757630103272 0.018313379272664274 468
1757630103372 0.004832228909001444 469
1757630103471 0.056738711777318505 470
1757630103571 0.009557481869341912 471
1757630103672 0.34392809450385115 472
1757630103771 0.004443997525293662 473
1757630103870 0.0075655212291931345 474
1757630103969 0.0065197758509472304 475
1757630104068 0.00019015494802173855 476
1757630104166 0.8462634363119 477
1757630104263 0.08918912874852082 478
1757630104367 0.0033650911986467364 479
1757630104471 0.01982915870538199 480
1757630104570 0.004252661102238769 481
1757630104670 0.05871023633607711 482
1757630104771 0.1173716766552306 483
1757630104875 0.0480195138043408 484
1757630104976 7.544788167943757e-05 485
1757630105078 0.029952605185063413 486
1757630105181 0.03772793802692982 487
1757630105283 0.003741373134466837 488
1757630105439 0.08789336063247463 489
1757630105582 0.07271988400864068 490
1757630105692 0.07311356734568251 491
1757630105801 0.080271606071067 492
1757630105911 0.0012223876897768445 493
1757630106019 0.007623464518915003 494
1757630106127 0.19920690104739572 495
1757630106234 1.0093655762775329 496
1757630106343 0.0013483456480853611 497
1757630106451 0.3572878048703269 498
1757630106559 0.017696119751431462 499
