1757648648590 169.17813275916612 0
1757648648647 168.839892850979 1
1757648648706 168.33378042570527 2
1757648648763 167.74498631386675 3
1757648648820 167.11617267403895 4
1757648648877 166.46868331714163 5
1757648648938 165.81318933166816 6
1757648649000 165.15502205647812 7
1757648649058 164.49684211928084 8
1757648649117 163.83997459734744 9
1757648649176 163.18507675928902 10
1757648649233 162.53247197663788 11
1757648649290 161.88231668990656 12
1757648649347 161.23468389419168 13
1757648649405 160.58960488258808 14
1757648649472 159.94709011800188 15
1757648649537 159.30713966902806 16
1757648649595 158.66974842782338 17
1757648649654 158.03490871896548 18
1757648649712 157.40261160380243 19
1757648649770 156.77284753254557 20
1757648649829 156.1456066702342 21
1757648649887 155.52087905963637 22
1757648649946 154.89865470261734 23
1757648650003 154.27892360074287 24
1757648650060 153.6616757754997 25
1757648650117 153.04690127832524 26
1757648650175 152.43459019554172 27
1757648650233 151.82473265074367 28
1757648650291 151.21731880591162 29
1757648650348 150.6123388618898 30
1757648650405 150.0097830585456 31
1757648650463 149.4096416747707 32
1757648650522 148.81190502840334 33
1757648650584 148.21656347611105 34
1757648650642 147.6236074132543 35
1757648650701 147.03302727374088 36
1757648650759 146.444813529876 37
1757648650815 145.85895669220994 38
1757648650871 145.27544730938612 39
1757648650929 144.69427596798812 40
1757648650986 144.1154332923878 41
1757648651042 143.53890994459317 42
1757648651101 142.9646966240975 43
1757648651158 142.39278406772868 44
1757648651214 141.82316304949873 45
1757648651270 141.25582438045487 46
1757648651328 140.69075890853023 47
1757648651384 140.1279575183959 48
1757648651442 139.56741113131298 49
1757648651499 139.0091107049857 50
1757648651557 138.4530472334147 51
1757648651613 137.89921174675143 52
1757648651671 137.3475953111526 53
1757648651728 136.7981890286355 54
1757648651787 136.2509840369339 55
1757648651845 135.7059715093544 56
1757648651904 135.16314265463365 57
1757648651962 134.62248871679557 58
1757648652019 134.0840009750099 59
1757648652075 133.54767074345068 60
1757648652132 133.0134893711556 61
1757648652190 132.48144824188597 62
1757648652248 131.95153877398695 63
1757648652305 131.4237524202489 64
1757648652361 130.89808066776848 65
1757648652421 130.37451503781108 66
1757648652479 129.85304708567332 67
1757648652536 129.33366840054643 68
1757648652599 128.81637060537997 69
1757648652658 128.30114535674593 70
1757648652717 127.78798434470394 71
1757648652774 127.27687929266641 72
1757648652832 126.76782195726463 73
1757648652890 126.26080412821526 74
1757648652949 125.75581762818717 75
1757648653006 125.25285431266931 76
1757648653064 124.75190606983855 77
1757648653122 124.25296482042846 78
1757648653179 123.7560225175983 79
1757648653237 123.26107114680293 80
1757648653295 122.76810272566283 81
1757648653351 122.27710930383499 82
1757648653408 121.78808296288399 83
1757648653468 121.30101581615384 84
1757648653526 120.81590000864034 85
1757648653583 120.33272771686384 86
1757648653640 119.85149114874247 87
1757648653699 119.37218254346605 88
1757648653758 118.8947941713704 89
1757648653814 118.41931833381219 90
1757648653872 117.94574736304422 91
1757648653931 117.47407362209138 92
1757648653988 117.00428950462681 93
1757648654045 116.53638743484899 94
1757648654104 116.0703598673588 95
1757648654190 115.60619928703755 96
1757648654248 115.14389820892526 97
1757648654305 114.6834491780994 98
1757648654368 114.22484476955422 99
1757648654425 113.76807758808062 100
1757648654500 113.31314026814628 101
1757648654562 112.86002547377655 102
1757648654626 112.4087258984355 103
1757648654690 111.9592342649079 104
1757648654751 111.51154332518112 105
1757648654811 111.06564586032795 106
1757648654883 110.62153468038969 107
1757648654945 110.17920262425977 108
1757648655005 109.73864255956788 109
1757648655065 109.29984738256427 110
1757648655125 108.86281001800506 111
1757648655191 108.42752341903753 112
1757648655251 107.99398056708603 113
1757648655311 107.5621744717385 114
1757648655372 107.13209817063316 115
1757648655432 106.70374472934587 116
1757648655493 106.27710724127795 117
1757648655554 105.85217882754426 118
1757648655613 105.42895263686196 119
1757648655672 105.00742184543952 120
1757648655730 104.58757965686631 121
1757648655790 104.16941930200267 122
1757648655847 103.75293403887017 123
1757648655906 103.33811715254262 124
1757648655968 102.92496195503739 125
1757648656028 102.51346178520708 126
1757648656087 102.10361000863173 127
1757648656145 101.69540001751155 128
1757648656204 101.28882523055978 129
1757648656263 100.88387909289635 130
1757648656322 100.48055507594168 131
1757648656381 100.07884667731113 132
1757648656440 99.67874742070966 133
1757648656499 99.28025085582698 134
1757648656558 98.88335055823336 135
1757648656618 98.48804012927552 136
1757648656684 98.09431319597304 137
1757648656745 97.7021634109153 138
1757648656805 97.31158445215884 139
1757648656865 96.92257002312476 140
1757648656924 96.53511385249725 141
1757648657069 96.1492096941217 142
1757648657136 95.7648513269039 143
1757648657198 95.38203255470927 144
1757648657260 95.00074720626257 145
1757648657321 94.62098913504809 146
1757648657385 94.24275221921017 147
1757648657446 93.86603036145412 148
1757648657507 93.49081748894761 149
1757648657568 93.11710755322238 150
1757648657629 92.74489453007635 151
1757648657690 92.3741724194762 152
1757648657751 92.0049352454602 153
1757648657812 91.63717705604166 154
1757648657873 91.27089192311247 155
1757648657934 90.90607394234729 156
1757648657996 90.54271723310798 157
1757648658059 90.18081593834846 158
1757648658118 89.82036422451996 159
1757648658179 89.46135628147665 160
1757648658238 89.10378632238162 161
1757648658297 88.74764858361321 162
1757648658358 88.39293732467186 163
1757648658418 88.03964682808721 164
1757648658477 87.68777139932551 165
1757648658537 87.33730536669768 166
1757648658598 86.9882430812673 167
1757648658658 86.64057891675955 168
1757648658724 86.2943072694699 169
1757648658795 85.94942255817357 170
1757648658929 85.60591922403528 171
1757648658998 85.26379173051929 172
1757648659063 84.92303456329982 173
1757648659127 84.58364223017189 174
1757648659188 84.24560926096247 175
1757648659251 83.90893020744195 176
1757648659314 83.57359964323602 177
1757648659375 83.23961216373799 178
1757648659441 82.90696238602123 179
1757648659517 82.57564494875221 180
1757648659580 82.24565451210371 181
1757648659642 81.91698575766844 182
1757648659704 81.58963338837314 183
1757648659765 81.26359212839273 184
1757648659826 80.93885672306511 185
1757648659889 80.61542193880611 186
1757648659952 80.2932825630248 187
1757648660015 79.97243340403932 188
1757648660077 79.65286929099277 189
1757648660138 79.33458507376966 190
1757648660200 79.01757562291256 191
1757648660263 78.70183582953919 192
1757648660326 78.38736060525984 193
1757648660387 78.07414488209491 194
1757648660447 77.76218361239312 195
1757648660509 77.45147176874981 196
1757648660572 77.14200434392556 197
1757648660632 76.83377635076535 198
1757648660693 76.52678282211785 199
1757648660760 76.22101881075511 200
1757648660822 75.91647938929249 201
1757648660883 75.61315965010901 202
1757648660945 75.31105470526802 203
1757648661005 75.01015968643817 204
1757648661065 74.7104697448146 205
1757648661127 74.41198005104069 206
1757648661187 74.11468579512966 207
1757648661248 73.81858218638723 208
1757648661310 73.52366445333375 209
1757648661371 73.2299278436273 210
1757648661432 72.93736762398667 211
1757648661492 72.64597908011504 212
1757648661553 72.35575751662351 213
1757648661613 72.06669825695538 214
1757648661672 71.77879664331037 215
1757648661732 71.49204803656946 216
1757648661795 71.20644781621974 217
1757648661855 70.92199138027986 218
1757648661915 70.63867414522545 219
1757648661977 70.35649154591515 220
1757648662041 70.07543903551674 221
1757648662101 69.7955120854336 222
1757648662162 69.51670618523157 223
1757648662223 69.23901684256599 224
1757648662283 68.96243958310905 225
1757648662344 68.68696995047743 226
1757648662405 68.41260350616038 227
1757648662466 68.13933582944782 228
1757648662527 67.8671625173589 229
1757648662591 67.59607918457095 230
1757648662652 67.32608146334836 231
1757648662713 67.05716500347218 232
1757648662780 66.78932547216966 233
1757648662844 66.52255855404428 234
1757648662905 66.25685995100594 235
1757648662965 65.99222538220153 236
1757648663029 65.7286505839457 237
1757648663090 65.46613130965187 238
1757648663151 65.20466332976373 239
1757648663213 64.94424243168676 240
1757648663274 64.68486441972016 241
1757648663335 64.42652511498905 242
1757648663397 64.16922035537691 243
1757648663458 63.91294599545825 244
1757648663519 63.65769790643171 245
1757648663580 63.40347197605319 246
1757648663643 63.150264108569544 247
1757648663704 62.898070224652216 248
1757648663765 62.646886261331424 249
1757648663828 62.39670817193041 250
1757648663889 62.14753192600007 251
1757648663952 61.899353509253814 252
1757648664013 61.6521689235027 253
1757648664076 61.4059741865907 254
1757648664137 61.16076533233052 255
1757648664198 60.91653841043937 256
1757648664261 60.67328948647516 257
1757648664322 60.43101464177288 258
1757648664384 60.189709973381326 259
1757648664451 59.94937159399997 260
1757648664526 59.70999563191615 261
1757648664590 59.47157823094254 262
1757648664655 59.23411555035475 263
1757648664719 58.99760376482932 264
1757648664792 58.762039064381845 265
1757648664870 58.52741765430548 266
1757648664935 58.29373575510956 267
1757648665000 58.06098960245852 268
1757648665065 57.82917544711109 269
1757648665131 57.59828955485969 270
1757648665195 57.36832820647008 271
1757648665259 57.13928769762128 272
1757648665324 56.91116433884571 273
1757648665387 56.68395445546952 274
1757648665450 56.45765438755329 275
1757648665515 56.23226048983284 276
1757648665580 56.007769131660304 277
1757648665642 55.78417669694552 278
1757648665704 55.56147958409756 279
1757648665769 55.339674205966574 280
1757648665832 55.11875698978576 281
1757648665895 54.898724377113695 282
1757648665958 54.67957282377681 283
1757648666020 54.461298799812155 284
1757648666082 54.24389878941031 285
1757648666145 54.0273692908586 286
1757648666208 53.81170681648458 287
1757648666270 53.59690789259956 288
1757648666335 53.38296905944261 289
1757648666397 53.169886871124554 290
1757648666460 52.95765789557237 291
1757648666523 52.746278714473675 292
1757648666587 52.535745923221576 293
1757648666648 52.32605613085959 294
1757648666710 52.11720596002693 295
1757648666774 51.90919204690384 296
1757648666843 51.70201104115737 297
1757648666910 51.495659605887155 298
1757648666974 51.29013441757155 299
1757648667037 51.085432166013945 300
1757648667100 50.88154955428922 301
1757648667163 50.678483298690615 302
1757648667226 50.476230128676505 303
1757648667287 50.27478678681776 304
1757648667351 50.07415002874494 305
1757648667417 49.874316623096014 306
1757648667480 49.67528335146411 307
1757648667542 49.47704700834551 308
1757648667606 49.2796044010879 309
1757648667669 49.08295234983877 310
1757648667731 48.88708768749408 311
1757648667794 48.69200725964704 312
1757648667857 48.49770792453726 313
1757648667919 48.304186552999866 314
1757648667982 48.11144002841507 315
1757648668046 47.91946524665775 316
1757648668109 47.72825911604739 317
1757648668172 47.53781855729803 318
1757648668236 47.34814050346864 319
1757648668299 47.15922189991349 320
1757648668364 46.971059704232886 321
1757648668429 46.783650886223974 322
1757648668491 46.59699242783182 323
1757648668553 46.41108132310069 324
1757648668618 46.225914578125405 325
1757648668682 46.0414892110031 326
1757648668745 45.85780225178502 327
1757648668808 45.6748507424285 328
1757648668878 45.49263173674927 329
1757648668944 45.311142300373795 330
1757648669008 45.13037951069195 331
1757648669073 44.95034045680982 332
1757648669136 44.77102223950258 333
1757648669199 44.59242197116781 334
1757648669263 44.414536775778764 335
1757648669327 44.23736378883797 336
1757648669391 44.06090015733096 337
1757648669462 43.885143039680216 338
1757648669537 43.710089605699174 339
1757648669603 43.53573703654667 340
1757648669668 43.36208252468133 341
1757648669734 43.189123273816215 342
1757648669799 43.01685649887373 343
1757648669866 42.845279425940575 344
1757648669931 42.67438929222303 345
1757648669996 42.50418334600227 346
1757648670061 42.334658846589946 347
1757648670131 42.16581306428397 348
1757648670195 41.99764328032436 349
1757648670259 41.83014678684942 350
1757648670323 41.66332088685194 351
1757648670386 41.497162894135705 352
1757648670449 41.33167013327207 353
1757648670515 41.1668399395568 354
1757648670581 41.002669658967015 355
1757648670646 40.83915664811834 356
1757648670711 40.676298274222226 357
1757648670775 40.514091915043444 358
1757648670838 40.35253495885772 359
1757648670910 40.191624804409614 360
1757648670977 40.031358860870455 361
1757648671041 39.871734547796564 362
1757648671106 39.71274929508755 363
1757648671171 39.55440054294483 364
1757648671235 39.39668574183033 365
1757648671299 39.23960235242525 366
1757648671364 39.08314784558911 367
1757648671429 38.927319702318925 368
1757648671493 38.7721154137085 369
1757648671558 38.61753248090795 370
1757648671622 38.46356841508335 371
1757648671686 38.31022073737654 372
1757648671751 38.157486978865144 373
1757648671815 38.00536468052264 374
1757648671880 37.85385139317873 375
1757648671944 37.70294467747975 376
1757648672010 37.55264210384933 377
1757648672075 37.40294125244911 378
1757648672140 37.25383971313977 379
1757648672205 37.105335085442 380
1757648672269 36.95742497849786 381
1757648672333 36.81010701103212 382
1757648672400 36.66337881131382 383
1757648672465 36.51723801711798 384
1757648672529 36.37168227568753 385
1757648672594 36.226709243695254 386
1757648672659 36.08231658720595 387
1757648672723 35.93850198163884 388
1757648672788 35.79526311172998 389
1757648672853 35.6525976714949 390
1757648672924 35.51050336419137 391
1757648672992 35.368977902282346 392
1757648673059 35.22801900739904 393
1757648673124 35.08762441030413 394
1757648673189 34.94779185085513 395
1757648673255 34.80851907796793 396
1757648673319 34.66980384958043 397
1757648673385 34.53164393261636 398
1757648673451 34.394037102949255 399
1757648673515 34.25698114536655 400
1757648673578 34.12047385353376 401
1757648673646 33.984513029958975 402
1757648673711 33.849096485957325 403
1757648673776 33.71422204161562 404
1757648673842 33.579887525757265 405
1757648673907 33.44609077590714 406
1757648673972 33.31282963825669 407
1757648674038 33.18010196762924 408
1757648674103 33.047905627445274 409
1757648674169 32.91623848968805 410
1757648674235 32.78509843486912 411
1757648674300 32.654483351994294 412
1757648674365 32.52439113852941 413
1757648674432 32.39481970036652 414
1757648674512 32.265766951789985 415
1757648674580 32.137230815442955 416
1757648674647 32.00920922229366 417
1757648674716 31.881700111602193 418
1757648674783 31.754701430887124 419
1757648674860 31.628211135892457 420
1757648674929 31.502227190554606 421
1757648675003 31.376747566969524 422
1757648675072 31.251770245359996 423
1757648675139 31.127293214043046 424
1757648675207 31.003314469397463 425
1757648675275 30.87983201583146 426
1757648675343 30.756843865750476 427
1757648675410 30.63434803952512 428
1757648675477 30.512342565459196 429
1757648675547 30.390825479757893 430
1757648675613 30.26979482649612 431
1757648675696 30.14924865758689 432
1757648675765 30.029185032749936 433
1757648675832 29.909602019480367 434
1757648675901 29.79049769301751 435
1757648675969 29.67187013631383 436
1757648676034 29.55371744000401 437
1757648676104 29.43603770237411 438
1757648676171 29.318829029330942 439
1757648676237 29.202089534371442 440
1757648676303 29.085817338552253 441
1757648676372 28.970010570459436 442
1757648676438 28.854667366178216 443
1757648676505 28.739785869262963 444
1757648676572 28.625364230707195 445
1757648676638 28.511400608913764 446
1757648676704 28.397893169665153 447
1757648676772 28.28484008609383 448
1757648676838 28.172239538652853 449
1757648676905 28.060089715086423 450
1757648676974 27.948388810400708 451
1757648677045 27.837135026834712 452
1757648677113 27.726326573831205 453
1757648677181 27.61596166800795 454
1757648677247 27.50603853312882 455
1757648677313 27.396555400075172 456
1757648677383 27.287510506817362 457
1757648677450 27.17890209838623 458
1757648677517 27.070728426844838 459
1757648677583 26.962987751260254 460
1757648677650 26.855678337675467 461
1757648677718 26.74879845908142 462
1757648677784 26.64234639538914 463
1757648677852 26.53632043340196 464
1757648677917 26.430718866787956 465
1757648677984 26.3255399960523 466
1757648678110 26.220782128509992 467
1757648678183 26.116443578258412 468
1757648678255 26.01252266615021 469
1757648678325 25.909017719766187 470
1757648678394 25.805927073388315 471
1757648678464 25.703249067972855 472
1757648678532 25.600982051123626 473
1757648678601 25.499124377065325 474
1757648678672 25.397674406616968 475
1757648678742 25.296630507165474 476
1757648678810 25.195991052639307 477
1757648678878 25.09575442348224 478
1757648678944 24.995919006627272 479
1757648679013 24.89648319547055 480
1757648679085 24.79744538984549 481
1757648679154 24.69880399599694 482
1757648679222 24.600557426555515 483
1757648679290 24.502704100511945 484
1757648679357 24.405242443191568 485
1757648679424 24.308170886228996 486
1757648679508 24.211487867542694 487
1757648679578 24.115191831309957 488
1757648679647 24.019281227941633 489
1757648679718 23.923754514057272 490
1757648679787 23.828610152460126 491
1757648679856 23.73384661211243 492
1757648679927 23.63946236811066 493
1757648679996 23.545455901660954 494
1757648680062 23.451825700054627 495
1757648680131 23.358570256643713 496
1757648680198 23.26568807081677 497
1757648680267 23.17317764797457 498
1757648680336 23.08103749950607 499
