1757644523896 0.030258823458110234 0
1757644524008 0.031570124071568346 1
1757644524110 0.06689585399984309 2
1757644524216 0.08027297605412957 3
1757644524328 0.10338923576440186 4
1757644524436 0.0641808369838642 5
1757644524545 0.06144858882649741 6
1757644524658 0.1387868953239703 7
1757644524772 0.1438419581272857 8
1757644524885 0.1432754370319893 9
1757644525001 0.09950848210925432 10
1757644525112 0.03771249723054441 11
1757644525220 0.10809836230874614 12
1757644525327 0.0023024422047448266 13
1757644525433 2.8039423908754913e-06 14
1757644525538 0.03851273228630271 15
1757644525644 0.13997502390476252 16
1757644525755 0.0764369815058294 17
1757644525861 0.1865119841997129 18
1757644525966 0.26586415725588136 19
1757644526071 0.37348689242056765 20
1757644526178 0.05441398004920841 21
1757644526289 0.06801222392678691 22
1757644526394 0.13804613006082006 23
1757644526498 0.035435048215031524 24
1757644526604 0.03789748536589217 25
1757644526717 0.009123185787278854 26
1757644526827 0.30812207291355825 27
1757644526937 0.0529926825375134 28
1757644527053 0.27131639991887957 29
1757644527159 0.09376605709902927 30
1757644527264 0.06630828838492339 31
1757644527375 0.0024285848524780605 32
1757644527477 0.12141165254498001 33
1757644527581 0.015450004597398686 34
1757644527684 0.20099601652517216 35
1757644527786 0.0010658271213024797 36
1757644527889 0.15911249239108477 37
1757644527992 0.026874407693713565 38
1757644528094 0.03620909463982387 39
1757644528198 0.029472242844726035 40
1757644528302 0.0011547388400160185 41
1757644528412 0.023819662767480636 42
1757644528517 0.1493225765698843 43
1757644528619 0.0014637149554865673 44
1757644528750 0.18733679763289748 45
1757644528858 0.00796574156531766 46
1757644528969 0.2054770497848331 47
1757644529077 0.1360847201426999 48
1757644529187 8.471546957772573e-05 49
1757644529293 0.0001295092113813867 50
1757644529397 0.041709434369252875 51
1757644529500 0.043191608601782144 52
1757644529603 0.07947826206969665 53
1757644529706 0.04013877867893392 54
1757644529815 0.13238848079015922 55
1757644529921 0.0005431836854788858 56
1757644530025 0.23902759194235687 57
1757644530130 0.04918962172469485 58
1757644530232 0.02717466377978708 59
1757644530335 0.006379829850820959 60
1757644530440 0.0430810294923665 61
1757644530543 0.10976747273520814 62
1757644530646 0.0009221634832181565 63
1757644530748 0.017782402776645497 64
1757644530858 0.24467587830936993 65
1757644530961 0.015616293152669412 66
1757644531065 0.0026695754552917297 67
1757644531168 0.3797437452433214 68
1757644531270 0.030505754681459 69
1757644531385 0.014786173974935035 70
1757644531488 0.08523331837494623 71
1757644531592 0.17799255274846024 72
1757644531695 0.2882866131540188 73
1757644531797 0.006790152730769798 74
1757644531901 2.191585851272801e-06 75
1757644532005 0.003533817979445584 76
1757644532108 0.005141217338982703 77
1757644532305 0.00914603418022499 78
1757644532422 0.003712987795804736 79
1757644532532 0.17593800014394523 80
1757644532639 0.3651379864208412 81
1757644532744 0.0015673198322804433 82
1757644532858 0.05675095824013918 83
1757644532964 0.0032490694278782574 84
1757644533067 0.23326120538549314 85
1757644533171 0.18098238181789125 86
1757644533276 0.007298870552803533 87
1757644533380 0.020198815734137572 88
1757644533485 0.5880745864554985 89
1757644533588 0.0921355861401717 90
1757644533720 0.24639451727264094 91
1757644533837 0.26261105690278674 92
1757644533948 0.07286843213737669 93
1757644534080 0.008865571350546634 94
1757644534192 0.022891143472802106 95
1757644534346 0.0017243453618037937 96
1757644534458 0.007903670358370406 97
1757644534568 0.17362729887515146 98
1757644534677 0.05040454186265197 99
1757644534788 0.29701887268617244 100
1757644534900 0.006021981508161428 101
1757644535005 0.006070253715158421 102
1757644535111 0.006704996445837161 103
1757644535215 0.10274175667171273 104
1757644535319 0.017690795667285087 105
1757644535425 0.728884402988156 106
1757644535540 0.0023158709046635895 107
1757644535647 0.021804103649711457 108
1757644535753 0.014465329116489137 109
1757644535857 0.07573460288267103 110
1757644535962 0.0626304742837141 111
1757644536066 0.0021471153366715966 112
1757644536170 0.07667358189548369 113
1757644536276 0.7246360078556233 114
1757644536381 0.0010079312374982072 115
1757644536485 0.23162622455199064 116
1757644536589 0.00992579794015335 117
1757644536694 0.04650640264545157 118
1757644536828 0.03814527005004234 119
1757644536939 0.07543495998195508 120
1757644537044 0.010123344226909173 121
1757644537148 0.10208339011570468 122
1757644537252 0.15718999931705566 123
1757644537358 0.11461745923601313 124
1757644537461 0.13689463754364067 125
1757644537564 0.4161535443449916 126
1757644537668 0.08700621998687126 127
1757644537773 0.5555556759305548 128
1757644537876 1.996115729720528e-05 129
1757644537979 0.05191722181484371 130
1757644538082 0.005650197020573483 131
1757644538186 0.0023197527297919157 132
1757644538289 0.4647168497460175 133
1757644538395 0.07744609657842214 134
1757644538500 0.3007998751918052 135
1757644538602 0.00024558986751557353 136
1757644538714 0.008305187223665408 137
1757644538820 0.0061807149667319206 138
1757644538929 0.026220497855339933 139
1757644539038 0.2698095280367398 140
1757644539341 0.14700964572528905 141
1757644539463 0.0010063224039256057 142
1757644539580 0.08653206618644593 143
1757644539689 0.02963690556109089 144
1757644539803 0.0010295133636361142 145
1757644539913 0.4257727226919731 146
1757644540019 0.00020932334582138515 147
1757644540124 0.021571675614480174 148
1757644540229 0.02500169449056108 149
1757644540335 0.06619532058124145 150
1757644540441 0.024578118270256206 151
1757644540549 0.09804856403321582 152
1757644540655 0.00409343074285255 153
1757644540761 0.41220233027029496 154
1757644540866 0.33476772527241355 155
1757644540979 0.012005814884202222 156
1757644541092 0.027376106953136928 157
1757644541199 0.021381699441178927 158
1757644541306 0.016608848281980535 159
1757644541414 0.023797244245154368 160
1757644541520 0.3341289901064207 161
1757644541626 0.0023198948203766805 162
1757644541732 0.17947756351177266 163
1757644541836 0.08799772336731244 164
1757644541941 0.0061934955599028665 165
1757644542054 0.005425372607812696 166
1757644542160 0.01702922583089857 167
1757644542265 0.009141490135903402 168
1757644542371 0.01326231379153079 169
1757644542476 0.13899895140543414 170
1757644542585 0.05531360759460644 171
1757644542689 0.005441953629252286 172
1757644542793 0.06420447418736382 173
1757644542898 0.10057851613074023 174
1757644543006 0.08427175998460198 175
1757644543113 0.009262426432787052 176
1757644543220 0.07159897057803674 177
1757644543325 0.10544998663510038 178
1757644543431 0.03235210740171941 179
1757644543536 0.0448176003458055 180
1757644543657 0.0019239958632478618 181
1757644543799 0.01549320723670587 182
1757644543907 0.7958390098583532 183
1757644544012 0.20671918296297292 184
1757644544117 3.6518836074254724 185
1757644544222 0.3882856972665123 186
1757644544332 0.023068429988272153 187
1757644544439 0.013616371117837648 188
1757644544550 0.09893724986123346 189
1757644544682 0.02998606692541503 190
1757644544801 0.0361212478705223 191
1757644544920 0.0495034195974751 192
1757644545031 0.01601190700231493 193
1757644545141 0.009366826744208573 194
1757644545249 0.17658236260707955 195
1757644545355 0.05862423003873471 196
1757644545461 0.0012000999983018895 197
1757644545569 0.10903932190743998 198
1757644545689 0.035446167285276435 199
1757644545864 0.13444626411797791 200
1757644545977 0.33269459082820413 201
1757644546087 0.18288171747617477 202
1757644546197 0.07788159145434967 203
1757644546307 0.003390239132510062 204
1757644546414 0.0030775999125019836 205
1757644546521 0.015289867368403544 206
1757644546628 0.8899762451042281 207
1757644546735 0.05267090207932098 208
1757644546841 0.3342093331215679 209
1757644546947 0.035105146685949724 210
1757644547058 0.06641319923434459 211
1757644547167 0.02585906995306149 212
1757644547274 0.008213743722994127 213
1757644547381 0.38201187426508415 214
1757644547487 0.0005574614284667045 215
1757644547603 1.7264519685528422e-05 216
1757644547718 0.09855084246760508 217
1757644547826 0.05621593889269826 218
1757644547933 0.3600397040460726 219
1757644548040 0.3085760022447294 220
1757644548147 0.11748901179328149 221
1757644548255 0.030541561684748548 222
1757644548364 0.030374188374588156 223
1757644548471 0.01539191975960748 224
1757644548579 0.14329432596931047 225
1757644548694 0.012711513261534673 226
1757644548811 0.11161810301973983 227
1757644548919 1.8642369587886132e-05 228
1757644549026 0.12955665464442628 229
1757644549139 0.048669278946636065 230
1757644549247 0.1721282494740563 231
1757644549353 0.09725491567159242 232
1757644549460 0.012398988599633272 233
1757644549567 0.45989788795198505 234
1757644549674 0.11911533886074491 235
1757644549782 0.2640016715514961 236
1757644549889 0.8213559701066967 237
1757644549998 0.0014067051173420433 238
1757644550106 0.16076650918480145 239
1757644550213 0.05600788676876444 240
1757644550320 0.0002497284421788016 241
1757644550427 0.804724509804382 242
1757644550533 0.00012572326994501643 243
1757644550685 0.26035077182667626 244
1757644550799 0.012665357796555626 245
1757644550907 0.09854154567218426 246
1757644551017 0.23872558269787814 247
1757644551127 0.00022609946613046377 248
1757644551240 0.007984106402125843 249
1757644551348 0.10079263048964009 250
1757644551456 0.005764430572448945 251
1757644551565 0.49426756788676374 252
1757644551672 0.0014047282976266788 253
1757644551780 0.024977212829068323 254
1757644551888 0.12694455335785984 255
1757644551995 0.5738510963301592 256
1757644552102 0.09671803379446803 257
1757644552210 0.004108715617390707 258
1757644552320 0.03690071892200337 259
1757644552483 0.06911161560262447 260
1757644552596 0.2839707722533136 261
1757644552705 0.01706001999088381 262
1757644552812 0.2154434904019886 263
1757644552921 0.008244193815645366 264
1757644553030 1.006539541537646 265
1757644553137 0.00899818967883784 266
1757644553252 0.03984614087137092 267
1757644553360 1.3063482959880386 268
1757644553468 0.2527954756232757 269
1757644553576 0.11393526822886425 270
1757644553696 0.15419685212749368 271
1757644553816 0.15834130083613038 272
1757644553929 0.2795734918114649 273
1757644554043 0.0031068127769905843 274
1757644554152 0.07436958377567797 275
1757644554258 0.4490747936046953 276
1757644554367 0.013506839915743077 277
1757644554475 0.10339964814712425 278
1757644554585 0.0003613786238862726 279
1757644554694 0.10753548247633585 280
1757644554804 0.06302240378658433 281
1757644554911 0.0003633760208800612 282
1757644555020 0.003138703372290831 283
1757644555130 0.22784423924707542 284
1757644555246 0.29935932563333395 285
1757644555357 0.01910810526365863 286
1757644555465 0.0019610314203783634 287
1757644555574 0.08182439879194485 288
1757644555685 0.024228008819704338 289
1757644555794 0.03047567509370864 290
1757644555903 0.21685918000253626 291
1757644556012 0.2227725928768271 292
1757644556119 0.011548991805838052 293
1757644556238 0.009788794428993872 294
1757644556349 0.06594617173112774 295
1757644556464 0.20788832479939456 296
1757644556577 0.026716192226076848 297
1757644556691 7.871274848765227e-05 298
1757644556807 0.0004424726730362591 299
1757644556918 0.00015928671798928176 300
1757644557030 0.15415737115735612 301
1757644557157 0.021087176135445574 302
1757644557271 0.0318515350811153 303
1757644557382 0.07768319884915943 304
1757644557492 0.27129275703324646 305
1757644557600 0.0218265228583004 306
1757644557708 0.005394775665897348 307
1757644557817 0.0013825391951956573 308
1757644557926 0.11456948093256024 309
1757644558035 0.20630170699225417 310
1757644558145 0.34475145269148233 311
1757644558255 0.18481595217089633 312
1757644558363 0.02919678949828904 313
1757644558469 0.2566791817802431 314
1757644558577 0.015713274812858096 315
1757644558690 0.01672021956676449 316
1757644558803 0.0010384298877835227 317
1757644558912 0.01661513638724883 318
1757644559024 0.1742062381387978 319
1757644559134 0.04909455042047862 320
1757644559243 0.0297455177486468 321
1757644559357 0.14440263006078358 322
1757644559466 0.07983138076194643 323
1757644559574 0.5215167854413758 324
1757644559683 0.44884212672967533 325
1757644559794 0.2889157057971752 326
1757644559903 0.027346398907859386 327
1757644560012 0.0011294122352749853 328
1757644560121 0.34681383261412113 329
1757644560230 0.12730279314811824 330
1757644560340 0.0013380507806742962 331
1757644560448 0.0648288984753997 332
1757644560557 0.002796308329043161 333
1757644560665 0.05260823289590909 334
1757644560773 0.5289834893634601 335
1757644560880 0.11266651053733487 336
1757644560988 0.12767728028002484 337
1757644561096 0.33871884426630233 338
1757644561203 0.2155218283208769 339
1757644561314 0.4640958212694434 340
1757644561424 0.37214132525232335 341
1757644561533 0.011096249650384386 342
1757644561642 0.0855196056997822 343
1757644561751 0.08835977443233071 344
1757644561858 0.010276805113870496 345
1757644561966 0.03968375704187669 346
1757644562074 0.11002802534394113 347
1757644562182 0.011424687295307726 348
1757644562290 0.013617038750968799 349
1757644562398 0.04010804183658842 350
1757644562507 0.03727962186632023 351
1757644562614 0.001241759699932858 352
1757644562723 0.007501491835849537 353
1757644562833 0.3919505365571077 354
1757644562945 0.2216926947445123 355
1757644563056 0.030446011791879887 356
1757644563165 0.11754649438589485 357
1757644563274 0.08388036177304206 358
1757644563387 0.0031380159832021604 359
1757644563497 0.1301665826990743 360
1757644563608 3.281416489715121e-05 361
1757644563743 0.09896225814090372 362
1757644563856 0.019788649909000866 363
1757644563969 0.07614166232549464 364
1757644564078 0.028487593544725704 365
1757644564188 0.2528869256350888 366
1757644564298 0.00523440182880281 367
1757644564408 0.43545204115204544 368
1757644564516 0.06395736611948705 369
1757644564625 0.021658736595994474 370
1757644564738 0.7275281878070936 371
1757644564849 0.024043650857866944 372
1757644564958 0.0003782169107606836 373
1757644565068 0.008690866766569707 374
1757644565177 0.00012633877995816447 375
1757644565289 0.07635804935365678 376
1757644565401 0.04312929240066174 377
1757644565512 0.1209576180481655 378
1757644565622 0.3606114336913841 379
1757644565732 0.1991616974400261 380
1757644565851 0.36035106624159263 381
1757644565966 0.03051441793101133 382
1757644566166 0.05377500866609173 383
1757644566286 0.0480713441801591 384
1757644566407 0.4866881226014795 385
1757644566523 0.0786044682132466 386
1757644566637 0.059948211485249314 387
1757644566748 0.06561285893108201 388
1757644566858 0.02677446065602681 389
1757644566968 0.03761354983986998 390
1757644567079 0.269960779678025 391
1757644567190 0.12606038204476394 392
1757644567300 0.01337775974352563 393
1757644567413 0.047117536420937974 394
1757644567524 0.2800647441787147 395
1757644567637 0.02227542415975885 396
1757644567747 0.3272335983495635 397
1757644567858 0.06440044612625137 398
1757644567968 0.1101112518316049 399
1757644568079 0.30363783398688815 400
1757644568191 0.4122242434601525 401
1757644568302 0.012494113196138865 402
1757644568412 2.9409769445827697e-05 403
1757644568523 0.026783468999693288 404
1757644568633 0.09530030627469552 405
1757644568758 0.00030104260754144744 406
1757644568869 0.09237479806876739 407
1757644568980 0.018727026347487595 408
1757644569091 0.00820576825542746 409
1757644569203 0.4633809968697759 410
1757644569315 0.02077304115124367 411
1757644569427 0.05267009653237316 412
1757644569541 0.0032134349863051385 413
1757644569652 0.11417849572221828 414
1757644569764 0.009817548134914766 415
1757644569926 0.007999064750131308 416
1757644570048 0.03575718850635262 417
1757644570166 0.2691344651618112 418
1757644570279 0.006178002634797691 419
1757644570391 0.11840017110494323 420
1757644570503 0.11963496925499485 421
1757644570614 0.007448435925680618 422
1757644570725 0.03696260408287379 423
1757644570835 0.2970639722016873 424
1757644570947 0.5512207127324815 425
1757644571059 0.0035710497519461826 426
1757644571170 0.22493984666915617 427
1757644571281 3.406089825594231e-05 428
1757644571392 0.05018171849382369 429
1757644571508 0.11121507254560328 430
1757644571621 0.07901029878053635 431
1757644571732 0.1479784175875811 432
1757644571844 0.0024245037398957715 433
1757644571955 0.04440883775653589 434
1757644572068 0.13956975987174047 435
1757644572180 0.13486871064033784 436
1757644572291 0.0029268178526066497 437
1757644572402 0.016650733498922023 438
1757644572513 0.2706244026330534 439
1757644572626 0.25244361772015733 440
1757644572738 8.9233703524583e-05 441
1757644572847 0.3461614118582731 442
1757644572958 0.014256181300041488 443
1757644573067 0.006846817612983659 444
1757644573178 0.01199132320073816 445
1757644573291 0.019724725700704694 446
1757644573403 0.3056262669271866 447
1757644573518 0.022657058812232435 448
1757644573631 0.0064460307606666765 449
1757644573773 0.024618198022790787 450
1757644573888 0.0013473231809326537 451
1757644574001 0.06526762640666722 452
1757644574113 0.44184709560936963 453
1757644574224 0.016105762424731253 454
1757644574337 0.1184015395314231 455
1757644574449 0.25019292415588 456
1757644574561 0.38445042989390116 457
1757644574674 0.007595903532607945 458
1757644574786 0.03255165239526244 459
1757644574898 0.10228565236990167 460
1757644575011 0.1175878485295116 461
1757644575123 0.39842311856233414 462
1757644575235 0.06129394116222428 463
1757644575347 0.6659932607942315 464
1757644575458 0.003144521272828405 465
1757644575572 0.19178859334049891 466
1757644575685 0.1769538264445789 467
1757644575798 0.0002040478498341674 468
1757644575909 0.01601438888557679 469
1757644576022 0.0021087550701566755 470
1757644576198 1.3687071048946633 471
1757644576309 0.006601728132973446 472
1757644576420 0.23396483545274308 473
1757644576531 0.21798859708439855 474
1757644576642 0.37714597750802936 475
1757644576757 0.9165954784062893 476
1757644576870 0.25527259110356837 477
1757644576981 0.48361175052904787 478
1757644577092 0.04564677844074239 479
1757644577204 8.008975346313083e-05 480
1757644577316 0.16708528429633188 481
1757644577427 0.004705997782785745 482
1757644577539 0.10587078940435561 483
1757644577659 0.042528960870416604 484
1757644577773 0.08232732097361523 485
1757644577885 0.025455858501155972 486
1757644577998 0.52081732192816 487
1757644578111 0.06171567853031265 488
1757644578223 0.020064205604071038 489
1757644578335 0.1049475299602659 490
1757644578447 0.0507268082403069 491
1757644578559 0.2402474414796327 492
1757644578673 0.03548522651427165 493
1757644578797 0.0005516762170031028 494
1757644578911 0.003651105106233897 495
1757644579023 0.027511186326609243 496
1757644579137 4.2183149668626226e-05 497
1757644579249 0.022039033589345013 498
1757644579364 0.35474733378391965 499
