1757645783368 85.66350031418163 0
1757645783464 42.978148792849986 1
1757645783565 14.437646800267105 2
1757645783659 4.492896199286456 3
1757645783759 1.9014735174119917 4
1757645783854 2.6799218955237434 5
1757645783950 1.0501927800775852 6
1757645784091 0.4534473569484232 7
1757645784189 0.4371099705943548 8
1757645784286 0.37765648079925257 9
1757645784380 0.05511503046093958 10
1757645784474 0.27587259112785417 11
1757645784573 0.013046436735780861 12
1757645784667 0.4839833651804125 13
1757645784763 0.042954338854845314 14
1757645784858 1.9119356384245348e-05 15
1757645784963 5.423478722826602e-05 16
1757645785058 0.5142727795989812 17
1757645785157 3.6964695381761595e-06 18
1757645785252 0.07974816610822123 19
1757645785347 0.08430345896516021 20
1757645785442 0.07184529753285125 21
1757645785536 0.11813680388256786 22
1757645785630 0.05833406314842759 23
1757645785729 0.22315134975617007 24
1757645785825 0.08327414954195267 25
1757645785923 0.03741497994284559 26
1757645786019 0.06802545707060889 27
1757645786114 0.21683243170654737 28
1757645786210 0.3205828813428449 29
1757645786304 0.220012690060615 30
1757645786399 0.2687587860186071 31
1757645786496 0.10598095530595532 32
1757645786600 0.01888707989483414 33
1757645786696 0.09556328924101831 34
1757645786790 0.2904792337212491 35
1757645786885 0.011293607673193323 36
1757645786984 0.007083935709435856 37
1757645787080 0.05678152925759673 38
1757645787176 0.03797059258255943 39
1757645787273 0.01473872206053419 40
1757645787368 0.07339896073405315 41
1757645787462 1.6620622395827325 42
1757645787558 0.00967784546727607 43
1757645787664 0.03339188815854073 44
1757645787763 0.024140478398687597 45
1757645787861 0.011061089912916836 46
1757645787957 0.01691958702067204 47
1757645788052 0.0001448132169954132 48
1757645788148 0.0478473829314687 49
1757645788243 0.395161715234505 50
1757645788339 0.0011808653409629145 51
1757645788436 0.0006475640316568547 52
1757645788533 0.1977474141725123 53
1757645788629 0.19598663932007765 54
1757645788725 0.0045364635919696574 55
1757645788822 0.05993372045231609 56
1757645788917 0.013401367939589248 57
1757645789026 0.0018121320043301091 58
1757645789128 0.14405432746661756 59
1757645789223 0.10268098302594938 60
1757645789320 0.33568719718344214 61
1757645789417 0.00047438144335070344 62
1757645789511 0.043561583994748916 63
1757645789611 0.4337130248758142 64
1757645789708 0.0256786574783859 65
1757645789806 0.03302045182059402 66
1757645789905 0.030292813350422405 67
1757645790009 0.043224116753976215 68
1757645790110 0.009169862244516117 69
1757645790204 0.10861262422290138 70
1757645790302 0.09890384518511708 71
1757645790398 0.003951712484953717 72
1757645790493 3.223387019648279e-06 73
1757645790589 0.5286542280083248 74
1757645790687 0.10758532221394015 75
1757645790784 0.10358284209271612 76
1757645790880 0.30864143972869734 77
1757645790977 0.00217257040128405 78
1757645791078 0.07610472245017763 79
1757645791175 0.0019669512331297674 80
1757645791271 0.027413855925592708 81
1757645791367 0.05067255054140084 82
1757645791464 0.004809105133181291 83
1757645791561 0.3119758594168404 84
1757645791657 0.06467082615882619 85
1757645791753 0.4871558982091562 86
1757645791851 2.9492749802868548e-05 87
1757645791948 0.3962135687872948 88
1757645792043 0.0014914144344928266 89
1757645792140 0.16457989326696723 90
1757645792237 0.0026135532560713176 91
1757645792334 0.05622294423331717 92
1757645792431 0.054265438655169605 93
1757645792526 0.04460964433315301 94
1757645792621 0.013974799368744299 95
1757645792719 0.0014929706326766523 96
1757645792815 0.15425621556252297 97
1757645792912 0.05257939425071758 98
1757645793009 0.044826516988861385 99
1757645793110 4.2572771564245964e-05 100
1757645793208 0.1199924134093114 101
1757645793306 0.007785208871642949 102
1757645793404 0.05484546618048926 103
1757645793509 0.10221849606777574 104
