1757630556342 123.60066835714608 0
1757630556438 85.33058087650048 1
1757630556519 64.47095813394358 2
1757630556575 43.34527827381875 3
1757630556636 29.590716920199785 4
1757630556717 22.49308237362969 5
1757630556768 15.283690690075908 6
1757630556834 11.904138158550069 7
1757630556900 8.235300134332803 8
1757630556964 6.019587885153694 9
1757630557030 4.1477733099757925 10
1757630557097 3.2881740039451843 11
1757630557159 2.0584655980265123 12
1757630557214 1.4587955854467416 13
1757630557270 1.0245777594355534 14
1757630557323 1.0180291047622134 15
1757630557412 0.7894765813856269 16
1757630557476 0.5748481680052475 17
1757630557533 0.35205689163218895 18
1757630557592 0.2134041085081926 19
1757630557650 0.2309076067429996 20
1757630557704 0.2567726477254728 21
1757630557758 0.1914707494784566 22
1757630557816 0.22674000960848878 23
1757630557882 0.20664994124932864 24
1757630557953 0.11510665449202026 25
1757630558017 0.1462536286225975 26
1757630558069 0.19778176312410622 27
1757630558120 0.12057337265468904 28
1757630558171 0.1841369922893505 29
1757630558221 0.11961181039086323 30
1757630558272 0.10447343638772769 31
1757630558322 0.09987194438239623 32
1757630558375 0.10692981484638153 33
1757630558442 0.1421989910264195 34
1757630558518 0.1100994441742609 35
1757630558585 0.18069289085828527 36
1757630558645 0.08142522587182895 37
1757630558697 0.09716515310486007 38
1757630558748 0.1518874030764703 39
1757630558800 0.10262555493350686 40
1757630558853 0.13203644228278905 41
1757630558918 0.14535718652105395 42
1757630558985 0.17051766628825882 43
1757630559044 0.10400098409120068 44
1757630559096 0.13197306255969188 45
1757630559148 0.1592834101809242 46
1757630559201 0.1906009772477062 47
1757630559254 0.13257239403674978 48
1757630559306 0.17326106904371957 49
1757630559360 0.09534038899749404 50
1757630559413 0.12119229861017732 51
1757630559467 0.1129512553017081 52
1757630559533 0.1431161477402859 53
1757630559592 0.14186206801790607 54
1757630559648 0.10088971703126724 55
1757630559699 0.12756268682437374 56
1757630559749 0.09618478938138345 57
1757630559803 0.12709549563578681 58
1757630559854 0.05732390055284535 59
1757630559907 0.13286458477269958 60
1757630559958 0.21285164748008767 61
1757630560010 0.15181689438039903 62
1757630560061 0.09924355403859329 63
1757630560109 0.10510755508986694 64
1757630560162 0.10737215712025609 65
1757630560216 0.12250750670319138 66
1757630560271 0.11696214168691278 67
1757630560328 0.1200400268724583 68
1757630560383 0.12154501470691516 69
1757630560449 0.06402880556068957 70
1757630560517 0.10127056740355904 71
1757630560593 0.24491059441528418 72
1757630560649 0.11511145166512216 73
1757630560703 0.13745035759612 74
1757630560755 0.12157948483382564 75
1757630560809 0.15523080759451688 76
1757630560864 0.10620926187694787 77
1757630560931 0.05860087460944666 78
1757630560997 0.09572713252396906 79
1757630561064 0.11507244977310961 80
1757630561130 0.176021620784377 81
1757630561195 0.1265697595469697 82
1757630561265 0.08229164500420719 83
1757630561331 0.07254088413808801 84
1757630561394 0.09272153674278882 85
1757630561448 0.19284911572871533 86
1757630561543 0.11928600751109125 87
1757630561616 0.0947311193952989 88
1757630561683 0.12324308128959464 89
1757630561772 0.17933539554415062 90
1757630561847 0.09134407234579453 91
1757630561916 0.10869578313265182 92
1757630561978 0.06581443177149472 93
1757630562041 0.13846285337130695 94
1757630562096 0.12517891713801418 95
1757630562149 0.14077569914572863 96
1757630562203 0.07578501919151531 97
1757630562258 0.10385733772082872 98
1757630562314 0.08843711308148602 99
1757630562370 0.15452900390698332 100
1757630562425 0.1184680637278349 101
1757630562478 0.0887354423057658 102
1757630562530 0.09997605811943774 103
1757630562588 0.11643618850114243 104
1757630562644 0.09805874663731809 105
1757630562696 0.10131421103919844 106
1757630562753 0.15450953491205136 107
1757630562940 0.10035694213643581 108
1757630563036 0.11786257146492232 109
1757630563096 0.10390051188911996 110
1757630563155 0.15684019032925192 111
1757630563223 0.2100231156581009 112
1757630563280 0.11916841499498974 113
1757630563337 0.1179048477721734 114
1757630563392 0.18464537881811557 115
1757630563448 0.09467839790797883 116
1757630563502 0.20382732071129273 117
1757630563557 0.1841319633267407 118
1757630563611 0.17240425509900684 119
