1757651535173 0.11447884243671481 0
1757651535364 0.2057091982792815 1
1757651535549 0.28579724022244174 2
1757651535715 0.10006133591670326 3
1757651535889 0.14226060750702707 4
1757651536019 0.01924304329534827 5
1757651536154 0.04332122718034703 6
1757651536318 0.13599915100504106 7
1757651536464 0.14250658703311864 8
1757651536591 0.042189092375853145 9
1757651536763 0.39829528501073264 10
1757651536932 0.06499703440648565 11
1757651537079 0.08765460448646831 12
1757651537213 0.11102545226712732 13
1757651537340 0.1354223032345766 14
1757651537457 0.5895990571518106 15
1757651537576 0.2521783977611264 16
1757651537694 0.013511187833073176 17
1757651537820 0.005083800960477371 18
1757651537946 0.011206739893871717 19
1757651538070 0.02329919521301058 20
1757651538214 0.04295277273102634 21
1757651538383 0.3238700650507356 22
1757651538561 0.003335049219135264 23
1757651538724 0.01633976453213026 24
1757651538905 0.32888370856768373 25
1757651539228 0.009507913755564201 26
1757651539424 0.025519021420696213 27
1757651539618 0.2886685743665417 28
1757651539797 0.2037176144641317 29
1757651539953 0.05249213767841735 30
1757651540101 0.014545366267474193 31
1757651540371 0.48784443640699704 32
1757651540561 0.03957934826757987 33
1757651540758 0.015458097783781087 34
1757651540950 0.16460103539406218 35
1757651541133 0.018456910445344667 36
1757651541330 0.018308534292239116 37
1757651541524 0.014784642449786584 38
1757651541710 0.02932849811609302 39
1757651541889 0.03158772158397568 40
1757651542075 0.46364321228480426 41
1757651542251 0.3429784324850314 42
1757651542449 0.037916017083936035 43
1757651542648 0.15200793561973244 44
1757651542849 0.04410509832626138 45
1757651543018 0.030070340169059642 46
1757651543210 0.059577741223207345 47
1757651543381 0.041643887666355586 48
1757651543565 0.09126559991752375 49
1757651543765 0.11695760025839787 50
1757651543946 0.055111788958789154 51
1757651544148 0.06267195627462606 52
1757651544347 0.1402990411522832 53
1757651544572 0.010126733510948905 54
1757651544765 0.5286900993675396 55
1757651544953 0.0004674002051316614 56
1757651545158 0.16819798992888924 57
1757651545721 0.24786120278246315 58
1757651546009 0.04589785711807588 59
1757651546200 0.05169426651628097 60
1757651546403 4.957852715558091e-05 61
1757651546590 0.026877182548686863 62
1757651546745 0.0024194164949883808 63
1757651546902 0.0159494941542612 64
1757651547047 0.11546994135609048 65
1757651547179 0.008138596242319242 66
1757651547311 4.699985805302416e-05 67
1757651547440 0.10189800508366394 68
1757651547566 0.10792881718365376 69
1757651547690 0.06805621479725148 70
1757651547814 0.0012652388902422889 71
1757651547946 0.005562070908985747 72
1757651548063 6.040756591677066e-06 73
1757651548177 0.0034186999179533013 74
1757651548289 0.7692171615671499 75
1757651548401 0.0290191331009527 76
1757651548524 0.08563939105485575 77
1757651548673 0.15534194697340725 78
1757651548799 0.11738638937596507 79
1757651548919 0.0035614100163294075 80
1757651549037 0.2162527473495723 81
1757651549149 0.0009164313754766961 82
1757651549269 0.056019521778638164 83
1757651549416 0.4655302895229132 84
1757651549563 0.07203868121278491 85
1757651549723 0.05493904965144921 86
1757651549854 0.005076656618940091 87
1757651549990 0.2079230814725526 88
1757651550158 0.06655370614554428 89
1757651550349 0.02345456693370234 90
1757651550504 0.0036751390747872723 91
1757651550653 0.01662413631460248 92
1757651550799 0.008666541424852622 93
1757651550988 0.0002222003353095149 94
1757651551175 0.011897953175622226 95
1757651551330 0.17913919548839477 96
1757651551489 0.07058839535016653 97
1757651551675 0.07821942435287366 98
1757651551875 0.03502459856617388 99
1757651552065 0.001333596890065144 100
1757651552203 1.2830462189844871 101
1757651552376 0.008940598929760835 102
1757651552532 0.0014131229372774255 103
1757651552687 0.45498339051117537 104
1757651552836 0.10403389892541527 105
1757651552973 0.22552775252530005 106
1757651553104 0.09610003286956548 107
1757651553226 0.09377126262735214 108
1757651553343 0.1016207963543845 109
1757651553457 0.046887725581086004 110
1757651553571 0.05547465593859921 111
1757651553681 0.018650483564605868 112
1757651553791 0.014451963831526353 113
1757651553900 0.08067759411091673 114
1757651554010 0.004005065735432272 115
1757651554118 0.07393234809231175 116
1757651554227 0.11259621050601809 117
1757651554334 0.015931724410462093 118
1757651554440 0.12596660950393285 119
1757651554546 0.08205120239309571 120
1757651554661 0.04889851154657906 121
1757651554770 0.03171458554954234 122
1757651554885 0.06124551836148306 123
1757651554999 0.04803639283269415 124
1757651555132 0.09061855300020183 125
1757651555290 0.05486845412848657 126
1757651555429 0.0048642407724545636 127
1757651555558 0.00880298037196251 128
1757651555685 0.021155283831729637 129
1757651555814 0.09864367222983113 130
1757651555937 0.05596242369905673 131
1757651556052 0.04304701004842078 132
1757651556166 0.0425317107361056 133
1757651556281 0.002139479812415233 134
1757651556390 0.05616394411009862 135
1757651556500 0.0004363717073469962 136
1757651556609 0.22444552308124066 137
1757651556725 0.005587968980022837 138
1757651556833 0.045290682304117556 139
1757651556940 0.2560959756829978 140
1757651557046 0.016035484630645577 141
1757651557164 0.005037112637197254 142
1757651557288 0.0640399231075538 143
1757651557406 0.0015377690374652512 144
1757651557517 0.012086537188026573 145
1757651557631 0.022044200435089138 146
1757651557745 0.0259937698632534 147
1757651557853 0.030608371564392126 148
1757651557960 0.1729974313504779 149
1757651558067 5.810086854352367e-06 150
1757651558173 0.11175095817416429 151
1757651558292 0.8311554874787246 152
1757651558402 0.008828087846691302 153
1757651558511 0.09193250806002685 154
1757651558812 0.6305910716536232 155
1757651558948 0.029332113125421486 156
1757651559113 0.02891550983112666 157
1757651559252 0.005166412215861633 158
1757651559378 0.4625803820667721 159
1757651559493 0.0071962875327402495 160
1757651559626 0.2726136589726326 161
1757651559796 0.005382459002083476 162
1757651559995 0.4466967999938951 163
1757651560166 0.0570879989887819 164
1757651560337 0.02580483503652198 165
1757651560534 0.01616121493055862 166
1757651560691 0.022584640169772602 167
1757651560867 0.2546488855343841 168
1757651561135 0.10276005265357273 169
1757651561797 0.0008368357028411236 170
1757651562694 0.02033176610085545 171
1757651563023 0.027407842190752794 172
1757651563179 0.09506451294159718 173
1757651563325 0.010733512606025898 174
1757651563464 0.04076187931471841 175
1757651563590 0.00466635713998712 176
1757651563711 0.0005987247764497318 177
1757651563832 0.01969609642354946 178
1757651563948 0.7007243096431196 179
1757651564067 0.0302769511758332 180
1757651564186 0.01634069880174575 181
1757651564305 0.0974208398886382 182
1757651564433 0.01377608780624143 183
1757651564566 0.17866898886001598 184
1757651564708 0.07729401748443873 185
1757651564879 0.0027987816313322198 186
1757651565045 0.002408467645075454 187
1757651565214 0.0009743239329898295 188
1757651565386 0.014670536988464529 189
1757651565543 0.02171747097913023 190
1757651565678 0.36666795904678456 191
1757651565921 0.03535969592371138 192
1757651566077 0.0015413729782384168 193
1757651566266 0.021063841900128707 194
1757651566425 0.2592446071794106 195
1757651566575 3.698534406750336e-05 196
1757651566719 2.160487407887524e-05 197
1757651566863 1.9924406034615345e-06 198
1757651567010 0.0011105987497426516 199
1757651567170 0.0026777411914918167 200
1757651567369 0.008226966986122996 201
1757651567533 0.2521346707632533 202
1757651567661 0.0004068085489564462 203
1757651567786 0.046218177778306196 204
1757651567934 0.007493156970230106 205
1757651568091 0.0012061229962782145 206
1757651568236 0.009012850538945454 207
1757651568397 0.20093719501653223 208
1757651568572 0.9092934627753975 209
1757651568706 0.0004947287931792928 210
1757651568829 0.11271359298688594 211
1757651568950 0.1765068029874501 212
1757651569071 0.0006484737832470082 213
1757651569192 0.07836242754672185 214
1757651569335 0.032561184785973495 215
1757651569454 0.049914271196043906 216
1757651569597 2.777074872601801e-05 217
1757651569802 0.005464839116367695 218
1757651569941 0.00105223066810141 219
1757651570069 0.2650082474149628 220
1757651570254 0.0032143468752995528 221
1757651570424 0.5080328197797433 222
1757651570614 0.03211220953716669 223
1757651570785 0.02057261242543757 224
1757651571043 0.0024971788765776547 225
1757651571263 0.07150836495895392 226
1757651571408 0.15501047052180897 227
1757651571533 0.01656672068683826 228
1757651571690 0.13926467203539253 229
1757651571851 0.02378715558988128 230
1757651572011 0.05124200167006576 231
1757651572154 0.0017945895766211997 232
1757651572319 0.03256298622807521 233
1757651572485 0.4036522350361628 234
1757651572647 0.06933030615171955 235
1757651572809 0.0007293230577902102 236
1757651572963 0.0932664690545542 237
1757651573103 0.13559158296983048 238
1757651573276 0.37820379313362723 239
1757651573434 0.25907718298314836 240
1757651573576 0.17719457516035125 241
1757651573730 0.041328588615974035 242
1757651573893 0.05579471536607537 243
1757651574080 0.00034442049862011526 244
1757651574217 0.059155837067994585 245
1757651574348 0.0017940129386496057 246
1757651574481 0.0007520814320820266 247
1757651574630 0.11347528659971215 248
1757651574768 0.06287489773331045 249
1757651574898 0.05103577952913115 250
1757651575028 0.08597193163127319 251
1757651575171 0.6360305378202479 252
1757651575327 0.1879812150803518 253
1757651575472 0.13940760346339062 254
1757651575616 0.3779836444903298 255
1757651575750 0.00039402890917639545 256
1757651575910 0.026164334474275054 257
1757651576048 0.009218609578555009 258
1757651576186 0.07128297081062508 259
1757651576326 0.04183185802360096 260
1757651576465 0.11776282411197636 261
1757651576598 0.019647060670304896 262
1757651576731 0.14242159744509875 263
1757651576869 0.11947237315655324 264
1757651576996 0.003301936002593638 265
1757651577116 4.15723759069035e-05 266
1757651577232 0.03783913050615446 267
1757651577360 0.12658096950016984 268
1757651577483 0.0010747769604822315 269
1757651577598 8.810564322748646e-05 270
1757651577710 0.07008023830991461 271
1757651577823 0.1402139708233691 272
1757651577937 0.013993031621350927 273
1757651578052 0.5531387285647303 274
1757651578162 0.13799198017140915 275
1757651578270 0.2611022343481568 276
1757651578407 0.06258216258877465 277
1757651578521 0.1843239469093296 278
1757651578634 0.005438381086802713 279
1757651578745 0.027091699902617204 280
1757651578867 0.029347148433634018 281
1757651578980 0.002617899206508368 282
1757651579095 0.020780087781792626 283
1757651579204 0.052792142151281134 284
1757651579315 0.002009163005498002 285
1757651579438 0.08319008290362007 286
1757651579550 0.041332822027767245 287
1757651579662 0.09495799230281181 288
1757651579771 3.193298614159474e-07 289
1757651579882 0.0020916122034470535 290
1757651579993 0.015352083784448195 291
1757651580112 0.5696002450832895 292
1757651580238 0.02236182084714711 293
1757651580352 0.4066347099581305 294
1757651580476 0.13075678199261076 295
1757651580590 0.0023255029295783424 296
1757651580708 0.0018521967231117165 297
1757651581072 0.017531905072706064 298
1757651581244 0.36872975978786904 299
1757651581411 0.11389174621429317 300
1757651581544 0.0036580458341142017 301
1757651581696 0.04043758297896986 302
1757651581825 0.013484232164113083 303
1757651581946 0.2558367694977877 304
1757651582128 0.4275971758990706 305
1757651582330 0.002371637895778252 306
1757651582490 0.03302936944417622 307
1757651582633 0.025793767447039494 308
1757651582793 0.06695136990268812 309
1757651582965 0.14531250140012597 310
1757651583127 0.02607131620454804 311
1757651583274 0.21937396470970005 312
1757651583489 0.2431770053403362 313
1757651583660 0.2846858817227854 314
1757651583806 0.15800446707836965 315
1757651583936 0.037500853169412034 316
1757651584059 0.19094740316317152 317
1757651584187 0.07132027192183252 318
1757651584314 0.0499364781616092 319
1757651584446 0.00012460605142351557 320
1757651584570 0.20710400289842232 321
1757651584697 0.14366509324845717 322
1757651584819 0.028471158650202888 323
1757651584937 0.6788834714840988 324
1757651585052 0.28490752494764005 325
1757651585182 0.12713622502499827 326
1757651585306 0.45252806747755053 327
1757651585421 0.17211890858857748 328
1757651585538 0.2108763805827633 329
1757651585657 0.0029891983433627664 330
1757651585773 0.0019070730285924275 331
1757651585921 0.09145375174357617 332
1757651586053 0.005674411670692713 333
1757651586179 1.460994695824096e-05 334
1757651586428 0.05706083293138098 335
1757651586564 0.0017214740278577293 336
1757651586696 0.19788671345141232 337
1757651586833 0.04437583481991605 338
1757651586957 0.5565843591323476 339
1757651587080 0.025425096897186642 340
1757651587195 0.8523192840372086 341
1757651587313 0.006469020363984897 342
1757651587431 0.3129963863453107 343
1757651587555 0.006258174643536561 344
1757651587679 0.06389465814932899 345
1757651587798 0.010830114947129783 346
1757651587915 0.27080983703943595 347
1757651588030 0.2871541413448191 348
1757651588144 0.03628546898354902 349
1757651588261 0.4744801086310102 350
1757651588373 0.28239831705898205 351
1757651588487 0.02891868295752571 352
1757651588598 0.008955229706768797 353
1757651588716 0.07571558669882734 354
1757651588829 0.04039658412193204 355
1757651588942 0.002929660583604365 356
1757651589053 0.2788104288679366 357
1757651589165 0.19373269298192344 358
1757651589282 0.004308509791254145 359
1757651589398 0.10527671860553464 360
1757651589510 0.003425272396004129 361
1757651589630 0.06419643518547262 362
1757651589747 0.02842971008518619 363
1757651589866 0.001380994323443323 364
1757651589983 0.15710558350015008 365
1757651590100 2.7610644352916398e-06 366
1757651590230 0.08925815500547818 367
1757651590351 0.4201951245326408 368
1757651590469 0.20750109359589278 369
1757651590583 0.020765201228107686 370
1757651590694 0.0007282239561834112 371
1757651590806 0.0008297735540735925 372
1757651590921 0.1317250259918257 373
1757651591039 4.253108284119525e-06 374
1757651591155 0.0119747360124692 375
1757651591278 0.06535508005398054 376
1757651591400 0.006185408828544826 377
1757651591520 0.11810348839219847 378
1757651591639 0.06305077184977816 379
1757651591751 0.03940834503809961 380
1757651591875 0.07614754198099159 381
1757651591998 0.19371699993690855 382
1757651592110 0.008063539903818225 383
1757651592222 0.10331371195316216 384
1757651592338 0.026881075520439775 385
1757651592454 0.5913293963263708 386
1757651592565 0.12321370536624732 387
1757651592677 0.05567389183181954 388
1757651592788 0.05757104540052968 389
1757651592904 0.3819717581946006 390
1757651593021 0.03830238970817478 391
1757651593133 0.03666480015590541 392
1757651593244 0.10574296762277553 393
1757651593359 0.12109802002287623 394
1757651593479 0.18331834350171522 395
1757651593592 0.01789450157275598 396
1757651593710 0.11566589904699481 397
1757651593823 0.002787945098672362 398
1757651593946 0.00048094010113588473 399
1757651594065 0.1288144326016164 400
1757651594184 0.0139949879999269 401
1757651594302 0.11355800000012986 402
1757651594415 0.000835802930928538 403
1757651594528 0.18842754272835313 404
1757651594639 0.7429076913296399 405
1757651594751 0.029346803088920265 406
1757651594874 0.028740031807107252 407
1757651594994 0.05324433941170991 408
1757651595110 0.4591162534885513 409
1757651595238 0.00010272824726485431 410
1757651595356 0.10144230675685083 411
1757651595478 0.12325436877658513 412
1757651595599 0.10685678518997002 413
1757651595720 0.002455668471082512 414
1757651595841 0.21944819973212035 415
1757651595959 0.218086450477344 416
1757651596080 0.29606838214658004 417
1757651596201 0.11278478541290866 418
1757651596320 0.40988847953543034 419
1757651596437 0.11046185940784836 420
1757651596551 0.15652096482340347 421
1757651596666 0.0007750163999190074 422
1757651596779 0.16867230421001925 423
1757651596898 0.0546000525312948 424
1757651597021 0.23260826337475612 425
1757651597142 0.017128582012699824 426
1757651597255 0.031071528943104547 427
1757651597374 0.3805565606235887 428
1757651597489 0.025568034435320124 429
1757651597607 0.04897623750140344 430
1757651597729 0.0001960681671097747 431
1757651597855 0.8948954199445573 432
1757651597972 0.0020507589863954373 433
1757651598086 0.05746604419107355 434
1757651598199 0.07773123542613547 435
1757651598312 1.3275340131843769e-05 436
1757651598424 0.00039916498751168953 437
1757651598542 0.06693299608439998 438
1757651598694 0.19159153976108215 439
1757651598823 0.06628917698833374 440
1757651598947 0.009594357876588883 441
1757651599086 0.024679116744460536 442
1757651599215 0.6580851315404725 443
1757651599484 0.09266169468458826 444
1757651599681 0.04968750070514713 445
1757651599830 0.0030786169923576676 446
1757651599981 0.0025860845104193385 447
1757651600119 0.12740072207567427 448
1757651600294 1.1824575753244593 449
1757651600438 0.001521709566335173 450
1757651600567 0.38521056032792744 451
1757651600705 0.013722651976788125 452
1757651600840 0.12882773727809696 453
1757651600980 0.0006280539405505571 454
1757651601152 0.0037295502537762937 455
1757651601336 0.00045211110450045006 456
1757651601536 0.11294509988457431 457
1757651601812 0.04500168770815558 458
1757651602017 0.41132396429968743 459
1757651602224 0.01455621958862136 460
1757651602358 0.002384598409203538 461
1757651602520 0.03476452736586675 462
1757651602908 0.11745420948477105 463
1757651603075 0.04302043258338618 464
1757651603271 0.24943346980897235 465
1757651603600 0.21104425538113392 466
1757651603981 0.0427386923557735 467
1757651604143 0.12476027398781983 468
1757651604301 0.05940613214745778 469
1757651604457 0.020351791528010317 470
1757651604602 0.05234924565051451 471
1757651604778 0.057944792433066356 472
1757651604947 0.00018948308581355727 473
1757651605095 0.412215021107463 474
1757651605238 0.09142269015707805 475
1757651605380 0.0003668232630154418 476
1757651605516 0.11488985092647737 477
1757651605642 0.6509925182867025 478
1757651605768 0.08941464535832284 479
1757651605924 0.002333538757708671 480
1757651606062 0.07694785170239228 481
1757651606213 0.020626881641980115 482
1757651606364 0.026303301126752547 483
1757651606500 0.014712759699770093 484
1757651606631 0.0004790118160150106 485
1757651606758 0.02630504211506238 486
1757651606877 0.09043478188738596 487
1757651607029 0.0012675552970833146 488
1757651607163 0.025844967791005733 489
1757651607288 0.004124866620919914 490
1757651607414 0.17523616957177052 491
1757651607542 0.012548710644871794 492
1757651607664 0.1376317532427602 493
1757651607784 0.10600816293729821 494
1757651607909 0.03913209323590961 495
1757651608037 0.03554850369073026 496
1757651608161 0.008869602791665782 497
1757651608281 0.014902104078530596 498
1757651608405 0.04337263665586161 499
