1757628957308 29.318426761107236 0
1757628957437 8.814492937503518 1
1757628957532 1.1237461321721325 2
1757628957627 0.4248652918595099 3
1757628957718 0.07472199704663023 4
1757628957810 0.004793778875509271 5
1757628957901 0.004756473493663563 6
1757628957987 0.08397904295134828 7
1757628958130 0.03463822148018227 8
1757628958226 0.5004733373869 9
1757628958317 0.010052240513525223 10
1757628958407 0.008520723569129515 11
1757628958496 0.006259874026088541 12
1757628958586 0.14194631733566734 13
1757628958674 0.35205435076506725 14
1757628958759 0.547073572414356 15
1757628958846 0.0710843168946825 16
1757628958932 0.015291645167327887 17
1757628959018 0.010019647677066201 18
1757628959104 0.09940691180714463 19
1757628959193 0.0012270367271741615 20
1757628959280 0.051156280323296575 21
1757628959365 0.2114122869209121 22
1757628959450 0.5652631832851895 23
1757628959536 0.0006530391451672942 24
1757628959622 0.15365006674859572 25
1757628959708 0.000352662543934228 26
1757628959796 0.08707714850231672 27
1757628959885 0.3849821804111685 28
1757628959977 0.22266466222907508 29
1757628960064 0.9135619642584947 30
1757628960158 0.4800859376812803 31
1757628960256 0.03281911893931107 32
1757628960346 0.02012599447088761 33
1757628960436 0.24162535568866714 34
1757628960524 7.920586397982983e-05 35
1757628960611 0.009636820421565058 36
1757628960699 0.1257973946746687 37
1757628960787 0.009114831789258992 38
1757628960874 0.0427800185197546 39
1757628960960 0.0005489847456678275 40
1757628961046 0.12240942896479669 41
1757628961132 0.05054364703170404 42
1757628961220 0.3991826522916587 43
1757628961306 0.11973113697356028 44
1757628961393 0.0008627811412239658 45
1757628961478 0.07795885125536513 46
1757628961565 0.0014685830741332357 47
1757628961651 0.0750927698615197 48
1757628961738 0.20290348023629726 49
1757628961826 0.1870841081712449 50
1757628961915 0.09039037479683008 51
1757628962002 0.0011436162306404562 52
1757628962088 0.4014389509098026 53
1757628962175 0.06860817679429171 54
1757628962261 0.09029361873259784 55
1757628962347 0.09163310440463547 56
1757628962434 0.32274254188359325 57
1757628962521 0.12248196862811073 58
1757628962608 0.0015646079412759307 59
1757628962695 0.11362249074636155 60
1757628962782 0.04138902562716906 61
1757628962869 0.06129673028573078 62
1757628962956 0.0008959391262828379 63
1757628963043 0.014117553271331566 64
1757628963130 0.002648263032733538 65
1757628963217 5.084917675422962e-05 66
1757628963303 0.07985119844258098 67
1757628963390 0.057491219082291996 68
1757628963476 0.0991477003532908 69
1757628963561 0.002995538501198141 70
1757628963647 0.00018525150783705208 71
1757628963733 0.060233084666564796 72
1757628963819 0.14206403126800946 73
1757628963910 0.2134919922455855 74
1757628963996 0.004246662860229197 75
1757628964083 0.0027812877818290263 76
1757628964170 0.0199224889776795 77
1757628964256 0.05134736010536392 78
1757628964343 0.33741882546613317 79
1757628964428 0.13984164684895803 80
1757628964513 0.2751402915130798 81
1757628964599 0.16614370500908923 82
1757628964685 0.2534992512421642 83
1757628964770 0.006309318980900472 84
1757628964856 0.1926599355317805 85
1757628964942 0.005131617952694247 86
1757628965032 0.37005268104984856 87
1757628965124 0.019410481476149287 88
1757628965227 0.060926996684909064 89
1757628965316 0.5270428286921909 90
1757628965405 0.03384521621243871 91
1757628965493 0.09958029540170005 92
1757628965582 0.11998250210199285 93
1757628965672 0.6805039135808066 94
1757628965761 0.14355614869799277 95
1757628965853 0.007020703444424955 96
1757628965949 0.6303040637216663 97
1757628966039 0.08210971744000937 98
1757628966128 0.07068278359815383 99
1757628966218 0.001163420780017834 100
1757628966306 0.08826662289405039 101
1757628966394 0.04671956350204888 102
1757628966483 0.05497674176403445 103
1757628966570 0.09862281847710565 104
1757628966660 0.1898941991127449 105
1757628966748 0.003492402317057195 106
1757628966837 0.031816347067136125 107
1757628966925 0.005912436806578262 108
1757628967012 0.07238727022746425 109
1757628967102 0.05969582034235822 110
1757628967190 0.15425578172831297 111
1757628967279 0.4224997992983086 112
1757628967368 0.1287431226689987 113
1757628967464 0.10572965668927181 114
1757628967630 0.07110758478646553 115
1757628967727 0.1318220829063223 116
1757628967825 0.01629000242004952 117
1757628967915 0.03935994827894612 118
1757628968008 0.04496682916980674 119
1757628968098 0.0303478938685955 120
1757628968200 0.06558425397632131 121
1757628968291 0.04934945695761392 122
1757628968380 0.010140142674895276 123
1757628968468 0.020958927382637715 124
1757628968556 0.6901684675828442 125
1757628968644 0.08138775397632624 126
1757628968734 0.0006429265230996117 127
