1757639987883 147.1808163642126 0
1757639987945 120.40574411076268 1
1757639988006 104.18813335090564 2
1757639988068 87.14619927265439 3
1757639988130 69.62850500657015 4
1757639988192 59.95038009082736 5
1757639988249 50.32411475537813 6
1757639988302 41.18569135305039 7
1757639988353 35.62195427710075 8
1757639988407 31.023302676279325 9
1757639988457 23.659667500386227 10
1757639988510 22.811965116448892 11
1757639988562 18.327746517089636 12
1757639988613 15.791166219988709 13
1757639988670 12.356105661666309 14
1757639988736 11.33215760844607 15
1757639988796 9.573503785787478 16
1757639989366 6.56800027727758 17
1757639989491 6.7270707587530065 18
1757639989561 5.55108766817478 19
1757639989621 4.425874141423684 20
1757639989680 4.0157207064139975 21
1757639989732 3.8515549785689918 22
1757639989782 2.6240537396371093 23
1757639989831 2.096780094515074 24
1757639989881 1.8625855446708017 25
1757639989933 1.5615124790838637 26
1757639989982 1.5028304302127529 27
1757639990031 1.0582759804852946 28
1757639990081 1.1338271394818256 29
1757639990127 0.9123937318728824 30
1757639990176 0.9249201591396946 31
1757639990223 0.6070887983857836 32
1757639990272 0.6432010885767477 33
1757639990332 0.4783018759419708 34
1757639990429 0.3670785708056549 35
1757639990480 0.394379382623782 36
1757639990528 0.35004113013613763 37
1757639990577 0.3626087469336173 38
1757639990624 0.2515086558992352 39
1757639990671 0.225772623489945 40
1757639990718 0.25357535213800414 41
1757639990765 0.20383786532233772 42
1757639990813 0.22169496907236072 43
1757639990860 0.2287333341586177 44
1757639990908 0.1432148131395511 45
1757639990956 0.12527965233606017 46
1757639991005 0.13129016493248286 47
1757639991052 0.20078470972284854 48
1757639991099 0.15824405730322474 49
1757639991146 0.15624138002436871 50
1757639991192 0.18751029015578027 51
1757639991239 0.08747042764168614 52
1757639991286 0.11529801777528527 53
1757639991333 0.30472362441653955 54
1757639991379 0.1352477721600108 55
1757639991442 0.09403671721547933 56
1757639991503 0.07672433428275265 57
1757639991555 0.12542229173745023 58
1757639991605 0.07654440974440796 59
1757639991654 0.11975323972790139 60
1757639991706 0.16618417181280368 61
1757639991756 0.07930576542239116 62
1757639991804 0.1392335794935394 63
1757639991852 0.19385695932165556 64
1757639991900 0.15693117800703746 65
1757639991949 0.15947469495796715 66
1757639991996 0.10183534821524663 67
1757639992044 0.06903310794959265 68
1757639992092 0.11350853776648348 69
1757639992141 0.17245169029589316 70
1757639992188 0.09269838088298592 71
1757639992261 0.1564984777602437 72
1757639992312 0.08154271680474488 73
1757639992361 0.13595797531042467 74
1757639992411 0.09871760224058088 75
1757639992466 0.1403322208843672 76
1757639992513 0.16043377683313487 77
1757639992562 0.08760012658582761 78
1757639992610 0.08330236757654942 79
1757639992658 0.1547265158876586 80
1757639992712 0.16856528018705805 81
1757639992775 0.1185613566481141 82
1757639992828 0.06666202092067947 83
1757639992878 0.2799345571253637 84
1757639992930 0.09885619289325344 85
1757639992979 0.1638962081994906 86
1757639993030 0.11448591864209824 87
1757639993078 0.12751390538386728 88
1757639993127 0.17936089542863676 89
1757639993176 0.14787825540216412 90
1757639993224 0.12841266881648403 91
1757639993274 0.11901005144921853 92
1757639993323 0.09803514763237108 93
1757639993371 0.16382519583291877 94
1757639993419 0.1733751333823437 95
