1757646731100 123.35455166537784 0
1757646731162 85.98401672959133 1
1757646731220 61.57456547481836 2
1757646731282 42.60779886989013 3
1757646731339 30.9985713614231 4
1757646731397 21.182096048782483 5
1757646731454 15.35449532980929 6
1757646731512 10.662819418538088 7
1757646731570 7.471460529687068 8
1757646731629 5.4942629364081474 9
1757646731686 3.958934840231164 10
1757646731745 2.782542426340134 11
1757646731803 1.7820924474910738 12
1757646731869 1.3541680925239818 13
1757646731928 0.8945088449960559 14
1757646731987 0.8140011651983878 15
1757646732046 0.5709109449720915 16
1757646732105 0.4003411382677646 17
1757646732164 0.4435398114397109 18
1757646732222 0.28637355750521415 19
1757646732281 0.24626702663524136 20
1757646732343 0.2162655186387512 21
1757646732403 0.1523604596963136 22
1757646732463 0.11669471182522075 23
1757646732521 0.2026454492271711 24
1757646732579 0.1683367157768177 25
1757646732639 0.22297845554057216 26
1757646732697 0.20466771803834027 27
1757646732755 0.1786602793112237 28
1757646732814 0.19496167815103482 29
1757646732874 0.15738624197397402 30
1757646732933 0.13686799155328688 31
1757646732993 0.10554259368625982 32
1757646733050 0.1801776680875509 33
1757646733109 0.1768193678547451 34
1757646733178 0.15388968925698154 35
1757646733245 0.0657767081649778 36
1757646733307 0.14139410530861518 37
1757646733370 0.11965163059872563 38
1757646733430 0.07119890143777459 39
1757646733490 0.19025350139108105 40
1757646733548 0.1479886512175313 41
1757646733607 0.23726041616575835 42
1757646733670 0.15042674072928006 43
1757646733730 0.12281607184651702 44
1757646733791 0.1945110388117025 45
1757646733851 0.1305783609640216 46
1757646733912 0.10803233608655827 47
1757646733976 0.21279658228157183 48
1757646734036 0.10428670661140248 49
1757646734098 0.11028286069960039 50
1757646734167 0.06908485448885425 51
1757646734385 0.11101685908162572 52
1757646734472 0.19685806791820606 53
1757646734543 0.21520206935418268 54
1757646734611 0.15669301240839362 55
1757646734676 0.1579678800109756 56
1757646734741 0.07450610992861934 57
1757646734807 0.11673725979804755 58
1757646734869 0.09170980886423233 59
1757646734936 0.11132393602418136 60
1757646734998 0.11135411741859864 61
1757646735061 0.21802262559373814 62
1757646735122 0.09378114008103744 63
1757646735189 0.22361914074044636 64
1757646735254 0.1670043189725126 65
1757646735320 0.14700672251974006 66
1757646735587 0.07225805632717838 67
1757646735658 0.19403303041743852 68
1757646735725 0.1879173407018248 69
1757646735792 0.16525942961763146 70
1757646735857 0.11195871954600337 71
1757646735919 0.14555012288868618 72
1757646735982 0.1094259343718991 73
1757646736044 0.12084822595873107 74
1757646736107 0.33856867494576 75
1757646736170 0.1033639749510057 76
1757646736232 0.11321963478057975 77
1757646736299 0.112930666157455 78
1757646736362 0.09267972563965457 79
1757646736424 0.1662898482147682 80
