1757629776429 0.013375293033716037 0
1757629776544 0.25475199300734347 1
1757629776666 0.005764044200322486 2
1757629776763 0.38683811590517564 3
1757629776857 9.748582146382581e-05 4
1757629776956 0.01712253370151361 5
1757629777060 0.02327662815598567 6
1757629777166 0.19801448298341368 7
1757629777264 0.012523414782446446 8
1757629777358 0.005583411687021573 9
1757629777451 0.23887080000882613 10
1757629777546 0.3363494353279401 11
1757629777635 0.5058127378357401 12
1757629777728 0.0022383079753770336 13
1757629777818 0.21300931439945459 14
1757629777909 0.08094149537075193 15
1757629777999 0.33552402849833884 16
1757629778098 0.14632176666515295 17
1757629778200 0.09058414448211684 18
1757629778293 0.02303104397019009 19
1757629778401 0.006506698238044024 20
1757629778493 0.012886338172741726 21
1757629778584 0.07380985705431531 22
1757629778674 0.019258753788120607 23
1757629778771 0.1349980274232712 24
1757629778868 0.030785958322688458 25
1757629778963 0.16912253949772638 26
1757629779059 0.007484357158620184 27
1757629779158 0.22407792214337985 28
1757629779254 0.03854950977764875 29
1757629779346 0.025918122487621775 30
1757629779437 0.0002942653603506732 31
1757629779536 0.07340674280864481 32
1757629779627 0.021387775177393972 33
1757629779716 0.04620224468984122 34
1757629779805 0.0007063210577835517 35
1757629779894 0.004775244866591627 36
1757629779980 0.2481306016271352 37
1757629780067 0.003875135838116349 38
1757629780156 0.02240588054424944 39
1757629780242 0.08820153848276567 40
1757629780330 0.010046324899591291 41
1757629780430 0.02584216327890966 42
1757629780526 0.016367300824100123 43
1757629780615 0.01239632597420017 44
1757629780704 0.02244485040001789 45
1757629780791 0.00394997697360135 46
1757629780877 0.42204778408810956 47
1757629780965 0.26511213147097357 48
1757629781053 0.005564644552496337 49
1757629781140 0.007701813042501717 50
1757629781227 0.002586549226489448 51
1757629781314 0.00044331960574352545 52
1757629781401 0.11338847071535603 53
1757629781489 0.00014982353085468757 54
1757629781584 0.006698927746167283 55
1757629781673 0.013160475923375846 56
1757629781760 0.028443501909229302 57
1757629781849 0.019826853076699333 58
1757629781937 0.8637305835166005 59
1757629782026 5.188374517579072e-07 60
1757629782114 0.1419672198349445 61
1757629782201 0.06216246064601227 62
1757629782295 0.03247958362011493 63
1757629782397 0.3528579297713136 64
1757629782485 0.08549419563383774 65
1757629782573 0.43362057650616775 66
1757629782665 0.20238568423112432 67
1757629782754 0.028961955240162734 68
1757629782843 0.5562128278643528 69
1757629782929 0.013722700613689045 70
1757629783015 0.7358754144406029 71
1757629783101 0.00445173807376882 72
1757629783186 0.29443065649036443 73
1757629783272 0.1581315974659426 74
1757629783360 0.0010794469296819024 75
1757629783446 0.19113647170768294 76
1757629783533 0.32239942032696073 77
1757629783626 0.07899253799396043 78
1757629783715 0.1685977919343285 79
1757629783803 0.0031434260774849863 80
1757629783891 0.25524840550663175 81
1757629783979 0.039676455911034844 82
1757629784075 0.04569247354092362 83
1757629784173 0.019805823637479687 84
1757629784272 0.0860777601954918 85
1757629784364 0.15871898238134524 86
1757629784452 0.00028402434347960995 87
1757629784541 0.011620547934117589 88
1757629784631 0.1228495330011847 89
1757629784722 0.15220576750791234 90
1757629784809 0.023359933747031623 91
1757629784898 0.10959839661353013 92
1757629784987 0.000538046188301844 93
1757629785075 0.02633386395925459 94
1757629785175 0.07690162792551142 95
1757629785273 0.0014481576414630004 96
1757629785375 0.006197327199844338 97
1757629785484 0.04250192633836234 98
1757629785580 0.0552044219705998 99
1757629785678 0.01284578926983218 100
1757629785788 0.04091062380348973 101
1757629785886 0.00271719901527355 102
1757629785980 0.04666211105864957 103
1757629786069 0.009189442668378203 104
1757629786159 0.4385535136721107 105
1757629786249 0.05628219209113268 106
1757629786339 0.15535623368205057 107
1757629786429 0.3162511339623428 108
1757629786520 0.004179523168893977 109
1757629786614 0.43774159306547306 110
1757629786778 0.23031678993725646 111
1757629786876 0.007112642790316356 112
1757629786974 0.025679825982701247 113
1757629787069 0.06417788918403168 114
1757629787161 0.009917472230649847 115
1757629787251 0.13591711984180052 116
1757629787340 0.19772946310219788 117
1757629787432 0.0046942324782485055 118
1757629787521 0.2316731065253403 119
1757629787611 0.010298893098933747 120
1757629787704 0.027831388937327655 121
1757629787794 0.24611889163111994 122
1757629787884 0.00015814985054917306 123
1757629787973 0.3896370248876111 124
1757629788063 0.019881245039243958 125
1757629788154 0.4518418128949166 126
1757629788244 0.04963184532557179 127
1757629788336 0.48381364110259584 128
1757629788440 0.001278110242446578 129
1757629788545 0.0021622789886194984 130
1757629788644 0.2506434892139555 131
1757629788742 0.043921975117134346 132
1757629788845 0.17257821020546543 133
1757629788949 0.006394113548003924 134
1757629789049 0.035097317388723924 135
1757629789141 0.04439435131349096 136
1757629789232 0.11653735243680573 137
1757629789323 0.0037794095832136645 138
1757629789430 0.0008933858285548428 139
1757629789539 0.9806774230071839 140
1757629789650 0.24531044357520596 141
1757629789763 0.23677045474928704 142
1757629789912 0.10709420255102382 143
1757629790014 0.0021355752425815263 144
1757629790110 0.028121200299682098 145
1757629790206 0.0003935714388677319 146
1757629790301 0.009972711938248337 147
1757629790405 0.0987813125242021 148
1757629790508 0.2263918525691104 149
1757629790604 0.11435777296334594 150
1757629790697 0.5253284765746508 151
1757629790793 0.00034219032302141455 152
1757629790892 0.00702280362481011 153
1757629790993 0.06078150070848134 154
1757629791090 0.0006215957456735204 155
1757629791182 0.13677508096534755 156
1757629791273 0.004561738414227444 157
1757629791366 0.08547003938881081 158
1757629791458 0.0032022458359399777 159
1757629791549 0.025483244371716895 160
1757629791640 0.0005342818086511691 161
1757629791734 0.2551136591542066 162
1757629791826 0.10865776067425092 163
1757629791917 0.3137131495099269 164
1757629792013 0.14521943989431205 165
1757629792106 0.002906494914791954 166
1757629792197 0.09810665903269848 167
1757629792290 0.298607630171802 168
1757629792395 0.5703163566715649 169
1757629792500 0.00027688591823027447 170
1757629792608 0.014351449159513007 171
1757629792725 0.0030795053547568634 172
1757629792833 0.07725115201097749 173
1757629792942 0.001840268021319709 174
1757629793044 0.0690820085191996 175
1757629793152 0.3884987530738433 176
1757629793257 0.09124131224890221 177
1757629793386 0.10004960135929657 178
1757629793492 0.14582214006129163 179
1757629793588 0.018966509375999082 180
1757629793679 0.20110969534168358 181
1757629793776 0.037433869133730924 182
1757629793869 0.38564775267444734 183
1757629793964 0.12178710076118587 184
1757629794068 0.022772818786358524 185
1757629794176 0.06854912001246041 186
1757629794287 0.010816902330780035 187
1757629794393 0.004719256802991269 188
1757629794502 0.008192665093478713 189
1757629794606 0.03011553811959292 190
1757629794700 0.012551986036196883 191
1757629794793 0.005386411218120121 192
1757629794886 0.017453730322651986 193
1757629794991 0.03303042849154049 194
1757629795093 0.015052157739515293 195
1757629795197 0.07363092748374105 196
1757629795304 0.1584450611595619 197
1757629795409 0.010008283381395477 198
1757629795512 0.17755288219784537 199
1757629795607 0.047816774962959906 200
1757629795701 0.1996085729519593 201
1757629795797 0.0003508421807711123 202
1757629795902 1.8341441911004648 203
1757629796010 0.040392697149420634 204
1757629796115 0.0005898610144538072 205
1757629796221 0.017167638579510987 206
1757629796323 0.02325933183904427 207
1757629796425 0.1163196834472271 208
1757629796525 0.00011809880470396337 209
1757629796668 0.4109604261445278 210
1757629796769 0.12449206577715981 211
1757629796868 0.7862515994038983 212
1757629796963 0.021518978582894154 213
1757629797055 0.005863372237543414 214
1757629797146 0.002161156204798106 215
1757629797239 0.11211566249872473 216
1757629797332 7.195391269861615e-06 217
1757629797425 0.04870203162878272 218
1757629797519 0.0009240560407842521 219
1757629797613 0.3470969156409608 220
1757629797705 0.007548287329047449 221
1757629797803 0.009806169659581783 222
1757629797903 0.36395453868616784 223
1757629797997 0.6380328888281692 224
1757629798090 0.00022984228447395658 225
1757629798182 0.056745086768733355 226
1757629798274 0.004404201743189766 227
1757629798366 0.024879870454059125 228
1757629798472 0.022273278608034693 229
1757629798567 0.17993675863072914 230
1757629798665 0.0003677651829841079 231
1757629798760 0.011606030573725194 232
1757629798854 0.16022989456723033 233
1757629798947 0.07870507384000681 234
1757629799040 0.1635552012107 235
1757629799132 0.13550873743134523 236
1757629799224 2.6269825415553035e-06 237
1757629799326 0.09176898491306253 238
1757629799424 0.0821752865931566 239
1757629799516 0.11753461945998235 240
1757629799609 0.061297633228294894 241
1757629799700 0.0003187798282799207 242
1757629799791 0.08856252016208203 243
1757629799892 0.846753158229759 244
1757629799994 0.10287755095874784 245
1757629800091 0.05345056107220103 246
1757629800185 0.0010276876728111224 247
1757629800280 0.008862728247980546 248
1757629800375 0.0949320470266654 249
1757629800487 0.09118798567341342 250
1757629800592 0.2764449456538885 251
1757629800691 0.12036080963459572 252
1757629800785 0.03192731609318288 253
1757629800881 0.005278353142784951 254
1757629800981 0.100331601098141 255
1757629801085 0.00399871768487384 256
1757629801183 0.3288171145057636 257
1757629801311 0.018910586647046347 258
1757629801413 0.06162941298900887 259
1757629801522 0.038469364732379364 260
1757629801625 0.09641384721633463 261
1757629801720 0.0173755942807024 262
1757629801815 0.012605753134255552 263
1757629801914 0.014546525507057213 264
1757629802017 0.06296594990994572 265
1757629802118 0.172494038630441 266
1757629802212 0.04321824486046261 267
1757629802306 0.05150954409095836 268
1757629802405 0.08982525472915273 269
1757629802517 0.00562939289131473 270
1757629802619 0.05514776551823185 271
1757629802718 0.09232971926105556 272
1757629802813 0.16122380832179278 273
1757629802918 0.005869851384615032 274
1757629803035 0.0011385019701332353 275
1757629803153 0.013154952360212403 276
1757629803261 0.011134219544791275 277
1757629803360 0.4118071532242853 278
1757629803454 0.7841889189202872 279
1757629803548 0.0381377497571991 280
1757629803642 0.006722078631546004 281
1757629803735 0.004847563154571772 282
1757629803830 0.017281517676232733 283
1757629803928 0.06603860266448272 284
1757629804070 0.03587566626846102 285
1757629804171 0.0744371251415713 286
1757629804270 0.0023488216536525102 287
1757629804389 0.6607348198193328 288
1757629804516 0.24526394537128277 289
1757629804627 0.028611999881664258 290
1757629804740 0.0017652604278895324 291
1757629804855 0.000560793504297449 292
1757629804972 0.09024092752390135 293
1757629805077 0.17797528427711554 294
1757629805182 0.005530548989488044 295
1757629805280 8.429145819027955e-05 296
1757629805383 0.865667989073138 297
1757629805502 0.16008708390063464 298
1757629805609 0.11095226233541386 299
1757629805708 0.0001584821331937544 300
1757629805808 0.08186740369320865 301
1757629805911 0.023686494314351846 302
1757629806016 0.08996131291974116 303
1757629806113 0.020487554059979957 304
1757629806209 0.01191473496688516 305
1757629806304 0.43219399910737955 306
1757629806401 0.08587337515718951 307
1757629806497 0.02836797019167133 308
1757629806591 0.19726379772988648 309
1757629806685 0.009659232830805678 310
1757629806778 1.2099786624582243 311
1757629806874 0.006994830466108297 312
1757629806966 0.07418794904250253 313
1757629807059 0.07148113146334807 314
1757629807152 0.31806062192813345 315
1757629807245 0.17254284014193932 316
1757629807339 0.025887659673972874 317
1757629807434 0.17489177481683588 318
1757629807526 0.44822370371274334 319
1757629807619 0.194632756919626 320
1757629807711 0.00134660186305506 321
1757629807811 0.03054487654650969 322
1757629807906 0.18821307533626835 323
1757629808005 0.08107385926467882 324
1757629808099 0.019901362653221535 325
1757629808192 0.09226991164506873 326
1757629808283 0.14238669960138625 327
1757629808379 0.13998228668588272 328
1757629808486 0.3581614239380205 329
1757629808583 0.0035649632287089376 330
1757629808677 0.3009816554549296 331
1757629808769 0.07916602320741585 332
1757629808864 0.0009710923964595851 333
1757629808956 0.0017244715416382444 334
1757629809049 0.21615824671298467 335
1757629809143 0.05207689731876861 336
1757629809235 0.0029140722215571097 337
1757629809330 0.3176399050398667 338
1757629809424 1.4189797060252651e-05 339
1757629809517 0.0005567838575014977 340
1757629809611 0.42614187041321133 341
1757629809704 0.0367329425125391 342
1757629809799 0.04158185907508038 343
1757629809897 0.01829137703230125 344
1757629809998 0.00013579201532705213 345
1757629810097 0.02610273878365859 346
1757629810199 0.2727496740976058 347
1757629810298 0.16075553553402477 348
1757629810400 0.033256625487345204 349
1757629810506 0.0056966539683420666 350
1757629810601 0.006956853221861178 351
1757629810698 0.002886681544280933 352
1757629810796 0.017690951830113467 353
1757629810892 0.14813726221514317 354
1757629810991 0.16830960776752982 355
1757629811096 0.06572799648470833 356
1757629811217 0.12955618299691615 357
1757629811326 0.11756418039327095 358
1757629811428 0.021425981695625894 359
1757629811530 0.3393811014960296 360
1757629811627 0.0017946050849065444 361
1757629811721 0.26763755553197965 362
1757629811822 0.7640137507386483 363
1757629811941 0.0028401100988993027 364
1757629812047 0.6920287119621087 365
1757629812155 0.0034712829892765504 366
1757629812268 0.067999148849439 367
1757629812381 0.15772515673908438 368
1757629812499 0.6396789242724146 369
1757629812707 0.0013571079843993947 370
1757629812822 0.12035527278450478 371
1757629812933 0.0010210925344448754 372
1757629813054 0.10895658653930951 373
1757629813168 0.005977995504203066 374
1757629813273 0.10361037686617117 375
1757629813388 0.16193322135519614 376
1757629813488 0.17812355463991184 377
1757629813584 0.016121137779036867 378
1757629813743 0.07041352874674656 379
1757629813867 0.2342739341665201 380
1757629814001 0.12951500174087363 381
1757629814136 0.01051043485694633 382
1757629814260 0.017065469061064993 383
1757629814383 0.020489493070088367 384
1757629814496 0.03514781686761952 385
1757629814603 0.19704941712873672 386
1757629814705 0.04883890957021072 387
1757629814813 0.05206333549884423 388
1757629814912 0.02957622087121813 389
1757629815009 1.3457883495476324 390
1757629815111 0.008008579030796647 391
1757629815209 0.10194067976650598 392
1757629815309 0.01683825901276208 393
1757629815413 0.21627780625688275 394
1757629815520 0.049402500817902144 395
1757629815617 0.3223155267278283 396
1757629815714 0.011443815035052785 397
1757629815810 0.18626190782077962 398
1757629815910 0.09542030807204094 399
1757629816011 1.0817349456349574 400
1757629816132 0.3493075088144855 401
1757629816233 0.0007903184160340029 402
1757629816330 0.09953853432436767 403
1757629816447 0.23152452591299683 404
1757629816548 0.042496194228297667 405
1757629816646 0.05207652517942416 406
1757629816741 1.921836110341565 407
1757629816836 0.4428144589208833 408
1757629816930 0.1713738148294232 409
1757629817024 0.017434416274358214 410
1757629817118 0.026374577645461795 411
1757629817211 0.5295618514051647 412
1757629817305 0.22566098466161164 413
1757629817413 0.16337467178199278 414
1757629817568 0.26741660330923556 415
1757629817676 0.025183437873981772 416
1757629817799 0.06923160785872914 417
1757629817909 0.1284252012904063 418
1757629818011 0.12959173877823052 419
1757629818113 0.0060044701915446174 420
1757629818219 0.10525126128525292 421
1757629818323 0.0019771639893725102 422
1757629818444 0.4782444447119626 423
1757629818552 0.09080862075364911 424
1757629818669 0.0941357932668059 425
1757629818804 0.010855390646166618 426
1757629818915 0.14060758520066874 427
1757629819021 0.2808569099189245 428
1757629819122 0.5779665784252098 429
1757629819224 0.004845951429314671 430
1757629819322 0.39083934327307157 431
1757629819421 0.21646740566815864 432
1757629819519 0.18011160125660022 433
1757629819713 0.00023496189907897753 434
1757629819822 0.17815485086591376 435
1757629819935 0.34420910057068954 436
1757629820050 0.0939230385339493 437
1757629820184 0.00020084666579241897 438
1757629820306 1.0524856837105183 439
1757629820441 0.23988508651290813 440
1757629820578 0.09782968036916984 441
1757629820697 0.006660784038322803 442
1757629820810 0.22373585118429476 443
1757629820916 0.22270209494528492 444
1757629821020 0.06991961849072498 445
1757629821122 0.0007405741412407111 446
1757629821223 0.02034762055318798 447
1757629821321 0.059165466671270775 448
1757629821418 0.5299740733975155 449
1757629821538 0.15513198894903954 450
1757629821658 0.35917735926878086 451
1757629821778 0.05331008340254532 452
1757629821903 0.04481875016749381 453
1757629822022 0.3485323180127905 454
1757629822150 0.03681596093953562 455
1757629822272 0.014118933794411807 456
1757629822393 0.06276792003425855 457
1757629822500 0.10641506536406076 458
1757629822617 0.27693387280987714 459
1757629822757 0.05662279729405024 460
1757629822882 0.7410857839253819 461
1757629823008 0.030673517004503232 462
1757629823136 0.010331347476245787 463
1757629823254 0.41056795407325036 464
1757629823367 0.04324194202526898 465
1757629823477 0.06460444990200725 466
1757629823618 0.018649360655732538 467
1757629823772 0.0411508878453636 468
1757629823887 0.11959220061652195 469
1757629823996 0.00033248995448420185 470
1757629824191 0.005693077862075927 471
1757629824329 0.008300840207888741 472
1757629824465 0.0012210522834273719 473
1757629824589 0.026371974734367552 474
1757629824705 0.04282221643316156 475
1757629824826 0.7614829371486185 476
1757629824936 0.011986361796231536 477
1757629825046 0.03842375374487488 478
1757629825148 0.005945796367942382 479
1757629825251 0.17051198480876076 480
1757629825364 0.01907488396440242 481
1757629825490 0.09794545317547167 482
1757629825595 0.20691531075266462 483
1757629825707 0.37053825220671155 484
1757629825821 0.19455029638917132 485
1757629825925 0.04414364093472325 486
1757629826026 0.08252478558640113 487
1757629826174 0.001013697220102911 488
1757629826292 0.15369455766202722 489
1757629826419 0.1679133544073789 490
1757629826535 0.007918360663539004 491
1757629826640 0.02100408516516185 492
1757629826743 0.006771819930925349 493
1757629826849 0.036805298169552775 494
1757629826962 0.017543743780618255 495
1757629827085 3.1322211426741744e-06 496
1757629827203 0.008760076091637285 497
1757629827315 0.03303401679106308 498
1757629827421 0.5401813183605798 499
