1757646798333 162.16834386058812 0
1757646798394 154.8756825081643 1
1757646798457 153.62886124057718 2
1757646798515 147.14818352389563 3
1757646798573 141.36297444596863 4
1757646798633 137.4282356274008 5
1757646798689 126.77018750655823 6
1757646798747 131.19804519646854 7
1757646798803 126.02315091237838 8
1757646798861 115.79284045397743 9
1757646798919 114.29642190827308 10
1757646798975 111.88853448050608 11
1757646799032 109.54584029329774 12
1757646799090 103.01083397623012 13
1757646799147 97.92557500483616 14
1757646799217 99.11131400958129 15
1757646799281 96.8821360952395 16
1757646799340 90.27503738082409 17
1757646799398 87.63478849448663 18
1757646799456 86.22987881883526 19
1757646799518 82.31513658265519 20
1757646799580 77.36785253834987 21
1757646799638 75.9371199626978 22
1757646799714 71.55237818491482 23
1757646799772 71.29567111275072 24
1757646799829 70.70968928095056 25
1757646799886 63.623291918191796 26
1757646799943 61.43666172665474 27
1757646800000 62.10856435342047 28
1757646800057 61.68466632287375 29
1757646800115 56.68458511853018 30
1757646800172 54.4456404960404 31
1757646800230 54.82757830791137 32
1757646800290 50.33976856123272 33
1757646800348 49.44389123181427 34
1757646800405 47.48237484694513 35
1757646800466 46.71635932160593 36
1757646800525 46.2192076721183 37
1757646800583 45.166175250485665 38
1757646800641 43.55007309831055 39
1757646800699 41.03263009581141 40
1757646800757 39.2679166544818 41
1757646800815 37.87627195571007 42
1757646800872 38.96005665589193 43
1757646800929 36.22888163071545 44
1757646800986 35.11715844026659 45
1757646801042 34.2847676559103 46
1757646801098 34.07382774093801 47
1757646801155 32.20445251005137 48
1757646801212 30.387141200898142 49
1757646801268 29.818008798075507 50
1757646801325 29.01741354519813 51
1757646801387 27.019504113084572 52
1757646801444 24.959327952854487 53
1757646801500 25.353920251732717 54
1757646801556 25.134442384436042 55
1757646801617 24.347403983957552 56
1757646801673 22.91232009282197 57
1757646801731 22.054601552404428 58
1757646801787 21.74196178699968 59
1757646801846 20.64755390245837 60
1757646801904 20.724249756032798 61
1757646801961 19.47432601136796 62
1757646802018 19.250331317467193 63
1757646802074 18.222255510969777 64
1757646802130 17.318971110192937 65
1757646802248 17.179852223272178 66
1757646802310 15.772151130441495 67
1757646802371 16.02662264903354 68
1757646802432 15.01631474348067 69
1757646802493 16.25437752849144 70
1757646802556 13.029081403310023 71
1757646802615 15.152875393381795 72
1757646802672 12.96375238939494 73
1757646802731 12.500007441775647 74
1757646802790 12.230438395308893 75
1757646802848 11.514468660055527 76
1757646802908 12.442167778041837 77
1757646802966 12.101841638080415 78
1757646803025 11.609610692522594 79
1757646803084 10.796337800761378 80
1757646803146 10.750504891145823 81
1757646803205 9.553513084609445 82
1757646803264 10.185646724762456 83
1757646803324 9.507168590980042 84
1757646803384 8.754155207704358 85
1757646803444 8.464507207349246 86
1757646803501 8.982523684382642 87
1757646803559 7.89561407735338 88
1757646803616 7.651238380630285 89
1757646803673 7.543906046610509 90
1757646803731 7.325563373612625 91
1757646803789 7.7160919331276325 92
1757646803846 6.331760642522609 93
1757646803903 6.957038398506478 94
1757646803962 6.2665572188266685 95
1757646804018 6.271486303314624 96
1757646804076 6.698908995402221 97
1757646804133 6.044702168565812 98
1757646804201 5.499573136071039 99
1757646804285 5.313743507820716 100
1757646804348 5.019702551073274 101
1757646804410 5.100571154587797 102
1757646804469 4.830071172681905 103
1757646804535 4.794761997710028 104
1757646804601 4.563547422221929 105
1757646804664 4.350785734601844 106
1757646804731 4.405186493638661 107
1757646804793 4.163105589195162 108
1757646804853 3.9608129098070464 109
1757646804915 3.2915387840563417 110
1757646804974 3.8071836491562756 111
1757646805034 3.72851359721672 112
1757646805095 3.494967195084677 113
1757646805157 3.6697802941678788 114
1757646805218 2.987499076454629 115
1757646805286 3.2302114343681483 116
1757646805346 3.2778504417085355 117
1757646805407 2.804982022223893 118
1757646805472 2.8628919410492584 119
1757646805532 2.699452343849216 120
1757646805593 2.6784313221132674 121
1757646805657 2.4992589793495696 122
1757646805720 2.5622663410915734 123
1757646805781 2.3928817820017363 124
1757646805843 2.176097283567513 125
1757646805906 2.201956520991904 126
1757646805967 2.279769334725357 127
1757646806030 2.2659549445760208 128
1757646806093 1.9956860702665133 129
1757646806155 2.2119119393638416 130
1757646806215 2.0576671949651617 131
1757646806278 1.9488985856120604 132
1757646806341 1.4874935570976093 133
1757646806402 1.8819142663335509 134
1757646806466 1.823101314659625 135
1757646806526 1.7361595980267315 136
1757646806603 1.5598081051651205 137
1757646806668 1.5881612890935035 138
1757646806730 1.499054724358842 139
1757646806794 1.319114288046539 140
1757646806857 1.4969135134524956 141
1757646806922 1.1596495808860436 142
1757646806987 1.3980667756704928 143
1757646807055 1.2576966785513015 144
1757646807119 1.2170515416836905 145
1757646807181 1.2772620227269806 146
1757646807243 1.0361423304644548 147
1757646807305 1.4278980698236947 148
1757646807366 1.2209739593622766 149
1757646807441 1.0383922362693465 150
1757646807504 1.0562798567450078 151
1757646807564 1.2145073195753042 152
1757646807625 0.9583414896676661 153
1757646807686 0.8283872616670536 154
1757646807746 1.0075016977405444 155
1757646807807 1.1291339583340985 156
1757646807868 0.8115486019804258 157
1757646807929 0.7399481822888226 158
1757646807990 0.9241851419966386 159
1757646808050 0.8494635159165375 160
1757646808111 0.7471756527944637 161
1757646808172 0.4450312783706625 162
1757646808232 0.7880453266692726 163
1757646808293 0.5085813972445407 164
1757646808356 0.8230700051262358 165
1757646808417 0.4950822599861917 166
1757646808478 0.7241888814991984 167
1757646808548 0.6842517125420793 168
1757646808636 0.6390080659437677 169
1757646808699 0.6815299051420073 170
1757646808760 0.43055821080730194 171
1757646808821 0.6412437511496699 172
1757646808933 0.5073673745349424 173
1757646809003 0.584843105278677 174
1757646809069 0.4838786091961226 175
1757646809132 0.6795414185909365 176
1757646809207 0.5219866703598083 177
1757646809280 0.49900562513993063 178
1757646809344 0.46293889609001526 179
1757646809408 0.4683800706354737 180
1757646809469 0.38442490821365677 181
1757646809537 0.5378359108261563 182
1757646809598 0.2725131558670424 183
1757646809659 0.5117759664842375 184
1757646809721 0.4597715019293347 185
1757646809782 0.3469429429345538 186
1757646809842 0.4011195535227438 187
1757646809903 0.30490641173654687 188
1757646809970 0.2680810506978464 189
1757646810032 0.30417492179280947 190
1757646810094 0.3294114261927271 191
1757646810155 0.35454880709944303 192
1757646810216 0.35348769251314494 193
1757646810279 0.2985086913932321 194
1757646810340 0.22926285380208392 195
1757646810401 0.4343621819650817 196
1757646810463 0.36891295459355233 197
1757646810525 0.24302965807887625 198
1757646810585 0.27612845413368164 199
1757646810645 0.3484468167164763 200
1757646810711 0.26544228288206895 201
1757646810773 0.33039920632574293 202
1757646810835 0.561801104082351 203
1757646810894 0.278865916059891 204
1757646810954 0.3178042289534551 205
1757646811015 0.29994219831514196 206
1757646811075 0.307159533920777 207
1757646811134 0.22705580917247842 208
1757646811196 0.26918548088483835 209
1757646811256 0.24777700075419257 210
1757646811316 0.19261201743689932 211
1757646811375 0.2135181740245442 212
1757646811435 0.2180346440748677 213
1757646811496 0.28354031752557574 214
1757646811555 0.1559747285554881 215
1757646811615 0.20281732041310974 216
1757646811676 0.19920953325999008 217
1757646811743 0.1597457134773354 218
1757646811804 0.24214239136588805 219
1757646811863 0.1703679279256245 220
1757646811922 0.27215096564632935 221
1757646811984 0.17525027999525436 222
1757646812050 0.18193616614614222 223
1757646812110 0.16580688248978406 224
1757646812171 0.2730771972393448 225
1757646812232 0.1800670794868496 226
1757646812294 0.2016461595519323 227
1757646812356 0.19115758105744202 228
1757646812415 0.09636628553767526 229
1757646812477 0.16900590964398582 230
1757646812538 0.22520403200346567 231
1757646812599 0.20276086405074134 232
1757646812659 0.1484986242977837 233
1757646812726 0.15941617817129192 234
1757646812788 0.17715876920389512 235
1757646812850 0.18219224025118347 236
1757646812910 0.22341346182345073 237
1757646812972 0.19323498736082734 238
1757646813033 0.16138788449979974 239
1757646813095 0.1384968482763712 240
1757646813155 0.18002221456536116 241
1757646813216 0.15184516803913553 242
1757646813277 0.16333575359011165 243
1757646813339 0.23633209263446786 244
1757646813401 0.12002936891745271 245
1757646813460 0.26291626448626015 246
1757646813522 0.16656458490929338 247
1757646813583 0.14655602080684982 248
1757646813643 0.19523181178782567 249
1757646813704 0.08522181996991042 250
1757646813765 0.13913332871750017 251
1757646813826 0.14219029183530846 252
1757646813887 0.18661399313016994 253
1757646813947 0.17398385540551295 254
1757646814008 0.1391068396689755 255
1757646814071 0.08994863386527255 256
1757646814131 0.14485195382890154 257
1757646814203 0.1718716791148413 258
1757646814285 0.17682086703297878 259
1757646814349 0.1165384342490176 260
1757646814412 0.1678494327447584 261
1757646814475 0.17253422840101404 262
1757646814539 0.14917576468100419 263
1757646814604 0.16293169273324162 264
1757646814672 0.1393410104661402 265
1757646814742 0.13634194289334414 266
1757646814805 0.12406891492494265 267
1757646814869 0.1343829809973581 268
1757646814932 0.11509048893120642 269
1757646814995 0.10853694167523903 270
1757646815060 0.1727702990322162 271
1757646815123 0.15715349841227838 272
1757646815187 0.1584323794196882 273
1757646815252 0.14784824641687475 274
1757646815318 0.1404546610104221 275
1757646815382 0.20029855658904272 276
1757646815443 0.11490624536800924 277
1757646815504 0.11196730110884484 278
1757646815569 0.14597955849041186 279
1757646815807 0.23252050679562514 280
1757646815891 0.1444520693217469 281
1757646815960 0.140829740227644 282
1757646816029 0.10995558218210255 283
1757646816095 0.1070223871683825 284
1757646816158 0.10820573318542968 285
1757646816222 0.14024847137447166 286
1757646816290 0.1763019276215273 287
1757646816354 0.14999385374573299 288
1757646816418 0.10926153861641594 289
1757646816481 0.12423068449620753 290
1757646816546 0.09324043319364035 291
1757646816610 0.20359069548006875 292
1757646816674 0.1525091520118399 293
1757646816737 0.085374594876067 294
1757646816822 0.10502687976693798 295
1757646816887 0.1289240990382502 296
1757646816951 0.12308924482535138 297
1757646817015 0.2776255869121122 298
1757646817079 0.13971711605796333 299
1757646817141 0.1727060161345389 300
1757646817203 0.13225095116734503 301
1757646817265 0.11693564048375969 302
1757646817328 0.14526418843155894 303
1757646817391 0.12077796851512974 304
1757646817452 0.1714408530788314 305
1757646817516 0.13267693031564662 306
1757646817578 0.1802989333540439 307
1757646817640 0.13204863295561795 308
1757646817701 0.11645190147773377 309
1757646817763 0.11903010661856432 310
1757646817827 0.1520537875314803 311
1757646817890 0.11789139517471509 312
1757646817952 0.13318944815127798 313
1757646818016 0.1742965079088752 314
1757646818078 0.10243978205461812 315
1757646818141 0.19997350544856815 316
1757646818202 0.15246554039493204 317
1757646818265 0.0761483796123921 318
1757646818330 0.0796643757048785 319
1757646818391 0.1104136642688138 320
1757646818453 0.16006251390428744 321
1757646818517 0.10048759704061752 322
1757646818579 0.10680037442371748 323
1757646818641 0.23580723902137746 324
1757646818702 0.14515400829125946 325
1757646818765 0.09860739071056446 326
1757646818834 0.2235425362788671 327
1757646818900 0.125738837575262 328
1757646818962 0.10362249887445171 329
1757646819026 0.12602441028884226 330
1757646819088 0.15518253493740583 331
1757646819151 0.08539526984834953 332
1757646819233 0.10058402064392884 333
1757646819300 0.213345265146291 334
1757646819366 0.19571521188739796 335
1757646819432 0.12561284878083523 336
1757646819497 0.13393338537617122 337
1757646819562 0.10112734457434219 338
1757646819627 0.13163455691060494 339
1757646819689 0.15376166959454293 340
1757646819750 0.1258177600008353 341
1757646819814 0.1572889023209792 342
1757646819877 0.10936672616273263 343
1757646819940 0.11807077578672853 344
1757646820003 0.10682958096999792 345
1757646820067 0.09320334443718963 346
1757646820129 0.13505924839651562 347
1757646820192 0.08039465411997726 348
1757646820255 0.23674601664581355 349
1757646820321 0.1458154782835125 350
1757646820384 0.09771184971780347 351
1757646820446 0.12043793242196377 352
1757646820509 0.11415234443301281 353
1757646820573 0.1031914204218612 354
1757646820636 0.12515973601517344 355
1757646820698 0.09362238691735378 356
1757646820760 0.11563506012603822 357
1757646820824 0.10953106699658469 358
1757646820899 0.10653897587625383 359
1757646820966 0.12657241508923658 360
1757646821030 0.12907192865665595 361
1757646821094 0.37792901011459745 362
1757646821159 0.1296396012874587 363
1757646821222 0.07642875104072058 364
1757646821285 0.08209703564075856 365
1757646821350 0.13884294393594124 366
1757646821415 0.16466411182720989 367
1757646821479 0.09654773095893315 368
1757646821543 0.14499441365360696 369
1757646821607 0.1293250832019161 370
1757646821671 0.2595161535944626 371
1757646821735 0.10570984352005876 372
1757646821799 0.09330244476501329 373
1757646821867 0.13083064671404646 374
1757646821931 0.12354558698854995 375
1757646821995 0.11671794267547651 376
1757646822060 0.10112042408200299 377
1757646822125 0.1046007967523351 378
1757646822191 0.07499324476328167 379
1757646822255 0.14126092711913163 380
1757646822319 0.07993613093779822 381
1757646822389 0.1480403783997239 382
1757646822454 0.08362631339711958 383
1757646822519 0.11682224686026685 384
1757646822584 0.16691990636776777 385
1757646822648 0.1482412959091285 386
1757646822717 0.08861796539950198 387
1757646822781 0.1264233220611758 388
