1757635284585 0.0644059913898241 0
1757635284645 0.16950915436049452 1
1757635284698 0.09845247843416322 2
1757635284757 0.08714790220404117 3
1757635284815 0.09945942326499807 4
1757635284871 0.11071865960450693 5
1757635284925 0.11271526311777796 6
1757635284978 0.08870759463949357 7
1757635285036 0.13091058001329436 8
1757635285094 0.1480621515373205 9
1757635285152 0.09722408984061921 10
1757635285243 0.11251426461618405 11
1757635285302 0.08832465440174385 12
1757635285349 0.07510884635635792 13
1757635285399 0.052106819530170684 14
1757635285446 0.14481850191619963 15
1757635285492 0.121475740375828 16
1757635285538 0.10402831890154259 17
1757635285589 0.09063127737037602 18
1757635285634 0.10007117456582285 19
1757635285680 0.09499184234547664 20
1757635285727 0.08915399584372424 21
1757635285775 0.07051822115874563 22
1757635285826 0.09223408259766097 23
1757635285872 0.09844621773445714 24
1757635285920 0.11511326754012936 25
1757635285965 0.11623791316254395 26
1757635286011 0.09720190798383155 27
1757635286058 0.09608969200010202 28
1757635286114 0.10021141384776736 29
1757635286161 0.08842398705064072 30
1757635286210 0.0937668413116747 31
1757635286261 0.10671812594013985 32
1757635286317 0.1321458108806099 33
1757635286371 0.1055494940741285 34
1757635286429 0.08342818007513148 35
1757635286489 0.18530284524587948 36
1757635286541 0.06531396731272303 37
1757635286617 0.0842310997913433 38
1757635286705 0.11140808449678911 39
1757635286772 0.09946592270783326 40
1757635286835 0.08845404020208165 41
1757635286901 0.06804991584468838 42
1757635286968 0.15003292745991506 43
1757635287027 0.09552537969130089 44
1757635287085 0.11092369065284413 45
1757635287152 0.10610673629797515 46
1757635287209 0.1273767873130454 47
1757635287262 0.18670238353573132 48
1757635287313 0.11437390713864844 49
1757635287373 0.10176093179218404 50
1757635287426 0.09599019088221396 51
1757635287481 0.10509628464329802 52
1757635287534 0.09148486276928824 53
1757635287592 0.44645144131274245 54
1757635287652 0.09051949722560507 55
1757635287708 0.07863197681872845 56
1757635287759 0.11451537608306786 57
1757635287809 0.06840752089818125 58
1757635287861 0.13048307797546388 59
1757635287914 0.1010342862670569 60
1757635287964 0.09723348447207851 61
1757635288014 0.10462995046766749 62
1757635288067 0.10660235310469282 63
1757635288120 0.1520760956618372 64
1757635288182 0.11659777517957616 65
1757635288235 0.09876500028932188 66
1757635288288 0.14842674749133383 67
1757635288337 0.11732581393038394 68
1757635288390 0.08129638825175561 69
1757635288441 0.10195884637798959 70
1757635288492 0.11326987064882091 71
1757635288544 0.09358394047571506 72
1757635288594 0.09070101133666973 73
1757635288651 0.1592812135159103 74
1757635288717 0.10418858299433933 75
1757635288776 0.11513430768417077 76
1757635288839 0.1102909483734556 77
1757635288897 0.10807486690776777 78
1757635288949 0.08892491555823126 79
1757635288998 0.15574479105817418 80
1757635289046 0.0982051508356587 81
1757635289094 0.11238701439065979 82
1757635289141 0.07957422192854624 83
1757635289195 0.13156570568731363 84
1757635289244 0.12784329715128273 85
1757635289296 0.10784645507582734 86
1757635289346 0.11857784376518522 87
1757635289409 0.0944594043655452 88
1757635289464 0.10470650388868082 89
1757635289514 0.09575681202681609 90
1757635289562 0.09008602440911703 91
1757635289609 0.07883677454189307 92
1757635289656 0.1257985712246352 93
1757635289709 0.11302914893938587 94
1757635289759 0.16606605708799008 95
1757635289806 0.07869722803486806 96
1757635289854 0.11831092566514269 97
1757635289902 0.06985755729025872 98
1757635289950 0.07924613393500048 99
1757635289998 0.09153218166794236 100
1757635290046 0.11340057646694895 101
1757635290094 0.09518179737196962 102
1757635290142 0.13515425774570639 103
1757635290192 0.17103371716478044 104
1757635290248 0.18507728094016182 105
1757635290303 0.08246148564970901 106
1757635290354 0.1404436069763337 107
1757635290403 0.10826303287082674 108
1757635290455 0.1349182322781741 109
1757635290509 0.05813768591523316 110
1757635290605 0.16094560386605908 111
1757635290659 0.10427416675674962 112
1757635290710 0.19093617871019714 113
1757635290766 0.11704340998373121 114
1757635290815 0.07961799082276969 115
1757635290863 0.14009395944049605 116
1757635290913 0.07890142912442613 117
1757635290962 0.12044694969592507 118
1757635291011 0.07832975798425065 119
1757635291062 0.0959457146713911 120
1757635291111 0.05480938816061817 121
1757635291161 0.10337042352487066 122
1757635291213 0.11339091540324278 123
1757635291268 0.09360305928689319 124
1757635291318 0.11024820831851745 125
1757635291367 0.11871036572203335 126
1757635291417 0.46896443806019006 127
1757635291472 0.14745368158222283 128
1757635291522 0.0690690360130756 129
1757635291574 0.0691957522970202 130
1757635291636 0.08216839392796171 131
1757635291688 0.10686075305914398 132
1757635291745 0.10307431484956328 133
1757635291801 0.13224496727232052 134
1757635291850 0.08351968763079315 135
1757635291900 0.10394249577330808 136
1757635291948 0.09083063281821435 137
1757635291998 0.11143075615365863 138
1757635292048 0.10034434976601027 139
1757635292097 0.11258936258561335 140
1757635292146 0.09819526694304143 141
1757635292197 0.10544054863840661 142
1757635292250 0.08002800049569389 143
1757635292317 0.07663409365712083 144
1757635292375 0.10651672108652521 145
1757635292432 0.0966905411389988 146
1757635292496 0.0812532457465226 147
1757635292554 0.12206801672420607 148
1757635292628 0.13347471183945053 149
1757635292689 0.11034836689534294 150
1757635292747 0.13396254544404676 151
1757635292811 0.11476594896966713 152
1757635292868 0.11681421048275238 153
1757635292924 0.0666102612674751 154
1757635292986 0.14592892707272812 155
1757635293042 0.14168941677645042 156
1757635293096 0.12037909699795726 157
1757635293158 0.1589409448902506 158
1757635293224 0.13367621332692786 159
1757635293285 0.16380742747475469 160
1757635293363 0.12103598821742967 161
1757635293431 0.1681647650633823 162
1757635293487 0.13280645800937751 163
1757635293548 0.13242989160562776 164
1757635293600 0.17334146457611246 165
1757635293651 0.04649008066113729 166
1757635293702 0.07216460209173099 167
1757635293753 0.10091246104579882 168
1757635293802 0.11102858466392702 169
1757635293866 0.11495356989831881 170
1757635293923 0.12196097990137421 171
1757635293983 0.1417796826823182 172
1757635294038 0.12563928160648818 173
1757635294091 0.10272971450350915 174
1757635294146 0.13080579226884528 175
1757635294196 0.10976061661565023 176
1757635294248 0.11835212426635722 177
1757635294298 0.1375958847747537 178
1757635294355 0.11462911800930883 179
1757635294405 0.2353206684287194 180
1757635294455 0.09707492982071937 181
1757635294507 0.13731807659593562 182
1757635294567 0.18815526760615914 183
1757635294627 0.11522017347719432 184
1757635294695 0.10046317574754109 185
1757635294762 0.16749558613949503 186
1757635294861 0.05348826138752594 187
1757635294924 0.08360690028933986 188
1757635294976 0.1060475529891767 189
1757635295029 0.1725173692287395 190
1757635295083 0.13318830156437633 191
1757635295141 0.10648649902731011 192
1757635295199 0.07640842584405791 193
1757635295258 0.11872256227047215 194
1757635295315 0.09737280143088438 195
1757635295372 0.06539306247902625 196
1757635295426 0.0838809474443222 197
1757635295475 0.10758783121579232 198
1757635295527 0.1296120593805042 199
1757635295583 0.16432022451118225 200
1757635295635 0.1463382066394986 201
1757635295685 0.16989453487164696 202
1757635295736 0.0826075407041908 203
1757635295787 0.07233777760753884 204
1757635295836 0.08668941777897367 205
1757635295891 0.16074886735037391 206
1757635295941 0.09081615764485158 207
1757635295991 0.12701512963289616 208
1757635296042 0.06564322196856048 209
1757635296093 0.07751889229109897 210
1757635296143 0.10066492455591851 211
1757635296194 0.14073418951660693 212
1757635296245 0.0989465283664695 213
1757635296296 0.06777704446456025 214
1757635296346 0.10975074956821056 215
1757635296400 0.16846546190005193 216
1757635296453 0.06942833254906902 217
1757635296517 0.14573920090738662 218
1757635296584 0.1253622112870638 219
1757635296693 0.12361778088268756 220
1757635296756 0.13174589719619195 221
1757635296820 0.07392646161463035 222
1757635296882 0.13138027147003858 223
1757635296954 0.11439470295615943 224
1757635297016 0.2124296159801925 225
1757635297078 0.15802785489931176 226
1757635297138 0.18439637228927588 227
1757635297197 0.18170255780305317 228
1757635297252 0.0626759633698882 229
1757635297308 0.12391731701817182 230
1757635297376 0.11424654980058482 231
1757635297451 0.08649497974578908 232
1757635297512 0.22079100609604235 233
1757635297579 0.10496575435545694 234
1757635297644 0.05723534002741163 235
1757635297712 0.08543837362239691 236
1757635297773 0.07339614534615467 237
1757635297851 0.07624069453968048 238
1757635297928 0.14626557279380972 239
1757635297990 0.08471172402797508 240
1757635298062 0.11380145003429643 241
1757635298142 0.18384521254303604 242
1757635298220 0.1518743845746401 243
1757635298303 0.1024282350484641 244
1757635298368 0.05481209330652458 245
1757635298425 0.061341364356244384 246
1757635298486 0.051119883432659774 247
1757635298543 0.11301179340619369 248
1757635298599 0.08176975802398447 249
1757635298658 0.13913111174940768 250
1757635298720 0.13718330304245951 251
1757635298784 0.16801566910148635 252
1757635298838 0.18479366658550517 253
1757635298911 0.17236442819133027 254
1757635298967 0.08816552239224565 255
1757635299081 0.1604988824505143 256
1757635299137 0.11064110155454854 257
1757635299192 0.15252363022647192 258
1757635299246 0.1624665997406498 259
1757635299302 0.17408990574382668 260
1757635299357 0.10214780499944087 261
1757635299413 0.10435828499874976 262
1757635299470 0.07799109229232873 263
1757635299531 0.16348192425044522 264
1757635299601 0.1261243355124938 265
1757635299662 0.1367286451964479 266
1757635299727 0.08495982085357659 267
1757635299789 0.07161686017296506 268
1757635299848 0.07936551534562927 269
1757635299907 0.09395078909767987 270
1757635299969 0.09517506489999923 271
1757635300028 0.11307960610909332 272
1757635300093 0.16757952597265388 273
1757635300150 0.083463065167389 274
1757635300202 0.11398492329033987 275
1757635300257 0.11143072726667452 276
1757635300312 0.12364689222346387 277
1757635300374 0.0785793235499842 278
1757635300441 0.11677018404447223 279
1757635300500 0.06682788787568092 280
1757635300571 0.09685594856879101 281
1757635300631 0.14038715882755415 282
1757635300687 0.117703784348969 283
1757635300746 0.15953108563461033 284
1757635300805 0.16421981206907915 285
1757635300859 0.13084246327450455 286
1757635300912 0.06779208844624984 287
1757635300967 0.10822077913830695 288
1757635301022 0.18901478209572975 289
1757635301089 0.12962247444355102 290
1757635301156 0.08161248890670622 291
1757635301222 0.4158164187501384 292
1757635301286 0.10742601513287307 293
1757635301352 0.09396406047737686 294
1757635301418 0.08983980117557958 295
1757635301479 0.14108103091870397 296
1757635301539 0.0938489823157741 297
1757635301618 0.16695098542672215 298
1757635301695 0.07343840384935503 299
1757635301763 0.11288967352509877 300
1757635301820 0.09531589635101204 301
1757635301876 0.10732648700340174 302
1757635301931 0.10250534094446861 303
1757635301987 0.16817326406881267 304
1757635302042 0.13970004119997975 305
1757635302097 0.09202709814188591 306
1757635302157 0.22355668945066573 307
1757635302211 0.1434550506120825 308
1757635302268 0.1434974057123287 309
1757635302324 0.13300599103665153 310
1757635302384 0.16485752768747636 311
1757635302449 0.060620173286848905 312
1757635302516 0.07890183016963338 313
1757635302580 0.10873887675006255 314
1757635302644 0.15235585639415386 315
1757635302713 0.11748378635080862 316
1757635302774 0.06264772835919293 317
1757635302852 0.08348745162890034 318
1757635302912 0.10156232154881309 319
1757635302976 0.125629813902935 320
1757635303031 0.08134292027215831 321
1757635303088 0.10393659926143312 322
1757635303142 0.13477323425627818 323
1757635303200 0.0989794201836536 324
1757635303255 0.1907418160178537 325
1757635303308 0.11476793279501886 326
1757635303361 0.15487586684782234 327
1757635303415 0.19504617705493438 328
1757635303468 0.08755502693217096 329
1757635303520 0.1373873769612022 330
1757635303574 0.08199315796740433 331
1757635303627 0.0773739521461346 332
1757635303684 0.20286721162961568 333
1757635303739 0.09880631035329221 334
1757635303800 0.11842907371248704 335
1757635303863 0.09267046442600782 336
1757635303926 0.06606063281544503 337
1757635303981 0.09808743425135022 338
1757635304038 0.10145036213818143 339
1757635304094 0.14184544590339335 340
1757635304150 0.1134166423144263 341
1757635304209 0.1426684410695172 342
1757635304262 0.19621936376373159 343
1757635304320 0.1939165640844987 344
1757635304377 0.0970132579492802 345
1757635304431 0.07627702021681282 346
1757635304484 0.09897381922907977 347
1757635304540 0.144499318748739 348
1757635304596 0.05554103686064461 349
1757635304649 0.09370076018543785 350
1757635304708 0.11464069868383057 351
1757635304765 0.11387220784165221 352
1757635304819 0.09350488840740505 353
1757635304884 0.07950571472826093 354
1757635304938 0.0918026747979821 355
1757635304994 0.10249879522243847 356
1757635305059 0.12544318639385532 357
1757635305120 0.11361285274549394 358
1757635305179 0.127688745262802 359
1757635305244 0.13562314992628158 360
1757635305300 0.07985255815683862 361
1757635305356 0.12257125898820496 362
1757635305411 0.1478797912583825 363
1757635305464 0.1582171881861913 364
1757635305517 0.11502039381174571 365
1757635305574 0.1491953521448724 366
1757635305631 0.11007467385501997 367
1757635305713 0.07004976720091813 368
1757635305774 0.08816245545778835 369
1757635305835 0.11945419793018493 370
1757635305904 0.08525509238321251 371
1757635305959 0.08205860024981756 372
1757635306013 0.15323578737021218 373
1757635306068 0.20173699411367402 374
1757635306127 0.08771028432393459 375
1757635306181 0.0650845815921276 376
1757635306239 0.11381232739113953 377
1757635306301 0.1312390017322082 378
1757635306358 0.17951583302994606 379
1757635306414 0.1290940114846385 380
1757635306468 0.12067934861453754 381
1757635306522 0.11067938342110244 382
1757635306581 0.13950117814759894 383
1757635306650 0.10410258431165696 384
1757635306707 0.11410735587598152 385
1757635306768 0.08307629539911887 386
1757635306823 0.11967492409996372 387
1757635306879 0.06570131413247157 388
1757635306945 0.16210093650013707 389
1757635307005 0.1396066934046386 390
1757635307063 0.1612997848371599 391
1757635307119 0.055492721101663894 392
1757635307173 0.11375445999784681 393
1757635307227 0.1113239952374753 394
1757635307289 0.08426718993085225 395
1757635307344 0.0460430590911937 396
1757635307403 0.1128079854609697 397
1757635307460 0.1017798665415029 398
1757635307515 0.08632895249405795 399
1757635307571 0.15201884110296954 400
1757635307627 0.08136873195725315 401
1757635307684 0.08411523732624827 402
1757635307739 0.14422371121815847 403
1757635307800 0.28953786577578133 404
1757635307855 0.12578477157128332 405
1757635307911 0.10806015949129413 406
1757635307970 0.08570135035559856 407
1757635308026 0.08132117950128233 408
1757635308081 0.06731604717753295 409
1757635308138 0.08648845875682908 410
1757635308193 0.1351391070200516 411
1757635308248 0.11601181977614772 412
1757635308305 0.1365332996030887 413
1757635308363 0.06498756370387529 414
1757635308418 0.13042432224221032 415
1757635308477 0.29952241414525327 416
1757635308534 0.15365999450008214 417
1757635308588 0.11851920815978273 418
1757635308644 0.11150464425736618 419
1757635308698 0.13067417362579145 420
1757635308756 0.049358854731150786 421
1757635308811 0.09364508952996761 422
1757635308871 0.07599247467562228 423
1757635308937 0.12674039869599335 424
1757635309001 0.1858919299646418 425
1757635309056 0.11745072969797367 426
1757635309110 0.08050390663516344 427
1757635309172 0.10920814223425959 428
1757635309228 0.07705302784408828 429
1757635309283 0.12208055360325543 430
1757635309345 0.09408131838157524 431
1757635309402 0.1423708208867785 432
1757635309458 0.10901912875043701 433
1757635309525 0.12894414332888432 434
1757635309582 0.042679106643113085 435
1757635309645 0.09843394232576576 436
1757635309703 0.0702325214189371 437
1757635309763 0.10817881384526819 438
1757635309826 0.16053455750343337 439
1757635309891 0.07062536809395294 440
1757635309948 0.08581640180527617 441
1757635310011 0.18570840949489822 442
1757635310123 0.13183337298953568 443
1757635310185 0.06236050541291466 444
1757635310242 0.08923827511875332 445
1757635310299 0.09125733160923725 446
1757635310355 0.0640989626989113 447
1757635310417 0.12221090393886784 448
1757635310470 0.09991143047741996 449
1757635310533 0.11998073150739275 450
1757635310599 0.1426399945258665 451
1757635310655 0.10804795857081183 452
1757635310712 0.08333115630276638 453
1757635310769 0.07683702106003858 454
1757635310824 0.09920486334597535 455
1757635310899 0.0684821173245165 456
1757635310964 0.15351405559553394 457
1757635311030 0.08321378918132355 458
1757635311090 0.08291907040947365 459
1757635311147 0.13133574320428582 460
1757635311204 0.11999660573300085 461
1757635311261 0.15154652780047598 462
1757635311318 0.21033714552235705 463
1757635311374 0.113348433156093 464
1757635311434 0.15909561209025325 465
1757635311490 0.0935399788230227 466
1757635311546 0.09281158542845189 467
1757635311613 0.09063143862005868 468
1757635311681 0.09927813375189576 469
1757635311738 0.17400869317488524 470
1757635311796 0.118320902402083 471
1757635311853 0.07949024521542135 472
1757635311910 0.14481725325379796 473
1757635311972 0.11186625619193385 474
1757635312028 0.10117985588177728 475
1757635312087 0.08436064870448373 476
1757635312145 0.13540388663106703 477
1757635312202 0.06549057208625797 478
1757635312260 0.11170588738730462 479
1757635312317 0.07691244539832764 480
1757635312374 0.11932455697021749 481
1757635312437 0.11298957935539476 482
1757635312498 0.09550507433022079 483
1757635312554 0.07472142495176845 484
1757635312610 0.10387547151956224 485
1757635312674 0.10046429334559344 486
1757635312732 0.06671713517813065 487
1757635312790 0.13007511208613828 488
1757635312847 0.06876356135628647 489
1757635312903 0.10703642753177117 490
1757635312966 0.12569531590750596 491
1757635313033 0.10267466089675713 492
1757635313095 0.09061252424604883 493
1757635313155 0.09979692449269767 494
1757635313212 0.057404779753825665 495
1757635313268 0.18755667808205226 496
1757635313326 0.04992392656401265 497
1757635313385 0.12033029109191312 498
1757635313446 0.19294095953330226 499
