1757639525416 165.64322896372582 0
1757639525471 157.95147264652195 1
1757639525522 156.99466327780308 2
1757639525576 152.9437113441299 3
1757639525631 148.1703694602907 4
1757639525682 141.14491236246067 5
1757639525733 138.81011596442596 6
1757639525785 129.01239762608233 7
1757639525858 128.8625968585717 8
1757639525912 121.10266835308032 9
1757639525968 121.79009559275788 10
1757639526021 115.39682861253215 11
1757639526075 105.43585023827742 12
1757639526134 109.56035551244942 13
1757639526188 107.66466602933286 14
1757639526242 103.22601513474956 15
1757639526423 94.99043765342464 16
1757639526485 96.84317989261098 17
1757639526544 90.37820060115973 18
1757639526602 86.88188991313744 19
1757639526662 81.1373997163834 20
1757639526714 84.20234114838922 21
1757639526766 81.70296800363181 22
1757639526819 80.81379221049627 23
1757639526872 73.24369371412504 24
1757639526923 71.68740308579734 25
1757639526975 66.39727582673974 26
1757639527032 68.74031344635529 27
1757639527084 58.38830147801076 28
1757639527138 60.65361616737248 29
1757639527382 63.0880631449063 30
1757639527441 55.176154940349676 31
1757639527499 54.06720386497764 32
1757639527556 54.12063775313593 33
1757639527619 52.72632651913105 34
1757639527693 47.21248845971471 35
1757639527756 49.318013484605466 36
1757639527815 45.42264098611606 37
1757639527872 43.6643229934518 38
1757639527926 44.809257384907035 39
1757639527978 43.37182210431518 40
1757639528032 44.82796795173721 41
1757639528084 39.811964713459965 42
1757639528137 38.09326850432981 43
1757639528190 36.0982269204875 44
1757639528243 33.57670457059494 45
1757639528297 32.89526078666728 46
1757639528357 35.36134091202462 47
1757639528410 31.109875719179602 48
1757639528471 31.120732763046075 49
1757639528526 31.33397807334374 50
1757639528579 30.419433336709144 51
1757639528632 27.191676970905206 52
1757639528686 27.66446614523193 53
1757639528741 24.86241335565863 54
1757639528795 26.1405601146981 55
1757639528851 24.456772431340973 56
1757639528905 25.231788719200757 57
1757639528959 24.026109738802532 58
1757639529012 20.363029748802955 59
1757639529065 21.665348249823378 60
1757639529144 20.11208623977976 61
1757639529198 20.057055977337566 62
1757639529252 19.712747945298137 63
1757639529306 16.98229254573112 64
1757639529361 17.438908725121966 65
1757639529414 17.518699270680035 66
1757639529466 17.20380013027656 67
1757639529519 16.140688384035332 68
1757639529571 15.824298655582044 69
1757639529624 15.089119233520105 70
1757639529677 15.813016759782453 71
1757639529730 15.534650661576123 72
1757639529781 14.8358778681486 73
1757639529835 13.663294150445552 74
1757639529889 12.962880545602317 75
1757639529943 12.576998741712593 76
1757639529996 12.051806438086292 77
1757639530050 11.421081068781087 78
1757639530104 11.61190421657489 79
1757639530156 10.56404020803088 80
1757639530209 10.969149402384405 81
1757639530261 9.43771248483828 82
1757639530314 10.152571140806216 83
1757639530367 9.613275734255058 84
1757639530421 9.476114105166726 85
1757639530473 8.761127419975004 86
1757639530536 8.508961824646514 87
1757639530590 8.463092240694914 88
1757639530645 7.61962295235731 89
1757639530699 7.7106887593904405 90
1757639530751 8.779157177811161 91
1757639530802 7.5871431959765205 92
1757639530858 7.535670534650652 93
1757639530910 6.556927966105957 94
1757639530966 5.518623046761376 95
1757639531023 6.611236159668675 96
1757639531079 6.141005764113433 97
1757639531134 5.060063620584925 98
1757639531189 5.656863124383019 99
1757639531244 4.97010122017897 100
1757639531300 5.588498068231749 101
1757639531354 5.642878419469462 102
1757639531409 5.065776296303062 103
1757639531463 5.243685904559448 104
1757639531515 4.777237508759991 105
1757639531567 4.297489214806582 106
1757639531619 4.5105218318905616 107
1757639531673 4.48763566894981 108
1757639531728 3.8920008235273973 109
1757639531780 3.9231152614140936 110
1757639531835 4.201707769993806 111
1757639531890 3.2128264167411413 112
1757639531944 3.6558917712533123 113
1757639532001 3.6723056550046276 114
1757639532055 3.421850628707785 115
1757639532132 2.7952479552942853 116
1757639532190 3.0689156072597314 117
1757639532244 3.1233595040511855 118
1757639532295 2.9299487469088725 119
1757639532347 2.925057254857908 120
1757639532399 2.5766597157541002 121
1757639532451 2.9099587226151273 122
1757639532512 2.5775965025119594 123
1757639532574 2.766646813297906 124
1757639532628 2.523189570299834 125
1757639532698 2.8240034404925116 126
1757639532754 2.0350399324118285 127
1757639532809 2.059373131784553 128
1757639532863 2.060980573547438 129
1757639532916 2.067602474303727 130
1757639532969 1.9244701174476384 131
1757639533021 1.9072803720316192 132
1757639533072 2.0524749768185773 133
1757639533134 1.8769092566888372 134
1757639533189 1.9381351701934273 135
1757639533242 1.8790767478432344 136
1757639533296 1.9522641288718008 137
1757639533353 1.470273455493164 138
1757639533409 1.8979820883181129 139
1757639533462 1.7945245424767895 140
1757639533514 1.6026622559399795 141
1757639533568 1.568005617788586 142
1757639533623 1.2755577871126225 143
1757639533677 1.5773247358945661 144
1757639533732 1.2592101045622435 145
1757639533787 1.3000152091847084 146
1757639533841 1.1031517698190074 147
1757639533896 1.1865154770928683 148
1757639533950 1.1078606043303239 149
1757639534004 0.9885589895941692 150
1757639534057 1.270721755639725 151
1757639534110 1.0496948398767671 152
1757639534166 0.9887974524248059 153
1757639534221 0.8112105625094551 154
1757639534273 1.1865469769861776 155
1757639534328 0.8465065887766036 156
1757639534384 1.104590220650813 157
1757639534438 0.9149701786997174 158
1757639534492 0.8311374198140311 159
1757639534545 0.7952484222966801 160
1757639534606 0.9283691618435697 161
1757639534663 0.8907313703452949 162
1757639534719 0.8316409432177302 163
1757639534774 0.5567084985349756 164
1757639534828 0.9621649419795669 165
1757639534883 0.5437826322481932 166
1757639534938 0.6050250137565577 167
1757639534992 0.6143471421734762 168
1757639535045 0.6840389238450579 169
1757639535100 0.5900386431239657 170
1757639535154 0.618179603701829 171
1757639535209 0.7968832731022251 172
1757639535262 0.763382555365199 173
1757639535318 0.5204773296623227 174
1757639535371 0.5468563436559959 175
1757639535428 0.40078792786370976 176
1757639535481 0.5611065515727339 177
1757639535535 0.5827591093363134 178
1757639535590 0.4335436257459993 179
1757639535674 0.4471012906121643 180
1757639535786 0.49326899884688585 181
1757639535845 0.39093389495329717 182
1757639535903 0.4703539910922665 183
1757639535961 0.5358602744997216 184
1757639536015 0.49782420990641685 185
1757639536070 0.4283215329929526 186
1757639536127 0.4345694279360393 187
1757639536182 0.2542622520499514 188
1757639536238 0.4000519046035644 189
1757639536293 0.26599531213304567 190
1757639536351 0.376967387434415 191
1757639536406 0.37021924635664355 192
1757639536461 0.3180242253019512 193
1757639536517 0.38104334747320223 194
1757639536572 0.2585656590556546 195
1757639536634 0.2518107946416589 196
1757639536690 0.26500579674735175 197
1757639536746 0.30523725922439954 198
1757639536803 0.38350679089647227 199
1757639536859 0.31008972846776955 200
1757639536915 0.24947362321642938 201
1757639536971 0.3156344450497713 202
1757639537026 0.283810976695779 203
1757639537082 0.33323050353077127 204
1757639537139 0.3347801106046883 205
1757639537195 0.2425432950721608 206
1757639537250 0.24327310106155903 207
1757639537305 0.24261997000792257 208
1757639537362 0.21232628059473355 209
1757639537418 0.3047388028797888 210
1757639537472 0.2628805027066739 211
1757639537527 0.20545801768622013 212
1757639537581 0.27396108872538055 213
1757639537643 0.25083584405462495 214
1757639537713 0.3341401407385426 215
1757639537770 0.20829755877326553 216
1757639537827 0.1752832868070977 217
1757639537883 0.2749727986503544 218
1757639537940 0.20139459764339998 219
1757639537995 0.29567143974620186 220
1757639538051 0.1635140823834941 221
1757639538108 0.25345230455802054 222
1757639538165 0.23570888957918337 223
1757639538222 0.2282629254197632 224
1757639538278 0.23316912678470467 225
1757639538335 0.21081771841228888 226
1757639538392 0.16040260284122848 227
1757639538446 0.18432957209264234 228
1757639538501 0.18523882173204673 229
1757639538558 0.21446322983484006 230
1757639538619 0.18408726452759763 231
1757639538682 0.21668459430205558 232
1757639538741 0.21204020916568653 233
1757639538797 0.13921740098014815 234
1757639538854 0.20526699976771534 235
1757639538912 0.18956604573527905 236
1757639538968 0.1753331285879269 237
1757639539025 0.2645114161723314 238
1757639539081 0.13611112884161808 239
1757639539138 0.21413741138506195 240
1757639539207 0.16462816655928045 241
1757639539264 0.15547131686116245 242
1757639539322 0.1515001567638316 243
1757639539379 0.16820725690495902 244
1757639539435 0.10652613934542048 245
1757639539490 0.16661860076920398 246
1757639539547 0.14605769053290824 247
1757639539604 0.1769182110662982 248
1757639539665 0.1712265730676845 249
1757639539726 0.09162016784250876 250
1757639539784 0.15634451127958815 251
1757639539842 0.12917493390322912 252
1757639539900 0.10939756253935073 253
1757639539957 0.07843577837724376 254
1757639540013 0.20305925169539543 255
1757639540071 0.17102367152320158 256
1757639540129 0.18155177715593956 257
1757639540185 0.15400559190832175 258
1757639540241 0.10157429837783488 259
1757639540299 0.10209805814527097 260
1757639540356 0.20012117286419512 261
1757639540413 0.19781762480377957 262
1757639540469 0.09812542002280984 263
1757639540525 0.14121686392634847 264
1757639540583 0.13049313929067713 265
1757639540642 0.2355529131805793 266
1757639540705 0.1540339102166193 267
1757639540763 0.14436706495228516 268
1757639540821 0.12651082089095353 269
1757639540879 0.08772230040574273 270
1757639540936 0.12993846854704832 271
1757639540992 0.742343806980198 272
1757639541049 0.24419961916857505 273
1757639541108 0.12000718205931171 274
1757639541167 0.1330390587155349 275
1757639541226 0.15163467898322816 276
1757639541285 0.17454528432425853 277
1757639541343 0.19825338238471427 278
1757639541402 0.17020210865333593 279
1757639541459 0.1630829611349633 280
1757639541516 0.17770336751938395 281
1757639541575 0.1736298902186437 282
1757639541634 0.14445933515499954 283
1757639541691 0.1336554767934992 284
1757639541750 0.1397158144443374 285
1757639541807 0.11901854555462645 286
1757639541866 0.15055381668470283 287
1757639541926 0.22193496125945522 288
1757639541990 0.0939104898697942 289
1757639542047 0.1682912729689834 290
1757639542126 0.14790073887625482 291
1757639542188 0.09125818350968036 292
1757639542251 0.19699401681600012 293
1757639542311 0.14552676790379496 294
1757639542370 0.16834288295244218 295
1757639542429 0.1335934999202047 296
1757639542489 0.15272680502975516 297
1757639542546 0.1806573272316962 298
1757639542606 0.15722993836237648 299
1757639542677 0.12422572302886492 300
1757639542757 0.12540361562463456 301
1757639542820 0.12905885359242586 302
1757639542880 0.1619569832211116 303
1757639542938 0.15468757147313705 304
1757639542996 0.1656358769503897 305
1757639543054 0.14872637508102998 306
1757639543113 0.13614677437993697 307
1757639543176 0.21060094315671818 308
1757639543234 0.11715916793603152 309
1757639543294 0.10738018866928664 310
1757639543353 0.07645223191057707 311
1757639543411 0.13682993541272473 312
1757639543469 0.08424250643603276 313
1757639543528 0.08966532387560913 314
1757639543589 0.13498236445360362 315
1757639543648 0.10790259807848884 316
1757639543706 0.1272548110734067 317
1757639543767 0.08314539121249348 318
1757639543826 0.15488185036932284 319
1757639543884 0.16125354901991407 320
1757639543943 0.12984434216527535 321
1757639544002 0.10485133060619535 322
1757639544062 0.14002990486259134 323
1757639544122 0.22806432121498504 324
1757639544181 0.12143552034828284 325
1757639544240 0.08926640823860772 326
1757639544298 0.13044659257436458 327
1757639544358 0.1745353059808832 328
1757639544418 0.08800188253413996 329
1757639544477 0.12778373207094088 330
1757639544536 0.11497256350622083 331
1757639544595 0.10180242882038337 332
1757639544656 0.13370418686237737 333
1757639544713 0.15470858797264783 334
1757639544778 0.13171877956915135 335
1757639544837 0.07396310334422664 336
1757639544896 0.1935130351720756 337
1757639544955 0.08196553142626174 338
1757639545013 0.1317569281362376 339
1757639545071 0.11829024866609007 340
1757639545133 0.09092399954983407 341
1757639545191 0.11090994852847855 342
1757639545249 0.20744180114667815 343
1757639545308 0.12241904444040383 344
1757639545366 0.0930694313427995 345
1757639545426 0.050810877392333434 346
1757639545483 0.20113593875290445 347
1757639545543 0.14756567776119112 348
1757639545602 0.08270917609351294 349
1757639545660 0.08540542880770607 350
1757639545720 0.07230654099885708 351
1757639545779 0.1316517461342876 352
1757639545838 0.10970623447251009 353
1757639545896 0.09997216274489376 354
1757639545954 0.10893387248376553 355
1757639546012 0.09106482767814889 356
1757639546071 0.16103183779458766 357
1757639546130 0.11539642777207557 358
1757639546189 0.21639907583291623 359
1757639546246 0.08975098221273548 360
1757639546306 0.14262778082097585 361
1757639546365 0.09169852357077109 362
1757639546423 0.18215934358960115 363
1757639546481 0.125506145874216 364
1757639546539 0.13159938814852823 365
1757639546599 0.07606494494820576 366
1757639546662 0.11381253349937255 367
1757639546725 0.13941586925648886 368
1757639546791 0.1074638487943824 369
1757639546853 0.10025021917631961 370
1757639546913 0.10160596998848252 371
1757639546974 0.11547324103864513 372
1757639547033 0.11534236951419183 373
1757639547093 0.16491812975986053 374
1757639547152 0.0950489245778343 375
1757639547211 0.11093206460162101 376
1757639547270 0.091204963801528 377
1757639547328 0.20609275815872724 378
1757639547387 0.15252593050305605 379
1757639547447 0.1385784377369204 380
1757639547505 0.14582544622326507 381
1757639547564 0.09201943057282605 382
1757639547623 0.061453348356624866 383
1757639547699 0.154786902784163 384
1757639547762 0.11314329157693957 385
1757639547822 0.1253828549355073 386
1757639547883 0.0965085054933249 387
1757639547943 0.15181894204939037 388
1757639548003 0.11285382764748775 389
1757639548064 0.15197008656438596 390
1757639548124 0.1757646662510933 391
1757639548185 0.15192341341559898 392
1757639548246 0.1240676229024425 393
1757639548306 0.20096488597091167 394
1757639548366 0.15426833364510026 395
1757639548424 0.10925153648248882 396
1757639548484 0.12617952234016275 397
1757639548543 0.13765516794305085 398
1757639548602 0.09828795298793529 399
1757639548661 0.10065334721088173 400
1757639548721 0.1383126403147591 401
1757639548781 0.16142271584948917 402
1757639548847 0.08716728429247293 403
1757639548908 0.10565200756339638 404
1757639548970 0.1556415354889262 405
1757639549031 0.08653823361357986 406
1757639549092 0.13270922045290423 407
1757639549151 0.08127402774899233 408
1757639549210 0.11062229394289011 409
1757639549271 0.10108030693761905 410
1757639549330 0.2045872574892478 411
1757639549396 0.1192810669247328 412
1757639549457 0.08196261365445866 413
1757639549524 0.08518583542922196 414
1757639549588 0.11996820813718322 415
1757639549648 0.16005450827033754 416
1757639549707 0.09845666862217851 417
1757639549767 0.09508735457728162 418
1757639549826 0.09306828638332082 419
1757639549887 0.1209308276528335 420
1757639549946 0.08744671868390609 421
1757639550009 0.16450078409206592 422
1757639550068 0.13078050766376786 423
1757639550127 0.14918384819445382 424
1757639550187 0.12581229132921537 425
1757639550247 0.15439769748765442 426
1757639550307 0.12476301551414734 427
1757639550367 0.10227215637052758 428
1757639550427 0.10037376581552047 429
1757639550488 0.24334368896779596 430
1757639550550 0.16243524312864566 431
1757639550609 0.1732070844893141 432
1757639550668 0.11454415682015065 433
1757639550732 0.10664796196662411 434
1757639550792 0.09790631235517894 435
1757639550857 0.07346847103170659 436
1757639550919 0.12728403096233648 437
1757639550980 0.13056378215390063 438
1757639551041 0.1360420825842097 439
1757639551102 0.1560095089097996 440
1757639551162 0.13729144502011478 441
1757639551222 0.191095508700318 442
1757639551282 0.12729884893253718 443
1757639551342 0.1492686770107519 444
1757639551402 0.11990156335288456 445
1757639551462 0.17295955410955138 446
1757639551523 0.11598829614194026 447
1757639551583 0.12179413036922429 448
1757639551643 0.13181237452128838 449
1757639551704 0.20196938572769932 450
1757639551764 0.1632501170793807 451
1757639551823 0.15236968915494303 452
1757639551884 0.12175959441414187 453
1757639551943 0.17247371120710583 454
1757639552005 0.19501600624956952 455
1757639552073 0.14240991224025618 456
1757639552148 0.08964699478270623 457
1757639552312 0.14000749306157304 458
1757639552381 0.1540459414857587 459
1757639552447 0.13670409976231027 460
1757639552512 0.13509202489891486 461
1757639552578 0.09537977078462827 462
1757639552645 0.1503205446781684 463
1757639552724 0.13897922859837802 464
1757639552789 0.13477246093531894 465
1757639552853 0.09617634354670394 466
1757639552923 0.15942026512238372 467
1757639552985 0.08171778365357707 468
1757639553047 0.11626785306123587 469
1757639553111 0.12272123904160324 470
1757639553174 0.18666464825356235 471
1757639553237 0.0803419968438683 472
1757639553299 0.1093445301071654 473
1757639553362 0.07501697395492397 474
1757639553423 0.08472183674946979 475
