1757642063526 171.85161699701354 0
1757642063585 168.43629947415698 1
1757642063639 163.41114806519374 2
1757642063700 157.70473180401203 3
1757642063754 151.7840964777468 4
1757642063807 145.87967481348807 5
1757642063863 140.10222152590376 6
1757642063917 134.50244247391913 7
1757642063971 129.1011062248215 8
1757642064021 123.90417162078703 9
1757642064073 118.91036482157769 10
1757642064129 114.11496601870853 11
1757642064182 109.51169725345547 12
1757642064239 105.0936600100265 13
1757642064291 100.85379768656068 14
1757642064345 96.78512068985462 15
1757642064396 92.88081307115003 16
1757642064455 89.13428016651955 17
1757642064508 85.53916696813968 18
1757642064562 82.08936208152458 19
1757642064615 78.7789946876982 20
1757642064666 75.60242821132425 21
1757642064718 72.55425253709126 22
1757642064775 69.6292756875879 23
1757642064829 66.82251541168131 24
1757642064882 64.12919090060207 25
1757642064936 61.544714733330345 26
1757642064989 59.06468509535659 27
1757642065041 56.68487828640255 28
1757642065094 54.401241518708225 29
1757642065146 52.2098860007507 30
1757642065199 50.10708029813378 31
1757642065251 48.08924396205586 32
1757642065303 46.15294141531889 33
1757642065357 44.294876085834225 34
1757642065412 42.51188477778054 35
1757642065464 40.80093227086656 36
1757642065518 39.15910613848687 37
1757642065570 37.583611775908864 38
1757642065625 36.07176762997606 39
1757642065677 34.62100062215309 40
1757642065729 33.2288417570671 41
1757642065783 31.892921909017858 42
1757642065835 30.610967779234095 43
1757642065887 29.380798016947274 44
1757642065940 28.200319497635146 45
1757642065994 27.067523752058115 46
1757642066047 25.98048353997023 47
1757642066099 24.937349562635656 48
1757642066154 23.936347308519746 49
1757642066209 22.975774026753 50
1757642066261 22.053995823185403 51
1757642066315 21.169444874059327 52
1757642066368 20.320616752531357 53
1757642066423 19.506067863466846 54
1757642066483 18.724412982117187 55
1757642066538 17.974322892467775 56
1757642066592 17.254522121216162 57
1757642066645 16.563786763503416 58
1757642066698 15.900942396679554 59
1757642066752 15.264862078534664 60
1757642066804 14.654464426572446 61
1757642066859 14.068711775041487 62
1757642066912 13.506608406573198 63
1757642066966 12.967198855403266 64
1757642067020 12.449566279275803 65
1757642067073 11.952830897247487 66
1757642067126 11.476148490721656 67
1757642067179 11.018708965150697 68
1757642067233 10.579734969948975 69
1757642067287 10.158480574258368 70
1757642067340 9.754229996303879 71
1757642067393 9.366296384168775 72
1757642067449 8.99402064590661 73
1757642067503 8.636770326991988 74
1757642067557 8.29393853319294 75
1757642067610 7.964942897025488 76
1757642067664 7.649224586025594 77
1757642067717 7.346247351145201 78
1757642067770 7.055496613647704 79
1757642067824 6.776478588944121 80
1757642067996 6.508719445874298 81
1757642068083 6.251764499998169 82
1757642068157 6.005177439520265 83
1757642068219 5.768539582526402 84
1757642068278 5.541449164265049 85
1757642068339 5.3235206532572175 86
1757642068396 5.114384095068013 87
1757642068452 4.913684482620205 88
1757642068522 4.72108115197563 89
1757642068580 4.536247202553654 90
1757642068636 4.358868940797761 91
1757642068692 4.188645346341286 92
1757642068753 4.025287559761898 93
1757642068809 3.8685183910511824 94
1757642068864 3.7180718479610615 95
1757642068920 3.5736926834228715 96
1757642068976 3.435135961267302 97
1757642069032 3.302166639504759 98
1757642069087 3.1745591704557232 99
1757642069146 3.0520971170493176 100
1757642069204 2.934572784636027 101
1757642069263 2.8217868676869364 102
1757642069319 2.713548110777256 103
1757642069375 2.6096729832763077 104
1757642069431 2.5099853671895174 105
1757642069487 2.414316257620422 106
1757642069543 2.3225034753422102 107
1757642069601 2.234391390989006 108
1757642069668 2.149830660396886 109
1757642069725 2.0686779706437135 110
1757642069779 1.990795796355016 111
1757642069836 1.9160521658608025 112
1757642069891 1.8443204368048063 113
1757642069945 1.7754790808239935 114
1757642070000 1.7094114769314614 115
1757642070056 1.646005713250788 116
1757642070112 1.5851543967641126 117
1757642070166 1.5267544707498952 118
1757642070221 1.470707039599391 119
1757642070277 1.416917200713511 120
1757642070332 1.3652938831937431 121
1757642070386 1.3157496930524288 122
1757642070442 1.268200764678829 123
1757642070499 1.222566618307996 124
1757642070562 1.1787700232497997 125
1757642070619 1.1367368666451825 126
1757642070676 1.0963960275262175 127
1757642070730 1.0576792559655022 128
1757642070786 1.0205210571091836 129
1757642070841 0.9848585798961548 130
1757642070896 0.950631510273975 131
1757642070951 0.9177819687297635 132
1757642071006 0.8862544119615888 133
1757642071063 0.8559955385230412 134
1757642071121 0.8269541982803083 135
1757642071176 0.799081305527713 136
1757642071230 0.7723297556137734 137
1757642071295 0.7466543449359386 138
1757642071352 0.7220116941677986 139
1757642071409 0.6983601745881357 140
1757642071466 0.6756598373864393 141
1757642071522 0.653872345824573 142
1757642071578 0.6329609101391924 143
1757642071633 0.6128902250740733 144
1757642071689 0.5936264099361487 145
1757642071747 0.5751369510731719 146
1757642071804 0.5573906466752013 147
1757642071859 0.5403575538059666 148
1757642071915 0.5240089375739918 149
1757642071971 0.5083172223570223 150
1757642072027 0.49325594499676384 151
1757642072083 0.4787997098843215 152
1757642072138 0.46492414585991854 153
1757642072194 0.4516058648535957 154
1757642072249 0.43882242219654694 155
1757642072304 0.42655227853554395 156
1757642072361 0.4147747632857223 157
1757642072417 0.40347003955953337 158
1757642072472 0.39261907051223116 159
1757642072529 0.3822035870466442 160
1757642072591 0.3722060568223269 161
1757642072649 0.36260965451637617 162
1757642072705 0.353398233285337 163
1757642072763 0.3445562973796804 164
1757642072837 0.3360689758642762 165
1757642072895 0.32792199740018224 166
1757642072954 0.32010166604486456 167
1757642073012 0.3125948380297109 168
1757642073085 0.30538889947534004 169
1757642073149 0.29847174500684204 170
1757642073207 0.29183175723256866 171
1757642073264 0.285457787051603 172
1757642073322 0.27933913475642425 173
1757642073380 0.2734655318986485 174
1757642073437 0.2678271238870142 175
1757642073495 0.2624144532880364 176
1757642073553 0.25721844380093695 177
1757642073613 0.25223038487962623 178
1757642073671 0.24744191697558657 179
1757642073742 0.24284501737658312 180
1757642073824 0.2384319866171314 181
1757642073887 0.2341954354376254 182
1757642073947 0.2301282722699736 183
1757642074006 0.22622369122846145 184
1757642074122 0.2224751605854438 185
1757642074184 0.21887641171228714 186
1757642074244 0.21542142846675663 187
1757642074303 0.21210443700883136 188
1757642074362 0.20891989602763306 189
1757642074420 0.20586248736287321 190
1757642074479 0.20292710700487435 191
1757642074537 0.20010885645788604 192
1757642074596 0.1974030344520174 193
1757642074659 0.19480512898970767 194
1757642074718 0.19231080971322792 195
1757642074776 0.18991592058024198 196
1757642074835 0.187616472834997 197
1757642074893 0.1854086382631904 198
1757642074954 0.18328874271907367 199
1757642075012 0.18125325991378533 200
1757642075072 0.17929880545437543 201
1757642075131 0.1774221311233886 202
1757642075189 0.17562011938929936 203
1757642075248 0.17388977813847675 204
1757642075314 0.17222823561972786 205
1757642075376 0.1706327355928438 206
1757642075436 0.16910063267290645 207
1757642075496 0.16762938786245288 208
1757642075555 0.16621656426391376 209
1757642075614 0.16485982296504403 210
1757642075673 0.16355691909036613 211
1757642075730 0.16230569801191716 212
1757642075789 0.16110409171287596 213
1757642075845 0.15995011529788797 214
1757642075903 0.15884186364417546 215
1757642075960 0.1577775081877433 216
1757642076018 0.1567552938392287 217
1757642076074 0.15577353602416 218
1757642076131 0.15483061784260196 219
1757642076190 0.15392498734337273 220
1757642076247 0.15305515490820062 221
1757642076304 0.15221969074138622 222
1757642076362 0.1514172224607135 223
1757642076422 0.15064643278551856 224
1757642076479 0.1499060573179962 225
1757642076537 0.14919488241398135 226
1757642076594 0.14851174313959573 227
1757642076657 0.14785552131028729 228
1757642076718 0.14722514360894715 229
1757642076776 0.1466195797799032 230
1757642076836 0.14603784089573396 231
1757642076892 0.1454789776939609 232
1757642076950 0.1449420789808001 233
1757642077009 0.14442627009926823 234
1757642077066 0.14393071145904224 235
1757642077124 0.14345459712558734 236
1757642077182 0.14299715346615074 237
1757642077240 0.14255763785034126 238
1757642077297 0.14213533740307638 239
1757642077354 0.14172956780779777 240
1757642077414 0.14133967215791587 241
1757642077473 0.14096501985454576 242
1757642077531 0.14060500554866193 243
1757642077589 0.14025904812588064 244
1757642077648 0.1399265897321518 245
1757642077706 0.13960709483870837 246
1757642077764 0.13930004934468965 247
1757642077822 0.13900495971591872 248
1757642077880 0.13872135215837686 249
1757642077938 0.13844877182497287 250
1757642077996 0.13818678205426774 251
1757642078063 0.13793496363986088 252
1757642078133 0.13769291412920592 253
1757642078194 0.13746024715066724 254
1757642078254 0.13723659176767594 255
1757642078321 0.13702159185889703 256
1757642078381 0.13681490552335493 257
1757642078440 0.1366162045095118 258
1757642078500 0.13642517366733325 259
1757642078564 0.13624151042241503 260
1757642078624 0.13606492427127914 261
1757642078688 0.13589513629698768 262
1757642078751 0.13573187870425346 263
1757642078811 0.1355748943732644 264
1757642078872 0.135423936431462 265
1757642078933 0.135278767842556 266
1757642078993 0.13513916101207568 267
1757642079052 0.1350048974087941 268
1757642079113 0.13487576720138242 269
1757642079174 0.13475156890968548 270
1757642079233 0.13463210907002227 271
1757642079292 0.13451720191395258 272
1757642079351 0.13440666905996324 273
1757642079409 0.13430033921755435 274
1757642079468 0.13419804790322537 275
1757642079527 0.13409963716788295 276
1757642079586 0.13400495533520768 277
1757642079645 0.1339138567505413 278
1757642079704 0.13382620153986727 279
1757642079763 0.13374185537848093 280
1757642079821 0.13366068926895616 281
1757642079880 0.13358257932803666 282
1757642079941 0.1335074065820906 283
1757642079999 0.13343505677078363 284
1757642080058 0.13336542015864017 285
1757642080117 0.13329839135417504 286
1757642080177 0.13323386913629012 287
1757642080236 0.13317175628764294 288
1757642080294 0.1331119594347082 289
1757642080353 0.13305438889426072 290
1757642080411 0.13299895852602336 291
1757642080469 0.13294558559122874 292
1757642080529 0.13289419061685984 293
1757642080589 0.1328446972653395 294
1757642080648 0.1327970322094478 295
1757642080706 0.1327511250122605 296
1757642080773 0.1327069080119031 297
1757642080834 0.13266431621092845 298
1757642080895 0.13262328717013172 299
1757642080955 0.13258376090662322 300
1757642081014 0.13254567979598894 301
1757642081072 0.13250898847837342 302
1757642081132 0.1324736337683281 303
1757642081192 0.13243956456827227 304
1757642081252 0.13240673178542242 305
1757642081310 0.132375088252051 306
1757642081370 0.13234458864893794 307
1757642081429 0.13231518943189077 308
1757642081488 0.13228684876120597 309
1757642081548 0.13225952643395505 310
1757642081608 0.1322331838189831 311
1757642081666 0.13220778379450707 312
1757642081726 0.13218329068821377 313
1757642081788 0.13215967021975325 314
1757642081848 0.13213688944553398 315
1757642081909 0.13211491670572578 316
1757642081969 0.13209372157338234 317
1757642082030 0.132073274805598 318
1757642082090 0.1320535482966175 319
1757642082149 0.1320345150328197 320
1757642082209 0.1320161490495004 321
1757642082268 0.13199842538938142 322
1757642082327 0.13198132006277793 323
1757642082387 0.13196481000935487 324
1757642082448 0.1319488730614126 325
1757642082506 0.13193348790863627 326
1757642082565 0.13191863406425275 327
1757642082626 0.13190429183253802 328
1757642082686 0.1318904422776205 329
1757642082747 0.13187706719352843 330
1757642082835 0.13186414907543195 331
1757642082897 0.1318516710920308 332
1757642082958 0.131839617059043 333
1757642083022 0.13182797141374947 334
1757642083099 0.131816719190553 335
1757642083163 0.13180584599750914 336
1757642083225 0.13179533799379334 337
1757642083286 0.13178518186806296 338
1757642083348 0.13177536481768098 339
1757642083410 0.1317658745287668 340
1757642083472 0.1317566991570381 341
1757642083534 0.13174782730941745 342
1757642083595 0.13173924802636597 343
1757642083658 0.13173095076492217 344
1757642083721 0.13172292538241284 345
1757642083783 0.13171516212081033 346
1757642083844 0.131707651591711 347
1757642083905 0.1317003847619105 348
1757642083966 0.13169335293954879 349
1757642084026 0.13168654776080785 350
1757642084087 0.13167996117713274 351
1757642084150 0.13167358544296215 352
1757642084209 0.13166741310394284 353
1757642084271 0.1316614369856116 354
1757642084331 0.13165565018252431 355
1757642084480 0.13165004604781605 356
1757642084545 0.13164461818317272 357
1757642084608 0.13163936042920024 358
1757642084672 0.13163426685617335 359
1757642084734 0.13162933175514988 360
1757642084801 0.13162454962943654 361
1757642084865 0.13161991518639005 362
1757642084928 0.13161542332954293 363
1757642084991 0.13161106915103885 364
1757642085054 0.13160684792436617 365
1757642085118 0.13160275509737832 366
1757642085180 0.1315987862855877 367
1757642085243 0.13159493726572474 368
1757642085304 0.13159120396954876 369
1757642085368 0.13158758247790392 370
1757642085430 0.1315840690150068 371
1757642085492 0.13158065994295973 372
1757642085554 0.13157735175647842 373
1757642085615 0.13157414107782675 374
1757642085676 0.1315710246519506 375
1757642085755 0.1315679993418011 376
1757642085818 0.13156506212384242 377
1757642085881 0.13156221008373378 378
1757642085942 0.1315594404121823 379
1757642086004 0.13155675040095546 380
1757642086065 0.13155413743905137 381
1757642086124 0.13155159900901772 382
1757642086185 0.13154913268341425 383
1757642086247 0.13154673612141302 384
1757642086308 0.13154440706553167 385
1757642086369 0.13154214333849273 386
1757642086431 0.13153994284020712 387
1757642086492 0.13153780354487235 388
1757642086553 0.13153572349818526 389
1757642086614 0.13153370081466254 390
1757642086675 0.13153173367506485 391
1757642086743 0.1315298203239205 392
1757642086804 0.13152795906714673 393
1757642086872 0.13152614826976045 394
1757642086935 0.13152438635367944 395
1757642086997 0.13152267179560795 396
1757642087059 0.13152100312500395 397
1757642087121 0.13151937892212395 398
1757642087181 0.13151779781614487 399
1757642087243 0.13151625848335646 400
1757642087303 0.1315147596454246 401
1757642087364 0.13151330006772027 402
1757642087427 0.13151187855771374 403
