1757640370493 161.31987650379546 0
1757640370556 156.32849503493816 1
1757640370623 155.1638163979845 2
1757640370686 154.23215146856808 3
1757640370748 144.74465225252712 4
1757640370810 147.906417400322 5
1757640370876 147.81712435520143 6
1757640370947 138.78945661767568 7
1757640371008 144.59743735661755 8
1757640371065 139.1505275540868 9
1757640371120 133.55444741107289 10
1757640371177 138.8948722781659 11
1757640371244 134.10408460281516 12
1757640371308 126.9659889348861 13
1757640371369 127.97922480367345 14
1757640371434 125.17567875708345 15
1757640371503 125.72160169695563 16
1757640371598 126.44138916651187 17
1757640371670 124.69262807829493 18
1757640371854 113.30123529460363 19
1757640372497 112.12457176341873 20
1757640372567 112.22111620068591 21
1757640372628 110.93268684144041 22
1757640372688 112.20377959485187 23
1757640372782 108.00709369047124 24
1757640372866 111.22986404397528 25
1757640372927 101.85878622373004 26
1757640372986 101.26529314722481 27
1757640373045 101.85188906565854 28
1757640373102 99.11718385075669 29
1757640373157 97.94318106767737 30
1757640373210 94.79114649305882 31
1757640373264 96.65729224423842 32
1757640373319 87.19978618174586 33
1757640373373 86.35792171696019 34
1757640373427 91.56618320535226 35
1757640373478 86.39706603411028 36
1757640373533 89.09482277763709 37
1757640373585 83.30114099619489 38
1757640373637 83.55802889709337 39
1757640373689 79.10029494182989 40
1757640373742 80.52095677816939 41
1757640373794 81.28630537791435 42
1757640373846 74.95906099117506 43
1757640373900 72.64035398383065 44
1757640373951 71.69413524174475 45
1757640374003 74.82624436058985 46
1757640374054 71.65346107706037 47
1757640374106 73.00858683503638 48
1757640374158 70.17623289121495 49
1757640374211 69.42890131339291 50
1757640374263 68.0728508121434 51
1757640374317 67.4678893845955 52
1757640374370 67.20807024681477 53
1757640374638 65.26277701107735 54
1757640374706 61.48380764847462 55
1757640374767 60.74387960177708 56
1757640374827 63.627052358954565 57
1757640374886 58.932433826752856 58
1757640374941 56.23049273873157 59
1757640374994 57.09241080934129 60
1757640375050 57.643440736449655 61
1757640375102 55.94710139949857 62
1757640375155 55.52981358059501 63
1757640375207 51.76563204942603 64
1757640375258 53.078718446997165 65
1757640375311 51.182495559840646 66
1757640375363 50.19120896050045 67
1757640375417 51.54833234657119 68
1757640375471 50.38198552436626 69
1757640375524 50.0267983895357 70
1757640375576 49.85649079299719 71
1757640375628 45.455698907731886 72
1757640375681 44.67182271049751 73
1757640375733 45.741297810047534 74
1757640375786 44.24343503145264 75
1757640375838 44.712412110213215 76
1757640375890 43.40326797294698 77
1757640375943 42.1472202424923 78
1757640375993 40.24511334594597 79
1757640376045 40.85046067475985 80
1757640376097 41.380916551498274 81
1757640376148 39.41081037060567 82
1757640376198 39.316295535561416 83
1757640376250 40.46857918894284 84
1757640376301 36.19769285326123 85
1757640376355 37.16912851811396 86
1757640376407 35.02459126320746 87
1757640376458 34.908940554923795 88
1757640376510 35.292488639156666 89
1757640376561 32.93579129020184 90
1757640376614 33.15386118099584 91
1757640376675 32.367290027843275 92
1757640376728 31.8261426206927 93
1757640376780 30.819203197754714 94
1757640376832 32.06731980421806 95
1757640376883 30.76600630243825 96
1757640376936 30.672306390429934 97
1757640376988 31.785083782825087 98
1757640377040 29.68061104814014 99
1757640377094 30.108732670069216 100
1757640377147 28.606819833360465 101
1757640377198 29.377782851415542 102
1757640377250 29.151654978098858 103
1757640377302 26.188916064783065 104
1757640377362 27.323390727811365 105
1757640377414 27.14601669629586 106
1757640377466 26.0324114561159 107
1757640377518 24.89840364508736 108
1757640377575 24.3458171154956 109
1757640377627 23.535589247890577 110
1757640377680 23.355131175039524 111
1757640377731 23.56016864319641 112
1757640377794 24.132879599239477 113
1757640377856 22.73764459485834 114
1757640377909 22.727567193987422 115
1757640377962 21.967242836100564 116
1757640378017 20.35208313264358 117
1757640378072 22.11493723611273 118
1757640378127 20.995508329367443 119
1757640378182 21.935591798560672 120
1757640378236 20.454857496605324 121
1757640378290 19.31919929235016 122
1757640378346 20.187863922084645 123
1757640378401 17.861992606252258 124
1757640378453 19.09057117115389 125
1757640378505 16.804358593822478 126
1757640378559 18.625971147632335 127
1757640378612 17.52041333539335 128
1757640378672 17.6361595845024 129
1757640378729 16.36350334906606 130
1757640378783 16.659187742667072 131
1757640378836 17.211528547070817 132
1757640378891 17.823530411361247 133
1757640378944 16.868811135115493 134
1757640378996 15.051199537281265 135
1757640379048 15.788800164883009 136
1757640379102 15.027097121891048 137
1757640379155 15.574090766743165 138
1757640379207 15.402724789807367 139
1757640379260 15.957287203492875 140
1757640379314 14.434120413562669 141
1757640379366 13.967200112240864 142
1757640379419 13.368777932366175 143
1757640379473 13.335871323445044 144
1757640379525 14.585038699026084 145
1757640379577 12.349659325110762 146
1757640379632 12.799619009236029 147
1757640379685 12.804975621005429 148
1757640379738 13.143622227372287 149
1757640379791 12.188716038630895 150
1757640379844 13.120206967847253 151
1757640379897 11.900994746131165 152
1757640379950 11.595672055206332 153
1757640380004 11.819353401612954 154
1757640380057 11.531247154121866 155
1757640380110 11.048309416998025 156
1757640380164 12.1190963728106 157
1757640380218 10.23589931200884 158
1757640380271 10.639883317762871 159
1757640380325 11.158855063019871 160
1757640380378 10.47921894752547 161
1757640380436 10.349335072494378 162
1757640380489 9.69890809887773 163
1757640380544 9.160393968500488 164
1757640380597 9.874758862517483 165
1757640380657 9.458807546928217 166
1757640380731 9.091183770985683 167
1757640380801 8.949213869332604 168
1757640380858 9.060185097749143 169
1757640380964 8.471213286337457 170
1757640381022 8.77065023888576 171
1757640381080 8.28165263998104 172
1757640381137 8.449519256590342 173
1757640381192 7.9191842286897005 174
1757640381247 8.103634891722782 175
1757640381302 7.742037273378006 176
1757640381358 7.418466385609387 177
1757640381414 8.003110779315334 178
1757640381470 8.000569278507623 179
1757640381525 7.830681721634513 180
1757640381580 7.06499202271368 181
1757640381636 6.95984274051135 182
1757640381691 6.615949018715213 183
1757640381743 6.940678611951826 184
1757640381796 6.961680374903179 185
1757640381850 6.343867130007943 186
1757640381904 6.857795038256996 187
1757640381958 6.472439047725787 188
1757640382013 6.599550362505175 189
1757640382069 5.7365229523975865 190
1757640382123 5.958055594568248 191
1757640382176 6.2461864448762165 192
1757640382230 5.935278742302029 193
1757640382283 5.714549122830551 194
1757640382350 5.516466768091855 195
1757640382408 5.67731517829279 196
1757640382464 5.310866760592687 197
1757640382520 5.906142605714142 198
1757640382575 5.796384770438656 199
1757640382633 5.399610374567405 200
1757640382689 5.618027374376519 201
1757640382745 5.425000348410926 202
1757640382818 4.884163322587386 203
1757640382878 5.342739783681133 204
1757640382934 4.621947484583613 205
1757640382990 4.491827207123675 206
1757640383047 4.087288035972115 207
1757640383103 4.985597845828296 208
1757640383160 4.498927940617144 209
1757640383215 4.595184897197582 210
1757640383271 4.682246496999521 211
1757640383327 4.181643013683773 212
1757640383382 4.2109554396042554 213
1757640383436 4.202172913858595 214
1757640383491 4.1379726844381 215
1757640383546 4.345950770066028 216
1757640383601 3.8998814435525078 217
1757640383655 3.7266958389541567 218
1757640383716 3.6260396893979925 219
1757640383771 3.7886904158514314 220
1757640383826 3.6607577601824373 221
1757640383883 3.86888053726328 222
1757640383942 4.015380754517669 223
1757640383998 3.1488710805029974 224
1757640384053 3.517885442344605 225
1757640384109 3.8428794074466253 226
1757640384166 2.9644585572573336 227
1757640384221 3.2883570117802914 228
1757640384276 3.1935919816209952 229
1757640384330 3.1608448257970454 230
1757640384387 3.0241475868261425 231
1757640384440 3.1254907814765414 232
1757640384495 3.0981026875304107 233
1757640384551 2.736621422215532 234
1757640384606 2.933799207662577 235
1757640384662 2.8430445974684733 236
1757640384720 2.952063439228191 237
1757640384792 3.053289361071709 238
1757640384853 2.467314794971561 239
1757640384910 2.6125040953929886 240
1757640384967 2.520516265321124 241
1757640385022 2.806914688790774 242
1757640385077 2.6862279095451345 243
1757640385133 2.770270352295897 244
1757640385190 2.5365399845347323 245
1757640385246 2.07585530224476 246
1757640385300 2.775352625771637 247
1757640385355 2.6507152263145652 248
1757640385412 2.661129792646798 249
1757640385468 2.1643909333767084 250
1757640385523 2.3215546149623676 251
1757640385578 2.156228058020123 252
1757640385634 2.2247759283879343 253
1757640385694 2.391106797424885 254
1757640385752 2.0473789609635955 255
1757640385808 2.100419033466592 256
1757640385865 2.0641335695316676 257
1757640385919 1.8324669275106908 258
1757640385975 2.0531317865409835 259
1757640386031 2.082854089640784 260
1757640386085 1.7064060465539062 261
1757640386141 1.8019908545328114 262
1757640386198 1.5318107485574468 263
1757640386254 1.8096820111697676 264
1757640386309 1.9363809889054822 265
1757640386367 1.6059010819714503 266
1757640386423 2.079704020479158 267
1757640386478 1.3470533124323572 268
1757640386533 1.6666221953909652 269
1757640386589 1.7215324121831304 270
1757640386644 1.943373390970808 271
1757640386700 1.7923732548253164 272
1757640386757 1.4026643996726504 273
1757640386813 1.5293825450373257 274
1757640386877 1.821025276291041 275
1757640386934 1.4244081407756983 276
1757640386990 1.5591533718857415 277
1757640387046 1.3504096842297104 278
1757640387102 1.5925091627975716 279
1757640387158 1.4689870975125174 280
1757640387213 1.4979575309215851 281
1757640387270 1.4027593784446364 282
1757640387326 1.1870093068084533 283
1757640387383 1.398432228465781 284
1757640387439 1.350122556085354 285
1757640387494 1.243181252209472 286
1757640387550 1.3566179856406264 287
1757640387605 1.063274736796574 288
1757640387661 1.2780948223407873 289
1757640387716 1.1399172860544935 290
1757640387778 1.046336391601284 291
1757640387847 1.0583041757323852 292
1757640387906 1.271888396981132 293
1757640387964 0.9533894134468132 294
1757640388022 1.0804080502198614 295
1757640388080 1.1423047949708809 296
1757640388137 1.0859798102358784 297
1757640388195 1.1483472435738915 298
1757640388251 1.0981186549931785 299
1757640388308 0.8387825602130733 300
1757640388370 0.7416956685415288 301
1757640388428 0.9919383678385149 302
1757640388486 0.6658631612729106 303
1757640388542 0.8566989542801116 304
1757640388599 1.1319428156304612 305
1757640388655 0.9580343664364672 306
1757640388711 0.8604220472054354 307
1757640388766 1.1391414645933362 308
1757640388823 0.8125157795905599 309
1757640388888 0.7952827732782152 310
1757640388949 1.033561767521057 311
1757640389007 0.9068073916140994 312
1757640389063 1.0325303488929904 313
1757640389119 0.949373779548321 314
1757640389177 0.7692029016632491 315
1757640389233 0.7204627922815716 316
1757640389289 0.920626999436324 317
1757640389347 0.7472977426277034 318
1757640389404 0.6176157293143001 319
1757640389470 0.741151696285997 320
1757640389528 0.7814347437233464 321
1757640389589 0.7489320035532414 322
1757640389645 0.6994525806008162 323
1757640389703 0.6982537501271443 324
1757640389760 0.6376022575473884 325
1757640389818 0.6499114978422754 326
1757640389875 0.6553644541479834 327
1757640389933 0.6408260497068131 328
1757640389990 0.6795257630243745 329
1757640390048 0.7808327145871852 330
1757640390105 0.6600635278983195 331
1757640390163 0.6846947856833974 332
1757640390220 0.60999676355038 333
1757640390278 0.6100847572700598 334
1757640390334 0.6247816687617145 335
1757640390392 0.44320890952733777 336
1757640390449 0.6460684251204223 337
1757640390506 0.5821213951553337 338
1757640390564 0.9057129160330182 339
1757640390620 0.5566130976876396 340
1757640390677 0.5517352451516625 341
1757640390734 0.5060668953053643 342
1757640390791 0.5995006332317703 343
1757640390847 0.46731195526783015 344
1757640390910 0.5728379632032993 345
1757640390971 0.567411408166584 346
1757640391029 0.5734493902932656 347
1757640391087 0.4879533692446283 348
1757640391144 0.6261363861511527 349
1757640391201 0.6887081364887732 350
1757640391259 0.5348400491164874 351
1757640391315 0.4649758637184752 352
1757640391372 0.576951136341401 353
1757640391431 0.6459394338380632 354
1757640391488 0.4815396087648654 355
1757640391546 0.5112681572975739 356
1757640391604 0.6130134417914328 357
1757640391664 0.49134241343356977 358
1757640391721 0.3745381730344094 359
1757640391778 0.4623298502012107 360
1757640391835 0.4339918054748957 361
1757640391891 0.34726040188884105 362
1757640391950 0.45913770339117854 363
1757640392009 0.369701084515887 364
1757640392067 0.5654142723102079 365
1757640392124 0.4500079438438499 366
1757640392182 0.4607084378247723 367
1757640392239 0.3467678536281605 368
1757640392297 0.6420974930368529 369
1757640392368 0.5972658634761362 370
1757640392428 0.36122974254128504 371
1757640392491 0.5024598468616314 372
1757640392549 0.3600257686488051 373
1757640392608 0.32318884006316106 374
1757640392665 0.3646071345073774 375
1757640392724 0.5021818836270818 376
1757640392791 0.44685766599976384 377
1757640392858 0.28579956539892115 378
1757640392919 0.3279346715441794 379
1757640392984 0.37395286087612634 380
1757640393045 0.2991650880329892 381
1757640393106 0.3341689787056468 382
1757640393167 0.47992325882214687 383
1757640393228 0.3755769260997136 384
1757640393287 0.3594958374928624 385
1757640393352 0.3117567162834504 386
1757640393410 0.29925449337858245 387
1757640393468 0.35492036414870204 388
1757640393526 0.44746572659142825 389
1757640393589 0.3488819804947023 390
1757640393647 0.27878431383435043 391
1757640393705 0.2512093083994713 392
1757640393765 0.2956347637273329 393
1757640393823 0.3647830725939508 394
1757640393885 0.289420152985139 395
1757640393944 0.24063681620264776 396
1757640394002 0.32132865414123285 397
1757640394062 0.20351927018505384 398
1757640394121 0.30017063587227594 399
1757640394179 0.3941576810605599 400
1757640394238 0.3365871574185424 401
1757640394296 0.480241373482414 402
1757640394355 0.30073921863861586 403
1757640394413 0.2485300696278925 404
1757640394471 0.445411158366634 405
1757640394529 0.24783682404107954 406
1757640394588 0.23479266229788384 407
1757640394647 0.35443720506920756 408
1757640394706 0.3448472003875908 409
1757640394765 0.3350368158825517 410
1757640394824 0.24184039832724605 411
1757640394885 0.21632076614334153 412
1757640394946 0.21614415475357798 413
1757640395011 0.35132493207326054 414
1757640395073 0.21260885218296274 415
1757640395135 0.3164509329041778 416
1757640395198 0.2722255064352392 417
1757640395261 0.2645386996675124 418
1757640395320 0.2693908179927155 419
1757640395379 0.32419098876040936 420
1757640395450 0.3259648958712786 421
1757640395509 0.23382786660948765 422
1757640395567 0.19546099251844665 423
1757640395629 0.26882652708901394 424
1757640395689 0.1668018240236489 425
1757640395748 0.24470130898274872 426
1757640395807 0.22052661366855636 427
1757640395865 0.2153953036101149 428
1757640395924 0.2118875584293196 429
1757640395983 0.31789523789615803 430
1757640396042 0.31388873040804594 431
1757640396101 0.17684978708455443 432
1757640396160 0.1556734459039359 433
1757640396220 0.18611214564730205 434
1757640396279 0.3404807329639172 435
1757640396338 0.19223585522314518 436
1757640396398 0.22290076948339846 437
1757640396456 0.21833687554800743 438
1757640396515 0.18051709822081968 439
1757640396575 0.22950442827376366 440
1757640396633 0.13748616221589177 441
1757640396694 0.12818922822045836 442
1757640396754 0.22755024734436072 443
1757640396814 0.27878934498390257 444
1757640396874 0.2077364452080099 445
1757640396933 0.14108895049180853 446
1757640396996 0.10044074043230497 447
1757640397058 0.29285221927231325 448
1757640397117 0.17590728742589345 449
1757640397176 0.1741698968359558 450
1757640397236 0.24681218048775874 451
1757640397297 0.17889325040318277 452
1757640397357 0.12329420039969032 453
1757640397417 0.1870161994466126 454
1757640397476 0.1265345921622034 455
1757640397536 0.15703104212671812 456
1757640397596 0.16438913120990986 457
1757640397655 0.21538313086295252 458
1757640397715 0.18707615118296983 459
1757640397784 0.22286003020877046 460
1757640397857 0.14366417137508217 461
1757640397920 0.22256602876222167 462
1757640397982 0.08845184202442614 463
1757640398045 0.20523393969806647 464
1757640398106 0.13916350167619349 465
1757640398165 0.11354408069841533 466
1757640398224 0.18075965345837244 467
1757640398285 0.10855986101585009 468
1757640398346 0.23546048433848854 469
1757640398406 0.18031054852227546 470
1757640398466 0.19532560726133422 471
1757640398526 0.13924716709916965 472
1757640398586 0.17053618060319586 473
1757640398646 0.16068300412924838 474
1757640398705 0.1687870583103712 475
1757640398765 0.14809833819532106 476
1757640398825 0.24775720890421293 477
1757640398887 0.18669778423450512 478
1757640398948 0.17895626845029014 479
1757640399008 0.19760316462401165 480
1757640399074 0.1362581414420097 481
1757640399135 0.13190566734561437 482
1757640399195 0.18516503093002876 483
1757640399255 0.16770804719070076 484
1757640399317 0.20382111787321383 485
1757640399378 0.1646183850450882 486
1757640399439 0.2171417038479519 487
1757640399500 0.10490310946495959 488
1757640399560 0.1397459793835637 489
1757640399620 0.19570152158157586 490
1757640399680 0.2066282926343586 491
1757640399741 0.20707628333815248 492
1757640399802 0.16883709465647365 493
1757640399863 0.13134808154277525 494
1757640399924 0.17088471161005578 495
1757640399985 0.15363541018067553 496
1757640400061 0.1150781017381492 497
1757640400135 0.17199373139349144 498
1757640400199 0.07183510110292905 499
