1757638492607 0.025677992425083025 0
1757638492698 0.21730452558158006 1
1757638492809 0.07261011278651731 2
1757638492902 0.020870247691428707 3
1757638492995 0.05932092201152824 4
1757638493086 0.0029085415228326463 5
1757638493177 0.37772660064692454 6
1757638493268 0.06103557437771511 7
1757638493357 0.08839014442331646 8
1757638493448 0.09799105374115681 9
1757638493539 0.0033053114497927833 10
1757638493630 0.013122837301743946 11
1757638493719 0.14388625177775047 12
1757638493811 0.04716582830604535 13
1757638493901 0.3055340668009863 14
1757638493991 0.0004939629835501063 15
1757638494081 0.18739843433069195 16
1757638494170 0.24938064830075873 17
1757638494260 0.6128639557685638 18
1757638494351 0.00033818670694656333 19
1757638494440 0.9985637452901844 20
1757638494529 0.10307245669098064 21
1757638494619 0.010629484211794514 22
1757638494708 0.013178503330115065 23
1757638494803 0.31468752841971315 24
1757638494896 0.5171234294879108 25
1757638494986 0.019668672948340706 26
1757638495074 0.13597182234382912 27
1757638495165 0.9592715172065506 28
1757638495254 0.03176852419039231 29
1757638495344 0.0965361360946897 30
1757638495434 1.24375587501936 31
1757638495524 0.007922957876013817 32
1757638495614 0.07023711513134058 33
1757638495703 0.21339102335613394 34
1757638495793 0.005703647440499433 35
1757638495883 0.08203553928541976 36
1757638495973 0.14716946108186715 37
1757638496061 0.0071417455975843515 38
1757638496152 0.19238185955398152 39
1757638496240 0.015157696900281646 40
1757638496330 0.013220905156504403 41
1757638496420 0.5444997315332347 42
1757638496511 0.001900486557037489 43
1757638496601 0.0031738025560818926 44
1757638496691 0.24708098904784792 45
1757638496782 0.0524104189662864 46
1757638496878 0.028847933288646706 47
1757638496969 0.0015414005415076463 48
1757638497060 0.0021144173562610115 49
1757638497149 0.002656534903600341 50
1757638497238 0.012633898605395924 51
1757638497328 0.22445328235428927 52
1757638497418 0.29808039087139565 53
1757638497527 0.05543741463313847 54
1757638497621 1.3813632954150017 55
1757638497714 5.110653856357523e-05 56
1757638497806 0.05626550293806644 57
1757638497900 0.09644445966022555 58
1757638497991 0.30804232605393567 59
1757638498082 0.13055720090433978 60
1757638498172 0.29072743983811355 61
1757638498262 0.03639842140955082 62
1757638498354 0.00471908830007398 63
1757638498445 0.21826737601451163 64
1757638498535 0.00950195398809621 65
1757638498628 0.09076716568068734 66
1757638498718 1.0446646316202639e-05 67
1757638498810 0.27024811523269604 68
1757638498907 0.04018319844936435 69
1757638499002 0.039930213830255475 70
1757638499091 0.08055877339559143 71
1757638499182 0.00040967943945361123 72
1757638499272 0.12254960196126977 73
1757638499363 0.09082259642869361 74
1757638499454 0.034129419934354636 75
1757638499545 0.6434398532847831 76
1757638499636 0.013480942502818428 77
1757638499726 0.030475820963609197 78
1757638499816 0.2429452423271921 79
1757638499907 0.0020322664032637796 80
1757638499999 2.271114553535214 81
1757638500090 0.15570081946183056 82
1757638500181 0.010946963358184883 83
1757638500271 0.00652311004791389 84
1757638500363 0.038472469254331815 85
1757638500453 0.0014977754815419266 86
1757638500545 0.014238437318133384 87
1757638500637 0.0031351886480425312 88
1757638500728 0.1692991916260703 89
1757638500818 0.06021603387653762 90
1757638500916 0.5803676909042512 91
1757638501009 0.12083792861572105 92
1757638501100 0.26211251926130735 93
1757638501190 0.05471127228152567 94
1757638501282 0.1358687240894706 95
1757638501373 0.002023393705289932 96
1757638501463 0.0019017357977648836 97
1757638501555 0.08910610149868384 98
1757638501646 0.7570957706191167 99
1757638501739 0.656617040971443 100
1757638501839 0.041877676578690855 101
1757638501934 0.024652706018428925 102
1757638502027 0.06502153185788855 103
1757638502119 0.11878243193143768 104
1757638502210 0.14728161299902554 105
1757638502302 0.03950333055460759 106
1757638502394 0.0037660445478726566 107
1757638502494 0.21643906982777267 108
1757638502591 0.002229471682461828 109
1757638502688 0.14514169862278956 110
1757638502846 0.008780450404988182 111
1757638502953 0.10247196218874456 112
1757638503056 0.7320370042622965 113
1757638503151 0.004701800465680053 114
1757638503247 0.0853514408009492 115
1757638503343 0.012396762425132246 116
1757638503439 0.07974205257817552 117
1757638503534 0.09672165032603805 118
1757638503627 0.048993448220186794 119
1757638503719 0.3509353686253005 120
1757638503812 0.03155534345883885 121
1757638503906 0.08601318598400425 122
1757638503999 0.148210082950414 123
1757638504092 0.7671151858944552 124
1757638504185 0.8298341064162575 125
1757638504278 0.0113524792167171 126
1757638504371 0.13733836600266972 127
1757638504465 0.005083948422960464 128
1757638504558 0.04598049350202295 129
1757638504651 0.018411851443682303 130
1757638504743 0.008598956330668678 131
1757638504835 0.18195746111958652 132
1757638504930 0.04370652181879649 133
1757638505026 0.0006884745360436771 134
1757638505119 0.1550598426935834 135
1757638505212 0.0036144356601397155 136
1757638505304 0.0017102833801141862 137
1757638505396 0.17212255989138678 138
1757638505488 0.018180301366697252 139
1757638505581 0.003900109580157641 140
1757638505673 0.025985866940005577 141
1757638505766 0.23851762628505388 142
1757638505868 0.00014299593287021164 143
1757638505967 0.009660105621801095 144
1757638506064 0.01338016354803958 145
1757638506156 0.2786944196891409 146
1757638506249 0.025702771938872205 147
1757638506343 0.03477664686172819 148
1757638506436 0.009598636576031607 149
1757638506528 0.040381851386749074 150
1757638506621 0.0780520954377514 151
1757638506713 0.004397234234952064 152
1757638506807 0.0005381637261423767 153
1757638506901 0.1472615734650056 154
1757638507000 0.05738226615219551 155
1757638507095 0.0024054362204858405 156
1757638507188 0.0030810171845052164 157
1757638507280 0.1765960401891246 158
1757638507375 0.012907069294216306 159
1757638507472 1.7125700536248856 160
1757638507637 0.0013796010359843546 161
1757638507741 0.02044795275151862 162
1757638507843 0.0075245619427631305 163
1757638507940 0.009378928854841222 164
1757638508038 0.00859260676216204 165
1757638508136 0.1770021043185786 166
1757638508232 0.3599201583179274 167
1757638508330 0.6263879930767074 168
1757638508426 0.06589071302083814 169
1757638508522 0.01680888554868505 170
1757638508618 0.6608883618903929 171
1757638508710 0.006869591849266805 172
1757638508803 0.04449486669964494 173
1757638508896 0.17615161320139597 174
1757638508993 0.20938024874553204 175
1757638509089 0.07786440736668349 176
1757638509183 0.01735093738297837 177
1757638509277 0.0645403183338677 178
1757638509371 0.0002148420498609517 179
1757638509466 0.008327834308314297 180
1757638509559 0.09197486264288099 181
1757638509652 0.2708039669747891 182
1757638509747 0.12515144959261545 183
1757638509841 0.0010659753794509434 184
1757638509936 0.09688288363186721 185
1757638510030 0.09576536969280457 186
1757638510123 0.08759458184808407 187
1757638510217 0.06570061415011336 188
1757638510311 0.41409700473853245 189
1757638510405 0.05858093423161403 190
1757638510500 0.008072818152639508 191
1757638510595 0.07137340849056015 192
1757638510689 0.002744087581337874 193
1757638510783 0.5276844963208924 194
1757638510877 0.1456888675514802 195
1757638510971 0.002746567833170008 196
1757638511073 0.0262341869674607 197
1757638511168 0.09249664376807933 198
1757638511261 0.00032002833111835727 199
1757638511355 0.002258345387815158 200
1757638511449 0.005204908111585972 201
1757638511543 0.0014634192799317831 202
1757638511638 0.5494592148865088 203
1757638511734 0.007344760073533287 204
1757638511841 0.14898301937187639 205
1757638511938 0.01711972401489359 206
1757638512034 0.12103866390883307 207
1757638512130 0.009900804541273754 208
1757638512223 0.16426374040057132 209
1757638512318 0.3150274460394433 210
1757638512413 0.3667634759583438 211
1757638512517 0.01632592967410453 212
1757638512615 0.381984622373844 213
1757638512713 0.04286332588741672 214
1757638512812 0.31548743443746485 215
1757638512908 0.4004408089034748 216
1757638513005 0.29566498663867663 217
1757638513108 1.0450361374590436 218
1757638513204 0.14868890249874359 219
1757638513298 0.05076941714978131 220
1757638513394 0.014464759912854857 221
1757638513488 0.05985309628782823 222
1757638513585 0.09139169962457684 223
1757638513680 0.0836969986102557 224
1757638513776 0.1853279937661036 225
1757638513872 0.0016552347617689292 226
1757638513969 0.7073246634274932 227
1757638514111 0.18232410683102723 228
1757638514212 0.003291475802673004 229
1757638514311 0.2724593999841985 230
1757638514410 0.04670944086656216 231
1757638514508 0.2667149176352875 232
1757638514605 0.012941958260217663 233
1757638514700 0.006603903101948072 234
1757638514795 0.6265373887382379 235
1757638514888 0.0006758882994941586 236
1757638514983 0.04700800092224994 237
1757638515082 0.2092868929887279 238
1757638515180 0.14829730873294059 239
1757638515276 0.14872001590995254 240
1757638515370 0.20366698843211112 241
1757638515465 0.12768316688279557 242
1757638515559 0.13710856729256557 243
1757638515654 0.1554269613901987 244
1757638515751 0.03135191199981958 245
1757638515845 0.6923686552725238 246
1757638515941 0.13885671814182068 247
1757638516036 0.0429909424850024 248
1757638516132 0.0033462275054894617 249
1757638516228 0.08359796498686656 250
1757638516323 0.2073861617597263 251
1757638516418 0.7894714916685036 252
1757638516513 0.022932413125644924 253
1757638516608 0.01559150615397678 254
1757638516704 0.05345052306751869 255
1757638516800 0.04109032090030827 256
1757638516896 0.08961797634355044 257
1757638516993 0.10208673920378823 258
1757638517092 0.4449687126245265 259
1757638517190 0.00247917333558041 260
1757638517286 0.12287860336600662 261
1757638517382 0.7108978473482178 262
1757638517483 0.008030133788705011 263
1757638517587 0.5783643138127896 264
1757638517685 0.409636251508127 265
1757638517783 0.1423398726134817 266
1757638517881 0.20398276634156937 267
1757638517978 0.11365806468318913 268
1757638518074 0.0010087559330965962 269
1757638518169 0.01099243521478025 270
1757638518265 0.17114425806517453 271
1757638518360 0.5932681342345124 272
1757638518456 0.15974582098919482 273
1757638518557 0.026615733612106195 274
1757638518654 0.005788329081026334 275
1757638518749 6.292780148865154e-07 276
1757638518848 0.11558365993323025 277
1757638518944 0.13735390512225315 278
1757638519040 0.2095254692866666 279
1757638519138 0.05757640939577916 280
1757638519236 0.015566186300196683 281
1757638519332 0.2686962426328258 282
1757638519428 0.0519255645818629 283
1757638519523 0.0011462836870663928 284
1757638519619 0.06396909737517459 285
1757638519715 0.015890306438808673 286
1757638519812 0.019391246762127546 287
1757638519908 0.1289930793343837 288
1757638520003 0.026316488132986024 289
1757638520099 0.14954984540135635 290
1757638520196 0.00021011006237745566 291
1757638520293 0.10470250446425744 292
1757638520390 0.0025349645274108266 293
1757638520486 0.04095037240676442 294
1757638520583 0.35543292872171706 295
1757638520677 0.06275245957674956 296
1757638520776 0.17122218354990112 297
1757638520872 0.2383770071256132 298
1757638520968 0.011562093769124752 299
1757638521064 0.0033098088635949044 300
1757638521163 0.00361633979463017 301
1757638521261 0.025655884672467842 302
1757638521358 0.020473474155485477 303
1757638521455 0.019701093643058946 304
1757638521552 0.2757690511052878 305
1757638521650 0.04089420481462585 306
1757638521749 0.18121284885429345 307
1757638521858 1.1238407274583755 308
1757638521959 0.006272829873615019 309
1757638522056 0.33391247145119357 310
1757638522154 0.005428552648129146 311
1757638522250 0.09615886329714449 312
1757638522347 0.08511370482481426 313
1757638522445 0.005413309903090775 314
1757638522557 0.1524868399822186 315
1757638522657 0.052052702352587674 316
1757638522756 0.051062688947620165 317
1757638522856 0.010040684184495682 318
1757638522954 0.09621805462845026 319
1757638523051 0.001007809053229396 320
1757638523149 0.6246905888790404 321
1757638523252 0.05642529092117917 322
1757638523350 0.12092729004241841 323
1757638523447 0.013612878312791066 324
1757638523545 0.5210327860758682 325
1757638523642 0.010450864859357747 326
1757638523739 0.0136270225697575 327
1757638523838 0.03304802579473221 328
1757638523935 0.17380272436966365 329
1757638524032 0.06198990103679739 330
1757638524128 4.286990255677125e-05 331
1757638524226 0.01747102132042941 332
1757638524324 0.01964917665074471 333
1757638524423 0.2618503577708161 334
1757638524520 0.3650777408110011 335
1757638524617 0.33698268549485966 336
1757638524714 0.0015104034617858613 337
1757638524812 0.03646440157100507 338
1757638524910 7.110758181533726e-05 339
1757638525008 0.001268125150247378 340
1757638525106 0.10598035285428817 341
1757638525206 0.026059556482833954 342
1757638525305 0.10087652190554644 343
1757638525403 0.717369792439694 344
1757638525501 0.000991928926507038 345
1757638525600 0.0027775341162029903 346
1757638525697 0.07295962560450434 347
1757638525795 0.00027210169603424556 348
1757638525893 0.2847919598402915 349
1757638525991 0.0478679811603131 350
1757638526088 0.03528787355459179 351
1757638526186 0.44283007494486326 352
1757638526283 0.9301665975269443 353
1757638526381 0.07572378494387952 354
1757638526477 0.007247813276751233 355
1757638526575 0.4709415190174321 356
1757638526673 0.008010428180723457 357
1757638526772 0.09924253594141905 358
1757638526869 0.009988582337579923 359
1757638526968 0.4834177721075841 360
1757638527064 0.0031611934409351687 361
1757638527163 0.030187521284639876 362
1757638527263 0.05549639205203759 363
1757638527364 0.007545752406289338 364
1757638527465 0.11228323648528638 365
1757638527576 0.013329819676818667 366
1757638527677 0.1793765479036087 367
1757638527778 1.7464026521440992 368
1757638527878 0.12214752354776667 369
1757638527977 0.12583452508956136 370
1757638528074 0.00031931619701426465 371
1757638528172 0.0024468751261091984 372
1757638528269 0.059568350179491546 373
1757638528368 0.057645685062003515 374
1757638528467 0.553726412989634 375
1757638528566 0.04270339783050188 376
1757638528666 0.16153618983106668 377
1757638528763 0.09688655541273028 378
1757638528861 0.20636001883362656 379
1757638528960 0.00018637246394891693 380
1757638529059 0.13250955485178043 381
1757638529157 0.06966024630433745 382
1757638529259 0.01273119699017039 383
1757638529401 0.7052371441922661 384
1757638529511 0.23755180116421656 385
1757638529613 0.00016766116846680427 386
1757638529716 0.3214132489097529 387
1757638529816 0.05580073361086335 388
1757638529916 0.04365658160821131 389
1757638530014 0.10831935337331529 390
1757638530113 0.01625072761756818 391
1757638530212 1.812360984151792e-05 392
1757638530311 0.005263021101076899 393
1757638530409 0.12686249668332064 394
1757638530508 0.1231026582147922 395
1757638530605 0.015874723712483926 396
1757638530706 0.3792935226480446 397
1757638530804 0.4016653488623789 398
1757638530903 0.001508161827827479 399
1757638531001 1.8313032341969897 400
1757638531101 0.5299911975227232 401
1757638531201 0.07374373928094712 402
1757638531302 0.01663022743540068 403
1757638531404 0.013047963734501298 404
1757638531504 0.5700107356315408 405
1757638531604 0.014101236939947994 406
1757638531703 0.10310543237261868 407
1757638531805 2.2942160891024317e-05 408
1757638531907 0.2661572770698508 409
1757638532009 0.015503112280545513 410
1757638532110 0.26608015057574935 411
1757638532209 0.33251673655115915 412
1757638532308 0.0006268831626618133 413
1757638532406 0.0807042426897765 414
1757638532514 0.0021607489578151623 415
1757638532617 0.21543182813677392 416
1757638532719 0.797963573106429 417
1757638532820 0.3724416117614059 418
1757638532921 0.11908800713832524 419
1757638533023 0.01274978132785315 420
1757638533123 0.00853387676217552 421
1757638533223 0.04717827483909167 422
1757638533324 0.6385984178569224 423
1757638533508 0.42954118952101805 424
1757638533613 0.006695965854889708 425
1757638533716 0.15187242472379509 426
1757638533819 0.025046196205357012 427
1757638533922 0.09303673383757684 428
1757638534024 0.18834909259531815 429
1757638534126 0.0035243583491946337 430
1757638534226 0.03995204419565301 431
1757638534327 0.008874315490385355 432
1757638534428 0.0014530189738439373 433
1757638534526 0.007538462725585712 434
1757638534626 0.19847899778934155 435
1757638534725 0.4885532114884718 436
1757638534825 0.20263369791364538 437
1757638534924 0.024916201217200666 438
1757638535024 0.03878492915060368 439
1757638535124 0.013308148106042226 440
1757638535234 0.005198958245068316 441
1757638535336 0.026836368783754512 442
1757638535443 0.3890880408417848 443
1757638535544 0.028321752181775777 444
1757638535645 0.027740892479808724 445
1757638535744 0.18630681185320264 446
1757638535845 0.02119041168992839 447
1757638535944 0.08336490281838028 448
1757638536045 0.01406982929331315 449
1757638536144 0.05727807468620269 450
1757638536244 0.7013696381627315 451
1757638536343 0.03661496540862833 452
1757638536443 0.00909537507577583 453
1757638536542 0.06030304186144865 454
1757638536643 0.15241259599586784 455
1757638536743 0.7573398988458294 456
1757638536844 0.08723062837104799 457
1757638536944 0.34941312750468156 458
1757638537043 0.2472788701919402 459
1757638537142 0.1264542241403566 460
1757638537243 0.09104157392055527 461
1757638537343 0.3338330236478938 462
1757638537457 0.1755547536722221 463
1757638537572 0.006009837026365141 464
1757638537675 1.253520199158813 465
1757638537779 0.35446549896030105 466
1757638537882 0.19889302230713515 467
1757638537984 0.011554842716137522 468
1757638538085 0.04217297942543643 469
1757638538185 0.30307346294452814 470
1757638538285 0.674819135917824 471
1757638538386 0.007274147484644596 472
1757638538486 0.01938890115958402 473
1757638538589 0.003080717581970831 474
1757638538689 0.15295419391888002 475
1757638538791 0.02349641600204908 476
1757638538891 0.6577892273584434 477
1757638538992 0.05459281944945692 478
1757638539093 0.011960469814866724 479
1757638539192 0.16417882770244088 480
1757638539293 0.23705939978835353 481
1757638539393 0.006187416232006246 482
1757638539499 0.04782538209857814 483
1757638539601 0.012688192191384461 484
1757638539706 0.000473288797873245 485
1757638539807 0.22866236579336266 486
1757638539908 0.004280474587376793 487
1757638540012 0.0018808745657373318 488
1757638540114 0.003196483589232387 489
1757638540215 0.010942296299550468 490
1757638540316 0.0015783941834611908 491
1757638540417 0.21911153518824714 492
1757638540517 0.003251078041285931 493
1757638540617 0.0794695305912704 494
1757638540719 0.0004797674586540893 495
1757638540820 0.002428551912265966 496
1757638540920 0.13433110136383397 497
1757638541020 0.20131484819083095 498
1757638541121 0.04551536994687221 499
