1757645025796 0.7802545235303857 0
1757645025892 0.0006759248315923419 1
1757645025989 0.006719141847945982 2
1757645026083 0.06460006588964433 3
1757645026177 0.025488272621077925 4
1757645026295 0.0003759433919780975 5
1757645026551 0.04679062694874883 6
1757645026722 0.011410210007661644 7
1757645026819 0.015414126125181562 8
1757645026914 0.294132756997975 9
1757645027013 0.018908719021034075 10
1757645027111 0.6157688281086726 11
1757645027206 0.005926848464421651 12
1757645027300 0.026762892443557815 13
1757645027396 4.2738746814757775e-07 14
1757645027490 0.17014482769215275 15
1757645027590 0.03457262744430383 16
1757645027690 0.032362112548715946 17
1757645027784 0.2546586008172452 18
1757645027879 0.15183172938556794 19
1757645027975 7.879638195484168e-06 20
1757645028072 0.16286400171042734 21
1757645028168 0.3040804258560655 22
1757645028262 0.18840021302924928 23
1757645028357 0.004024281596079852 24
1757645028452 0.0003178057354548102 25
1757645028546 0.029811950850014347 26
1757645028642 0.04023269393228934 27
1757645028738 0.0005543246338570712 28
1757645028852 0.4019684061063525 29
1757645028950 0.0008413910697690105 30
1757645029043 0.1074182766525054 31
1757645029138 0.007260733639111696 32
1757645029233 0.29359103596213193 33
1757645029328 0.07381240328109283 34
1757645029423 0.011968071327915022 35
1757645029519 0.17053514695852873 36
1757645029613 0.06579634238884996 37
1757645029715 0.21930592674618438 38
1757645029809 0.012401530909296517 39
1757645029906 0.014501337418414563 40
1757645030003 0.019307877957043945 41
1757645030098 0.3038031902423166 42
1757645030193 0.002059281544066894 43
1757645030289 0.24721817249682052 44
1757645030385 0.00011818552969723137 45
1757645030480 0.2721394378930191 46
1757645030575 0.12428468565894936 47
1757645030697 0.06125441274640988 48
1757645030794 0.0676718540770476 49
1757645030889 0.016728759998882008 50
1757645030983 0.38823092592337505 51
1757645031078 1.4554477039780176 52
1757645031173 0.001284730664675766 53
1757645031268 0.5072317800663028 54
1757645031364 0.057979485357367876 55
1757645031460 0.01230787149239342 56
1757645031556 0.3859992276797448 57
1757645031653 0.3435378819927127 58
1757645031756 0.4896642121213146 59
1757645031853 0.10153840790816313 60
1757645031949 0.014284786010926321 61
1757645032043 0.0159804434369206 62
1757645032139 0.024689266273022373 63
1757645032234 0.00034433929887427053 64
1757645032332 0.012217423357591503 65
1757645032428 0.004034545423550019 66
1757645032524 0.07194224676905644 67
1757645032620 0.007229264197826359 68
1757645032717 0.0008843663593420315 69
1757645032813 0.07401446633958944 70
1757645032908 0.34822849242561543 71
1757645033006 0.0008037619798816289 72
1757645033102 0.010452642344404333 73
1757645033198 0.41666816378744964 74
1757645033295 0.11408575886411501 75
1757645033390 0.0697759947334275 76
1757645033486 0.08275970699273447 77
1757645033582 0.04887096288395841 78
1757645033679 0.1489836646594398 79
1757645033802 3.927338118831888e-07 80
1757645033903 0.02020993034301821 81
1757645034000 0.4623219894365319 82
1757645034095 0.026695637853380638 83
1757645034191 0.009244486137852328 84
1757645034288 0.006203541677977777 85
1757645034386 0.09238387405571571 86
1757645034481 0.1762175501145459 87
1757645034577 0.3839994374661707 88
1757645034678 0.21812742818027495 89
1757645034775 0.1426475312818396 90
1757645034874 0.03550577858377196 91
1757645034975 0.13696550665678028 92
1757645035073 0.0011824162277354548 93
1757645035171 0.017161361744109035 94
1757645035267 0.28105499548890833 95
1757645035364 0.01345836403733639 96
1757645035462 0.01765428558388678 97
1757645035557 0.9032214068208275 98
1757645035654 0.148013736100202 99
1757645035757 0.052417978599019324 100
1757645035857 0.0021827191382673373 101
1757645035960 0.014907574771974828 102
1757645036135 0.0011295459625902502 103
1757645036238 0.09993015515863103 104
1757645036338 0.05835735066725741 105
1757645036437 0.0003304753028384616 106
1757645036723 0.22210407684679018 107
1757645036857 0.002686070242501932 108
1757645036954 0.023881579972820973 109
1757645037056 0.060372694588579315 110
1757645037157 0.06871623842105956 111
1757645037254 0.07741491908481665 112
1757645037352 0.0017694923236710556 113
1757645037465 0.20733401299456006 114
1757645037564 0.0058470143661769405 115
1757645037661 0.17223566704677232 116
1757645037759 0.3003585823363091 117
1757645037862 0.03556009911076586 118
1757645037959 0.020541786683162356 119
1757645038056 1.0852715650610925 120
1757645038154 0.003396148763025963 121
1757645038250 0.18063506278295594 122
1757645038348 0.08216773391902168 123
1757645038444 0.07463688643416633 124
1757645038540 0.0011596116322087062 125
1757645038638 0.02305283726355686 126
1757645038735 0.12649154214737285 127
1757645038851 0.16421616461062755 128
1757645038950 0.016137334240526713 129
1757645039048 0.36388436058912804 130
1757645039145 0.1571939600857595 131
1757645039243 0.0027247483669382575 132
1757645039343 0.07417909703746596 133
1757645039444 0.0018620291761892714 134
1757645039546 0.027007029782270854 135
1757645039646 0.010327716547302876 136
1757645039745 0.8124483384255801 137
1757645039855 0.02157529744217737 138
1757645039956 0.3484361920673924 139
1757645040057 0.029085936076027906 140
1757645040164 0.5069974371888746 141
1757645040269 0.1298574472711543 142
1757645040371 0.30415393975998495 143
1757645040473 0.18428331455951866 144
1757645040572 0.14868601576298973 145
1757645040669 0.1935551470203616 146
1757645040768 0.033262507432237576 147
1757645040871 0.060422806438603045 148
1757645040975 0.06393101351434875 149
1757645041080 0.05216615240705423 150
1757645041186 0.07616414641780674 151
1757645041289 0.02548979377040693 152
1757645041395 0.10655096590993123 153
1757645041493 0.24083058833179075 154
1757645041591 3.1484099237686515e-05 155
1757645041688 0.5131253568405225 156
1757645041793 0.029459002296864628 157
1757645041902 0.11109870864132604 158
1757645042004 0.1238649718207632 159
1757645042103 0.011717802395698633 160
1757645042200 0.12004249473529971 161
1757645042297 0.28500375745895873 162
1757645042397 0.1443827434492268 163
1757645042494 0.039948930730384614 164
1757645042591 0.015102949942972982 165
1757645042688 0.010882800966261803 166
1757645042786 0.03364782079451521 167
1757645042883 0.10490574049804403 168
1757645042981 0.8029367739701727 169
1757645043078 0.13394738093109373 170
1757645043175 0.24587878065541915 171
1757645043274 0.1435052334628019 172
1757645043372 0.049722015523129916 173
1757645043470 0.00711310217255018 174
1757645043567 0.2693484993226109 175
1757645043664 0.05365433156807609 176
1757645043776 0.24097111008288313 177
1757645043897 0.024752300518430942 178
1757645044000 0.14832339681689544 179
1757645044095 0.1822675288440902 180
1757645044193 0.2689025352064572 181
1757645044290 0.6345287770059359 182
1757645044388 0.02758149388961282 183
1757645044487 0.016405391285488787 184
1757645044583 0.5432932062327804 185
1757645044684 0.7929202356683338 186
1757645044781 0.017829154807240673 187
1757645044883 0.14443752529987122 188
1757645044982 0.035585970926261014 189
1757645045080 0.8167886570275568 190
1757645045178 0.05701186606567888 191
1757645045281 0.01671579140570564 192
1757645045380 0.05741079087579033 193
1757645045479 0.08270666116661304 194
1757645045581 0.4159854795968075 195
1757645045679 0.7039187063530952 196
1757645045786 0.31194956460253925 197
1757645045892 0.02333983956154528 198
1757645046001 0.0031635776782056326 199
1757645046100 0.11799399625117032 200
1757645046198 0.2678095463329156 201
1757645046296 0.000930499584550627 202
1757645046398 0.019570094539153877 203
1757645046496 0.019588487265457196 204
1757645046594 0.0551658124527397 205
1757645046692 0.16831212594904213 206
1757645046791 0.33495258902509584 207
1757645046891 0.001172970560283055 208
1757645046989 0.035928328316233576 209
1757645047087 0.04542539488177431 210
1757645047185 0.5713919094433091 211
1757645047284 0.085164047605538 212
1757645047382 0.011288547226427746 213
1757645047480 0.0379551074738438 214
1757645047579 0.0037901838653907173 215
1757645047676 0.204282050702763 216
1757645047775 0.18831310526912232 217
1757645047873 0.08473282043990035 218
1757645047977 0.04231624175741095 219
1757645048077 0.07764093945824373 220
1757645048175 0.05120759888100339 221
1757645048274 0.8583504775529136 222
1757645048373 0.0097279375743466 223
1757645048472 0.024699921662313874 224
1757645048571 0.05760099193828078 225
1757645048671 0.3785919724705333 226
1757645048776 0.03547966073486276 227
1757645048885 0.15722381556133413 228
1757645048984 0.0002465961095006811 229
1757645049082 0.06172521274754307 230
1757645049180 0.16093974113479972 231
1757645049279 0.007294471713273509 232
1757645049378 0.4264958221660381 233
1757645049477 0.3215955716121401 234
1757645049749 0.09415344486376113 235
1757645049860 0.18282523704554113 236
1757645049970 0.00011937450001414975 237
1757645050080 0.004619944116072785 238
1757645050180 3.1318460441565125e-05 239
1757645050281 0.0645636088176765 240
1757645050381 0.32037995508733885 241
1757645050480 0.21827684212367535 242
1757645050579 0.07184419387985443 243
1757645050680 0.02646727986340101 244
1757645050778 0.008660080949308743 245
1757645050878 0.02754494386664365 246
1757645051126 0.004628813984933858 247
1757645051228 0.02297162321504366 248
1757645051328 0.1750349597711899 249
1757645051428 0.002884272147397597 250
1757645051527 0.36430641025239585 251
1757645051627 0.07185739593900688 252
1757645051745 0.04403676913972848 253
1757645051892 0.006749656710455501 254
1757645051993 0.0004890789606324569 255
1757645052099 0.0021809571639376645 256
1757645052201 0.016544525097139207 257
1757645052367 0.0021688364220776505 258
1757645052472 0.01099029517929121 259
1757645052577 2.6040150414938112e-05 260
1757645052677 0.1489310257998923 261
1757645052777 0.06477829154250488 262
1757645052878 0.00844191264724402 263
1757645052978 0.30052865695861175 264
1757645053079 0.0031637580985666913 265
1757645053179 0.02453988972823432 266
1757645053278 0.41378004995296347 267
1757645053376 0.048540367833735935 268
1757645053476 0.0008407953670657406 269
1757645053576 0.2683072993208271 270
1757645053676 0.012558986042296945 271
1757645053811 0.008726531761975563 272
1757645053918 0.00012553767943126564 273
1757645054019 0.024904338475776607 274
1757645054125 0.00245039802729585 275
1757645054224 0.2604920827975789 276
1757645054324 0.24335605409983152 277
1757645054425 0.009089617173654339 278
1757645054526 0.008444351096474229 279
1757645054627 0.0007348795368097926 280
1757645054728 0.07258518092204815 281
1757645054829 0.2792953171562388 282
1757645054932 0.09495628985630454 283
1757645055031 0.07929882539962724 284
1757645055134 0.9405464304668084 285
1757645055239 0.004408865458402171 286
1757645055344 0.11351892254938362 287
1757645055446 0.057072517643868864 288
1757645055546 0.39936016180662903 289
1757645055647 0.18392685831087574 290
1757645055750 0.3477826430463006 291
1757645055857 0.12667002201458305 292
1757645055957 0.3307464748761368 293
1757645056063 0.14022654300293247 294
1757645056176 0.02553402862144529 295
1757645056278 0.004350835122440176 296
1757645056382 0.1181178162506956 297
1757645056484 0.00041573901789669675 298
1757645056589 0.5696574881573888 299
1757645056692 0.10167693824814855 300
1757645056793 0.0729073977600461 301
1757645056896 0.06461669791393695 302
1757645056999 0.09526136745871226 303
1757645057106 0.0002043823955611328 304
1757645057208 0.005635067084747533 305
1757645057310 0.05928025648886933 306
1757645057415 0.5825249075864266 307
1757645057519 0.003722844429804567 308
1757645057624 0.006612981246164152 309
1757645057728 0.06969974511558961 310
1757645057835 0.04423424933877672 311
1757645057943 0.04980032453174908 312
1757645058046 1.7390606541522033e-05 313
1757645058159 0.009821823989990295 314
1757645058266 0.002283360559691199 315
1757645058371 0.0010761305087097887 316
1757645058476 0.02300421088214079 317
1757645058578 0.000670064082776649 318
1757645058678 0.1591693487877522 319
1757645058792 0.0615595569696023 320
1757645058906 0.27241650560201 321
1757645059009 0.10012132569145314 322
1757645059110 0.02023024298692281 323
1757645059212 0.005930824239237366 324
1757645059314 0.07588780135941134 325
1757645059419 0.0024402943918288202 326
1757645059524 0.003583343066711856 327
1757645059627 0.10249393864807299 328
1757645059729 0.3045825086952223 329
1757645059833 0.03514841820533901 330
1757645059935 0.05671355950040586 331
1757645060039 0.001490333426001918 332
1757645060141 0.02529209627223425 333
1757645060249 1.3404543741596997e-07 334
1757645060353 0.0018087076157036527 335
1757645060456 0.814408013164206 336
1757645060558 0.0609307145776822 337
1757645060660 0.002382856078139875 338
1757645060763 0.25091008167849693 339
1757645060864 0.015590487456976304 340
1757645060967 0.005526646507946582 341
1757645061069 0.006554526448914822 342
1757645061171 0.13197737083379618 343
1757645061273 0.011859004902321285 344
1757645061376 0.0821524258654074 345
1757645061479 0.7904269844983046 346
1757645061582 0.28328237738173695 347
1757645061685 0.0021722401717374005 348
1757645061786 0.13375154715217627 349
1757645061888 0.024846776243112146 350
1757645061990 0.028953640204544644 351
1757645062093 0.8487234226186074 352
1757645062197 0.524841295688033 353
1757645062307 0.07597543830959348 354
1757645062413 0.09962299464894367 355
1757645062516 0.004280709139606809 356
1757645062619 0.10571256381368488 357
1757645062721 0.002916608582850566 358
1757645062823 0.014055118590551407 359
1757645062926 0.10742916418286352 360
1757645063029 0.024828011564994923 361
1757645063133 0.015046093476314611 362
1757645063234 0.0003687464769913507 363
1757645063338 0.026250293719937673 364
1757645063441 6.532375409598869e-06 365
1757645063544 0.31537969527876925 366
1757645063648 0.08860722789048862 367
1757645063753 0.17998771268956282 368
1757645063886 0.5232574500868131 369
1757645063990 0.4939987612513628 370
1757645064093 0.006124498552791779 371
1757645064197 0.031710258350411885 372
1757645064304 0.0032548715965812934 373
1757645064408 0.002765196628968884 374
1757645064511 0.559248394342093 375
1757645064614 0.2851226022153601 376
1757645064716 0.019970336475791686 377
1757645064819 0.16262511952925415 378
1757645064925 0.04756638670081856 379
1757645065029 0.0003133131080406841 380
1757645065131 0.02582420326813639 381
1757645065235 0.062404022791043776 382
1757645065337 0.12666785983857706 383
1757645065441 0.6296519491556111 384
1757645065544 0.3615075064614704 385
1757645065648 0.09486353686375819 386
1757645065755 0.006703391141708809 387
1757645065861 0.765479578630209 388
1757645065966 0.04405896911155862 389
1757645066069 0.1696142662797333 390
1757645066171 0.36589656820979316 391
1757645066275 0.0011245693706460904 392
1757645066395 0.013199379141278706 393
1757645066499 0.25401662334602204 394
1757645066602 0.04753897945670767 395
1757645066709 0.10767438785643987 396
1757645066812 0.05041633328149491 397
1757645066916 0.0036513162139151945 398
1757645067020 0.02596183097653587 399
1757645067124 0.013493802969021371 400
1757645067227 0.08424438005745995 401
1757645067332 0.7987607745819846 402
1757645067436 0.21954350861330715 403
1757645067541 6.874417744580153e-06 404
1757645067645 0.44883291089939203 405
1757645067748 0.05845548938190662 406
1757645067852 0.08336717226915526 407
1757645067957 0.015954546927441728 408
1757645068060 0.062424379646305095 409
1757645068165 0.01735080987349665 410
1757645068270 0.2936808147125043 411
1757645068380 0.02555980494930276 412
1757645068485 0.8548816654160388 413
1757645068591 0.1796156802201317 414
1757645068695 0.04302291353477475 415
1757645068809 0.02665846362440079 416
1757645068915 0.0513309736941115 417
1757645069029 0.4987400339211991 418
1757645069132 0.07713790422366976 419
1757645069237 0.006745885123591667 420
1757645069344 0.11039916033303347 421
1757645069449 0.007681508729572183 422
1757645069552 1.6383008970948973 423
1757645069656 0.00029076824726270684 424
1757645069760 0.011277486630443952 425
1757645069877 0.05508802923431019 426
1757645069984 0.09198540076198243 427
1757645070088 0.16044005793218563 428
1757645070191 0.02369088579689582 429
1757645070296 4.7613901566144026e-05 430
1757645070508 0.7356331785737058 431
1757645070617 0.0032673715700897764 432
1757645070722 0.0005590813627837948 433
1757645070827 0.01930637244065739 434
1757645070935 0.6567297024736051 435
1757645071040 0.0015300093769878831 436
1757645071144 0.009726846787917782 437
1757645071249 0.057213307696856584 438
1757645071353 0.10782741134399144 439
1757645071458 1.236050125534285 440
1757645071563 0.7416394999608212 441
1757645071668 0.00020000336778325722 442
1757645071773 0.0036506290266430288 443
1757645071877 0.15071685586558942 444
1757645071984 0.0031284483008584274 445
1757645072090 0.3839814339977427 446
1757645072195 0.1304938113008624 447
1757645072301 0.0005627452886814582 448
1757645072407 0.002538679025614859 449
1757645072516 0.0012080453274803907 450
1757645072621 0.07354978748450416 451
1757645072726 0.00018193631753820726 452
1757645072832 0.09357492238726035 453
1757645072937 0.0015935448437736628 454
1757645073042 0.038661801560354946 455
1757645073148 0.2919656490067393 456
1757645073254 0.03793466877758469 457
1757645073359 0.13668837917999382 458
1757645073465 0.8425909508485037 459
1757645073570 0.20663214392636445 460
1757645073675 0.01672838640739122 461
1757645073803 0.01833359975560609 462
1757645073914 0.5315609184066216 463
1757645074020 0.019509546522623985 464
1757645074127 0.05230247588981444 465
1757645074232 0.10649318276241786 466
1757645074337 0.03705249502256107 467
1757645074443 0.038805828188867506 468
1757645074553 0.36351032401489924 469
1757645074659 0.08231128140909416 470
1757645074765 5.3348961632406894e-05 471
1757645074873 0.010783085728920228 472
1757645074979 0.021838000569746874 473
1757645075086 0.0315604640490923 474
1757645075190 7.720743129378693e-05 475
1757645075295 0.00033382423655088184 476
1757645075401 0.0886374429244212 477
1757645075523 0.11440210712986403 478
1757645075705 0.1280642566449628 479
1757645075816 1.1407022530785325 480
1757645075924 0.07529730180971139 481
1757645076030 0.006689194916182914 482
1757645076138 0.003828213446849594 483
1757645076243 0.06960371610489134 484
1757645076350 0.47761656000401775 485
1757645076456 0.14154628543199943 486
1757645076567 0.21968446906855493 487
1757645076673 0.1062250266260135 488
1757645076780 0.5100222840746649 489
1757645076885 0.002438003294576846 490
1757645076991 0.00993659574173471 491
1757645077098 0.45462447635944553 492
1757645077203 0.007409754974201445 493
1757645077310 0.04448642430365627 494
1757645077427 0.2717078846898912 495
1757645077535 0.002157282035952138 496
1757645077640 0.7953627438245614 497
1757645077747 0.002292645794657674 498
1757645077852 0.14605688712725962 499
