1757650047661 19.137730044525963 0
1757650047780 5.4515143564228605 1
1757650047902 0.724196856107167 2
1757650048014 0.15099075842567852 3
1757650048127 0.42505352791618345 4
1757650048246 1.7886473196926393 5
1757650048359 0.020624645768570017 6
1757650048472 0.047322971220852 7
1757650048582 0.23588593775739794 8
1757650048695 0.25558139724619183 9
1757650048806 0.03904311959420624 10
1757650048922 0.06201473289217478 11
1757650049036 0.08786776576817586 12
1757650049149 0.003377043569263323 13
1757650049259 6.0990227446325e-05 14
1757650049370 0.01460679881728751 15
1757650049482 0.4134684448565413 16
1757650049593 0.2696936634716341 17
1757650049709 0.05298612809804191 18
1757650049837 0.0024001194065503763 19
1757650049953 0.025330974598582214 20
1757650050069 0.07328023799496144 21
1757650050184 0.5666856076108926 22
1757650050305 0.002725230300419922 23
1757650050420 8.120838042852014e-06 24
1757650050533 0.05183912294216914 25
1757650050645 0.061004012099171806 26
1757650050756 0.059629360488905346 27
1757650050869 1.8599266667309153 28
1757650050979 0.046730376346383946 29
1757650051090 0.07894274082044661 30
1757650051202 0.020089129555201753 31
1757650051313 0.014761075651706144 32
1757650051426 0.13753286736883838 33
1757650051629 0.02746400479179574 34
1757650051776 0.02684160154945545 35
1757650051897 0.2002890912591196 36
1757650052015 0.16463826211508117 37
1757650052132 0.2322535500715752 38
1757650052252 0.008335100572351824 39
1757650052372 0.3612324671694388 40
1757650052490 0.0007633301024965239 41
1757650052604 0.4312263108252934 42
1757650052717 0.011000887984579414 43
1757650052829 0.047674110833955806 44
1757650052941 0.17279900238792556 45
1757650053054 0.305612936899947 46
1757650053167 0.3451289523960728 47
1757650053279 0.001523937696601489 48
1757650053392 0.04395533317441267 49
1757650053505 1.0575928305768136 50
1757650053623 0.0010622561830862054 51
1757650053735 0.09510641325016055 52
1757650053852 0.16293923549623565 53
1757650053965 0.01733192429164472 54
1757650054084 0.0022019909126202507 55
1757650054200 0.005234300728282699 56
1757650054318 0.0026951118649257816 57
1757650054435 0.011173290646107488 58
1757650054549 0.007537412984073867 59
1757650054662 0.04314184705144421 60
1757650054795 0.031812317336082224 61
1757650054913 0.11019586362695113 62
1757650055030 0.04413556182561372 63
1757650055154 0.5553780847733982 64
1757650055274 0.12624448323264595 65
1757650055407 0.011699924723132051 66
1757650055524 2.6154074412322617 67
1757650055646 0.8549461041660374 68
1757650055766 0.0031353646637501532 69
1757650055888 0.41408462152315567 70
1757650056002 0.0010233820008536296 71
1757650056117 0.0017887485043004514 72
1757650056230 1.45738121401352e-05 73
1757650056348 0.015808413108482997 74
1757650056467 0.09525514824850866 75
1757650056581 0.028060668664103495 76
1757650056695 0.0010527355196445949 77
1757650056807 1.012379527962709e-06 78
1757650056930 0.004515450264163631 79
1757650057044 0.0003816264253674194 80
1757650057156 0.046871504180011826 81
1757650057269 0.0872871465425788 82
1757650057382 0.046778624026923295 83
1757650057497 0.10460685421625314 84
1757650057611 0.007001071221938392 85
1757650057725 0.0007965852343970253 86
1757650057870 0.0008050320026299621 87
1757650058055 0.19771365147184874 88
1757650058179 6.745107026606211e-05 89
1757650058296 0.05239058144986669 90
1757650058418 0.00643727387658262 91
1757650058536 0.4088847542620444 92
1757650058652 0.06693398235805603 93
1757650058770 0.018146802964703005 94
1757650058886 0.1262051116671004 95
1757650058999 0.0012380114558182167 96
1757650059112 0.09026833964396475 97
1757650059224 0.02707009181046751 98
1757650059338 0.0003680724904938426 99
1757650059452 0.09866851531053032 100
1757650059565 0.27518671472534895 101
1757650059677 1.1999200996207601e-05 102
1757650059809 0.037914305980063366 103
1757650059927 0.05927994452069979 104
1757650060045 0.0055699760571808294 105
1757650060161 0.00338627005482339 106
1757650060275 0.022995577999057635 107
1757650060389 0.5378303776213196 108
1757650060512 0.007472591083550193 109
1757650060627 0.0025847301504051683 110
1757650060742 0.25118743461000326 111
1757650060858 0.06085851561849766 112
1757650060973 0.1634233661486214 113
1757650061088 0.027171643237250888 114
1757650061202 0.00021510091752931137 115
1757650061314 0.01638513939830265 116
1757650061429 0.006398416462652614 117
1757650061542 0.0033469210530912975 118
1757650061657 0.19890018524983963 119
1757650061770 0.0018597338156244076 120
1757650061888 0.03436870222628048 121
1757650062001 0.010828528812268676 122
1757650062115 0.09532844121342657 123
1757650062230 0.105124607645125 124
1757650062342 0.03435878983065435 125
1757650062458 0.24725845092043805 126
1757650062577 0.10648045092419707 127
1757650062690 0.023781943812260422 128
1757650062805 0.061349279551705 129
1757650062919 0.04978179791994594 130
1757650063032 0.17119877281658766 131
1757650063146 0.10107163242730094 132
1757650063259 0.02878145631548126 133
1757650063372 0.04340888541545037 134
1757650063487 0.06936439248993757 135
1757650063601 0.325574399143395 136
1757650063715 0.005442469714714125 137
1757650063828 0.0332405943904874 138
1757650063942 0.08539543200626745 139
1757650064055 0.023082147641185328 140
1757650064175 0.11180595982228345 141
1757650064289 0.0001648717659134866 142
1757650064404 0.34754797619705713 143
1757650064526 0.03211335203146044 144
1757650064645 0.3754751490372766 145
1757650064770 0.0006533168690042048 146
1757650064891 0.00045278686028059367 147
1757650065010 0.09749409760844754 148
1757650065128 4.74135499549576e-05 149
1757650065245 0.15671549038292285 150
1757650065367 0.08672658527151339 151
1757650065487 0.03746672697734115 152
1757650065603 0.1706920961834251 153
1757650065718 0.024507178797226747 154
1757650065851 0.032925030928214326 155
1757650065971 0.21712416232861262 156
1757650066086 0.018743699158975235 157
1757650066201 0.029658269141656365 158
1757650066316 0.008457370435946273 159
1757650066431 0.004515066995482619 160
1757650066550 0.01810658415158649 161
1757650066667 0.01119707288975213 162
1757650066782 1.0421440956208265 163
1757650066896 0.0776592733430749 164
1757650067014 0.015999725937455196 165
1757650067129 0.01733400733495089 166
1757650067244 0.021457960439193367 167
1757650067359 0.16716354541854375 168
1757650067477 0.05786095419559478 169
1757650067601 0.06667085997201022 170
1757650067717 0.005127191081440519 171
1757650067831 0.0027882300691646016 172
1757650067948 0.07487363535475272 173
1757650068063 0.1594175556879829 174
1757650068178 0.581835902935528 175
1757650068293 0.13919541894814386 176
1757650068408 0.08454865552275392 177
1757650068524 0.004841231272032458 178
1757650068647 0.026516796239688886 179
1757650068763 0.12318369743728669 180
1757650068878 0.0004427269634411654 181
1757650068992 0.0995513095973813 182
1757650069108 0.00042421061102300363 183
1757650069223 0.008083005573446442 184
1757650069337 0.00012850057780408654 185
1757650069452 0.010880520980620792 186
1757650069566 0.06881427980055804 187
1757650069682 0.01079979808569821 188
1757650069816 0.06090213393489471 189
1757650069936 3.0385719051849192e-05 190
1757650070052 0.0019774437121589028 191
1757650070167 0.10200067768169449 192
1757650070282 0.09575726706798746 193
1757650070398 0.003177979468433073 194
1757650070514 0.010126979148602491 195
1757650070634 0.00939496829940531 196
1757650070752 0.016713210124745248 197
1757650070869 0.06293086492004164 198
1757650071011 0.04425032289142636 199
1757650071135 0.3876633012832431 200
1757650071255 0.0420900741511624 201
1757650071373 0.0940831869222719 202
1757650071493 0.09801316818707 203
1757650071608 0.7169466483856853 204
1757650071725 0.0012866451256634548 205
1757650071840 0.11616611170873697 206
1757650071955 0.26747365272888735 207
1757650072070 0.5073124930453414 208
1757650072185 0.0005850519706961494 209
1757650072299 0.015762572586795316 210
1757650072464 0.020528267130253644 211
1757650072588 0.04611841423250681 212
1757650072714 0.05179475523226606 213
1757650072834 9.19922562751067e-05 214
1757650072950 0.13090257353573184 215
1757650073067 0.14225888261564287 216
1757650073183 0.0012275696689090763 217
1757650073298 0.003994651903580767 218
1757650073414 0.1257669469932188 219
1757650073529 0.0008693784268074809 220
1757650073644 0.001439160733952054 221
1757650073760 0.37009001748975756 222
1757650073876 0.032627463176673935 223
1757650073991 0.5129844521727633 224
1757650074107 0.14755565191197315 225
1757650074223 0.3561921262329714 226
1757650074339 0.14914625060543057 227
1757650074456 0.00013799684038949057 228
1757650074573 0.006752379865803635 229
1757650074692 0.2506576420312413 230
1757650074832 0.10037821769388358 231
1757650074954 0.030093403762355114 232
1757650075073 0.09410583237192753 233
1757650075191 0.23482830797370016 234
1757650075309 0.0002609590483979159 235
1757650075440 0.0014250042602061367 236
1757650075558 0.07458195069050536 237
1757650075674 0.163077633943005 238
1757650075792 0.06578705356867559 239
1757650075909 0.4349670963715988 240
1757650076029 0.3269007246961618 241
1757650076146 0.11149445518959006 242
1757650076262 0.005877334092937581 243
1757650076378 0.027262293690087355 244
1757650076495 0.0007597201290540235 245
1757650076612 0.5752396036923558 246
1757650076734 0.009985877426931612 247
1757650076851 0.040904494767656036 248
1757650076969 0.15348015674539725 249
1757650077084 0.6526092144871133 250
1757650077201 0.007301050680276621 251
1757650077318 0.08265867300122462 252
1757650077435 0.0013580422943895837 253
1757650077551 0.004307455794288539 254
1757650077669 0.0009576144044745436 255
1757650077787 0.017357106391022857 256
1757650077906 0.03335773829740103 257
1757650078023 0.2842114988047612 258
1757650078140 0.08214891896110522 259
1757650078341 0.047590531199674116 260
1757650078466 0.17728818703371382 261
1757650078589 0.16933872767516558 262
1757650078712 0.3478704012499263 263
1757650078838 0.5418494815618192 264
1757650078955 0.05409537218373526 265
1757650079071 0.053150792499238 266
1757650079189 0.28419532893542043 267
1757650079307 0.02062548038326408 268
1757650079423 8.880625819698538e-07 269
1757650079540 0.026046082481401184 270
1757650079657 0.0009015615984664166 271
1757650079785 0.03852620551180104 272
1757650079909 0.0020822715453312933 273
1757650080032 0.5401866320049367 274
1757650080151 0.00039266901258758793 275
1757650080267 0.003385763879518745 276
1757650080384 1.8445532472507317e-05 277
1757650080501 0.9820263777670423 278
1757650080620 0.01180337518332666 279
1757650080737 0.0011803284521600707 280
1757650080865 0.0017236401254644331 281
1757650080983 0.8615126080938025 282
1757650081100 0.7754286512831746 283
1757650081217 0.25560131581669027 284
1757650081335 0.00031346494850473884 285
1757650081451 0.0006494920140714497 286
1757650081568 0.018404892144673717 287
1757650081686 0.010876697385134228 288
1757650081802 0.024479230672798134 289
1757650081920 0.000984243188545813 290
1757650082038 0.1314305465156986 291
1757650082155 0.041178101774667235 292
1757650082272 0.014332587011020128 293
1757650082389 0.0336100399416798 294
1757650082507 1.7457134609261057e-05 295
1757650082627 0.0009086735174595844 296
1757650082750 0.0018976431490263946 297
1757650082877 0.024864494406737662 298
1757650082998 0.7972052449837189 299
1757650083117 0.004267371688429372 300
1757650083235 0.052105953992843936 301
1757650083354 0.05345410238299908 302
1757650083472 0.2655106087215003 303
1757650083589 0.08161486559339479 304
1757650083706 0.14902556276148832 305
1757650083824 0.1624567467157819 306
1757650083942 0.15825240821709657 307
1757650084060 0.20402802102566825 308
1757650084177 0.05419701344908204 309
1757650084294 0.048622941994532196 310
1757650084412 0.23452520956145606 311
1757650084529 0.0011675933295603044 312
1757650084648 0.012192689493775569 313
1757650084773 0.037999520608235006 314
1757650084901 0.010774948018502444 315
1757650085024 0.09218055809025075 316
1757650085143 0.03509281363383982 317
1757650085261 0.02009507580982616 318
1757650085382 0.13404638134613997 319
1757650085506 0.001323771913421464 320
1757650085626 0.9935886332097537 321
1757650085749 0.03991109719160119 322
1757650085871 0.037176388993617665 323
1757650086010 5.670200991555247e-05 324
1757650086136 0.034310239173074 325
1757650086260 0.013455024593089358 326
1757650086379 0.04483660850694105 327
1757650086497 0.012076529064621078 328
1757650086616 0.11964629345885724 329
1757650086734 0.01731066509765907 330
1757650086852 0.08157688358419433 331
1757650086978 0.03815743382531062 332
1757650087097 0.0010454264776668786 333
1757650087215 0.0038004002744292564 334
1757650087335 0.024343119442696407 335
1757650087456 0.28631585213992494 336
1757650087574 0.002377944690866078 337
1757650087693 0.060638202617136504 338
1757650087812 0.02659274022200963 339
1757650087936 0.39709409196061346 340
1757650088058 0.007363808651675159 341
1757650088178 0.43255388983785004 342
1757650088298 0.7667362382406123 343
1757650088417 0.10357539157236952 344
1757650088535 1.6350691422003687 345
1757650088655 0.08402550436369452 346
1757650088775 0.5158777410770077 347
1757650088894 0.03189241544030989 348
1757650089019 0.015713176597997543 349
1757650089138 0.00024194397267984517 350
1757650089257 0.7233074354541046 351
1757650089376 0.10858608014823153 352
1757650089496 0.032426643370412386 353
1757650089614 0.0011971901848021117 354
1757650089736 0.007173204495479989 355
1757650089869 0.18729468508815447 356
1757650089993 0.0007773569458660421 357
1757650090115 0.0002820890716847745 358
1757650090234 0.1043208978238774 359
1757650090353 0.11062899887046213 360
1757650090471 0.07889199183695822 361
1757650090590 0.16519645445405953 362
1757650090710 0.0698938738696436 363
1757650090830 0.1392960998671602 364
1757650090952 0.7758841921369488 365
1757650091076 0.03790189775147007 366
1757650091195 0.061189095778275575 367
1757650091371 0.024195748662357564 368
1757650091501 0.6327664707994719 369
1757650091626 0.08966982830724166 370
1757650091748 0.13280314003069252 371
1757650091869 0.007988689716808883 372
1757650091987 0.049595418551789915 373
1757650092108 0.01046492562445371 374
1757650092227 0.0525038410853205 375
1757650092346 0.0021248357324473582 376
1757650092466 0.05095715304976366 377
1757650092585 2.632059337449718e-05 378
1757650092705 0.34488046895045704 379
1757650092825 0.17204823430338406 380
1757650092944 0.00025988192771302923 381
1757650093068 0.03710374895740478 382
1757650093187 0.002833759014758839 383
1757650093306 0.1258905783558889 384
1757650093428 0.23429645751863115 385
1757650093549 0.15471502354275482 386
1757650093669 0.03085542088825185 387
1757650093788 0.09194372477788783 388
1757650093906 0.006762511373639365 389
1757650094025 0.009816223748811453 390
1757650094147 0.020414818414290884 391
1757650094267 0.009882391880075678 392
1757650094387 0.26293770400035466 393
1757650094507 0.008755557662040328 394
1757650094627 0.04744949793311943 395
1757650094751 0.002111369348367029 396
1757650094881 0.006401474777385788 397
1757650095001 0.15409979715464422 398
1757650095130 0.02404236862873076 399
1757650095250 0.013607240110492386 400
1757650095374 9.536819731985671e-05 401
1757650095500 0.002514698354290568 402
1757650095621 0.2910059960257459 403
1757650095740 0.041673682858480214 404
1757650095863 0.0030404316395840287 405
1757650095984 3.2395476084654695e-05 406
1757650096106 0.06670586355196653 407
1757650096227 0.06196570062868171 408
1757650096349 0.028836466103238607 409
1757650096471 0.0027948575467588756 410
1757650096591 0.0004381624892090753 411
