1757641364005 173.72810666253602 0
1757641364054 173.38095803685752 1
1757641364102 173.03450529001094 2
1757641364153 172.6887470197702 3
1757641364208 172.34368182677062 4
1757641364256 171.99930831450263 5
1757641364303 171.6556250893059 6
1757641364352 171.3126307603632 7
1757641364400 170.97032393969468 8
1757641364452 170.6287032421517 9
1757641364500 170.2877672854109 10
1757641364556 169.9475146899684 11
1757641364608 169.6079440791337 12
1757641364659 169.26905407902385 13
1757641364708 168.93084331855758 14
1757641364756 168.59331042944947 15
1757641364803 168.25645404620388 16
1757641364851 167.92027280610927 17
1757641364899 167.58476534923236 18
1757641364947 167.24993031841208 19
1757641364995 166.91576635925406 20
1757641365043 166.58227212012468 21
1757641365091 166.24944625214522 22
1757641365142 165.91728740918614 23
1757641365190 165.58579424786134 24
1757641365239 165.25496542752236 25
1757641365288 164.92479961025276 26
1757641365336 164.59529546086213 27
1757641365385 164.26645164688068 28
1757641365433 163.93826683855337 29
1757641365482 163.61073970883422 30
1757641365531 163.28386893338063 31
1757641365578 162.95765319054786 32
1757641365626 162.63209116138324 33
1757641365675 162.30718152962052 34
1757641365741 161.98292298167434 35
1757641365792 161.6593142066345 36
1757641365842 161.3363538962605 37
1757641365891 161.01404074497586 38
1757641365941 160.69237344986254 39
1757641365990 160.37135071065543 40
1757641366039 160.05097122973677 41
1757641366089 159.73123371213055 42
1757641366137 159.41213686549716 43
1757641366186 159.09367940012768 44
1757641366233 158.77586002893847 45
1757641366282 158.4586774674657 46
1757641366331 158.14213043385985 47
1757641366380 157.8262176488802 48
1757641366429 157.51093783588945 49
1757641366478 157.19628972084828 50
1757641366528 156.88227203230983 51
1757641366583 156.56888350141435 52
1757641366634 156.25612286188382 53
1757641366684 155.94398885001655 54
1757641366733 155.6324802046817 55
1757641366782 155.3215956673141 56
1757641366829 155.01133398190865 57
1757641366879 154.7016938950152 58
1757641366929 154.39267415573312 59
1757641366978 154.08427351570595 60
1757641367028 153.77649072911618 61
1757641367077 153.46932455267975 62
1757641367125 153.16277374564118 63
1757641367177 152.85683706976775 64
1757641367227 152.55151328934468 65
1757641367276 152.2468011711697 66
1757641367327 151.94269948454777 67
1757641367376 151.63920700128597 68
1757641367426 151.33632249568814 69
1757641367476 151.03404474454985 70
1757641367524 150.73237252715305 71
1757641367575 150.431304625261 72
1757641367624 150.1308398231131 73
1757641367745 149.83097690741948 74
1757641367805 149.53171466735634 75
1757641367859 149.23305189456028 76
1757641367921 148.9349873831236 77
1757641367989 148.63751992958896 78
1757641368044 148.34064833294428 79
1757641368099 148.04437139461783 80
1757641368152 147.7486879184729 81
1757641368204 147.45359671080288 82
1757641368255 147.15909658032615 83
1757641368306 146.8651863381812 84
1757641368357 146.57186479792134 85
1757641368408 146.27913077550974 86
1757641368459 145.98698308931463 87
1757641368510 145.69542056010394 88
1757641368562 145.40444201104074 89
1757641368618 145.1140462676778 90
1757641368670 144.82423215795302 91
1757641368721 144.5349985121841 92
1757641368772 144.24634416306407 93
1757641368824 143.95826794565585 94
1757641368875 143.67076869738762 95
1757641368926 143.38384525804778 96
1757641368976 143.09749646978034 97
1757641369030 142.81172117707942 98
1757641369081 142.52651822678502 99
1757641369131 142.24188646807775 100
1757641369181 141.95782475247407 101
1757641369232 141.67433193382152 102
1757641369282 141.39140686829376 103
1757641369334 141.10904841438585 104
1757641369383 140.82725543290928 105
1757641369433 140.5460267869873 106
1757641369483 140.2653613420502 107
1757641369533 139.98525796583016 108
1757641369584 139.70571552835693 109
1757641369635 139.42673290195276 110
1757641369684 139.14830896122774 111
1757641369734 138.870442583075 112
1757641369784 138.59313264666613 113
1757641369835 138.31637803344628 114
1757641369885 138.04017762712957 115
1757641369936 137.7645303136942 116
1757641369987 137.489434981378 117
1757641370038 137.21489052067363 118
1757641370088 136.94089582432392 119
1757641370139 136.66744978731705 120
1757641370190 136.39455130688225 121
1757641370240 136.1221992824848 122
1757641370291 135.85039261582165 123
1757641370343 135.5791302108166 124
1757641370419 135.30841097361585 125
1757641370485 135.0382338125833 126
1757641370537 134.768597638296 127
1757641370654 134.49950136353954 128
1757641370734 134.23094390330348 129
1757641370790 133.96292417477693 130
1757641370846 133.6954410973436 131
1757641370901 133.42849359257778 132
1757641370955 133.1620805842394 133
1757641371009 132.8962009982697 134
1757641371061 132.63085376278678 135
1757641371113 132.3660378080808 136
1757641371165 132.10175206660975 137
1757641371217 131.83799547299498 138
1757641371270 131.57476696401653 139
1757641371322 131.31206547860884 140
1757641371375 131.04988995785618 141
1757641371427 130.7882393449883 142
1757641371479 130.52711258537593 143
1757641371537 130.26650862652633 144
1757641371589 130.006426418079 145
1757641371639 129.7468649118011 146
1757641371691 129.4878230615833 147
1757641371746 129.22929982343499 148
1757641371798 128.97129415548036 149
1757641371849 128.71380501795372 150
1757641371900 128.45683137319523 151
1757641371951 128.20037218564661 152
1757641372005 127.94442642184673 153
1757641372056 127.68899305042729 154
1757641372108 127.4340710421085 155
1757641372161 127.17965936969478 156
1757641372212 126.92575700807046 157
1757641372264 126.67236293419545 158
1757641372316 126.41947612710106 159
1757641372368 126.16709556788551 160
1757641372419 125.91522023970992 161
1757641372471 125.66384912779388 162
1757641372522 125.41298121941126 163
1757641372575 125.16261550388603 164
1757641372637 124.91275097258787 165
1757641372690 124.66338661892814 166
1757641372750 124.4145214383555 167
1757641372803 124.1661544283518 168
1757641372857 123.91828458842795 169
1757641372914 123.67091092011958 170
1757641372979 123.42403242698299 171
1757641373032 123.1776481145909 172
1757641373088 122.93175699052831 173
1757641373144 122.68635806438851 174
1757641373197 122.44145034776865 175
1757641373250 122.19703285426583 176
1757641373304 121.95310459947292 177
1757641373357 121.70966460097443 178
1757641373411 121.46671187834244 179
1757641373464 121.22424545313241 180
1757641373518 120.98226434887928 181
1757641373575 120.74076759109319 182
1757641373628 120.49975420725553 183
1757641373682 120.25922322681491 184
1757641373735 120.01917368118293 185
1757641373788 119.77960460373036 186
1757641373840 119.54051502978298 187
1757641373891 119.3019039966176 188
1757641373943 119.06377054345795 189
1757641373998 118.82611371147082 190
1757641374053 118.58893254376201 191
1757641374106 118.35222608537227 192
1757641374158 118.11599338327333 193
1757641374233 117.88023348636405 194
1757641374292 117.64494544546632 195
1757641374348 117.41012831332117 196
1757641374402 117.17578114458482 197
1757641374508 116.94190299582463 198
1757641374567 116.70849292551542 199
1757641374625 116.47554999403529 200
1757641374683 116.2430732636618 201
1757641374738 116.01106179856812 202
1757641374801 115.77951466481909 203
1757641374860 115.54843093036729 204
1757641374918 115.31780966504918 205
1757641374975 115.08764994058134 206
1757641375030 114.85795083055639 207
1757641375084 114.62871141043934 208
1757641375140 114.3999307575636 209
1757641375194 114.17160795112724 210
1757641375248 113.94374207218911 211
1757641375302 113.71633220366499 212
1757641375357 113.48937743032383 213
1757641375411 113.26287683878392 214
1757641375466 113.03682951750913 215
1757641375520 112.81123455680503 216
1757641375575 112.58609104881515 217
1757641375629 112.36139808751726 218
1757641375682 112.13715476871954 219
1757641375734 111.91336019005688 220
1757641375788 111.69001345098702 221
1757641375841 111.46711365278695 222
1757641375894 111.24465989854905 223
1757641375947 111.02265129317745 224
1757641376000 110.80108694338429 225
1757641376054 110.57996595768599 226
1757641376107 110.35928744639952 227
1757641376160 110.13905052163882 228
1757641376214 109.91925429731099 229
1757641376266 109.69989788911265 230
1757641376320 109.48098041452631 231
1757641376374 109.26250099281667 232
1757641376427 109.04445874502694 233
1757641376480 108.82685279397526 234
1757641376533 108.60968226425099 235
1757641376587 108.39294628221114 236
1757641376640 108.17664397597669 237
1757641376694 107.960774475429 238
1757641376748 107.74533691220626 239
1757641376805 107.53033041969971 240
1757641376861 107.31575413305028 241
1757641376916 107.10160718914483 242
1757641376970 106.88788872661264 243
1757641377023 106.67459788582188 244
1757641377076 106.4617338088759 245
1757641377130 106.24929563960987 246
1757641377184 106.03728252358704 247
1757641377237 105.82569360809539 248
1757641377291 105.61452804214395 249
1757641377345 105.40378497645929 250
1757641377399 105.19346356348213 251
1757641377453 104.98356295736365 252
1757641377507 104.7740823139621 253
1757641377560 104.5650207908393 254
1757641377614 104.3563775472571 255
1757641377669 104.14815174417394 256
1757641377722 103.94034254424139 257
1757641377776 103.73294911180061 258
1757641377830 103.52597061287898 259
1757641377884 103.31940621518658 260
1757641377951 103.11325508811278 261
1757641378010 102.90751640272282 262
1757641378066 102.70218933175434 263
1757641378122 102.49727304961398 264
1757641378177 102.29276673237396 265
1757641378233 102.08866955776867 266
1757641378288 101.88498070519127 267
1757641378344 101.68169935569031 268
1757641378400 101.47882469196635 269
1757641378456 101.27635589836848 270
1757641378514 101.07429216089115 271
1757641378570 100.87263266717059 272
1757641378624 100.6713766064816 273
1757641378678 100.47052316973414 274
1757641378732 100.27007154946998 275
1757641378786 100.07002093985938 276
1757641378845 99.87037053669778 277
1757641378902 99.67111953740245 278
1757641378958 99.47226714100916 279
1757641379014 99.27381254816892 280
1757641379070 99.07575496114463 281
1757641379124 98.8780935838078 282
1757641379184 98.68082762163532 283
1757641379240 98.48395628170606 284
1757641379294 98.28747877269772 285
1757641379349 98.09139430488351 286
1757641379404 97.89570209012882 287
1757641379459 97.70040134188812 288
1757641379513 97.50549127520158 289
1757641379567 97.31097110669188 290
1757641379622 97.11684005456104 291
1757641379677 96.92309733858704 292
1757641379731 96.72974218012075 293
1757641379786 96.53677380208266 294
1757641379840 96.34419142895966 295
1757641379895 96.15199428680188 296
1757641379949 95.96018160321944 297
1757641380004 95.76875260737934 298
1757641380061 95.57770653000223 299
1757641380122 95.38704260335925 300
1757641380180 95.19676006126886 301
1757641380236 95.00685813909368 302
1757641380292 94.8173360737374 303
1757641380347 94.6281931036415 304
1757641380403 94.43942846878224 305
1757641380457 94.25104141066751 306
1757641380520 94.06303117233361 307
1757641380595 93.87539699834224 308
1757641380656 93.68813813477735 309
1757641380714 93.50125382924197 310
1757641380775 93.31474333085526 311
1757641380832 93.12860589024929 312
1757641380894 92.94284075956595 313
1757641380950 92.757447192454 314
1757641381009 92.57242444406579 315
1757641381066 92.38777177105443 316
1757641381123 92.20348843157053 317
1757641381180 92.01957368525929 318
1757641381237 91.83602679325737 319
1757641381295 91.65284701818987 320
1757641381350 91.47003362416724 321
1757641381405 91.28758587678244 322
1757641381461 91.10550304310763 323
1757641381516 90.92378439169144 324
1757641381572 90.74242919255576 325
1757641381627 90.56143671719283 326
1757641381683 90.3808062385622 327
1757641381741 90.20053703108783 328
1757641381798 90.02062837065492 329
1757641381854 89.84107953460718 330
1757641381911 89.66188980174364 331
1757641381966 89.4830584523158 332
1757641382022 89.30458476802465 333
1757641382077 89.1264680320177 334
1757641382132 88.94870752888605 335
1757641382188 88.77130254466147 336
1757641382244 88.59425236681336 337
1757641382300 88.41755628424599 338
1757641382356 88.24121358729545 339
1757641382413 88.06522356772678 340
1757641382468 87.88958551873105 341
1757641382524 87.71429873492242 342
1757641382580 87.5393625123354 343
1757641382648 87.3647761484217 344
1757641382706 87.19053894204758 345
1757641382763 87.0166501934908 346
1757641382820 86.84310920443791 347
1757641382875 86.66991527798119 348
1757641382949 86.49706771861601 349
1757641383011 86.32456583223775 350
1757641383069 86.15240892613913 351
1757641383128 85.98059630900725 352
1757641383186 85.80912729092081 353
1757641383243 85.63800118334727 354
1757641383301 85.46721729914 355
1757641383360 85.29677495253553 356
1757641383417 85.1266734591506 357
1757641383474 84.95691213597951 358
1757641383530 84.78749030139119 359
1757641383587 84.6184072751265 360
1757641383644 84.44966237829537 361
1757641383701 84.28125493337406 362
1757641383757 84.11318426420235 363
1757641383813 83.94544969598076 364
1757641383869 83.77805055526784 365
1757641383926 83.61098616997732 366
1757641383983 83.4442558693755 367
1757641384041 83.2778589840783 368
1757641384097 83.11179484604867 369
1757641384154 82.94606278859379 370
1757641384210 82.78066214636235 371
1757641384267 82.61559225534181 372
1757641384323 82.45085245285571 373
1757641384379 82.28644207756095 374
1757641384436 82.12236046944498 375
1757641384492 81.95860696982328 376
1757641384548 81.79518092133648 377
1757641384605 81.63208166794782 378
1757641384662 81.4693085549403 379
1757641384718 81.30686092891416 380
1757641384775 81.14473813778412 381
1757641384831 80.98293953077668 382
1757641384888 80.82146445842747 383
1757641384948 80.66031227257876 384
1757641385009 80.49948232637647 385
1757641385068 80.33897397426784 386
1757641385126 80.1787865719986 387
1757641385183 80.01891947661038 388
1757641385240 79.85937204643812 389
1757641385297 79.70014364110743 390
1757641385354 79.54123362153186 391
1757641385411 79.38264134991047 392
1757641385468 79.22436618972506 393
1757641385524 79.06640750573763 394
1757641385581 78.90876466398784 395
1757641385638 78.75143703179025 396
1757641385696 78.5944239777319 397
1757641385751 78.4377248716697 398
1757641385808 78.2813390847277 399
1757641385880 78.12526598929469 400
1757641385942 77.9695049590216 401
1757641386004 77.81405536881887 402
1757641386064 77.65891659485396 403
1757641386123 77.50408801454873 404
1757641386181 77.34956900657696 405
1757641386238 77.1953589508618 406
1757641386294 77.04145722857321 407
1757641386351 76.8878632221254 408
1757641386408 76.73457631517441 409
1757641386466 76.58159589261545 410
1757641386522 76.42892134058054 411
1757641386580 76.27655204643585 412
1757641386637 76.12448739877928 413
1757641386694 75.972726787438 414
1757641386752 75.82126960346584 415
1757641386809 75.67011523914088 416
1757641386867 75.51926308796295 417
1757641386924 75.36871254465116 418
1757641386987 75.21846300514142 419
1757641387047 75.06851386658397 420
1757641387105 74.91886452734087 421
1757641387162 74.76951438698372 422
1757641387220 74.6204628462909 423
1757641387277 74.47170930724543 424
1757641387335 74.32325317303237 425
1757641387392 74.17509384803635 426
1757641387450 74.02723073783929 427
1757641387507 73.87966324921781 428
1757641387564 73.73239079014088 429
1757641387621 73.58541276976746 430
1757641387678 73.43872859844392 431
1757641387736 73.29233768770186 432
1757641387793 73.14623945025548 433
1757641387851 73.00043329999939 434
1757641387911 72.85491865200602 435
1757641387983 72.7096949225234 436
1757641388043 72.56476152897265 437
1757641388103 72.42011788994576 438
1757641388162 72.27576342520298 439
1757641388223 72.1316975556707 440
1757641388282 71.98791970343888 441
1757641388339 71.8444292917589 442
1757641388397 71.70122574504097 443
1757641388455 71.55830848885202 444
1757641388513 71.41567694991315 445
1757641388570 71.27333055609745 446
1757641388628 71.13126873642759 447
1757641388686 70.98949092107343 448
1757641388744 70.84799654134986 449
1757641388802 70.70678502971434 450
1757641388860 70.56585581976466 451
1757641388918 70.42520834623657 452
1757641388978 70.28484204500153 453
1757641389044 70.14475635306437 454
1757641389104 70.00495070856101 455
1757641389163 69.86542455075622 456
1757641389221 69.72617732004123 457
1757641389280 69.58720845793152 458
1757641389337 69.44851740706456 459
1757641389395 69.31010361119743 460
1757641389454 69.17196651520473 461
1757641389512 69.03410556507612 462
1757641389571 68.8965202079142 463
1757641389629 68.75920989193224 464
1757641389687 68.6221740664519 465
1757641389746 68.4854121819009 466
1757641389804 68.34892368981102 467
1757641389863 68.21270804281559 468
1757641389921 68.07676469464748 469
1757641389980 67.94109310013675 470
1757641390038 67.80569271520842 471
1757641390097 67.67056299688036 472
1757641390155 67.535703403261 473
1757641390213 67.40111339354709 474
1757641390272 67.26679242802163 475
1757641390330 67.13273996805148 476
1757641390394 66.99895547608534 477
1757641390453 66.86543841565152 478
1757641390512 66.73218825135567 479
1757641390570 66.59920444887865 480
1757641390633 66.46648647497442 481
1757641390692 66.3340337974678 482
1757641390751 66.20184588525227 483
1757641390809 66.06992220828789 484
1757641390870 65.93826223759913 485
1757641390929 65.80686544527265 486
1757641390988 65.67573130445521 487
1757641391049 65.5448592893515 488
1757641391111 65.41424887522203 489
1757641391171 65.28389953838098 490
1757641391230 65.153810756194 491
1757641391288 65.02398200707624 492
1757641391347 64.89441277049009 493
1757641391406 64.76510252694308 494
1757641391468 64.63605075798584 495
1757641391527 64.50725694620989 496
1757641391589 64.37872057524564 497
1757641391648 64.25044112976023 498
1757641391707 64.12241809545542 499
