1757639443408 5.800505909173854 0
1757639443455 0.3274173354213508 1
1757639443503 0.07303328252001628 2
1757639443556 0.1696049214959136 3
1757639443604 0.12853509887325504 4
1757639443651 0.18681459028543018 5
1757639443699 0.10413801979790498 6
1757639443750 0.1200374652204397 7
1757639443798 0.10166963785058081 8
1757639443845 0.1464148411272676 9
1757639443892 0.1421790686162501 10
1757639443940 0.10779305851096077 11
1757639443987 0.11571877296831888 12
1757639444046 0.5246905481859642 13
1757639444107 0.12133436016365215 14
1757639444159 0.1213531353453365 15
1757639444211 0.08641313330357117 16
1757639444260 0.11207668270021047 17
1757639444310 0.07868600654179904 18
1757639444360 0.11353681195865449 19
1757639444409 0.07067668895041834 20
1757639444458 0.0762690542200984 21
1757639444507 0.1824480443993423 22
1757639444556 0.06785032499673206 23
1757639444607 0.13415224515165003 24
1757639444658 0.05726953538135847 25
1757639444708 0.06533429251950032 26
1757639444759 0.15161987986029699 27
1757639444818 0.29856344056857087 28
1757639444869 0.10875878472201626 29
1757639444916 0.11958946684812957 30
1757639444964 0.06948746205263523 31
1757639445013 0.08817383446095041 32
1757639445061 0.22099817545340217 33
1757639445111 0.12650477759688067 34
1757639445162 0.11910630872729554 35
1757639445214 0.12770899930878477 36
1757639445289 0.12038162035657626 37
1757639445369 0.1870515306094621 38
1757639445434 0.1585668322878536 39
1757639445493 0.14374382465019173 40
1757639445550 0.10562876015169939 41
1757639445610 0.12251108998850532 42
1757639445827 0.09709339917492565 43
1757639445901 0.14806047721885107 44
1757639445975 0.1554345694423464 45
1757639446035 0.08204064566587797 46
1757639446103 0.10995658242353416 47
1757639446164 0.1084341362898043 48
1757639446222 0.12041051856418286 49
1757639446276 0.11108988218488447 50
1757639446331 0.10661718060294709 51
1757639446386 0.15755116063633645 52
1757639446442 0.13351907608312982 53
1757639446498 0.08215801820786768 54
1757639446558 0.11449124989042872 55
1757639446619 0.10933355390256594 56
1757639446675 0.13076409653465326 57
1757639446733 0.11320328956596426 58
1757639446788 0.11965252563678817 59
1757639446855 0.06233128075222195 60
1757639446913 0.1401471798452073 61
1757639446967 0.25594679707760276 62
1757639447021 0.1682874391254726 63
1757639447075 0.1587834648139288 64
1757639447128 0.11078227309317248 65
1757639447183 0.17203252490108417 66
1757639447236 0.13208002785533807 67
1757639447292 0.1076384853954325 68
1757639447348 0.10973817404200792 69
1757639447403 0.13857474960269456 70
1757639447460 0.22941008333961518 71
1757639447516 0.05468266973687044 72
1757639447570 0.1504683422097477 73
1757639447634 0.14462057764402897 74
1757639447705 0.22399289537777156 75
1757639447759 0.17478653529641464 76
1757639447814 0.09242845750008728 77
1757639447871 0.08767363992713537 78
1757639447927 0.12031246463689965 79
1757639447983 0.10728620356972665 80
1757639448039 0.1867782402266853 81
1757639448095 0.11320945023788387 82
1757639448153 0.1445935823373637 83
1757639448211 0.14629833144376847 84
1757639448270 0.2041934050908368 85
1757639448328 0.1693806669182 86
1757639448385 0.2954281024893675 87
1757639448441 0.12772843580537008 88
1757639448498 0.13011219944383395 89
1757639448551 0.13632679385853577 90
1757639448604 0.12229686099529535 91
1757639448657 0.22277787176737351 92
1757639448711 0.11723236175656819 93
1757639448763 0.06963792399665389 94
1757639448816 0.08336379438390548 95
1757639448869 0.09696584287672282 96
1757639448930 0.12991359674734348 97
1757639448984 0.15073110181594512 98
1757639449038 0.25427094764874436 99
1757639449092 0.14523024617947347 100
1757639449146 0.10505051215333389 101
1757639449202 0.2057489334721043 102
1757639449254 0.14966030244488182 103
1757639449307 0.13212665530497594 104
1757639449360 0.10099088485875896 105
1757639449415 0.09721290717131399 106
1757639449472 0.08909766853643403 107
1757639449534 0.1743945026210249 108
1757639449598 0.21314261162448442 109
1757639449663 0.19807738042050638 110
1757639449733 0.14146707961769156 111
1757639449798 0.141928601196863 112
1757639449865 0.17987888030502597 113
1757639449934 0.09141029958940416 114
1757639450015 0.16799602320545393 115
1757639450087 0.21367985862195524 116
1757639450156 0.1051981722410389 117
1757639450224 0.19569054638439826 118
1757639450295 0.12936439337431613 119
1757639450460 0.12238543238224363 120
1757639450534 0.09375485228064977 121
1757639450605 0.13758500021726855 122
1757639450678 0.1541495287033403 123
1757639450744 0.11143178108986083 124
1757639450807 0.1817701764540144 125
1757639450870 0.13279816417949836 126
1757639450939 0.12827793050351635 127
1757639451010 0.09592855537179232 128
1757639451070 0.17066074579958201 129
1757639451130 0.10519699275037028 130
1757639451189 0.15127123763425082 131
1757639451248 0.12459121215696094 132
1757639451306 0.09390201702298617 133
1757639451363 0.1344012227671478 134
1757639451419 0.1132287529874351 135
1757639451473 0.09659262819376324 136
1757639451529 0.19118721062262095 137
1757639451586 0.089420338755408 138
1757639451641 0.23300083014708028 139
1757639451697 0.206189610515378 140
1757639451754 0.1765176446260731 141
1757639451810 0.08512417584835813 142
1757639451866 0.1475828426529628 143
1757639451921 0.11941968150804685 144
1757639451981 0.11943699320723888 145
1757639452190 0.11813035324467083 146
1757639452262 0.1486445777652328 147
1757639452326 0.14827611819462208 148
1757639452387 0.11515358154554946 149
1757639452451 0.09789764608971374 150
1757639452513 0.10294823853669398 151
1757639452572 0.20289423564647757 152
1757639452641 0.1197321547175492 153
1757639452715 0.09642008447539083 154
1757639452776 0.12952068867163807 155
1757639452837 0.12425510691876578 156
1757639452895 0.1396541862836032 157
1757639452958 0.20757776441777248 158
1757639453026 0.1268778245698301 159
1757639453086 0.18063951060544625 160
1757639453143 0.12588420038487652 161
1757639453200 0.14047054509224616 162
1757639453261 0.2041450806440497 163
1757639453329 0.06707497102138808 164
1757639453389 0.14175923658740738 165
1757639453448 0.12832002889330754 166
1757639453505 0.0938768250796444 167
1757639453562 0.14817905173772095 168
1757639453653 0.14954334516030293 169
1757639453738 0.08714250808201257 170
1757639453796 0.1725618910962822 171
1757639453857 0.16160708746189195 172
1757639453913 0.16693322011516526 173
1757639453975 0.12320884537312107 174
1757639454032 0.11849892896183287 175
1757639454089 0.1437039975874555 176
1757639454149 0.18066267727747679 177
1757639454205 0.1102997156403755 178
1757639454262 0.0688554400781132 179
1757639454315 0.12047225767029834 180
1757639454368 0.10441430328081441 181
1757639454421 0.11441932188524209 182
1757639454476 0.1423500991291869 183
1757639454530 0.10529495895535489 184
1757639454583 0.10058130507163725 185
1757639454637 0.13604062611496237 186
1757639454694 0.11511106231805827 187
1757639454750 0.11346975571407512 188
1757639454805 0.1277022079351281 189
1757639454859 0.13527071465095342 190
1757639454913 0.18504172016319542 191
1757639454968 0.13274969412152288 192
1757639455028 0.09838408147404128 193
1757639455083 0.11217533439063822 194
1757639455138 0.17491628561382339 195
1757639455193 0.12827811550836354 196
1757639455247 0.15491423406084087 197
1757639455301 0.23091418515279896 198
1757639455357 0.11194605303917124 199
1757639455413 0.14582036890722552 200
1757639455469 0.07694875540813104 201
1757639455522 0.11063797634422426 202
1757639455578 0.08086959433898439 203
1757639455632 0.2014841880296134 204
1757639455685 0.07229510419891344 205
1757639455738 0.08773825160989179 206
1757639455791 0.1169039442391505 207
1757639455844 0.23838486765309708 208
1757639455899 0.11067349269817714 209
1757639455952 0.13857487969268908 210
1757639456007 0.15323569899487546 211
1757639456060 0.09656618632382007 212
1757639456116 0.09237118088059115 213
1757639456173 0.13941180770645437 214
1757639456226 0.13316033396038549 215
1757639456282 0.22747171852862189 216
1757639456335 0.10004452330713498 217
1757639456388 0.13631860168380147 218
1757639456441 0.14246122946069015 219
1757639456496 0.18129578209465425 220
1757639456549 0.11184974293297016 221
1757639456601 0.15524024569209433 222
1757639456654 0.13530811719673153 223
1757639456710 0.14603621830593813 224
1757639456868 0.21745575473891104 225
1757639456929 0.1408221830507118 226
1757639456987 0.11517705543548735 227
1757639457052 0.16626438882614294 228
1757639457110 0.12017787712349909 229
1757639457166 0.17439134755298497 230
1757639457221 0.13591793566259225 231
1757639457276 0.12807334225893802 232
1757639457332 0.11804606504584719 233
1757639457387 0.10351717896648688 234
1757639457443 0.11934996853519714 235
1757639457498 0.0997358507922164 236
1757639457554 0.10730554264037906 237
1757639457610 0.10068036180886253 238
1757639457679 0.10604788027004403 239
1757639457737 0.16952092249990905 240
1757639457792 0.1495279794737095 241
1757639457848 0.09551952228375488 242
1757639457904 0.09682385816791247 243
1757639457959 0.08181460049175132 244
1757639458013 0.09598055069558356 245
1757639458081 0.12690950369889176 246
1757639458137 0.09261383731446562 247
1757639458191 0.10885263237736906 248
1757639458246 0.11407509074245853 249
1757639458300 0.14378148592245563 250
1757639458355 0.14514941806165121 251
1757639458409 0.11518570730640063 252
1757639458462 0.06254280347118274 253
1757639458514 0.16162016955560038 254
1757639458567 0.2686996131067645 255
1757639458621 0.11673945601454831 256
1757639458675 0.10742756725115932 257
1757639458729 0.1169923318619196 258
1757639458785 0.11795994615131114 259
1757639458839 0.13205022644353204 260
1757639458892 0.12254460313133694 261
1757639458948 0.12089533811563963 262
1757639459003 0.12991472829274378 263
1757639459057 0.07904728088013685 264
1757639459118 0.1187964076437626 265
1757639459173 0.18092589054559371 266
1757639459227 0.09029973682570512 267
1757639459280 0.061087715860564024 268
1757639459332 0.08675537195771124 269
1757639459386 0.09578284650189257 270
1757639459442 0.15404287169615494 271
1757639459496 0.5548326443575884 272
1757639459550 0.10607430500751455 273
1757639459603 0.14918188763478202 274
1757639459658 0.0477111097741932 275
1757639459711 0.18394731465693714 276
1757639459765 0.20516572192306132 277
1757639459817 0.14126655412973893 278
1757639459871 0.11549080201435666 279
1757639459924 0.1665367806761483 280
1757639459978 0.09810856826875261 281
1757639460033 0.15699073164944383 282
1757639460091 0.09179588815574179 283
1757639460148 0.11276742946046278 284
1757639460205 0.1707769889077086 285
1757639460258 0.14242142132839136 286
1757639460313 0.14923058620382273 287
1757639460365 0.10386919899398658 288
1757639460419 0.15622697649306988 289
1757639460473 0.1332249247993198 290
1757639460527 0.07342993447733404 291
1757639460582 0.08567534348452743 292
1757639460634 0.0967153912342717 293
1757639460688 0.1378134911213652 294
1757639460741 0.20181558810160818 295
1757639460796 0.12683541580125884 296
1757639460850 0.06240122756713863 297
1757639460904 0.15813181240167873 298
1757639460958 0.13292234092115712 299
1757639461013 0.1531941490512409 300
1757639461068 0.1149935993776448 301
1757639461128 0.1035052372304738 302
1757639461185 0.12989210767505854 303
1757639461241 0.22120652877501323 304
1757639461296 0.094940820833123 305
1757639461349 0.08586638598393195 306
1757639461403 0.1502348624642211 307
1757639461460 0.08852118038866018 308
1757639461514 0.12405007505197205 309
1757639461568 0.10086690324884202 310
1757639461622 0.10860839578892524 311
1757639461677 0.14918040525516807 312
1757639461731 0.1787228555178362 313
1757639461785 0.0875620341806291 314
1757639461839 0.1667141186878788 315
1757639461898 0.08506188338680873 316
1757639461955 0.10226397150517556 317
1757639462009 0.16403854255834327 318
1757639462070 0.20705337817812686 319
1757639462135 0.09129563079353707 320
1757639462199 0.08716651520395532 321
1757639462256 0.12058266555660563 322
1757639462312 0.14077267579173236 323
1757639462368 0.1285409493716931 324
1757639462424 0.07661964029335042 325
1757639462480 0.12559665629637218 326
1757639462536 0.09742137942760505 327
1757639462591 0.21924741237205164 328
1757639462659 0.08936183481954435 329
1757639462722 0.07567965166527145 330
1757639462785 0.13898457789709304 331
1757639462841 0.10937559724375727 332
1757639462898 0.15248439224845267 333
1757639462955 0.15614260842262498 334
1757639463013 0.07516628452737072 335
1757639463070 0.14674399046946526 336
1757639463127 0.1363559937451573 337
1757639463189 0.14536832511532385 338
1757639463249 0.07919862301235392 339
1757639463305 0.13738394572997772 340
1757639463362 0.11022426518995601 341
1757639463419 0.11638051044932124 342
1757639463477 0.11222300536565877 343
1757639463532 0.11924020472485851 344
1757639463587 0.1985380672394898 345
1757639463642 0.16174581546849526 346
1757639463698 0.12013241333204033 347
1757639463756 0.17983602502719342 348
1757639463811 0.14742135025150443 349
1757639463866 0.08894884371146733 350
1757639463922 0.5227850486351749 351
1757639463977 0.09448802150753821 352
1757639464032 0.12849138046060876 353
1757639464088 0.0852920783100104 354
1757639464144 0.08410703414174452 355
1757639464200 0.15863609819259572 356
1757639464257 0.11957694811625871 357
1757639464313 0.08233928548058159 358
1757639464367 0.15037560450338924 359
1757639464423 0.08848929064264238 360
1757639464480 0.06735194929013891 361
1757639464534 0.11191817825647557 362
1757639464591 0.11907593148975042 363
1757639464648 0.15978182417820241 364
1757639464702 0.09829891095941999 365
1757639464759 0.19457490837501648 366
1757639464815 0.13824572377362288 367
1757639464871 0.17220916074739717 368
1757639464926 0.12084210028454842 369
1757639465066 0.12167908410392077 370
1757639465124 0.20231833473524768 371
1757639465182 0.13808521315616779 372
1757639465241 0.15721809365782002 373
1757639465297 0.1128805413230847 374
1757639465355 0.11525236328923272 375
1757639465416 0.10015172045518494 376
1757639465475 0.11025836419100803 377
1757639465533 0.11912973129216092 378
1757639465591 0.10158824204653194 379
1757639465653 0.10697211128816203 380
1757639465710 0.14302820886627649 381
1757639465768 0.1421702059434969 382
1757639465842 0.14870050983759464 383
1757639465902 0.20874800173955038 384
1757639465968 0.2581250967657113 385
1757639466028 0.0947516426980382 386
1757639466085 0.07527140510503226 387
1757639466145 0.15165847414226427 388
1757639466203 0.2348616839061532 389
1757639466261 0.10503035975147668 390
1757639466321 0.2126518957209732 391
1757639466380 0.09524071911083966 392
1757639466438 0.09615994867401922 393
1757639466496 0.07869036551993891 394
1757639466554 0.15352240966761188 395
1757639466612 0.17687401239896677 396
1757639466670 0.09926709012994542 397
1757639466728 0.18945558821509037 398
1757639466785 0.09412222403179081 399
1757639466844 0.14223740266390722 400
1757639466902 0.1657117475032309 401
1757639466961 0.12503875587532365 402
1757639467019 0.15654183579669967 403
1757639467076 0.036677222089020134 404
1757639467133 0.23515804430893356 405
1757639467191 0.168631210017093 406
1757639467257 0.15464797774007533 407
1757639467316 0.15417209690063613 408
1757639467374 0.10766253848730754 409
1757639467432 0.0751273363536214 410
1757639467491 0.17165629131310617 411
1757639467549 0.15967287190038823 412
1757639467607 0.11608787829368925 413
1757639467681 0.09639769427896697 414
1757639467743 0.1607680644285769 415
1757639467800 0.103210500786577 416
1757639467858 0.11423555185207862 417
1757639467916 0.14406117524700907 418
1757639467974 0.21610507591588984 419
1757639468032 0.12604576922769656 420
1757639468091 0.15294002983406982 421
1757639468150 0.05743503176039072 422
1757639468209 0.14828413081738803 423
1757639468270 0.11235046190434902 424
1757639468330 0.0869094889336539 425
1757639468391 0.10519708327954114 426
1757639468449 0.16146933699092753 427
1757639468511 0.0762119788969009 428
1757639468571 0.1407864533334824 429
1757639468631 0.0842572453237512 430
1757639468689 0.17054842409296805 431
1757639468749 0.14029342377959678 432
1757639468808 0.23886351131276917 433
1757639468868 0.16220903612372142 434
1757639468928 0.12471380040197683 435
1757639468987 0.10977136549594432 436
1757639469046 0.11075277308227113 437
1757639469105 0.15165762624608786 438
1757639469162 0.15019187822710076 439
1757639469219 0.055668941415988556 440
1757639469282 0.09400574245503579 441
1757639469341 0.1325035543559196 442
1757639469399 0.06408698278528521 443
1757639469459 0.12899893724664524 444
1757639469519 0.07583149964090025 445
1757639469593 0.12190069194635296 446
1757639469653 0.1305978880384971 447
1757639469714 0.11227177158329413 448
1757639469775 0.2656224731899776 449
1757639469833 0.12363544537230556 450
1757639469891 0.13071579131215863 451
1757639469949 0.19225508499922758 452
1757639470009 0.1643289543569057 453
1757639470066 0.07020168471439896 454
1757639470124 0.07739439262134304 455
1757639470184 0.1252538900240775 456
1757639470242 0.12655890407164555 457
1757639470299 0.12680490141541254 458
1757639470356 0.15926501241722266 459
1757639470415 0.07817353995782454 460
1757639470474 0.09133402657769335 461
1757639470531 0.09134355670526476 462
1757639470588 0.17003173534462312 463
1757639470646 0.11962068845693431 464
1757639470704 0.15948222086556593 465
1757639470760 0.1346041389887822 466
1757639470817 0.1676727208303945 467
1757639470874 0.10510971912141327 468
1757639470933 0.21638770178572372 469
1757639470991 0.0854545516148348 470
1757639471049 0.11203492724672201 471
1757639471106 0.1596801720883806 472
1757639471165 0.06662989890936676 473
1757639471222 0.06750720404608698 474
1757639471282 0.11815412578506128 475
1757639471345 0.19842111803454152 476
1757639471404 0.15425271996290552 477
1757639471462 0.08882632016017289 478
1757639471521 0.08380982303844886 479
1757639471578 0.09479819546910098 480
1757639471636 0.15730829749484182 481
1757639471695 0.10947636352616336 482
1757639471756 0.11744290879287735 483
1757639471816 0.11251718798532413 484
1757639471874 0.10900316782025553 485
1757639471933 0.13590416049227738 486
1757639471994 0.1279980911339033 487
1757639472052 0.14775567003447188 488
1757639472129 0.16129120933579477 489
1757639472193 0.12718523903027892 490
1757639472252 0.1172545080714689 491
1757639472313 0.11020657588444009 492
1757639472373 0.19599295215547075 493
1757639472433 0.1078069247636303 494
1757639472492 0.11215040757970102 495
1757639472551 0.13982341252529784 496
1757639472611 0.12600270618100184 497
1757639472690 0.10819204508699962 498
1757639472751 0.18277256251624424 499
