1757638643105 0.006428756617550101 0
1757638643198 0.016748180738351916 1
1757638643291 0.1508975912347813 2
1757638643384 0.0156731472943343 3
1757638643475 0.003875411883446571 4
1757638643566 0.012175701045298273 5
1757638643658 0.08156698597938083 6
1757638643747 0.012973838107798622 7
1757638643837 0.003287865591180069 8
1757638643938 0.18176651726800616 9
1757638644036 0.2549993549299669 10
1757638644128 0.08889334818660763 11
1757638644221 0.028714018279575676 12
1757638644314 0.22454983882287785 13
1757638644408 0.16181391858188693 14
1757638644499 0.0027750631035614076 15
1757638644589 0.05877438585557331 16
1757638644679 0.07094173955486745 17
1757638644769 0.7246774069941943 18
1757638644859 0.5941548653506431 19
1757638644949 0.08052121460884383 20
1757638645039 0.025915273805645817 21
1757638645131 0.2200585327945089 22
1757638645226 0.1609699592884773 23
1757638645317 0.33258018267078554 24
1757638645406 0.13679365059130622 25
1757638645496 0.029246613929577843 26
1757638645586 0.2340091460194392 27
1757638645677 0.07433353386444065 28
1757638645782 0.02777457127358521 29
1757638645898 0.001123484937856815 30
1757638645991 0.03686582030958186 31
1757638646082 0.005701505878308216 32
1757638646171 0.11704295830832416 33
1757638646267 0.38360521372068757 34
1757638646357 0.1718405391179298 35
1757638646447 0.0013255908642148843 36
1757638646540 1.8395774819333892 37
1757638646630 0.5131950903186815 38
1757638646720 0.0014588522284509305 39
1757638646812 0.012113300565224132 40
1757638646902 0.29351897043190867 41
1757638646994 0.03852172124030454 42
1757638647084 0.6306915009144334 43
1757638647178 0.343990864729445 44
1757638647271 0.10222868570338303 45
