1757640351305 127.73329615295286 0
1757640351372 123.73827312349543 1
1757640351447 100.29008393057396 2
1757640351517 83.16810103199252 3
1757640351587 70.74448991182119 4
1757640351654 64.86752700886471 5
1757640351722 51.54010742547946 6
1757640351815 43.46556236039 7
1757640351883 33.315033970978845 8
1757640351945 30.15773851344444 9
1757640352006 24.87461110581526 10
1757640352066 20.97680250812411 11
1757640352128 17.292169021273065 12
1757640352188 16.1217948598161 13
1757640352248 12.218266865870643 14
1757640352329 9.771728355280949 15
1757640352411 9.43694849241528 16
1757640352495 7.274383213564441 17
1757640352578 7.157067760238702 18
1757640353035 4.765681707216661 19
1757640353456 4.684693344001595 20
1757640353527 3.8025943874170034 21
1757640353595 3.1465248740787497 22
1757640353658 2.526518269054061 23
1757640353720 2.2795408773955286 24
1757640353785 1.9544516072970652 25
1757640353842 1.8854776212641082 26
1757640353901 1.4243448910843888 27
1757640353960 1.2020936877379385 28
1757640354016 1.1994172117336077 29
1757640354070 0.7975739796850113 30
1757640354126 0.7752851289816075 31
1757640354182 0.7426615666130121 32
1757640354239 0.5643291357732135 33
1757640354297 0.4812157539483436 34
1757640354357 0.4675530014177634 35
1757640354415 0.44940501429901547 36
1757640354467 0.45799912377726815 37
1757640354521 0.3559574532418528 38
1757640354573 0.24600109007995102 39
1757640354625 0.29022785680348245 40
1757640354677 0.3021497772664581 41
1757640354729 0.2430300246939949 42
1757640354780 0.17841607883050964 43
1757640354832 0.19126737539730312 44
1757640354888 0.21227333968439038 45
1757640354940 0.12338607087944715 46
1757640354997 0.1482488019563578 47
1757640355049 0.14643047317909116 48
1757640355104 0.19696218582015015 49
1757640355157 0.14959914803989363 50
1757640355211 0.15729029889161947 51
1757640355264 0.10974714284131613 52
1757640355325 0.141184534434002 53
1757640355381 0.14318273794405875 54
1757640355436 0.27725668310969526 55
1757640355512 0.0991258981633378 56
1757640355567 0.10191327396228413 57
1757640355621 0.1401669157935787 58
1757640355674 0.11357130967870642 59
1757640355726 0.11862546989822112 60
1757640355779 0.12076112893286971 61
1757640355832 0.13525800694182313 62
1757640355883 0.10120112472770594 63
1757640355936 0.10856524849147926 64
1757640355989 0.11576920567394537 65
1757640356041 0.060487479350269976 66
1757640356093 0.13137226391603576 67
1757640356145 0.12116490906403186 68
1757640356198 0.14051759445612771 69
1757640356253 0.1192280012298171 70
1757640356304 0.1150229797281109 71
1757640356356 0.12490412196310435 72
1757640356406 0.10132304803582574 73
1757640356457 0.08111776271111402 74
1757640356507 0.09866068683799298 75
1757640356558 0.11769959812381274 76
1757640356609 0.08492708986128962 77
1757640356661 0.09677847089379309 78
1757640356713 0.16169294494547484 79
1757640356763 0.13308319480221104 80
1757640356817 0.10941525099356617 81
1757640356869 0.1315296774443835 82
1757640356920 0.12672497355238066 83
1757640356970 0.06626680461031877 84
1757640357022 0.1847034613968717 85
1757640357073 0.15375828145300396 86
1757640357123 0.057420182539967266 87
1757640357173 0.17015729538357152 88
1757640357226 0.1294252102416903 89
1757640357277 0.11434597143887591 90
1757640357329 0.07988499569278759 91
1757640357380 0.08304026683989094 92
1757640357432 0.12545758974622742 93
1757640357483 0.15005901400762156 94
1757640357541 0.113846372080005 95
1757640357595 0.13122970098963135 96
1757640357646 0.10901232771176865 97
1757640357696 0.08997513147020043 98
1757640357750 0.06592695006480774 99
