1757627177684 0.0021298630257895004 0
1757627177777 0.0018800786838213302 1
1757627177874 0.0371566846342344 2
1757627177969 0.08176902937680638 3
1757627178057 0.012313140754631215 4
1757627178144 0.3378843409736692 5
1757627178234 0.13620208244983012 6
1757627178327 0.0006131646579940603 7
1757627178418 0.38364389310246233 8
1757627178506 0.019226645186050557 9
1757627178592 0.11234876834136327 10
1757627178681 0.020872355756578354 11
1757627178768 0.0015437182050055665 12
1757627178862 0.06810571394370994 13
1757627178967 0.0420911032851964 14
1757627179066 0.331981093647011 15
1757627179169 0.045739783343698014 16
1757627179257 0.06176690774782266 17
1757627179345 0.12680174829383323 18
1757627179434 0.15917309692247278 19
1757627179522 0.06192214065273329 20
1757627179612 0.035232267382235595 21
1757627179701 0.04233057445982665 22
1757627179820 0.14365986997236574 23
1757627179915 0.1339545454717781 24
1757627180003 0.06182571818280879 25
1757627180094 0.26840712109675774 26
1757627180183 0.007579299705623078 27
1757627180270 0.40944133325299764 28
1757627180371 0.3035348842583239 29
1757627180507 0.5024422206229723 30
1757627180604 4.137388296570252e-05 31
1757627180698 0.4157516763418136 32
1757627180786 0.14399015807108817 33
1757627180879 0.27525931942573467 34
1757627180972 0.0735040867384603 35
1757627181062 0.01638728883350433 36
1757627181157 0.0838084153101009 37
1757627181250 0.00010024660341812049 38
1757627181341 0.3539819607500733 39
1757627181432 0.5242141291307083 40
1757627181522 0.008598531992683588 41
1757627181623 0.22218377627292904 42
1757627181745 0.003598603614116535 43
1757627181839 0.026704834309430048 44
1757627181925 0.004689137557992776 45
1757627182019 0.05106227725205281 46
1757627182116 0.0782521327570851 47
1757627182210 0.1809456774321607 48
1757627182302 0.10006458716412453 49
1757627182392 0.006635555587473782 50
1757627182485 0.3875803365311881 51
1757627182575 0.05657740219909707 52
1757627182663 0.0007431400844474346 53
1757627182750 0.001922109493292141 54
1757627182839 0.690012428409784 55
1757627182929 0.07073210313288403 56
1757627183017 0.005560544561754603 57
1757627183105 0.1763567228030176 58
1757627183198 0.02893047510876529 59
1757627183289 0.16298237395516774 60
1757627183376 0.011315473440433488 61
1757627183465 0.01510614326372308 62
1757627183554 0.038305960966302136 63
1757627183644 0.02140000339277814 64
1757627183738 0.004079515454178405 65
1757627183830 0.05567645613561427 66
1757627183919 0.15035227836042678 67
1757627184008 0.4017588732477271 68
1757627184095 0.001364689231646738 69
1757627184184 0.1536638060918088 70
1757627184272 0.0037277830386570517 71
1757627184360 0.0076363435818683914 72
1757627184448 0.014272045913798038 73
1757627184537 0.4649702366294866 74
1757627184626 0.00467219415487503 75
1757627184716 0.001090347102416604 76
1757627184823 0.06128880373711697 77
1757627184916 1.0733016190809714 78
1757627185007 0.30141470001277487 79
1757627185097 0.08151231884102743 80
1757627185189 0.019321305769476348 81
1757627185285 0.048800259387256566 82
1757627185377 0.13175202109269163 83
1757627185475 0.009969307382515745 84
1757627185565 0.008343465840352835 85
1757627185655 0.08564972949076648 86
1757627185747 0.05927731010791266 87
1757627185874 0.08905866531017467 88
1757627185973 0.039836729107827464 89
1757627186067 0.19877272345030625 90
1757627186161 0.528807994082282 91
1757627186251 0.011123822373948718 92
1757627186341 0.12294071888088846 93
1757627186431 0.0033139662431250754 94
1757627186526 0.021457256512770473 95
1757627186637 0.09778164306310483 96
1757627186743 0.001087094506063605 97
1757627186877 0.12570490978458806 98
1757627186990 0.032545186950489226 99
1757627187091 0.8801194413264716 100
1757627187189 0.0524245786993996 101
1757627187300 0.0015328546201576149 102
1757627187395 0.0011964374725092544 103
1757627187492 1.2492841478127206 104
1757627187588 0.08213513189430939 105
1757627187702 0.027706602416774657 106
1757627187816 0.38396211214321224 107
1757627187941 0.0753846028677741 108
1757627188113 0.001395048832470776 109
1757627188224 0.267801585419381 110
1757627188324 0.00395274344689165 111
1757627188424 0.03619256531208678 112
1757627188521 0.00992681449634241 113
1757627188622 0.014932805321877756 114
1757627188721 0.09389184494752478 115
1757627188820 0.08634815782915391 116
1757627188947 0.0022195899076766553 117
1757627189047 0.013300415231594616 118
1757627189148 0.2614655719505422 119
1757627189246 0.12394065363432101 120
1757627189349 0.010631034545432568 121
1757627189444 0.2897144293946878 122
1757627189536 0.07359229781506114 123
1757627189654 0.025392433417938266 124
1757627189760 0.01585595072662252 125
1757627189871 0.08820152968790541 126
1757627189967 0.1638027072873526 127
1757627190068 0.06478225404810671 128
1757627190175 0.13145457507638517 129
1757627190271 0.2982547597411543 130
1757627190365 0.28883681195214056 131
1757627190461 0.1221678313247629 132
1757627190560 0.09121883345840834 133
1757627190657 0.04741968807533118 134
1757627190751 0.0032662821981161044 135
1757627190848 0.004222880643139427 136
1757627190942 0.19477339605681993 137
1757627191036 0.15189237665797448 138
1757627191128 0.10406875495489809 139
1757627191224 0.00011770709314585636 140
1757627191322 0.0057555060009635345 141
1757627191418 0.271375203319986 142
1757627191511 0.05517352318301905 143
1757627191604 0.01097715024347756 144
1757627191699 0.11800000383891589 145
1757627191797 0.001453246840247868 146
1757627191894 0.3750344087239937 147
1757627191986 0.1358113046619572 148
1757627192079 0.05661410988375002 149
1757627192172 0.16989511113668287 150
1757627192264 0.0066222337014452265 151
1757627192356 0.05673960940071493 152
1757627192449 1.977617877831575e-06 153
1757627192544 0.005974867200149623 154
1757627192640 0.0007314657134957723 155
1757627192738 0.0027429683295596787 156
1757627192835 0.002820984979660556 157
1757627192930 0.11239815755683402 158
1757627193022 0.028534375824684266 159
1757627193112 0.002200994011341802 160
1757627193204 0.11897308336565891 161
1757627193297 0.00013878426692933278 162
1757627193395 0.002916261352352268 163
1757627193489 0.0016988872913905927 164
1757627193581 0.5314949164623046 165
1757627193675 0.03604629400262103 166
1757627193768 0.28878077750918124 167
1757627193861 0.026736928609546965 168
1757627193956 0.05011377172282242 169
1757627194049 0.3126877138258703 170
1757627194142 0.11120707103393988 171
1757627194236 0.09446262789340386 172
1757627194331 0.04805083723794764 173
1757627194427 0.31396130880247347 174
1757627194526 0.009625320589602795 175
1757627194623 0.8760336484477802 176
1757627194718 0.06006586791446753 177
1757627194829 0.05961764319814413 178
1757627194926 0.017687573747055027 179
1757627195021 0.024706098904349678 180
1757627195119 0.10476201547679549 181
1757627195213 3.6593981859395465e-06 182
1757627195309 0.22214514294778062 183
1757627195415 0.18603574556552294 184
1757627195514 0.000503759978291244 185
1757627195611 0.01897906321561865 186
1757627195707 0.0068676722350491355 187
1757627195806 0.023654423339136584 188
1757627195902 0.012079142300825841 189
1757627195998 0.2707473728060374 190
1757627196092 0.01165099009795061 191
1757627196187 0.41668149715221053 192
1757627196282 0.022070667897170947 193
1757627196375 0.264417936208686 194
1757627196473 0.004892969581257397 195
1757627196568 0.3326671386475337 196
1757627196662 0.017305567461190163 197
1757627196759 1.1088953780933475 198
1757627196854 0.014705582991422335 199
1757627196949 0.040588366416759246 200
1757627197044 0.016735032785437934 201
1757627197138 0.10005959489654159 202
1757627197232 0.01670917712000544 203
1757627197329 0.21511303138908014 204
1757627197423 0.09504200770379001 205
1757627197522 4.613970237360867e-05 206
1757627197615 0.11176586339985586 207
1757627197724 0.0033603060366716314 208
1757627197818 0.002963479254647635 209
1757627197912 0.10335016257059203 210
1757627198005 0.056830350742713545 211
1757627198120 0.30681479959515423 212
1757627198221 0.009382985844633426 213
1757627198321 0.017673688429486818 214
1757627198416 0.052702961214282036 215
1757627198510 0.002764445917744656 216
1757627198604 0.0264004353066863 217
1757627198699 0.0007125400297513576 218
1757627198794 0.5123693192334615 219
1757627198907 0.005901668296765229 220
1757627199002 0.09938882811976957 221
1757627199097 0.021444381107734518 222
1757627199195 0.03579869914842735 223
1757627199288 0.003577433931924995 224
1757627199387 0.04973249448970985 225
1757627199493 0.013371415144416171 226
1757627199592 0.055452503045412355 227
1757627199687 0.4504155993865137 228
1757627199794 0.005905505795781438 229
1757627199899 2.1658486495316898 230
1757627199995 0.012763876843499434 231
1757627200089 2.7961393037181333e-07 232
1757627200185 0.0056380773085470265 233
1757627200282 3.0108463150986452e-05 234
1757627200382 0.0005242951606364778 235
1757627200480 0.07170185719797263 236
1757627200576 0.3654667213166933 237
1757627200672 0.04815969494065192 238
1757627200766 0.001499148371519907 239
1757627200863 0.13715419534716564 240
1757627200958 0.0011687363396398788 241
1757627201092 0.025087052686427514 242
1757627201199 0.373818222585641 243
1757627201299 0.02869225801282443 244
1757627201394 0.0559718160984721 245
1757627201489 0.09791289751765596 246
1757627201588 0.029491509548227615 247
1757627201684 0.22672506360749295 248
1757627201782 0.010874150487464382 249
1757627201881 0.06663697884867638 250
1757627201977 0.10969296170091959 251
1757627202071 0.06787491499656 252
1757627202165 0.8220965842760871 253
1757627202266 0.04398293988868783 254
1757627202399 0.1941239321502284 255
1757627202506 0.12444566188454062 256
1757627202663 0.028462165019612556 257
1757627202779 0.11909039575480601 258
1757627202891 0.009101733081489476 259
1757627202999 0.00017759945623304705 260
1757627203111 0.011568548824254666 261
1757627203220 0.20368155239712302 262
1757627203322 0.03987404938098172 263
1757627203429 0.2695676628339565 264
1757627203536 0.05075396027633797 265
1757627203644 1.1104943768694646 266
1757627203777 0.12187094114124242 267
1757627203883 0.0584294124688892 268
1757627203987 0.03466754414542435 269
1757627204090 0.0018475807723636896 270
1757627204190 0.005724562932182659 271
1757627204293 0.021821835797600993 272
1757627204399 0.004643390078494944 273
1757627204504 0.12890238723347666 274
1757627204607 0.006936409437734959 275
1757627204709 0.10370951740940061 276
1757627204827 0.023771462363376645 277
1757627204929 0.047896873017822764 278
1757627205032 0.001962992374463153 279
1757627205134 0.12700343985210344 280
1757627205237 0.028831693377444595 281
1757627205341 0.09206048340489338 282
1757627205447 0.051924698262298494 283
1757627205551 0.023960204804369084 284
1757627205661 0.0400109416522148 285
1757627205804 0.03329178968161818 286
1757627205913 0.47511048338965106 287
1757627206021 0.011583091356071582 288
1757627206131 0.046335108894430876 289
1757627206249 0.20479014535247703 290
1757627206385 0.03998653518928553 291
1757627206494 0.0003428271954054606 292
1757627206604 0.16485681533704802 293
1757627206711 0.008719816309458443 294
1757627206820 0.11469942641833424 295
1757627206937 0.08185625967778429 296
1757627207045 0.2404747160456834 297
1757627207153 0.024866766236084928 298
1757627207260 0.010072003625814218 299
1757627207365 0.23113482969138938 300
1757627207475 0.05471283580982187 301
1757627207587 0.026433355810981954 302
1757627207722 0.010098609311599272 303
1757627207840 0.28678403302810473 304
1757627207952 0.09174921317072769 305
1757627208079 0.3637836296968963 306
1757627208184 0.0007043451922048251 307
1757627208289 0.34957319104903173 308
1757627208393 0.00012843497458996165 309
1757627208497 0.23112355200062343 310
1757627208602 0.4476700545623448 311
1757627208709 0.027769117028106322 312
1757627208825 0.4075318136547747 313
1757627208947 0.14331980645008785 314
1757627209053 0.0009590359259483719 315
1757627209186 0.02181920408873711 316
1757627209290 0.145273587297307 317
1757627209393 0.05233537712550009 318
1757627209498 0.007506500911399639 319
1757627209603 0.046264249282940144 320
1757627209748 0.007215984952881959 321
1757627209872 0.26400262152273984 322
1757627209978 0.005140157758849501 323
1757627210084 0.23358423623137886 324
1757627210192 0.08493975710361974 325
1757627210297 0.03418674370246229 326
1757627210436 0.12397238211818495 327
1757627210552 0.00792142679458549 328
1757627210666 1.1915690795129061 329
1757627210772 0.12983658264503847 330
1757627210881 0.041661758545063425 331
1757627210991 0.002567643090945855 332
1757627211099 0.1579526338693878 333
1757627211207 0.27347569027174295 334
1757627211335 0.1862376406399504 335
1757627211441 0.058129405134932095 336
1757627211551 0.002953297570620294 337
1757627211685 0.09123525297157556 338
1757627211813 0.16185617822140233 339
1757627211922 0.15315405040468263 340
1757627212027 0.14290436204850376 341
1757627212157 0.04464512017729362 342
1757627212266 0.4079995699997575 343
1757627212386 0.0442516938007202 344
1757627212506 0.0035329472795221544 345
1757627212623 0.02179979623087736 346
1757627212733 0.17810701322876246 347
1757627212839 0.21490060959266988 348
1757627212949 0.1072332254874359 349
1757627213063 0.0056099325823122095 350
1757627213198 0.006226610717578717 351
1757627213314 0.0042891161078285325 352
1757627213430 0.003498697903907602 353
1757627213540 0.1274045891223693 354
1757627213647 0.015203240053948852 355
1757627213755 3.1752756491421585e-05 356
1757627213940 0.10075580415127798 357
1757627214050 0.03892986631731859 358
1757627214155 0.04573494380832844 359
1757627214261 0.11269192830394646 360
1757627214390 0.0007014185795097905 361
1757627214494 0.0014792515632988106 362
1757627214597 0.3343920645981039 363
1757627214703 0.12282093066575196 364
1757627214847 0.024755728515054698 365
1757627214956 0.036892412110065505 366
1757627215063 0.036823410603703546 367
1757627215168 0.47408869170980644 368
1757627215274 0.6051273599459575 369
1757627215403 0.06931929037698362 370
1757627215510 0.14422841942362322 371
1757627215616 0.04305891095516538 372
1757627215721 0.038025687092034 373
1757627215826 0.018943060961824007 374
1757627215956 0.06351102987263259 375
1757627216063 0.0026930045728394366 376
1757627216170 0.05624549006369296 377
1757627216277 0.017158075258786012 378
1757627216409 0.009990784057408192 379
1757627216514 0.007441003925092265 380
1757627216622 0.0041291464484690486 381
1757627216727 0.03818652077874486 382
1757627216829 0.27690966250426496 383
1757627216959 0.0003779441107176115 384
1757627217067 0.11093973543540406 385
1757627217173 0.008829041436193898 386
1757627217307 0.021515006116948995 387
1757627217412 0.05038639881078955 388
1757627217518 0.003524790063575504 389
1757627217649 0.15391708399338871 390
1757627217762 0.19700696479634588 391
1757627217873 0.16399822559363844 392
1757627217979 0.035952596533432 393
1757627218111 0.010698244577969886 394
1757627218216 0.09960543594454775 395
1757627218348 1.3966723298158292 396
1757627218454 0.0033487415184704984 397
1757627218582 0.03613029298767852 398
1757627218690 0.0028178735566290365 399
1757627218795 0.0007104240036906455 400
1757627218929 0.027571964785014405 401
1757627219037 0.21751484095634888 402
1757627219144 0.0860543543393148 403
1757627219252 0.08784996679374876 404
1757627219376 0.10970759462189984 405
1757627219481 0.44055441921353755 406
1757627219588 1.6395088784765481 407
1757627219716 0.24407718424761074 408
1757627219873 0.04012936699818979 409
1757627219980 0.06303807395505175 410
1757627220095 0.17693257363360265 411
1757627220229 0.03477560826544702 412
1757627220337 0.2608040836740146 413
1757627220444 0.11995430268417655 414
1757627220557 0.2540683587935926 415
1757627220671 0.028596102046977503 416
1757627220786 0.17839699385296504 417
1757627220911 0.12531935135206096 418
1757627221021 0.03125703610729425 419
1757627221127 0.07727070879557904 420
1757627221238 0.1849707395356005 421
1757627221349 0.033312302510448845 422
1757627221458 0.002726899525688352 423
1757627221568 0.08579486416098836 424
1757627221679 0.009125907912556378 425
1757627221788 0.0433306572160192 426
1757627221889 0.16803970702388019 427
1757627221992 0.056130401539266433 428
1757627222090 0.06905673855703613 429
1757627222188 0.33744248856746206 430
1757627222285 0.038694866713344815 431
1757627222384 0.16300116384133495 432
1757627222488 0.0012062982054121304 433
1757627222586 0.002808065226882407 434
1757627222685 0.08597359353847671 435
1757627222785 0.09810587474169757 436
1757627222883 0.008307774406432275 437
1757627222982 0.009479654060556474 438
1757627223079 0.028763072772524302 439
1757627223177 0.10897028496021524 440
1757627223276 0.0013794283293267879 441
1757627223374 0.013470251576581231 442
1757627223472 0.0016094699052481925 443
1757627223570 0.005848411498986908 444
1757627223667 0.22867795759307305 445
1757627223765 0.021730369418630813 446
1757627223864 0.013726065299440348 447
1757627223969 0.06955571900118881 448
1757627224068 0.018073212727359574 449
1757627224167 0.24708671510962532 450
1757627224266 0.020550393667984067 451
1757627224366 0.26126268497224575 452
1757627224465 0.0236715358423148 453
1757627224562 0.00015026789244891017 454
1757627224661 0.00010304752693946879 455
1757627224766 0.024939296370187755 456
1757627224878 0.006808521464101309 457
1757627224978 0.006826196108863363 458
1757627225077 0.04879953557671721 459
1757627225176 0.001722267182651135 460
1757627225275 0.43336736045935803 461
1757627225374 0.00097880738759633 462
1757627225473 0.13111935339108358 463
1757627225572 0.040479462744263915 464
1757627225671 0.23020357582190024 465
1757627225770 0.043037782811121784 466
1757627225875 0.002700926100281895 467
1757627225981 0.007205541608616399 468
1757627226081 0.04274196898129796 469
1757627226181 0.0008847157784183413 470
1757627226281 0.06130313162386242 471
1757627226381 0.008626689265127201 472
1757627226480 0.29318931568189555 473
1757627226580 0.12465473523173363 474
1757627226680 0.0038958876148812538 475
1757627226820 0.002488852193659156 476
1757627226926 0.0171535399988653 477
1757627227030 0.04801087839638103 478
1757627227130 0.03702729487273276 479
1757627227229 0.04057176004390828 480
1757627227329 8.865362027992731e-05 481
1757627227428 0.0006471179626743217 482
1757627227528 0.20868779210484315 483
1757627227627 0.09141519833221978 484
1757627227737 0.10622353566567552 485
1757627227838 0.0007681383688404028 486
1757627227938 0.0036293124405727957 487
1757627228041 0.06729812809415579 488
1757627228143 0.0017428418624341859 489
1757627228243 0.039973011452510775 490
1757627228343 0.10661762557053366 491
1757627228442 0.0389549680726573 492
1757627228542 0.11368355919133186 493
1757627228641 0.08698697443903353 494
1757627228742 0.3545187414622247 495
1757627228842 0.332244771499073 496
1757627228942 0.3823414686141615 497
1757627229043 0.04351387530082117 498
1757627229144 0.12843080832143602 499
