1757648311672 164.04289329021287 0
1757648311736 163.71297314211435 1
1757648311796 163.3837231804558 2
1757648311856 163.0551420186375 3
1757648311928 162.7272282730393 4
1757648311985 162.39998056301374 5
1757648312046 162.07339751087923 6
1757648312105 161.74747774191314 7
1757648312165 161.42221988434494 8
1757648312229 161.09762256934937 9
1757648312286 160.77368443103956 10
1757648312344 160.45040410646038 11
1757648312402 160.12778023558155 12
1757648312464 159.80581146129092 13
1757648312522 159.48449642938755 14
1757648312581 159.16383378857537 15
1757648312642 158.84382219045608 16
1757648312700 158.5244602895227 17
1757648312914 158.20574674315267 18
1757648312988 157.8876802116015 19
1757648313056 157.57025935799587 20
1757648313132 157.2534828483271 21
1757648313200 156.93734935144462 22
1757648313265 156.62185753904922 23
1757648313326 156.3070060856866 24
1757648313390 155.99279366874077 25
1757648313451 155.67921896842762 26
1757648313515 155.36628066778823 27
1757648313579 155.05397745268246 28
1757648313642 154.7423080117825 29
1757648313703 154.4312710365663 30
1757648313767 154.12086522131125 31
1757648313830 153.81108926308764 32
1757648313892 153.50194186175224 33
1757648313967 153.19342171994208 34
1757648314029 152.88552754306784 35
1757648314093 152.57825803930746 36
1757648314154 152.27161191960016 37
1757648314215 151.9655878976397 38
1757648314277 151.66018468986817 39
1757648314341 151.35540101546977 40
1757648314415 151.05123559636462 41
1757648314496 150.74768715720222 42
1757648314559 150.44475442535534 43
1757648314621 150.1424361309139 44
1757648314683 149.84073100667857 45
1757648314772 149.53963778815455 46
1757648314843 149.23915521354573 47
1757648314904 148.93928202374795 48
1757648314967 148.64001696234337 49
1757648315032 148.34135877559402 50
1757648315095 148.04330621243588 51
1757648315159 147.74585802447248 52
1757648315222 147.44901296596922 53
1757648315289 147.15276979384694 54
1757648315354 146.85712726767605 55
1757648315417 146.56208414967037 56
1757648315480 146.26763920468127 57
1757648315545 145.9737912001914 58
1757648315607 145.68053890630898 59
1757648315701 145.3878810957617 60
1757648315765 145.09581654389058 61
1757648315833 144.8043440286443 62
1757648315897 144.51346233057308 63
1757648315968 144.2231702328229 64
1757648316056 143.93346652112945 65
1757648316121 143.64434998381236 66
1757648316185 143.3558194117692 67
1757648316247 143.06787359846967 68
1757648316314 142.78051133994995 69
1757648316376 142.49373143480653 70
1757648316436 142.20753268419065 71
1757648316497 141.92191389180235 72
1757648316556 141.6368738638848 73
1757648316615 141.35241140921852 74
1757648316677 141.0685253391154 75
1757648316737 140.7852144674134 76
1757648316797 140.50247761047046 77
1757648316857 140.2203135871588 78
1757648316917 139.93872121885946 79
1757648316975 139.6576993294564 80
1757648317038 139.37724674533092 81
1757648317100 139.09736229535608 82
1757648317159 138.81804481089085 83
1757648317217 138.53929312577472 84
1757648317279 138.26110607632194 85
1757648317339 137.98348250131596 86
1757648317400 137.70642124200396 87
1757648317462 137.42992114209096 88
1757648317522 137.15398104773473 89
1757648317594 136.8785998075398 90
1757648317654 136.6037762725524 91
1757648317713 136.32950929625446 92
1757648317772 136.0557977345584 93
1757648317832 135.78264044580166 94
1757648317891 135.51003629074117 95
1757648317951 135.23798413254775 96
1757648318010 134.96648283680094 97
1757648318077 134.6955312714834 98
1757648318137 134.42512830697558 99
1757648318197 134.15527281605014 100
1757648318257 133.8859636738669 101
1757648318315 133.61719975796706 102
1757648318376 133.3489799482682 103
1757648318435 133.08130312705873 104
1757648318497 132.8141681789925 105
1757648318562 132.54757399108377 106
1757648318622 132.28151945270162 107
1757648318682 132.01600345556474 108
1757648318747 131.7510248937363 109
1757648318808 131.48658266361832 110
1757648318869 131.2226756639469 111
1757648318929 130.95930279578658 112
1757648318989 130.69646296252532 113
1757648319053 130.43415506986923 114
1757648319113 130.17237802583733 115
1757648319173 129.91113074075653 116
1757648319233 129.65041212725617 117
1757648319294 129.39022110026312 118
1757648319355 129.13055657699653 119
1757648319430 128.87141747696268 120
1757648319507 128.61280272194983 121
1757648319571 128.3547112360232 122
1757648319635 128.0971419455199 123
1757648319696 127.84009377904366 124
1757648319756 127.58356566745991 125
1757648319817 127.32755654389068 126
1757648319880 127.07206534370962 127
1757648319941 126.81709100453683 128
1757648320004 126.56263246623396 129
1757648320072 126.30868867089912 130
1757648320143 126.05525856286195 131
1757648320204 125.8023410886786 132
1757648320266 125.54993519712673 133
1757648320330 125.29803983920063 134
1757648320390 125.04665396810621 135
1757648320454 124.7957765392561 136
1757648320520 124.54540651026473 137
1757648320582 124.29554284094328 138
1757648320644 124.04618449329514 139
1757648320705 123.7973304315106 140
1757648320766 123.54897962196218 141
1757648320827 123.30113103319987 142
1757648320887 123.05378363594599 143
1757648320948 122.80693640309079 144
1757648321008 122.56058830968708 145
1757648321070 122.3147383329459 146
1757648321135 122.06938545223142 147
1757648321197 121.82452864905629 148
1757648321257 121.58016690707686 149
1757648321318 121.33629921208826 150
1757648321379 121.09292455201988 151
1757648321439 120.85004191693045 152
1757648321501 120.60765029900338 153
1757648321562 120.36574869254206 154
1757648321622 120.12433609396507 155
1757648321684 119.88341150180156 156
1757648321747 119.64297391668659 157
1757648321808 119.4030223413563 158
1757648321895 119.16355578064346 159
1757648322053 118.92457324147271 160
1757648322131 118.68607373285586 161
1757648322206 118.4480562658874 162
1757648322273 118.21051985373975 163
1757648322343 117.97346351165882 164
1757648322410 117.73688625695924 165
1757648322474 117.5007871090199 166
1757648322539 117.26516508927931 167
1757648322604 117.03001922123104 168
1757648322674 116.7953485304193 169
1757648322743 116.5611520444342 170
1757648322805 116.32742879290738 171
1757648322866 116.09417780750742 172
1757648322928 115.86139812193537 173
1757648322989 115.62908877192024 174
1757648323050 115.39724879521451 175
1757648323111 115.16587723158969 176
1757648323173 114.93497312283185 177
1757648323235 114.70453551273711 178
1757648323298 114.47456344710733 179
1757648323359 114.24505597374551 180
1757648323421 114.01601214245157 181
1757648323482 113.78743100501778 182
1757648323544 113.55931161522446 183
1757648323605 113.33165302883552 184
1757648323666 113.10445430359417 185
1757648323729 112.87771449921848 186
1757648323791 112.65143267739714 187
1757648323853 112.42560790178491 188
1757648323915 112.20023923799856 189
1757648323976 111.97532575361228 190
1757648324038 111.75086651815361 191
1757648324099 111.52686060309894 192
1757648324163 111.30330708186933 193
1757648324228 111.08020502982626 194
1757648324289 110.85755352426723 195
1757648324352 110.63535164442162 196
1757648324423 110.41359847144642 197
1757648324495 110.19229308842193 198
1757648324557 109.9714345803476 199
1757648324620 109.75102203413776 200
1757648324682 109.53105453861748 201
1757648324760 109.31153118451832 202
1757648324826 109.09245106447409 203
1757648324891 108.87381327301688 204
1757648324954 108.65561690657262 205
1757648325018 108.43786106345706 206
1757648325081 108.22054484387175 207
1757648325144 108.0036673498996 208
1757648325207 107.78722768550105 209
1757648325269 107.5712249565097 210
1757648325331 107.35565827062844 211
1757648325393 107.14052673742522 212
1757648325456 106.92582946832896 213
1757648325519 106.71156557662546 214
1757648325582 106.49773417745345 215
1757648325649 106.28433438780037 216
1757648325713 106.07136532649845 217
1757648325831 105.85882611422063 218
1757648325899 105.64671587347648 219
1757648325968 105.43503372860823 220
1757648326031 105.22377880578681 221
1757648326093 105.01295023300771 222
1757648326157 104.80254714008713 223
1757648326224 104.59256865865794 224
1757648326289 104.38301392216566 225
1757648326352 104.17388206586463 226
1757648326416 103.96517222681393 227
1757648326481 103.75688354387344 228
1757648326543 103.54901515770007 229
1757648326606 103.34156621074357 230
1757648326669 103.13453584724282 231
1757648326732 102.92792321322192 232
1757648326795 102.72172745648619 233
1757648326858 102.51594772661834 234
1757648326922 102.31058317497451 235
1757648326986 102.10563295468062 236
1757648327049 101.9010962206282 237
1757648327112 101.69697212947086 238
1757648327175 101.49325983962024 239
1757648327238 101.28995851124215 240
1757648327303 101.08706730625296 241
1757648327367 100.88458538831553 242
1757648327430 100.68251192283564 243
1757648327494 100.48084607695804 244
1757648327558 100.27958701956271 245
1757648327622 100.07873392126105 246
1757648327686 99.87828595439223 247
1757648327751 99.67824229301925 248
1757648327813 99.47860211292536 249
1757648327875 99.27936459161016 250
1757648327938 99.08052890828601 251
1757648328000 98.88209424387426 252
1757648328062 98.68405978100145 253
1757648328127 98.48642470399571 254
1757648328192 98.28918819888302 255
1757648328261 98.09234945338355 256
1757648328327 97.89590765690794 257
1757648328391 97.6998620005536 258
1757648328454 97.50421167710114 259
1757648328518 97.30895588101065 260
1757648328581 97.11409380841808 261
1757648328645 96.91962465713158 262
1757648328709 96.7255476266279 263
1757648328773 96.53186191804875 264
1757648328835 96.33856673419716 265
1757648328898 96.14566127953395 266
1757648328961 95.95314476017413 267
1757648329029 95.76101638388316 268
1757648329093 95.56927536007362 269
1757648329156 95.37792089980145 270
1757648329220 95.18695221576243 271
1757648329284 94.99636852228872 272
1757648329348 94.8061690353452 273
1757648329420 94.61635297252599 274
1757648329495 94.4269195530509 275
1757648329562 94.23786799776194 276
1757648329625 94.04919752911978 277
1757648329690 93.86090737120028 278
1757648329753 93.67299674969097 279
1757648329817 93.48546489188753 280
1757648329881 93.29831102669043 281
1757648329946 93.11153438460131 282
1757648330011 92.9251341977196 283
1757648330075 92.73910969973909 284
1757648330140 92.55346012594444 285
1757648330205 92.36818471320771 286
1757648330269 92.18328269998506 287
1757648330338 91.99875332631314 288
1757648330402 91.81459583380584 289
1757648330467 91.63080946565081 290
1757648330532 91.44739346660607 291
1757648330598 91.26434708299665 292
1757648330672 91.08166956271113 293
1757648330739 90.89936015519837 294
1757648330803 90.71741811146406 295
1757648330900 90.53584268406743 296
1757648330969 90.35463312711782 297
1757648331033 90.17378869627143 298
1757648331098 89.9933086487279 299
1757648331164 89.81319224322704 300
1757648331230 89.63343874004549 301
1757648331295 89.4540474009934 302
1757648331360 89.27501748941114 303
1757648331425 89.096348270166 304
1757648331489 88.91803900964891 305
1757648331554 88.74008897577116 306
1757648331618 88.56249743796107 307
1757648331684 88.3852636671608 308
1757648331749 88.2083869358231 309
1757648331813 88.03186651790797 310
1757648331879 87.85570168887948 311
1757648331943 87.67989172570253 312
1757648332007 87.50443590683962 313
1757648332072 87.32933351224763 314
1757648332135 87.15458382337461 315
1757648332199 86.98018612315654 316
1757648332264 86.80613969601417 317
1757648332331 86.63244382784984 318
1757648332397 86.45909780604423 319
1757648332462 86.28610091945329 320
1757648332529 86.11345245840494 321
1757648332592 85.94115171469603 322
1757648332656 85.76919798158913 323
1757648332720 85.59759055380937 324
1757648332785 85.42632872754132 325
1757648332850 85.25541180042588 326
1757648332913 85.08483907155708 327
1757648332975 84.9146098414791 328
1757648333040 84.74472341218299 329
1757648333104 84.57517908710369 330
1757648333169 84.40597617111686 331
1757648333233 84.23711397053589 332
1757648333299 84.06859179310864 333
1757648333362 83.9004089480146 334
1757648333427 83.73256474586162 335
1757648333492 83.56505849868296 336
1757648333556 83.3978895199342 337
1757648333618 83.23105712449018 338
1757648333684 83.06456062864198 339
1757648333750 82.89839935009394 340
1757648333813 82.73257260796049 341
1757648333877 82.56707972276327 342
1757648333942 82.40204978851943 343
1757648334006 82.23735177949501 344
1757648334071 82.07298502356713 345
1757648334135 81.90894884999057 346
1757648334199 81.74524258939502 347
1757648334265 81.58186557378212 348
1757648334330 81.4188171365226 349
1757648334405 81.2560966123534 350
1757648334484 81.09370333737485 351
1757648334550 80.93163664904772 352
1757648334616 80.76989588619045 353
1757648334681 80.6084803889763 354
1757648334758 80.44738949893046 355
1757648334824 80.28662255892719 356
1757648334891 80.12617891318718 357
1757648334958 79.96605790727446 358
1757648335025 79.80625888809378 359
1757648335092 79.64678120388774 360
1757648335158 79.48762420423397 361
1757648335224 79.32878724004237 362
1757648335291 79.17026966355228 363
1757648335357 79.0120708283297 364
1757648335423 78.85419008926459 365
1757648335491 78.69662680256795 366
1757648335560 78.53938032576919 367
1757648335626 78.3824500177133 368
1757648335693 78.22583523855812 369
1757648335765 78.0695353497716 370
1757648335831 77.913549714129 371
1757648335897 77.75787769571022 372
1757648335965 77.60251865989703 373
1757648336030 77.44747197337041 374
1757648336095 77.29273700410774 375
1757648336161 77.1383131213801 376
1757648336226 76.98419969574965 377
1757648336292 76.83039609906687 378
1757648336358 76.67690170446785 379
1757648336429 76.5237158863716 380
1757648336496 76.37083802047745 381
1757648336562 76.2182674837622 382
1757648336628 76.06600365447768 383
1757648336693 75.9140459121479 384
1757648336761 75.7623936375664 385
1757648336825 75.61104621279378 386
1757648336890 75.46000302115482 387
1757648336956 75.30926344723595 388
1757648337022 75.15882687688261 389
1757648337088 75.00869269719665 390
1757648337154 74.8588629762177 391
1757648337219 74.70933160835199 392
1757648337287 74.56010333574069 393
1757648337354 74.41117234495988 394
1757648337420 74.2625430915414 395
1757648337485 74.1142100530545 396
1757648337551 73.96617739957617 397
1757648337769 73.81843989849517 398
1757648337842 73.67100143558487 399
1757648337914 73.52385914649527 400
1757648337987 73.37701037850977 401
1757648338055 73.23045868472899 402
1757648338122 73.08419946047748 403
1757648338190 72.93823597715304 404
1757648338258 72.7925639160808 405
1757648338325 72.64718626809734 406
1757648338393 72.50209899936796 407
1757648338474 72.35730482130661 408
1757648338542 72.21279998376151 409
1757648338608 72.06858691985954 410
1757648338675 71.92466216197758 411
1757648338745 71.78102786608805 412
1757648338814 71.63768084594537 413
1757648338881 71.49462298149705 414
1757648338948 71.35185136672703 415
1757648339019 71.20936760668451 416
1757648339087 71.06716907443808 417
1757648339154 70.92525710126199 418
1757648339221 70.78362933816778 419
1757648339289 70.64228684377534 420
1757648339354 70.5012275459003 421
1757648339431 70.36045223162577 422
1757648339505 70.21995910443586 423
1757648339577 70.07974868099141 424
1757648339644 69.93981943931246 425
1757648339712 69.80017162674908 426
1757648339780 69.66080399472779 427
1757648339849 69.52171652239639 428
1757648339918 69.3829082334615 429
1757648339987 69.24437883997433 430
1757648340056 69.1061276367981 431
1757648340123 68.96815406998994 432
1757648340191 68.83045770444957 433
1757648340265 68.69303772133955 434
1757648340331 68.55589395447893 435
1757648340397 68.41902532123228 436
1757648340465 68.28243192322381 437
1757648340539 68.14611241511379 438
1757648340611 68.01006716522049 439
1757648340683 67.87429456659045 440
1757648340752 67.73879525312807 441
1757648340820 67.60356735735385 442
1757648340889 67.46861177765328 443
1757648340957 67.33392638710554 444
1757648341025 67.1995123474753 445
1757648341094 67.06536727348214 446
1757648341163 66.93149258917109 447
1757648341230 66.79788565198089 448
1757648341297 66.66454814714105 449
1757648341365 66.53147717588529 450
1757648341432 66.39867468353488 451
1757648341500 66.2661375161913 452
1757648341565 66.13386787817785 453
1757648341633 66.00186236153368 454
1757648341702 65.8701234284974 455
1757648341770 65.73864741811273 456
1757648341836 65.60743704944993 457
1757648341905 65.47648840962135 458
1757648341971 65.34580447344817 459
1757648342039 65.21538107717238 460
1757648342110 65.08522145028847 461
1757648342176 64.95532117922626 462
1757648342243 64.82568374707888 463
1757648342312 64.69630449151903 464
1757648342381 64.567187148167 465
1757648342448 64.43832680699064 466
1757648342520 64.30972745506868 467
1757648342590 64.18138637254303 468
1757648342658 64.05330049353695 469
1757648342727 63.9254742719517 470
1757648342794 63.79790209157887 471
1757648342863 63.67058865485557 472
1757648342931 63.54352810179216 473
1757648342998 63.416725382304406 474
1757648343066 63.29017439365962 475
1757648343134 63.163880332197955 476
1757648343201 63.03783685347895 477
1757648343269 62.912049399215974 478
1757648343338 62.78651138429311 479
1757648343405 62.66122849474869 480
1757648343471 62.536197179995185 481
1757648343542 62.41141355221252 482
1757648343608 62.28688375359917 483
1757648343675 62.1626005103499 484
1757648343744 62.038570206116205 485
1757648343812 61.914785330271734 486
1757648343880 61.79125250688407 487
1757648343948 61.66796398952413 488
1757648344015 61.54492664164156 489
1757648344082 61.422132482020224 490
1757648344151 61.29958861246068 491
1757648344218 61.17731675640388 492
1757648344285 61.05526425142379 493
1757648344355 60.933486648574174 494
1757648344437 60.81194931579337 495
1757648344513 60.690659983942226 496
1757648344589 60.56960984273903 497
1757648344658 60.44880681429869 498
1757648344737 60.328241901492845 499
