1757635872626 31.98144257950739 0
1757635872833 5.814543228438584 1
1757635873396 1.1842733638484946 2
1757635873468 0.24509721494502176 3
1757635873538 0.14037612285760934 4
1757635873603 0.10982947063454847 5
1757635873714 0.10579567989282422 6
1757635873792 0.08635108232088651 7
1757635873859 0.1390450498351284 8
1757635873915 0.11012916305944717 9
1757635873971 0.09804296453685607 10
1757635874024 0.11096972631527217 11
1757635874075 0.11295443270423833 12
1757635874130 0.11533275609862711 13
1757635874185 0.12151602833644876 14
1757635874246 0.07283125267964384 15
1757635874310 0.10111110135815603 16
1757635874393 0.15723590046464225 17
1757635874453 0.06577329892829537 18
1757635874517 0.1633859069975978 19
1757635874584 0.09523873507183155 20
1757635874647 0.11405695572227499 21
1757635874713 0.09021798392184656 22
1757635874770 0.22803916538839408 23
1757635874822 0.11214663109789644 24
1757635874874 0.13708473530645499 25
1757635874925 0.10477788245230539 26
1757635874975 0.13993681530167082 27
1757635875037 0.17927696242656305 28
1757635875096 0.0647887736087634 29
1757635875161 0.06048434349551388 30
1757635875215 0.09334474492452616 31
1757635875267 0.09685187687452441 32
1757635875328 0.12157358648386862 33
1757635875388 0.12082390367083408 34
1757635875454 0.10492256053085218 35
1757635875514 0.09085260526099882 36
1757635875567 0.06846874724090617 37
1757635875617 0.07890574037592774 38
1757635875669 0.07339287439321782 39
1757635875722 0.06917039268679953 40
1757635875773 0.120591498228023 41
1757635875829 0.09203941415302372 42
1757635875883 0.08978587683452229 43
1757635875940 0.22257675655782966 44
1757635876003 0.05776431380558874 45
1757635876069 0.10473456103851217 46
1757635876123 0.15047000143659467 47
1757635876183 0.1297903389429369 48
1757635876254 0.11330816143569568 49
1757635876343 0.12803893132500088 50
1757635876434 0.10011773156503591 51
1757635876500 0.1439970620770955 52
1757635876566 0.13475572498137903 53
1757635876635 0.05895650237410903 54
1757635876797 0.0970282558022636 55
1757635876862 0.12367337859587968 56
1757635876962 0.17986364466281088 57
1757635877043 0.11406810372205259 58
1757635877151 0.12428441469366136 59
1757635877292 0.18719693320228073 60
1757635877426 0.0704625557606316 61
1757635877513 0.17471627374190987 62
1757635877628 0.09551418881847559 63
1757635877713 0.11605762391548537 64
1757635877797 0.11892199864048368 65
1757635877875 0.20006497931349868 66
1757635877962 0.17380707964039857 67
1757635878048 0.10140763121914699 68
1757635878131 0.11916046659320362 69
1757635878221 0.21870567611835923 70
1757635878306 0.07017177353011532 71
1757635878399 0.10620968779793737 72
1757635878467 0.049149800433862786 73
1757635878528 0.09472052677849743 74
1757635878590 0.07261085739207843 75
1757635878672 0.12580130740509268 76
1757635878735 0.09046310352725943 77
1757635878807 0.11240677364869367 78
1757635878951 0.1286663737452992 79
1757635879100 0.1364017298032209 80
1757635879464 0.1048241288000119 81
1757635879618 0.09953982776738336 82
1757635879684 0.09326576792548 83
1757635879759 0.04674265573973525 84
1757635879835 0.09874798130973012 85
1757635879908 0.11693235212527645 86
1757635879995 0.1134469162950137 87
1757635880065 0.09646360746839855 88
1757635880135 0.07542790133887767 89
1757635880215 0.09308714807603184 90
1757635880282 0.14389749292794038 91
1757635880348 0.09492919107096827 92
1757635880416 0.10275806204374668 93
1757635880477 0.11577578781121461 94
1757635880532 0.11545566222302275 95
1757635880591 0.10225473914473955 96
1757635880649 0.13461098927470183 97
1757635880709 0.14168381416931783 98
1757635880802 0.10608034816898992 99
1757635880861 0.09553278464605115 100
1757635880914 0.06723599905334683 101
1757635880965 0.07198932409446697 102
1757635881030 0.09446463846998969 103
1757635881081 0.08890769077982567 104
1757635881136 0.11693016524978983 105
1757635881186 0.06614904879731004 106
