1757650940307 32.16364980382175 0
1757650940436 5.266555170384203 1
1757650940560 0.9851211098329717 2
1757650940683 0.10228047280338705 3
1757650940886 0.13827256271863775 4
1757650941003 0.12750623832989602 5
1757650941119 0.027369950551965193 6
1757650941232 0.0001660185193806636 7
1757650941344 0.004036107879172517 8
1757650941459 0.019259126131181192 9
1757650941598 0.0007381632407868871 10
1757650941754 0.008205833427881323 11
1757650941896 0.02484070278258091 12
1757650942021 0.1913208647334075 13
1757650942147 0.0065545485527428995 14
1757650942286 0.002859210284056318 15
1757650942408 0.0008029596899275925 16
1757650942524 0.059464604507934476 17
1757650942648 0.049708767509584806 18
1757650942792 0.0622992077447269 19
1757650942943 0.0013292825478268763 20
1757650943109 0.017452675018011198 21
1757650943306 0.18253335311927954 22
1757650943489 0.006796202171764515 23
1757650943698 0.15844336625125613 24
1757650943862 0.0657318418565617 25
1757650944005 0.012740199359199114 26
1757650944135 0.003443346509779155 27
1757650944313 3.817142414971254e-05 28
1757650944484 0.007963497877944804 29
1757650944621 0.059350070588468785 30
1757650944800 0.016737329745529505 31
1757650944985 0.16411646296900317 32
1757650945311 0.013151782888098233 33
1757650945496 0.04243782008084177 34
1757650945669 0.003438495391826706 35
1757650945815 0.14826007765776203 36
1757650945991 0.002876642225319172 37
1757650946144 0.013168847748161993 38
1757650946276 0.109692692359307 39
1757650946400 0.026890867991618047 40
1757650946551 0.22973338645867317 41
1757650946688 0.006743932287128985 42
1757650946809 0.3861648009786187 43
1757650946993 0.00025656625122312646 44
1757650947116 0.05753476905532393 45
1757650947239 0.0016072191475519572 46
1757650947475 0.01336043278946433 47
1757650947665 0.00508888064944451 48
1757650947866 0.2100279153381821 49
1757650948016 0.017769302980577658 50
1757650948155 0.11608058167702608 51
1757650948286 0.00013295276567112477 52
1757650948443 0.054854692310614205 53
1757650948584 0.13774247680195273 54
1757650948772 0.0005432371723481331 55
1757650948906 0.02660461233373637 56
1757650949036 0.00036740555945674825 57
1757650949157 0.0005657517652332316 58
1757650949275 0.1377449596359123 59
1757650949394 0.005284335032557069 60
1757650949517 0.11153386667177621 61
1757650949635 0.1489589788624926 62
1757650949758 0.23709173763729108 63
1757650949870 0.06361623476427608 64
1757650949994 0.4362074972550183 65
1757650950133 0.11685038857887242 66
1757650950297 0.13572744212189952 67
1757650950548 0.03559574734866298 68
1757650950832 0.19417145615015846 69
1757650951015 0.13074263044947984 70
1757650951203 0.5532593336327619 71
1757650951386 0.24575921240187135 72
1757650951535 3.232428603430682e-06 73
1757650951708 0.02489062083215598 74
1757650952087 0.3435222935204216 75
1757650952281 0.16035683913255874 76
1757650952474 0.00548485756090496 77
1757650952630 0.001989713959894382 78
1757650952818 0.2492221619371916 79
1757650952972 0.0006408499276686978 80
1757650953111 0.13937211715778522 81
1757650953272 0.007570304097451627 82
1757650953425 2.046658577726418e-08 83
1757650953553 0.0938751620281143 84
1757650953677 0.022740540862393202 85
1757650953810 0.003009783608848378 86
1757650953959 0.00722786275261352 87
1757650954164 0.0693420028340521 88
1757650954359 0.03362561603369916 89
1757650954523 0.5233954194916497 90
1757650954665 0.003684445177815166 91
1757650954821 0.025045422955612955 92
1757650954998 0.21047489706282366 93
1757650955155 0.013400371576789891 94
1757650955288 0.027397813162506297 95
1757650955412 0.11817114645748983 96
1757650955553 0.0029218559898465304 97
1757650955712 0.017119744682106728 98
1757650955858 0.0019066843195028485 99
1757650956028 0.036792066057718974 100
1757650956201 0.0007116586219352075 101
1757650956362 0.01938060021626391 102
1757650956532 0.09753932636451773 103
1757650956782 0.2383754454269797 104
1757650956980 0.2537980949078647 105
1757650957337 0.06651634285699265 106
1757650957580 0.010915995520368487 107
1757650957805 0.05478225920699118 108
1757650957981 0.244682004550508 109
1757650958154 0.011865581042566057 110
1757650958322 0.0007910077994170488 111
1757650958465 0.20706547982275997 112
1757650958597 0.001444825571897025 113
1757650958734 0.18255507111736433 114
1757650958859 0.2518047853458299 115
1757650958981 0.006561599848855839 116
1757650959101 0.001184452485145874 117
1757650959222 0.1196129455164569 118
1757650959355 0.008832775690195332 119
1757650959474 0.046995746290662124 120
1757650959589 0.32866871512205686 121
1757650959709 0.55062546337679 122
1757650959828 0.06149865600991578 123
1757650959946 0.24816597121424366 124
1757650960088 0.013729589176005941 125
1757650960228 0.04378669827788506 126
1757650960356 0.16913091151084897 127
1757650960478 0.17841713302696868 128
1757650960600 0.07362041662272661 129
1757650960720 0.07724432418190591 130
1757650960841 0.31069413572755505 131
1757650960957 0.08102355702739666 132
1757650961075 0.020887192170284095 133
1757650961195 0.5345181033718887 134
1757650961313 0.027432403894290674 135
1757650961431 0.1387640132979648 136
1757650961547 0.0001974494766195872 137
1757650961662 0.0719153004595867 138
1757650961779 0.015582088091220964 139
1757650961898 0.030067072045191455 140
1757650962014 0.00029252913063715363 141
1757650962129 0.015482126583264186 142
1757650962247 0.05045317848423362 143
1757650962366 0.12464776668114377 144
1757650962490 0.18023811236184337 145
1757650962607 0.004666995584771939 146
1757650962725 0.1017091749358143 147
1757650962840 0.0327642111018575 148
1757650962957 0.08249657931521379 149
1757650963076 0.04681295955827639 150
1757650963192 0.001387561761155386 151
1757650963313 0.09267294549024005 152
1757650963429 0.07361610418890446 153
1757650963547 0.015653761653307723 154
1757650963663 0.01052373229642616 155
1757650963782 0.2411426098312184 156
1757650963901 0.005143073552650246 157
1757650964018 0.003930893296075758 158
1757650964135 0.2401459247443236 159
1757650964255 0.005312756544400609 160
1757650964379 0.9044060392616061 161
1757650964512 0.09401093503693764 162
1757650964638 0.5229595339225857 163
1757650964755 0.8202929353797631 164
1757650964871 0.285880338435396 165
1757650964996 0.0030098005828835673 166
1757650965123 0.019761508106284763 167
