1757642856978 0.0988652167052975 0
1757642857080 0.005262544981383071 1
1757642857188 0.511940319605158 2
1757642857290 0.011282100147496484 3
1757642857388 0.06304422812095349 4
1757642857488 0.07871735099590517 5
1757642857585 0.003311177920456531 6
1757642857683 1.8533988604180768e-05 7
1757642857780 0.021387342911949207 8
1757642857878 0.20164455294828684 9
1757642857977 0.5466068933943599 10
1757642858075 0.15318407870174872 11
1757642858173 0.1790604973722696 12
1757642858278 0.009783025322902195 13
1757642858387 0.042144379052563324 14
1757642858490 0.4560893471850061 15
1757642858592 0.0873983809762695 16
1757642858694 0.008525353748027669 17
1757642858795 6.504455268468111e-05 18
1757642858895 0.37961426524068725 19
1757642858994 0.0011652827955611 20
1757642859092 0.0489803742582959 21
1757642859198 0.04558055427324699 22
1757642859297 0.03579262235604366 23
1757642859398 0.04235616679558584 24
1757642859496 0.027038201664825644 25
1757642859595 0.00644336411500058 26
1757642859693 0.34798138748541624 27
1757642859792 0.20797804363453815 28
1757642859890 0.01155649680131955 29
1757642859988 0.000981288747392674 30
1757642860086 0.06039224073689892 31
1757642860185 0.017673963974507143 32
1757642860283 0.07434711171313668 33
1757642860382 0.19513272399236065 34
1757642860481 0.11993928223317263 35
1757642860579 0.010193453120222939 36
1757642860677 0.006330557488873958 37
1757642860776 0.5161787711503463 38
1757642860874 0.0057088013943169934 39
1757642860973 0.06564560739500698 40
1757642861072 0.12916932483426433 41
1757642861173 0.1689078855436545 42
1757642861278 0.009769680633501355 43
1757642861378 0.00016341345441677998 44
1757642861478 0.015859592432036593 45
1757642861575 0.12769163149374857 46
1757642861675 0.019643560471151168 47
1757642861775 0.01711085080012674 48
1757642861875 0.331328497725219 49
1757642861975 0.7484731658923754 50
1757642862073 0.06758251799656502 51
1757642862171 0.016727816413133787 52
1757642862271 0.20529127723121224 53
1757642862370 0.09654721794058511 54
1757642862470 0.23382290545047882 55
1757642862568 0.0005681010596794531 56
1757642862667 0.03139134227403933 57
1757642862768 0.03660723483282786 58
1757642862869 2.570329525329466e-06 59
1757642862972 0.19157260802501516 60
1757642863075 0.6855623869506472 61
1757642863188 0.11677658347057379 62
1757642863301 0.018505638680112582 63
1757642863409 0.12418410862214097 64
1757642863514 0.006625558478980145 65
1757642863618 0.06290991996803595 66
1757642863719 0.5149256578783139 67
1757642863822 0.05290056588071842 68
1757642863924 0.022185128118232818 69
1757642864024 0.002793509530113077 70
1757642864123 0.08030504041017258 71
1757642864223 0.48821685870209663 72
1757642864371 0.5825569878798037 73
1757642864478 0.008930810914244384 74
1757642864584 0.1575333680528252 75
1757642864688 0.10269168092377023 76
1757642864790 0.0031681464869506505 77
1757642864891 0.0001720462252481619 78
1757642864991 0.001110413753078964 79
1757642865090 0.041732496698992025 80
1757642865190 0.0006334621336496729 81
1757642865296 0.05151172199191009 82
1757642865398 0.3169668783981637 83
1757642865497 0.46629970673236915 84
1757642865598 0.08716328204349831 85
1757642865701 0.1275453526607039 86
1757642865807 0.626691524048199 87
1757642865910 0.08995069152862363 88
1757642866010 0.0027682696596655156 89
1757642866115 0.14372418773284104 90
1757642866216 0.0044947322467505345 91
1757642866316 0.05712361539585911 92
1757642866417 1.4342945583540616 93
1757642866518 0.05618896230928193 94
1757642866618 0.035056595444173805 95
1757642866719 1.2111908147180211e-05 96
1757642866820 0.062304381929955306 97
1757642866920 0.0335465088959759 98
1757642867021 0.21334658879008014 99
1757642867129 0.10544068068855782 100
1757642867248 0.07990291361635452 101
1757642867416 0.1016861880458359 102
1757642867527 4.599303580503311e-06 103
1757642867632 0.00029839931514144595 104
1757642867736 0.13731755597459866 105
1757642867844 0.0052762327469489554 106
1757642867949 0.016218670722422075 107
1757642868054 0.08969410911525902 108
1757642868156 0.09031437759273302 109
1757642868261 0.06477565403683248 110
1757642868379 3.067745800818254e-05 111
1757642868485 0.11073038995761879 112
1757642868589 0.16378969254758777 113
1757642868695 0.17953950642628638 114
1757642868798 0.15743691707343913 115
1757642868900 0.017044419400485303 116
1757642869002 0.01539050991853932 117
1757642869103 0.16655213410149255 118
1757642869203 0.00021487555552946694 119
1757642869305 0.18950991295435626 120
1757642869415 0.23169525412622993 121
1757642869520 0.44469887548390596 122
1757642869621 0.014843980205325178 123
1757642869723 0.009880795875879225 124
1757642869824 0.005868452253508152 125
1757642869925 0.004755144739784484 126
1757642870026 0.00015869241127463709 127
1757642870127 0.013645998901875083 128
1757642870229 0.004015479035513282 129
1757642870329 0.021555987043973743 130
1757642870431 0.13505582087964033 131
1757642870547 0.5107164871103411 132
1757642870655 0.009140401565529787 133
1757642870760 0.16775262925660467 134
1757642870865 0.2299130542870905 135
1757642870970 0.03334428735802537 136
1757642871073 0.12908190335448325 137
1757642871177 0.015045400715490844 138
1757642871280 0.1867350845568142 139
1757642871382 0.15023492398869603 140
1757642871492 0.1886705969443218 141
1757642871594 0.07803408520025626 142
1757642871695 0.533894345904557 143
1757642871796 0.03666106961196024 144
1757642871898 0.004537124032958314 145
1757642871998 0.05472310054477824 146
1757642872100 0.06795959144851489 147
1757642872201 0.11444961424323113 148
1757642872302 0.6137027333187833 149
1757642872404 0.0003086649700109084 150
1757642872506 0.08712335568118613 151
1757642872608 0.3171369338355314 152
1757642872709 0.2654032373379753 153
1757642872810 0.4506620417298554 154
1757642872911 0.6206032878274604 155
1757642873011 0.24955709545368834 156
1757642873119 0.6077054844630505 157
1757642873225 0.06447348073741332 158
1757642873342 0.07965702445487965 159
1757642873450 0.0028782715097420476 160
1757642873560 0.010499140185988754 161
1757642873665 0.09040829560257731 162
1757642873773 0.0027101772468779645 163
1757642873878 0.0009678315573103258 164
1757642873984 0.0973418479186214 165
1757642874088 0.03882674590745536 166
1757642874192 0.03216444028820162 167
1757642874294 0.0026838025785203574 168
1757642874400 0.004842327254867166 169
1757642874502 0.0032255460116322144 170
1757642874604 0.2543820327142216 171
1757642874706 0.07210471535564546 172
1757642874814 0.08869540143528151 173
1757642874920 0.5338686326849261 174
1757642875026 0.035829589959051084 175
1757642875129 0.6367886914381945 176
1757642875231 0.25785784889522007 177
1757642875332 0.03414435419437244 178
1757642875435 0.0017335550781110993 179
1757642875545 0.08317665186657144 180
1757642875652 0.05190101807525238 181
1757642875756 0.0012473167772022436 182
1757642875859 0.04436589627382399 183
1757642875961 0.1955926991195228 184
1757642876064 0.07172797709828017 185
1757642876165 0.137329451482832 186
1757642876268 0.0026885392614547144 187
1757642876371 0.008813484049407348 188
1757642876473 1.638337738750641e-05 189
1757642876575 0.05139268209174332 190
1757642876677 0.0188747040164465 191
1757642876779 0.04942656369998974 192
1757642876882 0.047115297416907266 193
1757642876985 3.3872601457048964e-05 194
1757642877087 0.023719767239262113 195
1757642877189 0.005451945488679693 196
1757642877291 0.12617941110109793 197
1757642877394 0.2041665360892326 198
1757642877498 0.15111901781719966 199
1757642877607 0.17614444393648943 200
1757642877710 0.6025898546356573 201
1757642877812 0.02159945711603006 202
1757642877915 0.006808693448903097 203
1757642878016 0.026499234999487312 204
1757642878119 0.00985391170365053 205
1757642878222 0.10732633269650524 206
1757642878338 0.143087890646695 207
1757642878445 0.02529672230390927 208
1757642878551 0.1362653040223782 209
1757642878657 0.022594851034807687 210
1757642878764 0.017531833466319636 211
1757642878867 0.011442706273220346 212
1757642878970 0.10968775463472656 213
1757642879072 0.010733019264394326 214
1757642879175 0.015671508409574667 215
1757642879277 7.684363202887045e-06 216
1757642879382 0.9338558275529679 217
1757642879486 0.008822371589676439 218
1757642879595 0.09212608122366822 219
1757642879701 0.16028985386318817 220
1757642879804 0.2530816260552555 221
1757642879908 0.010442409175975591 222
1757642880014 0.0010270493928288534 223
1757642880118 0.0002602659382386752 224
1757642880223 0.37399214916349977 225
1757642880328 0.007746059496267099 226
1757642880431 0.05962402053799138 227
1757642880534 0.15746450487923605 228
1757642880637 0.023694680104890356 229
1757642880740 0.006981366096972748 230
1757642880844 0.027346275037389487 231
1757642880948 0.014285381177115511 232
1757642881052 0.19345093540428143 233
1757642881155 0.19121269607371452 234
1757642881257 0.0020552578718558926 235
1757642881361 0.08261857719388785 236
1757642881465 0.09498622168128731 237
1757642881571 0.2738185563476005 238
1757642881681 0.04105512172624067 239
1757642881785 0.021207045574230286 240
1757642881888 0.13634579601598587 241
1757642881993 0.20121105600817318 242
1757642882099 0.017697416295152577 243
1757642882267 0.1451588580434646 244
1757642882383 1.0736125509025247 245
1757642882490 0.19771895993974442 246
1757642882598 0.17458571482763666 247
1757642882707 0.07262013662067934 248
1757642882815 0.02738065182257323 249
1757642882924 0.1329890564869152 250
1757642883030 0.10832351590286116 251
1757642883141 0.07063349878520561 252
1757642883250 0.08342318101840608 253
1757642883373 0.10155458595591467 254
1757642883481 0.03579397293222061 255
1757642883587 0.34113424291782435 256
1757642883700 0.12375919057657529 257
1757642883807 0.00026761504967064386 258
1757642883915 0.13455735007968084 259
1757642884078 0.8447133363150409 260
1757642884190 0.00985389527202063 261
1757642884299 0.023301104044047054 262
1757642884413 0.053629373935095495 263
1757642884522 0.9722444352362007 264
1757642884631 0.7652088153699775 265
1757642884736 2.807430461371939e-06 266
1757642884841 0.009756385209666528 267
1757642884946 0.011343052048136909 268
1757642885051 0.06542864178307399 269
1757642885158 0.035915550254697295 270
1757642885263 0.4647494532022434 271
1757642885367 0.0012455549817459183 272
1757642885470 0.0675763908055254 273
1757642885576 0.009709558830376875 274
1757642885688 0.0014994551446945378 275
1757642885798 0.019152934389651162 276
1757642885914 0.0728674748688274 277
1757642886026 0.1322800095004844 278
1757642886134 0.013236130501739185 279
1757642886241 0.001996164579355132 280
1757642886345 0.026156525751915297 281
1757642886451 0.40655505218207877 282
1757642886555 0.2964892007385931 283
1757642886661 0.0013480266826251667 284
1757642886765 0.11518103566356654 285
1757642886870 0.14162915836282874 286
1757642886975 0.0023995815520372154 287
1757642887081 0.025708795111402984 288
1757642887186 0.002894596812846782 289
1757642887290 0.13407391442928457 290
1757642887396 0.3316176435878138 291
1757642887501 0.03239019861396498 292
1757642887605 0.0033688965085204073 293
1757642887714 0.19782610275705065 294
1757642887822 0.003295348052795075 295
1757642887928 0.021096399252751172 296
1757642888033 0.01648983797508495 297
1757642888139 0.08046728680518132 298
1757642888243 0.008264495064745787 299
1757642888367 0.16148397370894155 300
1757642888477 0.07174090988384005 301
1757642888587 0.001569736162492321 302
1757642888695 0.48832542184478733 303
1757642888804 0.006692651534845854 304
1757642888912 0.008726714277891547 305
1757642889018 0.02306292966877523 306
1757642889123 0.053513320715655795 307
1757642889228 0.0004455527269240722 308
1757642889334 0.0004960530115820353 309
1757642889443 0.42381751845686 310
1757642889548 0.414632079290389 311
1757642889654 0.03415343111201138 312
1757642889765 0.037696055452687637 313
1757642889874 0.02641380506838684 314
1757642889979 0.041925736718360446 315
1757642890084 0.153241275118712 316
1757642890188 0.0036189033406682346 317
1757642890295 0.0007460427492943692 318
1757642890401 0.26809991515276527 319
1757642890506 0.04029605703500154 320
1757642890611 0.004915597754188106 321
1757642890716 0.05965638019609651 322
1757642890821 0.060364012394762606 323
1757642890927 0.29317082841997105 324
1757642891033 0.04220933608468826 325
1757642891139 0.1509932299895618 326
1757642891244 0.31106098668138743 327
1757642891349 0.1257364399816244 328
1757642891454 0.13751300222102208 329
1757642891561 0.07464100611725233 330
1757642891666 0.5216188983581664 331
1757642891775 0.015116966152819602 332
1757642891887 0.0003550239677379381 333
1757642891994 0.02760486361008503 334
1757642892101 0.1795682398290241 335
1757642892206 0.007034729404881864 336
1757642892312 0.0017108156790849767 337
1757642892417 0.08255912226067864 338
1757642892523 0.10434590759576637 339
1757642892629 0.08632898896939516 340
1757642892734 0.032976564893699115 341
1757642892841 0.24103627978538075 342
1757642892946 0.01666618903992986 343
1757642893052 0.08061710593167987 344
1757642893176 0.02358365014546001 345
1757642893290 0.10933536296788172 346
1757642893408 0.10046675580335367 347
1757642893518 0.009005562468768597 348
1757642893627 0.0533283975005376 349
1757642893737 0.3316511415664511 350
1757642893852 0.1413239134899949 351
1757642893961 0.08778521315856543 352
1757642894071 0.6249976577574479 353
1757642894179 0.6883891893247219 354
1757642894285 0.29858267954616935 355
1757642894393 0.005265878693331917 356
1757642894500 0.0015035616745752523 357
1757642894605 0.08029181140306825 358
1757642894713 0.004374906367899115 359
1757642894819 0.04966030767928415 360
1757642894926 0.7802547611687771 361
1757642895033 0.004256151236074221 362
1757642895139 0.030413536991318955 363
1757642895247 0.28880049257591617 364
1757642895354 0.3717424928010043 365
1757642895460 0.11933916783227398 366
1757642895567 0.00023961996500572547 367
1757642895676 0.002841024864299393 368
1757642895783 0.004652776871621846 369
1757642895897 0.1321871628494863 370
1757642896005 0.0006857890900183747 371
1757642896112 0.09684187959642987 372
1757642896218 0.037597414900979426 373
1757642896324 0.009156050146281503 374
1757642896432 0.049427990918479506 375
1757642896538 0.06552766138456909 376
1757642896644 0.22540017916584146 377
1757642896750 0.02194401689713252 378
1757642896856 0.0026749876539822887 379
1757642896963 1.368170685785797e-06 380
1757642897069 0.020824800754477454 381
1757642897176 0.15858370693764193 382
1757642897282 0.2017757099330504 383
1757642897389 0.23894691879216254 384
1757642897497 0.7682074465938735 385
1757642897603 0.007708973075912721 386
1757642897709 0.0018028770135801772 387
1757642897817 0.027281339845422727 388
1757642897933 0.04500683722730603 389
1757642898041 0.2561313056031545 390
1757642898147 0.003428243239722905 391
1757642898255 0.07915210234634427 392
1757642898381 0.06424667445846073 393
1757642898493 0.3230479012640285 394
1757642898604 0.03611998217058348 395
1757642898714 0.022935487789735528 396
1757642898821 5.8993936947947905e-06 397
1757642898928 0.04195781431686638 398
1757642899035 0.5121651794825433 399
1757642899142 0.002698800297979129 400
1757642899249 0.044745288727606296 401
1757642899356 0.024561955810486376 402
1757642899464 0.0008957250010979249 403
1757642899572 0.040333260938407 404
1757642899678 0.020982133882413656 405
1757642899786 0.2994254325127829 406
1757642899895 0.009618072786901797 407
1757642900006 0.14843083471505342 408
1757642900114 0.09553525860908997 409
1757642900221 0.5500923195460097 410
1757642900329 0.07963415194673464 411
1757642900437 0.0066383425095846655 412
1757642900543 0.021903276423916616 413
1757642900651 0.06156301545845637 414
1757642900758 0.12038479038989447 415
1757642900865 0.0027653477648610526 416
1757642900972 0.026978687007282492 417
1757642901080 0.0317861244771652 418
1757642901188 0.02117631094870395 419
1757642901346 0.12909908059952402 420
1757642901461 0.3531636643169491 421
1757642901573 0.01590575146422992 422
1757642901685 0.023404497834377806 423
1757642901793 0.07297442990653176 424
1757642901902 0.03342017676525937 425
1757642902018 0.049371492166797974 426
1757642902128 0.18774033026863296 427
1757642902235 0.0011122862205859853 428
1757642902342 0.20540315047641589 429
1757642902450 0.03269490192647702 430
1757642902558 0.5433167488868041 431
1757642902665 0.343108409198097 432
1757642902773 0.39513402764446676 433
1757642902880 0.06031342701123072 434
1757642902988 0.00019135014301616642 435
1757642903098 0.4450339059704116 436
1757642903214 7.272996151611973e-06 437
1757642903332 0.0005339428021856734 438
1757642903444 0.17905049614548998 439
1757642903557 0.053408925546098045 440
1757642903669 0.4497688263597008 441
1757642903780 0.14081789214997328 442
1757642903890 3.320616110226239e-05 443
1757642904004 0.001431544762743476 444
1757642904116 0.006400447409394139 445
1757642904225 0.003950381134811873 446
1757642904335 0.10700872656757557 447
1757642904446 0.08438869242623487 448
1757642904554 0.009846134999459903 449
1757642904662 0.0524750721282912 450
1757642904769 0.18872557846719243 451
1757642904878 0.11842171389838815 452
1757642904985 0.41139953625965037 453
1757642905094 0.24342066875577018 454
1757642905203 0.03767228001564279 455
1757642905314 0.045395267563801175 456
1757642905422 0.0134015986504006 457
1757642905535 0.0014565112361621991 458
1757642905646 0.2866350082682446 459
1757642905755 0.0005364134326423218 460
1757642905865 0.06895657630230916 461
1757642905974 0.012830957341218805 462
1757642906091 0.42883663128874694 463
1757642906200 0.05457580601378443 464
1757642906310 0.04242920385979232 465
1757642906418 0.04463646291124794 466
1757642906526 0.043805232706492926 467
1757642906635 0.0003766281315768277 468
1757642906744 0.0005149281438873099 469
1757642906853 0.004215469445473805 470
1757642906961 0.017761336519892132 471
1757642907070 5.571140016427962e-05 472
1757642907180 0.0851400117338953 473
1757642907288 0.5086456988967097 474
1757642907397 0.01691838112705244 475
1757642907506 0.061582881176297816 476
1757642907615 0.5110857834130909 477
1757642907725 0.05641550495002027 478
1757642907832 0.0008471213824220475 479
1757642907941 0.002649537317628861 480
1757642908054 0.6094694471121896 481
1757642908168 0.0050212777627775375 482
1757642908282 0.0010519285946076209 483
1757642908406 0.013960536813760737 484
1757642908519 0.002414156305708825 485
1757642908633 0.00048051129757112294 486
1757642908747 0.00013473462811464711 487
1757642908857 0.139264229799043 488
1757642908967 0.014300219168903743 489
1757642909145 0.028838779145777264 490
1757642909262 0.07937958947031361 491
1757642909378 0.0010767540328205521 492
1757642909492 0.043846709189502626 493
1757642909604 0.07644021799521697 494
1757642909718 0.02658607143972961 495
1757642909831 0.19939665676508084 496
1757642909945 0.005933168727366218 497
1757642910061 0.029300654669940387 498
1757642910174 0.2376070672540217 499
