1757639648110 152.18786819240114 0
1757639648158 128.0896531393262 1
1757639648207 108.04566780143247 2
1757639648257 86.77128346769823 3
1757639648307 70.41911224508513 4
1757639648355 62.92648940440298 5
1757639648403 50.059705364971904 6
1757639648451 46.467717681649354 7
1757639648505 34.30012341847093 8
1757639648554 32.36095535056086 9
1757639648604 26.359232164342792 10
1757639648654 21.43483764495329 11
1757639648705 19.950124170566465 12
1757639648755 15.648053382773165 13
1757639648803 12.567912294009917 14
1757639648852 12.189978060110317 15
1757639648901 9.834113841737528 16
1757639648949 8.259299247945282 17
1757639648997 6.047464994103388 18
1757639649046 5.651239678846156 19
1757639649094 5.4889313044905474 20
1757639649143 4.464554563401851 21
1757639649191 3.536546057164011 22
1757639649240 3.5196788621841204 23
1757639649293 2.4032973369090542 24
1757639649345 2.450577746052478 25
1757639649398 1.6752421677103455 26
1757639649447 1.6917474148039873 27
1757639649497 1.452193923123873 28
1757639649547 1.0902514252847493 29
1757639649597 1.132263301648544 30
1757639649648 0.8842901499497737 31
1757639649699 0.794280873407927 32
1757639649749 0.5480830519551168 33
1757639649797 0.5495634011865799 34
1757639649844 0.44699882260601703 35
1757639649894 0.504349998031064 36
1757639649941 0.30780222662847323 37
1757639649989 0.35247585457311725 38
1757639650037 0.380605917397781 39
1757639650086 0.22610488400217 40
1757639650136 0.33902150195877906 41
1757639650185 0.250179332214681 42
1757639650233 0.15951637267453106 43
1757639650282 0.1439602623645288 44
1757639650332 0.21514243572252853 45
1757639650382 0.15973963446066078 46
1757639650430 0.17995514849952965 47
1757639650478 0.17908420944299863 48
1757639650531 0.18961490412734988 49
1757639650583 0.18602514384807023 50
1757639650635 0.16196169450103365 51
1757639650683 0.17965400703951764 52
1757639650732 0.1317219568820665 53
1757639650782 0.15857913882843405 54
1757639650829 0.1539818548344724 55
1757639650878 0.15169082028714326 56
1757639650926 0.11991884271099552 57
1757639650974 0.21871959106466152 58
1757639651023 0.1438899336653936 59
1757639651073 0.18405188508820852 60
1757639651123 0.11426978265225202 61
1757639651172 0.13279179598993665 62
1757639651220 0.12375458943813086 63
1757639651269 0.11865794241587244 64
1757639651319 0.17590132536153547 65
1757639651368 0.1844969601559396 66
1757639651417 0.16886222125217237 67
1757639651464 0.13796223991075057 68
1757639651512 0.08325963799678454 69
1757639651561 0.07492844683867271 70
1757639651610 0.13862115957393628 71
1757639651660 0.14472512611926416 72
1757639651709 0.23123844704039792 73
1757639651759 0.10190639906393358 74
1757639651810 0.13124507457869758 75
1757639651860 0.1146086587009992 76
1757639651910 0.11204541332469656 77
1757639651957 0.1117852378150288 78
1757639652005 0.07128497337883771 79
1757639652054 0.09589865371828998 80
1757639652105 0.10289722576034113 81
1757639652169 0.12213544317525887 82
1757639652220 0.16608434576771502 83
1757639652272 0.12695452674185032 84
1757639652322 0.07492277439968077 85
1757639652373 0.17272326361890922 86
1757639652424 0.13544517077741283 87
1757639652473 0.1952070386405505 88
1757639652522 0.1409404051923931 89
1757639652580 0.11118333648307865 90
