1757624988342 170.69339163823298 0
1757624988393 167.27072733599414 1
1757624988436 162.23655750506643 2
1757624988479 156.52270425287975 3
1757624988525 150.59773557911205 4
1757624988566 144.69261828678364 5
1757624988625 138.9181326521828 6
1757624988699 133.32476940205927 7
1757624988788 127.93298118117542 8
1757624988895 122.74838019817513 9
1757624988942 117.76934899924588 10
1757624989000 112.99084249029653 11
1757624989056 108.40628190437266 12
1757624989115 104.00849408274146 13
1757624989161 99.79017352554648 14
1757624989216 95.74410612571175 15
1757624989259 91.86327407668622 16
1757624989303 88.14090169434306 17
1757624989361 84.57047200897779 18
1757624989421 81.14572903956875 19
1757624989477 77.8606731909134 20
1757624989603 74.70955347926542 21
1757624989677 71.68685842545825 22
1757624989736 68.78730652200467 23
1757624989790 66.00583671518713 24
1757624989841 63.33759911113713 25
1757624989894 60.77794599956378 26
1757624989947 58.32242323174787 27
1757624989999 55.966761961476244 28
1757624990054 53.70687074416496 29
1757624990106 51.53882798321102 30
1757624990161 49.45887470998277 31
1757624990214 47.463407682985924 32
1757624990269 45.54897279171995 33
1757624990334 43.712258751116 34
1757624990398 41.950091073000344 35
1757624990449 40.259426301643494 36
1757624990497 38.637346501085034 37
1757624990543 37.08105398253934 38
1757624990592 35.58786626077827 39
1757624990641 34.155211228949135 40
1757624990689 32.78062254181773 41
1757624990741 31.461735197929055 42
1757624990794 30.19628131165228 43
1757624990841 28.982086066524268 44
1757624990885 27.817063841728274 45
1757624990928 26.699214503943598 46
1757624990973 25.626619857178646 47
1757624991022 24.59744024355645 48
1757624991073 23.609911288358592 49
1757624991131 22.662340782952143 50
1757624991183 21.753105699526664 51
1757624991232 20.880649331853775 52
1757624991282 20.04347855655314 53
1757624991327 19.24016120960567 54
1757624991378 18.469323573098425 55
1757624991431 17.72964796741702 56
1757624991480 17.01987044432102 57
1757624991537 16.33877857654638 58
1757624991606 15.685209339777042 59
1757624991658 15.058047083016278 60
1757624991708 14.456221583567482 61
1757624991759 13.878706183004248 62
1757624991812 13.324516000671899 63
1757624991867 12.792706221416685 64
1757624991923 12.28237045438578 65
1757624991973 11.792639159881137 66
1757624992023 11.322678141383264 67
1757624992079 10.871687099988195 68
1757624992128 10.438898248621646 69
1757624992181 10.023574983509834 70
1757624992229 9.625010610496405 71
1757624992275 9.242527123899757 72
1757624992335 8.875474035705047 73
1757624992405 8.523227252980927 74
1757624992458 8.185188001501817 75
1757624992506 7.860781793643703 76
1757624992554 7.549457438704625 77
1757624992599 7.25068609388003 78
1757624992644 6.963960354199153 79
1757624992689 6.688793379800837 80
1757624992734 6.424718058996404 81
1757624992781 6.171286205633174 82
1757624992831 5.928067789335437 83
1757624992881 5.694650197260029 84
1757624992935 5.470637526061205 85
1757624992988 5.255649902814979 86
1757624993039 5.049322833705484 87
1757624993089 4.8513065793266055 88
1757624993135 4.661265555500316 89
1757624993180 4.478877758559204 90
1757624993226 4.303834214085008 91
1757624993270 4.135838448137062 92
1757624993316 3.9746059800450877 93
1757624993366 3.8198638358793726 94
1757624993424 3.6713500817485087 95
1757624993478 3.528813376110131 96
1757624993529 3.392012540314233 97
1757624993581 3.2607161466309234 98
1757624993631 3.1347021230457064 99
1757624993676 3.013757374135058 100
1757624993723 2.8976774173636732 101
1757624993776 2.7862660341718986 102
1757624993831 2.6793349352482334 103
1757624993880 2.5767034394065873 104
1757624993926 2.478198165512178 105
1757624993971 2.383652736922729 106
1757624994017 2.2929074979338315 107
1757624994062 2.20580924173824 108
1757624994106 2.1222109494292267 109
1757624994153 2.0419715395973475 110
1757624994205 1.9649556280885814 111
1757624994253 1.891033297509605 112
1757624994305 1.8200798760828645 113
1757624994372 1.751975725470604 114
1757624994434 1.6866060372025056 115
1757624994481 1.6238606373566125 116
1757624994528 1.5636337991576574 117
1757624994573 1.505824063170557 118
1757624994620 1.4503340647801417 119
1757624994672 1.3970703686607486 120
1757624994728 1.3459433099515326 121
1757624994781 1.2968668418648832 122
1757624994835 1.2497583894665099 123
1757624994890 1.2045387093764872 124
1757624994944 1.161131755150724 125
1757624994998 1.1194645481121897 126
1757624995053 1.079467053410613 127
1757624995106 1.041072061098456 128
1757624995159 1.0042150720195315 129
1757624995212 0.9688341883150184 130
1757624995265 0.9348700083595447 131
1757624995316 0.9022655259476315 132
1757624995363 0.8709660335581602 133
1757624995411 0.8409190295315001 134
1757624995458 0.8120741290006432 135
1757624995505 0.7843829784242503 136
1757624995551 0.7577991735755635 137
1757624995598 0.7322781808471979 138
1757624995643 0.7077772617374407 139
1757624995690 0.684255400389193 140
1757624995737 0.6616732340579122 141
1757624995783 0.639992986389911 142
1757624995830 0.6191784033972533 143
1757624995875 0.5991946920200188 144
1757624995922 0.5800084611712402 145
1757624995969 0.5615876651639852 146
1757624996015 0.5439015494241759 147
1757624996060 0.5269205983966598 148
1757624996107 0.510616485555756 149
1757624996156 0.4949620254351568 150
1757624996201 0.4799311275954615 151
1757624996249 0.4654987524509844 152
1757624996297 0.4516408688806169 153
1757624996349 0.43833441355058933 154
1757624996399 0.42555725187991345 155
1757624996449 0.4132881405820537 156
1757624996500 0.40150669171912684 157
1757624996547 0.3901933382074493 158
1757624996597 0.37932930071577053 159
1757624996654 0.36889655589989345 160
1757624996707 0.3588778059196598 161
1757624996762 0.34925644918646825 162
1757624996814 0.3400165522915995 163
1757624996870 0.33114282306761544 164
1757624996928 0.3226205847370683 165
1757624996996 0.31443575110454935 166
1757624997053 0.30657480274996174 167
1757624997114 0.2990247641825304 168
1757624997162 0.2917731819167589 169
1757624997218 0.28480810343307594 170
1757624997275 0.2781180569874422 171
1757624997331 0.2716920322356222 172
1757624997388 0.26551946163921863 173
1757624997439 0.25959020262188726 174
1757624997487 0.25389452044545013 175
1757624997534 0.24842307177682224 176
1757624997582 0.2431668889178597 177
1757624997629 0.23811736467135763 178
1757624997676 0.23326623781752334 179
1757624997723 0.22860557917625474 180
1757624997771 0.22412777823159444 181
1757624997818 0.21982553029564625 182
1757624997875 0.21569182419019056 183
1757624997932 0.21171993042508214 184
1757624997990 0.20790338985339576 185
1757624998046 0.20423600278406287 186
1757624998104 0.20071181853353126 187
1757624998155 0.19732512539874306 188
1757624998201 0.19407044103441107 189
1757624998249 0.1909425032182795 190
1757624998296 0.18793626098872138 191
1757624998344 0.1850468661396298 192
1757624998392 0.18226966505820238 193
1757624998439 0.17960019089176527 194
1757624998492 0.1770341560303775 195
1757624998540 0.17456744489245607 196
1757624998588 0.17219610700120758 197
1757624998636 0.16991635034012983 198
1757624998690 0.16772453497632214 199
1757624998755 0.16561716694080422 200
1757624998813 0.1635908923554698 201
1757624998875 0.16164249179672954 202
1757624998934 0.15976887488629393 203
1757624998995 0.15796707509993305 204
1757624999058 0.15623424478542441 205
1757624999168 0.15456765038124073 206
1757624999227 0.15296466782789703 207
1757624999284 0.15142277816417077 208
1757624999349 0.1499395633007478 209
1757624999416 0.14851270196413743 210
1757624999472 0.1471399658039866 211
1757624999528 0.14581921565720732 212
1757624999586 0.1445483979625906 213
1757624999642 0.1433255413198392 214
1757624999699 0.1421487531871988 215
1757624999768 0.1410162167120935 216
1757624999823 0.1399261876894079 217
1757624999879 0.13887699164226505 218
1757624999936 0.13786702102036397 219
1757624999990 0.13689473251113662 220
1757625000047 0.13595864445917397 221
1757625000102 0.13505733438955875 222
1757625000151 0.13418943663091637 223
1757625000201 0.13335364003416073 224
1757625000255 0.13254868578308054 225
1757625000311 0.13177336529306358 226
1757625000367 0.13102651819440597 227
1757625000524 0.130307030396796 228
1757625000584 0.12961383223170148 229
1757625000656 0.1289458966695245 230
1757625000713 0.1283022376085019 231
1757625000776 0.12768190823246944 232
1757625000835 0.12708399943470652 233
1757625000894 0.12650763830520514 234
1757625000954 0.1259519866788025 235
1757625001014 0.12541623974172642 236
1757625001087 0.1248996246942023 237
1757625001146 0.12440139946685616 238
1757625001207 0.12392085148875555 239
1757625001268 0.12345729650500002 240
1757625001330 0.1230100774418678 241
1757625001391 0.12257856331760472 242
1757625001449 0.12216214819701315 243
1757625001508 0.12176025018807897 244
1757625001562 0.12137231047894324 245
1757625001612 0.12099779241359179 246
1757625001661 0.12063618060470457 247
1757625001711 0.1202869800821682 248
1757625001761 0.11994971547581558 249
1757625001811 0.11962393023101206 250
1757625001869 0.11930918585576879 251
1757625001933 0.1190050611981097 252
1757625001993 0.1187111517524795 253
1757625002058 0.11842706899401582 254
1757625002113 0.11815243973957094 255
1757625002166 0.11788690553440086 256
1757625002218 0.11763012206349178 257
1757625002268 0.11738175858652886 258
1757625002317 0.11714149739556051 259
1757625002367 0.11690903329443812 260
1757625002418 0.11668407309915999 261
1757625002477 0.11646633515827563 262
1757625002536 0.11625554889254444 263
1757625002598 0.11605145435307175 264
1757625002655 0.11585380179718133 265
1757625002715 0.11566235128130802 266
1757625002777 0.11547687227022775 267
1757625002837 0.11529714326196625 268
1757625002898 0.11512295142775623 269
1757625002960 0.11495409226643737 270
1757625003021 0.11479036927271878 271
1757625003076 0.11463159361874445 272
1757625003133 0.11447758384842917 273
1757625003192 0.11432816558404883 274
1757625003250 0.11418317124459436 275
1757625003309 0.11404243977541438 276
1757625003367 0.11390581638869414 277
1757625003425 0.11377315231433374 278
1757625003478 0.11364430456080821 279
1757625003532 0.11351913568560798 280
1757625003584 0.11339751357487517 281
1757625003634 0.11327931123186419 282
1757625003685 0.11316440657387458 283
1757625003735 0.11305268223731263 284
1757625003788 0.11294402539055871 285
1757625003843 0.1128383275543223 286
1757625003900 0.112735484429188 287
1757625003958 0.11263539573006016 288
1757625004014 0.11253796502723135 289
1757625004068 0.11244309959380737 290
1757625004119 0.1123507102592341 291
1757625004170 0.11226071126867994 292
1757625004222 0.11217302014804044 293
1757625004276 0.11208755757433828 294
1757625004347 0.11200424725130052 295
1757625004417 0.1119230157899095 296
1757625004472 0.11184379259372197 297
1757625004529 0.1117665097487705 298
1757625004590 0.11169110191785976 299
1757625004646 0.11161750623908114 300
1757625004701 0.11154566222838042 301
1757625004758 0.11147551168600979 302
1757625004831 0.11140699860671391 303
1757625004892 0.11134006909349657 304
1757625004953 0.11127467127482642 305
1757625005009 0.1112107552251426 306
1757625005066 0.11114827288852813 307
1757625005128 0.11108717800542488 308
1757625005190 0.1110274260422669 309
1757625005249 0.11096897412391646 310
1757625005313 0.11091178096878887 311
1757625005400 0.11085580682656007 312
1757625005457 0.11080101341835194 313
1757625005510 0.11074736387929665 314
1757625005569 0.11069482270338606 315
1757625005625 0.11064335569051134 316
1757625005677 0.11059292989560879 317
1757625005728 0.11054351357982548 318
1757625005783 0.11049507616362299 319
1757625005842 0.11044758818174479 320
1757625005906 0.11040102123996978 321
1757625005966 0.11035534797358043 322
1757625006042 0.11031054200748046 323
1757625006104 0.11026657791789057 324
1757625006165 0.11022343119556463 325
1757625006227 0.11018107821046155 326
1757625006289 0.11013949617781611 327
1757625006348 0.11009866312555333 328
1757625006405 0.11005855786299114 329
1757625006460 0.11001915995078225 330
1757625006515 0.1099804496720426 331
1757625006570 0.10994240800462136 332
1757625006627 0.10990501659446691 333
1757625006680 0.10986825773004286 334
1757625006732 0.10983211431775433 335
1757625006784 0.10979656985834356 336
1757625006836 0.10976160842421585 337
1757625006895 0.10972721463765892 338
1757625006969 0.10969337364991932 339
1757625007031 0.10966007112110422 340
1757625007089 0.10962729320087165 341
1757625007142 0.10959502650988132 342
1757625007195 0.10956325812197436 343
1757625007251 0.10953197554705221 344
1757625007305 0.10950116671462758 345
1757625007397 0.10947081995802196 346
1757625007463 0.1094409239991808 347
1757625007529 0.10941146793408446 348
1757625007590 0.1093824412187308 349
1757625007653 0.10935383365566549 350
1757625007713 0.10932563538103937 351
1757625007768 0.1092978368521713 352
1757625007825 0.10927042883559733 353
1757625007886 0.10924340239558471 354
1757625007946 0.10921674888309578 355
1757625008007 0.10919045992518006 356
1757625008062 0.1091645274147803 357
1757625008119 0.10913894350093435 358
1757625008177 0.10911370057935939 359
1757625008234 0.10908879128339947 360
1757625008294 0.10906420847532672 361
1757625008354 0.10903994523797794 362
1757625008411 0.1090159948667168 363
1757625008465 0.10899235086170549 364
1757625008518 0.10896900692047719 365
1757625008577 0.10894595693079262 366
1757625008639 0.108923194963776 367
1757625008706 0.10890071526731222 368
1757625008765 0.10887851225970008 369
1757625008826 0.10885658052355004 370
1757625008886 0.10883491479991522 371
1757625008947 0.10881350998264873 372
1757625009010 0.10879236111297737 373
1757625009068 0.10877146337428291 374
1757625009128 0.10875081208708279 375
1757625009191 0.10873040270420363 376
1757625009255 0.10871023080613801 377
1757625009326 0.10869029209657904 378
1757625009410 0.10867058239812465 379
1757625009474 0.10865109764814485 380
1757625009530 0.10863183389480678 381
1757625009591 0.10861278729325043 382
1757625009662 0.10859395410190813 383
1757625009723 0.10857533067896492 384
1757625009780 0.10855691347895129 385
1757625009835 0.1085386990494654 386
1757625009893 0.10852068402801769 387
1757625009946 0.10850286513899526 388
1757625009999 0.10848523919073948 389
1757625010052 0.1084678030727336 390
1757625010107 0.10845055375289514 391
1757625010174 0.10843348827497006 392
1757625010234 0.10841660375602317 393
1757625010293 0.10839989738402361 394
1757625010352 0.10838336641551773 395
1757625010410 0.10836700817339076 396
1757625010473 0.1083508200447099 397
1757625010576 0.10833479947864695 398
