1757643569090 0.502627954107889 0
1757643569191 0.0864633429816974 1
1757643569295 1.2606436630214366 2
1757643569397 0.044686534511794676 3
1757643569500 0.003986506952891927 4
1757643569607 0.029268487285981814 5
1757643569709 0.15882241367324076 6
1757643569817 0.00021104747331773303 7
1757643569924 0.14207507797534513 8
1757643570027 0.06017838271869972 9
1757643570130 0.06352603179342996 10
1757643570233 0.1321867410389711 11
1757643570337 0.031856809266608374 12
1757643570446 4.828747615043698e-05 13
1757643570549 0.00809015638350182 14
1757643570652 0.3754785639519977 15
1757643570754 0.00011155404605218299 16
1757643570857 0.012806361290841336 17
1757643570961 0.0029475801030675475 18
1757643571063 0.07430546171522447 19
1757643571166 0.0003669894670747598 20
1757643571268 0.9104210390827786 21
1757643571370 3.110625774933687e-05 22
1757643571470 0.006916890927675344 23
1757643571571 0.002802858879020644 24
1757643571672 0.009597126660803031 25
1757643571773 0.001814278952778691 26
1757643571876 0.00849295026138644 27
1757643571981 0.012227471261696862 28
1757643572085 0.07119616028470917 29
1757643572189 0.39408539380466534 30
1757643572291 0.44717367525519436 31
1757643572391 0.014928746637801643 32
1757643572495 0.02091474230185086 33
1757643572596 0.031763981592159915 34
1757643572697 0.08904780686838544 35
1757643572798 0.03672130974291782 36
1757643572898 0.034753378270952685 37
1757643572999 0.11018113717740675 38
1757643573099 0.00014969926829831146 39
1757643573201 0.3144334223862956 40
1757643573302 0.10871507940764998 41
1757643573413 0.0010716643940392742 42
1757643573533 0.19627972608902894 43
1757643573638 0.0023244443414292067 44
1757643573741 0.000618127273737332 45
1757643573845 0.09247570121375459 46
1757643573953 0.23176390813886777 47
1757643574057 0.0003566640473202798 48
1757643574161 0.008665248972944213 49
1757643574263 0.1464759653151446 50
1757643574366 0.06120132840202212 51
1757643574470 0.015496428403747611 52
1757643574579 0.10757365782422784 53
1757643574683 0.06392335893770151 54
1757643574790 0.21477482769876352 55
1757643574893 0.022513355252836185 56
1757643574995 0.2101305760398481 57
1757643575098 0.015449663127853815 58
1757643575201 0.6999783344064495 59
1757643575301 0.22020028644066234 60
1757643575404 0.11916898249690072 61
1757643575519 0.020019689768590913 62
1757643575624 0.009441044791718438 63
1757643575728 0.1499509132535626 64
1757643575832 0.30754428361153874 65
1757643575939 0.42064811757811377 66
1757643576045 0.14145838995274435 67
1757643576150 0.0313445219564695 68
1757643576252 0.07915594116672652 69
1757643576352 0.9677285697717883 70
1757643576455 0.0007018016721142742 71
1757643576644 0.11665005408327166 72
1757643576752 0.009646897657474052 73
1757643576857 0.023950986164086117 74
1757643576959 0.9144442260864708 75
1757643577063 0.18718964937068563 76
1757643577168 0.006566450001372934 77
1757643577271 0.01515902451573154 78
1757643577375 0.2695090460118553 79
1757643577478 0.009552256857126785 80
1757643577584 0.020565905254520206 81
1757643577688 0.022981594244105487 82
1757643577793 0.23077451745182243 83
1757643577895 0.3698628019903144 84
1757643577999 1.2303279578268476 85
1757643578105 0.03308291941446885 86
1757643578209 7.818125177348666 87
1757643578312 0.06148644500017001 88
1757643578414 0.008804898263539085 89
1757643578533 0.4282950500797445 90
1757643578639 0.01976869275059295 91
1757643578802 0.003487972971061573 92
1757643578913 0.15434628995644784 93
1757643579019 0.032750872187153474 94
1757643579124 0.02298443032835639 95
1757643579234 0.9471419982181045 96
1757643579360 0.5629241463748171 97
1757643579466 0.08469081364546979 98
1757643579631 0.38452974403038526 99
1757643579752 0.019447808698023445 100
1757643579862 0.1367908612368272 101
1757643579970 0.09267563746987323 102
1757643580084 0.06599976189561269 103
1757643580190 1.0321202916325345 104
1757643580295 0.06973810773619732 105
1757643580400 0.27298800468078854 106
1757643580505 0.1342494152052309 107
1757643580610 0.38382168038979736 108
1757643580716 0.03869129071613173 109
1757643580821 1.8175564650923252e-06 110
1757643580927 0.14441472347003212 111
1757643581031 0.012989565403701619 112
1757643581138 0.09154866714095235 113
1757643581243 0.026679729100428103 114
1757643581346 0.6456126668351196 115
1757643581449 0.49760869814129105 116
1757643581552 0.024885231385075382 117
1757643581655 0.021634168706850223 118
1757643581759 0.4079868232568609 119
1757643581863 0.0020027017744736844 120
1757643581967 0.003415617993253624 121
1757643582075 0.024903346634934174 122
1757643582183 0.2169875270606837 123
1757643582288 0.8649543497426484 124
1757643582393 0.5827481418474013 125
1757643582496 0.005176726037565013 126
1757643582601 0.037426931430587534 127
1757643582705 0.22676401923716138 128
1757643582808 0.0008474339906142813 129
1757643582911 0.0030607700081381616 130
1757643583015 0.4219639296569841 131
1757643583119 0.15027028590247066 132
1757643583223 0.0024664582047036346 133
1757643583327 0.06107754978151383 134
1757643583447 0.3715267999425256 135
1757643583567 0.4852429656720458 136
1757643583674 0.2320894541480772 137
1757643583779 0.11297953627398202 138
1757643583884 0.35044862020721373 139
1757643583990 0.0001776226397936699 140
1757643584097 0.003644735024659526 141
1757643584204 1.1345181226059843e-07 142
1757643584309 0.1387324755692202 143
1757643584415 0.09811323548802608 144
1757643584522 0.14028011593756745 145
1757643584629 0.046408443894150275 146
1757643584735 0.6711114742514533 147
1757643584841 0.41114509791413695 148
1757643584947 0.002968612726588503 149
1757643585055 0.0007335734330625772 150
1757643585162 0.03569967285863844 151
1757643585268 0.08121368066809163 152
1757643585374 0.4800469762097157 153
1757643585478 0.033428920943410066 154
1757643585583 0.057027398815197035 155
1757643585688 0.011357889066723062 156
1757643585814 0.7210654359752179 157
1757643585921 0.03985771541771504 158
1757643586029 0.075970732611896 159
1757643586141 0.23506454497084503 160
1757643586250 0.002559694919141204 161
1757643586357 0.03260028725614628 162
1757643586462 0.002024076889107559 163
1757643586567 1.4112763345277777 164
1757643586672 0.0036259569598806954 165
1757643586776 0.03834240138260343 166
1757643586881 0.03570557679142933 167
1757643586986 0.0038949727389996852 168
1757643587091 0.09209536432990557 169
1757643587197 0.01535788501807887 170
1757643587302 0.004827587509699485 171
1757643587405 0.08517238856599024 172
1757643587511 0.0008599955751978982 173
1757643587616 0.042642809037399074 174
1757643587720 0.3676933587172531 175
1757643587825 0.10072173093987029 176
1757643587928 0.0023714033901156397 177
1757643588034 2.666616523205288e-05 178
1757643588142 0.05181020339079825 179
1757643588249 0.03755642354168847 180
1757643588356 0.025229310516075822 181
1757643588468 0.08843311689233001 182
1757643588583 0.0031337202559496963 183
1757643588691 0.05933405399930697 184
1757643588800 0.002999362868286481 185
1757643588907 0.6253282092602156 186
1757643589016 0.10901649261645933 187
1757643589123 0.8063927822113994 188
1757643589230 0.08803573546296146 189
1757643589338 0.9966604526360653 190
1757643589444 0.0036211884124768092 191
1757643589552 0.03929513661634321 192
1757643589661 0.03727241701373034 193
1757643589769 0.09663708928744734 194
1757643589876 0.009418960257116712 195
1757643589983 0.08661350455621798 196
1757643590088 0.29905568156545204 197
1757643590196 0.0028971516136058347 198
1757643590304 2.4683470255021147 199
1757643590411 0.08705034816764969 200
1757643590519 0.057245473521951584 201
1757643590645 0.02365237405489129 202
1757643590752 0.3978577631311326 203
1757643590860 0.07457499721002937 204
1757643590968 0.0026154877418523223 205
1757643591076 0.2785541374445472 206
1757643591184 0.20488717321676045 207
1757643591291 0.23246987638268857 208
1757643591398 0.028713444912469854 209
1757643591504 0.10404377168076508 210
1757643591610 0.0539535802956982 211
1757643591716 0.16726387651390742 212
1757643591821 0.09921846556104834 213
1757643591926 0.08961784375170419 214
1757643592033 0.10653149260716116 215
1757643592139 0.0024295280953428645 216
1757643592250 0.06852572077142535 217
1757643592358 0.08098257657409245 218
1757643592466 0.1598248792643961 219
1757643592571 0.0004757625062647749 220
1757643592677 0.0036908105717990925 221
1757643592784 0.293283365747513 222
1757643592889 0.0002438701132401519 223
1757643592996 0.3120103854811917 224
1757643593102 0.018721526330152633 225
1757643593208 0.097123174810863 226
1757643593313 0.42810377741466743 227
1757643593436 0.04740447160263973 228
1757643593561 0.03653272804487076 229
1757643593671 0.04027360018135006 230
1757643593780 6.54262478107485e-05 231
1757643593888 0.026321836831434305 232
1757643593997 0.010360726396299393 233
1757643594106 0.5058646966800655 234
1757643594215 0.004703471482052194 235
1757643594328 0.08226679645012314 236
1757643594438 0.0006039421177668416 237
1757643594548 0.007892674689517529 238
1757643594657 0.003102624968046993 239
1757643594766 0.01372601572045743 240
1757643594875 0.09148454410413943 241
1757643594984 0.040276887663394725 242
1757643595092 0.002286776646229257 243
1757643595198 0.06485946881000762 244
1757643595305 0.010822849340555838 245
1757643595412 0.025759644510876648 246
1757643595527 0.0015640694860830538 247
1757643595637 0.00015157979739963826 248
1757643595746 0.0003924698152361424 249
1757643595855 0.003720947518817319 250
1757643595965 0.08467342544276141 251
1757643596076 0.10823202100016129 252
1757643596188 0.014494694683046183 253
1757643596299 0.025838966066123535 254
1757643596423 0.0010698225848082103 255
1757643596539 0.1832193306595238 256
1757643596650 0.5089028090096621 257
1757643596766 0.0008063890908976206 258
1757643596875 0.7437746251920643 259
1757643596995 0.1340876400230495 260
1757643597106 0.06675426749404523 261
1757643597215 0.03194971690741261 262
1757643597325 0.0021514390673696565 263
1757643597436 0.020635718830680005 264
1757643597545 0.005469343022742967 265
1757643597654 0.26843831974293014 266
1757643597765 0.08542759375535136 267
1757643597872 0.11295897161149476 268
1757643598028 0.06477676548745498 269
1757643598143 0.1636276094798073 270
1757643598254 0.01975378589428274 271
1757643598369 0.10743518539959294 272
1757643598485 5.121438121457495e-05 273
1757643598603 2.0930612655735588 274
1757643598716 0.022066820234542706 275
1757643598825 0.12481620740391824 276
1757643598933 0.0647361379206247 277
1757643599044 0.04060381817724249 278
1757643599153 0.2538376869478014 279
1757643599261 0.05713555801387734 280
1757643599370 0.4473886030613097 281
1757643599480 0.03186076993810803 282
1757643599591 0.48143542832730807 283
1757643599700 0.0012897341555112264 284
1757643599809 0.0743702798455049 285
1757643599917 0.001309751122845887 286
1757643600024 0.06376520085574622 287
1757643600133 0.5444355211916997 288
1757643600242 0.03896120126547304 289
1757643600350 0.09025528400739626 290
1757643600462 0.014308380943952597 291
1757643600572 0.12807235808849105 292
1757643600681 0.1209574806873644 293
1757643600788 0.02184829234345644 294
1757643600895 7.813961714511832e-06 295
1757643601003 0.0006627691513400464 296
1757643601111 1.8918092508271096 297
1757643601219 0.24356546438674695 298
1757643601326 0.6142137051625646 299
1757643601434 0.026604128493574998 300
1757643601541 0.2550396082239925 301
1757643601649 0.25990145598131303 302
1757643601758 0.08579151135632099 303
1757643601864 0.09644533060370117 304
1757643601972 0.0013003547147030262 305
1757643602081 0.08625833159581736 306
1757643602189 0.07159607519051217 307
1757643602297 0.12744621551104054 308
1757643602407 0.01640674064387149 309
1757643602518 0.2803131121385076 310
1757643602628 0.08759211617828717 311
1757643602737 0.033113009523054904 312
1757643602845 0.0005008069697467459 313
1757643602979 0.2819193971253049 314
1757643603087 0.0999215816490744 315
1757643603194 0.275216382985087 316
1757643603301 0.08762936814801447 317
1757643603418 0.008174117573041298 318
1757643603638 0.051000198114851035 319
1757643603756 0.05997869976747648 320
1757643603873 0.019605743777471263 321
1757643603989 0.04060764437751293 322
1757643604104 0.3702774265247122 323
1757643604219 0.03761702117038986 324
1757643604330 0.18748872646215728 325
1757643604445 0.01383712655891827 326
1757643604556 0.0578824805333903 327
1757643604668 0.029297717538405838 328
1757643604779 0.2359260463331974 329
1757643604889 0.02404952612213614 330
1757643605001 0.12130798469912045 331
1757643605112 0.018766310949941856 332
1757643605222 0.042746532264405536 333
1757643605335 0.49756613469331124 334
1757643605446 66.29616990176284 335
1757643605558 0.017793585100132625 336
1757643605668 0.11744695224028179 337
1757643605779 0.6146982656341298 338
1757643605901 0.05241414171521966 339
1757643606017 0.3183095520133756 340
1757643606128 0.13954018164413887 341
1757643606239 0.2334125939012539 342
1757643606350 0.0617584283640301 343
1757643606462 0.018371362853076747 344
1757643606577 0.044924917607020054 345
1757643606688 0.18198502020916463 346
1757643606798 0.010270406506036289 347
1757643606907 0.10009221257887677 348
1757643607015 0.2769618736989204 349
1757643607123 0.01298171413650614 350
1757643607233 0.01462126114149319 351
1757643607340 0.015557190070260558 352
1757643607455 0.11908341750839645 353
1757643607563 1.45307868872028 354
1757643607673 0.0013925853054373367 355
1757643607782 0.1048842855750909 356
1757643607891 0.5212629946584421 357
1757643608002 0.07223653948986185 358
1757643608111 0.19810103393341555 359
1757643608222 0.020111845089591292 360
1757643608331 0.5781904400081562 361
1757643608444 0.043150514568017946 362
1757643608573 0.11017825823659363 363
1757643608684 0.0005591960286508858 364
1757643608796 0.508148167830313 365
1757643608907 0.1627497986380195 366
1757643609020 0.0010376493319136269 367
1757643609131 0.0026800352526727494 368
1757643609242 0.5470379098467262 369
1757643609354 0.06298841008627663 370
1757643609465 0.23138074111666676 371
1757643609579 0.18198957105569827 372
1757643609690 0.007729447213606782 373
1757643609799 0.0722554307884797 374
1757643609908 0.03283370852186692 375
1757643610017 0.031082418409647376 376
1757643610127 0.10967785138629939 377
1757643610238 0.02501107644111158 378
1757643610347 0.016959046936657424 379
1757643610457 0.003564286388735301 380
1757643610573 0.10365404399988255 381
1757643610684 0.17056499698575286 382
1757643610797 0.008032662114568663 383
1757643610906 0.44179951805022843 384
1757643611015 0.046752945530968745 385
1757643611126 0.014250801143134687 386
1757643611235 0.022134937898226577 387
1757643611345 0.031637085616227426 388
1757643611456 0.10733636979416035 389
1757643611564 0.5452351938357667 390
1757643611674 0.010196571436611113 391
1757643611785 0.16347935431105795 392
1757643611897 0.10928946323418735 393
1757643612007 0.9740115072954835 394
1757643612117 0.10663852931748752 395
1757643612228 0.029209226479974003 396
1757643612338 0.09689245707723779 397
1757643612451 0.06846365873478395 398
1757643612564 0.028991601387949154 399
1757643612676 0.5331244133842155 400
1757643612787 0.22462112604173842 401
1757643612899 0.6376711580571441 402
1757643613010 0.7152200435079635 403
1757643613120 0.0012752300612786462 404
1757643613231 0.42633159385729247 405
1757643613341 0.0391750110936489 406
1757643613469 0.07311203451437023 407
1757643613592 0.09886694496573113 408
1757643613704 0.0062055870053250705 409
1757643613817 0.25362234119380467 410
1757643613930 0.5780114692970069 411
1757643614044 0.06893258303495395 412
1757643614157 0.0009921282480929705 413
1757643614270 0.021193096080881973 414
1757643614383 0.24490191692645655 415
1757643614497 0.050400924244355494 416
1757643614614 0.1896192228851557 417
1757643614727 0.031336944632047094 418
1757643614840 0.012869576483495203 419
1757643614953 0.18513242117220763 420
1757643615067 0.011752177030181922 421
1757643615179 0.1385884553296456 422
1757643615290 0.086842272961666 423
1757643615402 0.3764580497904643 424
1757643615513 0.006441124173361566 425
1757643615624 0.024307191175597168 426
1757643615743 0.017979745865064088 427
1757643615854 0.0005174825621696941 428
1757643615968 0.018403209880877798 429
1757643616079 8.906529098345821e-05 430
1757643616191 0.000624912860831983 431
1757643616300 0.11513347525593601 432
1757643616411 0.07621123817347258 433
1757643616521 0.05495224041964112 434
1757643616635 0.10281186756803658 435
1757643616748 0.27431970237677833 436
1757643616861 0.08779136589299338 437
1757643617021 0.1055345696164409 438
1757643617143 0.09039558723780582 439
1757643617259 1.273343540280647 440
1757643617372 0.11298206907036981 441
1757643617489 0.27542582676709343 442
1757643617603 0.11841115086710159 443
1757643617717 0.08416108678712783 444
1757643617830 0.0021204002793683272 445
1757643617943 0.09589108324646184 446
1757643618057 0.0018069844879128223 447
1757643618170 0.00010181336007497388 448
1757643618283 0.10620566159063036 449
1757643618394 0.9168065950920136 450
1757643618515 1.3921353685123032 451
1757643618632 0.1314566569382397 452
1757643618748 0.12931394643705935 453
1757643618862 0.10821261708484448 454
1757643618976 0.004608247728266429 455
1757643619090 0.08356580501370584 456
1757643619203 0.01649134989796016 457
1757643619317 0.042619088485090904 458
1757643619430 0.016061678435964184 459
1757643619545 0.10350803257265724 460
1757643619659 0.07374844554974348 461
1757643619772 0.04244264714618755 462
1757643619884 0.31480435725632216 463
1757643619996 0.19210110580467746 464
1757643620109 0.8707161365407726 465
1757643620221 0.472804346565013 466
1757643620332 0.04188265282468827 467
1757643620444 0.2035267795059028 468
1757643620556 0.31070438052925264 469
1757643620670 0.15801354630028713 470
1757643620786 0.054861513893907546 471
1757643620900 0.09276106500732037 472
1757643621012 0.028896690641088706 473
1757643621125 0.08378244381299982 474
1757643621236 0.7524057834976303 475
1757643621347 0.05808451934210372 476
1757643621458 1.4902224984024615 477
1757643621569 0.08524446011516638 478
1757643621682 0.052050960876222796 479
1757643621793 0.20050971879404975 480
1757643621905 0.002373454815111023 481
1757643622017 0.0003538901254329567 482
1757643622129 0.2777386693371979 483
1757643622242 0.0041004561736153805 484
1757643622353 0.021147255380875366 485
1757643622467 0.04237047592433004 486
1757643622578 1.0029624178687697 487
1757643622696 0.10368304413604541 488
1757643622813 0.09670369339673665 489
1757643622927 0.03339893162585414 490
1757643623040 4.8276259422391585e-06 491
1757643623152 0.0028670522410008583 492
1757643623264 0.705224898920207 493
1757643623382 0.2417924724287591 494
1757643623504 0.0013766919274863156 495
1757643623624 0.0593459305950674 496
1757643623738 0.05925370274392831 497
1757643623853 0.16645716247536793 498
1757643623968 0.0008822280902369907 499
