1757640460790 169.35337134490703 0
1757640460854 165.94897639799194 1
1757640460918 160.94258701302508 2
1757640460990 155.2616728852485 3
1757640461071 149.3725191799425 4
1757640461129 143.50481383893472 5
1757640461185 137.76856494419312 6
1757640461241 132.21375985125533 7
1757640461307 126.86049986378262 8
1757640461366 121.71413869243095 9
1757640461425 116.77286195917287 10
1757640461484 112.03147173823493 11
1757640461548 107.48327001385623 12
1757640461613 103.12099109558311 13
1757640461692 98.9372588016959 14
1757640461762 94.9248064970213 15
1757640462504 91.07657904871554 16
1757640462656 87.38577621097954 17
1757640462727 83.84586716404847 18
1757640462812 80.45059103934254 19
1757640462896 77.19395081760914 20
1757640462957 74.07020426656291 21
1757640463019 71.07385372659883 22
1757640463079 68.1996356262827 23
1757640463134 65.44251014781607 24
1757640463192 62.797651233667494 25
1757640463249 60.26043701264418 26
1757640463306 57.826440668649255 27
1757640463362 55.49142174914726 28
1757640463414 53.25131789841538 29
1757640463467 51.10223699573963 30
1757640463521 49.04044967720975 31
1757640463576 47.062382219877726 32
1757640463631 45.16460976788424 33
1757640463684 43.34384988128785 34
1757640463740 41.5969563895453 35
1757640463793 39.92091353278633 36
1757640463845 38.312830375162754 37
1757640463899 36.76993547561018 38
1757640463952 35.28957180233999 39
1757640464003 33.86919187828083 40
1757640464055 32.50635314551706 41
1757640464109 31.198713537534427 42
1757640464164 29.944027248783573 43
1757640464217 28.740140691717787 44
1757640464270 27.58498863205669 45
1757640464322 26.47659049357734 46
1757640464393 25.41304682424253 47
1757640464450 24.392535915946716 48
1757640464507 23.413310570596988 49
1757640464563 22.47369500565174 50
1757640464616 21.572081892616936 51
1757640464687 20.706929522351555 52
1757640464743 19.876759091360906 53
1757640464798 19.08015210356327 54
1757640464850 18.31574788230074 55
1757640464912 17.582241187633766 56
1757640464967 16.878379934209644 57
1757640465019 16.202963005231133 58
1757640465071 15.554838158272888 59
1757640465126 14.932900018901535 60
1757640465177 14.336088158251595 61
1757640465229 13.76338525089421 62
1757640465280 13.213815309510027 63
1757640465331 12.686441993042225 64
1757640465384 12.180366985161477 65
1757640465436 11.694728440021446 66
1757640465488 11.228699492423221 67
1757640465541 10.781486829638562 68
1757640465592 10.352329322267298 69
1757640465644 9.940496711622723 70
1757640465751 9.545288351251399 71
1757640465813 9.166032000300811 72
1757640465867 8.802082666550056 73
1757640465922 8.452821497015092 74
1757640465975 8.117654714132335 75
1757640466027 7.796012595611667 76
1757640466078 7.487348496133218 77
1757640466128 7.191137909141766 78
1757640466179 6.906877567068044 79
1757640466230 6.634084578378487 80
1757640466280 6.372295599923491 81
1757640466333 6.121066043120039 82
1757640466383 5.879969312566933 83
1757640466434 5.648596075750765 84
1757640466491 5.426553562557581 85
1757640466542 5.21346489335999 86
1757640466595 5.00896843450104 87
1757640466648 4.8127171800463495 88
1757640466710 4.624378158723235 89
1757640466764 4.443631865011097 90
1757640466817 4.270171713390687 91
1757640466869 4.103703514801548 92
1757640466927 3.9439449743965 93
1757640466981 3.7906252097201225 94
1757640467034 3.6434842884746197 95
1757640467086 3.502272785071053 96
1757640467137 3.3667513551974833 97
1757640467189 3.236690327667222 98
1757640467241 3.111869312841058 99
1757640467291 2.9920768269464864 100
1757640467344 2.8771099316449646 101
1757640467394 2.7667738882249786 102
1757640467446 2.6608818258244136 103
1757640467497 2.559254423110299 104
1757640467547 2.4617196028674977 105
1757640467598 2.3681122389705225 106
1757640467651 2.278273875234233 107
1757640467702 2.192052455659886 108
1757640467753 2.1093020656129062 109
1757640467818 2.0298826834876222 110
1757640467877 1.9536599424326262 111
1757640467930 1.8805049017276696 112
1757640467982 1.8102938274199432 113
1757640468035 1.7429079818434865 114
1757640468088 1.6782334216609291 115
1757640468141 1.6161608040814934 116
1757640468195 1.5565852009232761 117
1757640468248 1.4994059202014764 118
1757640468300 1.444526334937121 119
1757640468353 1.3918537188933326 120
1757640468404 1.3412990889581842 121
1757640468458 1.2927770539045256 122
1757640468509 1.2462056692682442 123
1757640468561 1.201506298096899 124
1757640468612 1.1586034773307583 125
1757640468663 1.1174247895880214 126
1757640468718 1.0779007401351839 127
1757640468775 1.0399646388325028 128
1757640468830 1.003552486853017 129
1757640468884 0.9686028679817589 130
1757640468937 0.9350568443096956 131
1757640468988 0.9028578561444021 132
1757640469040 0.8719516259667824 133
1757640469092 0.8422860662699966 134
1757640469144 0.8138111911234795 135
1757640469195 0.7864790313112461 136
1757640469248 0.7602435528998613 137
1757640469301 0.7350605790972644 138
1757640469353 0.7108877152692974 139
1757640469407 0.6876842769861792 140
1757640469458 0.6654112209763575 141
1757640469509 0.6440310788701168 142
1757640469561 0.6235078936200905 143
1757640469614 0.6038071584904465 144
1757640469668 0.5848957585108158 145
1757640469720 0.5667419142953335 146
1757640469773 0.5493151281311208 147
1757640469825 0.5325861322444677 148
1757640469876 0.5165268391566668 149
1757640469930 0.501110294045 150
1757640469981 0.4863106290278466 151
1757640470033 0.4721030192961095 152
1757640470084 0.4584636410163344 153
1757640470137 0.44536963093391674 154
1757640470189 0.4327990476076797 155
1757640470241 0.4207308342098971 156
1757640470292 0.4091447828284891 157
1757640470365 0.39802150021069416 158
1757640470458 0.3873423748899614 159
1757640470513 0.3770895456401855 160
1757640470568 0.36724587120362945 161
1757640470625 0.3577949012411001 162
1757640470682 0.3487208484549756 163
1757640470737 0.3400085618377071 164
1757640470798 0.3316435010003325 165
1757640470852 0.3236117115373632 166
1757640470906 0.31589980138619256 167
1757640470961 0.30849491814083285 168
1757640471026 0.3013847272814555 169
1757640471090 0.29455739128272634 170
1757640471230 0.28800154956545276 171
1757640471287 0.28170629925747354 172
1757640471344 0.2756611767311161 173
1757640471406 0.26985613988585355 174
1757640471460 0.2642815511460681 175
1757640471515 0.25892816114503714 176
1757640471571 0.2537870930674465 177
1757640471626 0.24884982762381397 178
1757640471681 0.2441081886313309 179
1757640471738 0.23955432917661398 180
1757640471792 0.2351807183368843 181
1757640471847 0.23098012843702573 182
1757640471902 0.2269456228208746 183
1757640471955 0.22307054411598992 184
1757640472008 0.21934850297197356 185
1757640472067 0.21577336725322604 186
1757640472122 0.21233925166778722 187
1757640472177 0.20904050781465836 188
1757640472233 0.20587171463271114 189
1757640472289 0.20282766923497175 190
1757640472354 0.19990337811272071 191
1757640472410 0.1970940486944859 192
1757640472464 0.1943950812455901 193
1757640472518 0.19180206109452494 194
1757640472574 0.18931075117293844 195
1757640472629 0.18691708485659134 196
1757640472682 0.1846171590951309 197
1757640472737 0.18240722781901678 198
1757640472805 0.180283695612426 199
1757640472871 0.17824311164138867 200
1757640472927 0.17628216382686301 201
1757640472981 0.17439767325285507 202
1757640473036 0.17258658880010586 203
1757640473091 0.17084598199623455 204
1757640473149 0.16917304207360756 205
1757640473205 0.16756507122654787 206
1757640473260 0.1660194800598377 207
1757640473388 0.16453378322080092 208
1757640473443 0.16310559520755014 209
1757640473497 0.1617326263462949 210
1757640473550 0.1604126789308842 211
1757640473603 0.15914364351803956 212
1757640473657 0.15792349537199707 213
1757640473711 0.1567502910525241 214
1757640473765 0.15562216514053565 215
1757640473819 0.15453732709574497 216
1757640473875 0.15349405824103218 217
1757640473928 0.15249070886841307 218
1757640473983 0.15152569546170058 219
1757640474037 0.15059749803115577 220
1757640474091 0.14970465755560264 221
1757640474143 0.14884577352767922 222
1757640474198 0.14801950159805666 223
1757640474253 0.14722455131463816 224
1757640474308 0.14645968395290543 225
1757640474362 0.1457237104337317 226
1757640474417 0.14501548932513844 227
1757640474471 0.14433392492460595 228
1757640474525 0.14367796541868622 229
1757640474579 0.1430466011168063 230
1757640474632 0.14243886275626316 231
1757640474685 0.14185381987553897 232
1757640474740 0.1412905792531857 233
1757640474794 0.14074828340962955 234
1757640474855 0.14022610916935682 235
1757640474914 0.13972326628105075 236
1757640474971 0.13923899609333637 237
1757640475027 0.13877257028389353 238
1757640475083 0.1383232896397847 239
1757640475137 0.13789048288693267 240
1757640475191 0.13747350556676322 241
1757640475246 0.13707173895811614 242
1757640475303 0.13668458904259229 243
1757640475359 0.13631148551158917 244
1757640475414 0.13595188081334306 245
1757640475469 0.13560524923836387 246
1757640475523 0.1352710860417137 247
1757640475578 0.13494890660064576 248
1757640475631 0.13463824560617493 249
1757640475685 0.13433865628721323 250
1757640475739 0.13404970966595786 251
1757640475794 0.1337709938432698 252
1757640475850 0.13350211331283376 253
1757640475905 0.13324268830294242 254
1757640475961 0.13299235414478472 255
1757640476015 0.1327507606661775 256
1757640476069 0.13251757160970762 257
1757640476124 0.13229246407430473 258
1757640476179 0.13207512797929807 259
1757640476233 0.13186526555005287 260
1757640476288 0.1316625908243128 261
1757640476342 0.1314668291784185 262
1757640476397 0.1312777168725968 263
1757640476451 0.13109500061455406 264
1757640476506 0.13091843714063503 265
1757640476564 0.1307477928138407 266
1757640476618 0.13058284323802236 267
1757640476672 0.1304233728876042 268
1757640476727 0.13026917475220345 269
1757640476781 0.13012004999555313 270
1757640476836 0.12997580762814692 271
1757640476898 0.1298362641930551 272
1757640476956 0.1297012434643789 273
1757640477011 0.129570576157837 274
1757640477066 0.1294440996529924 275
1757640477121 0.12932165772665166 276
1757640477175 0.12920310029698728 277
1757640477230 0.12908828317794874 278
1757640477285 0.12897706784355065 279
1757640477340 0.12886932120163735 280
1757640477396 0.12876491537674434 281
1757640477451 0.12866372750168795 282
1757640477508 0.12856563951753397 283
1757640477564 0.1284705379816052 284
1757640477619 0.1283783138832061 285
1757640477674 0.12828886246675267 286
1757640477729 0.12820208306200967 287
1757640477790 0.12811787892114848 288
1757640477858 0.1280361570623508 289
1757640477915 0.1279568281196963 290
1757640477973 0.1278798061990781 291
1757640478031 0.12780500873990566 292
1757640478089 0.12773235638236166 293
1757640478145 0.1276617728399883 294
1757640478201 0.12759318477738915 295
1757640478256 0.12752652169284073 296
1757640478313 0.1274617158056157 297
1757640478368 0.12739870194782746 298
1757640478423 0.12733741746061625 299
1757640478479 0.12727780209449877 300
1757640478536 0.12721979791371657 301
1757640478592 0.12716334920442113 302
1757640478648 0.12710840238654028 303
1757640478703 0.1270549059291801 304
1757640478759 0.1270028102694171 305
1757640478815 0.12695206773434733 306
1757640478872 0.12690263246625832 307
1757640478934 0.1268544603508006 308
1757640478992 0.12680750894803736 309
1757640479049 0.12676173742625502 310
1757640479106 0.1267171064984262 311
1757640479162 0.12667357836121676 312
1757640479384 0.12663111663643425 313
1757640479482 0.12658968631482062 314
1757640479545 0.12654925370209535 315
1757640479605 0.12650978636715568 316
1757640479666 0.12647125309235102 317
1757640479729 0.1264336238257452 318
1757640479787 0.12639686963528815 319
1757640479846 0.12636096266481944 320
1757640479904 0.1263258760918308 321
1757640479963 0.12629158408691626 322
1757640480024 0.12625806177484192 323
1757640480086 0.12622528519717202 324
1757640480144 0.12619323127638496 325
1757640480201 0.12616187778142474 326
1757640480257 0.12613120329462482 327
1757640480314 0.126101187179953 328
1757640480370 0.1260718095525226 329
1757640480426 0.1260430512493193 330
1757640480484 0.12601489380109476 331
1757640480539 0.12598731940538113 332
1757640480595 0.12596031090057913 333
1757640480652 0.12593385174108007 334
1757640480707 0.12590792597337622 335
1757640480764 0.1258825182131235 336
1757640480828 0.1258576136231164 337
1757640480885 0.12583319789213807 338
1757640480950 0.1258092572146523 339
1757640481010 0.1257857782713021 340
1757640481066 0.1257627482101823 341
1757640481122 0.12574015462885724 342
1757640481184 0.1257179855570907 343
1757640481240 0.12569622944026254 344
1757640481295 0.12567487512344122 345
1757640481353 0.12565391183608943 346
1757640481412 0.12563332917737471 347
1757640481469 0.125613117102062 348
1757640481525 0.12559326590696507 349
1757640481581 0.12557376621793273 350
1757640481637 0.12555460897735174 351
1757640481693 0.1255357854321416 352
1757640481750 0.12551728712222482 353
1757640481807 0.12549910586945154 354
1757640481864 0.12548123376696277 355
1757640481921 0.1254636631689699 356
1757640481978 0.12544638668094155 357
1757640482035 0.12542939715017223 358
1757640482091 0.12541268765672609 359
1757640482148 0.12539625150473402 360
1757640482205 0.1253800822140349 361
1757640482261 0.12536417351214416 362
1757640482318 0.1253485193265375 363
1757640482392 0.1253331137772385 364
1757640482452 0.12531795116969494 365
1757640482510 0.1253030259879359 366
1757640482567 0.12528833288799562 367
1757640482625 0.1252738666915951 368
1757640482682 0.12525962238006944 369
1757640482739 0.12524559508853447 370
1757640482805 0.12523178010027833 371
1757640482872 0.1252181728413737 372
1757640482932 0.12520476887549845 373
1757640482997 0.12519156389895897 374
1757640483062 0.1251785537359052 375
1757640483122 0.12516573433373349 376
1757640483181 0.12515310175866592 377
1757640483239 0.1251406521915024 378
1757640483298 0.12512838192353568 379
1757640483356 0.12511628735262573 380
1757640483413 0.12510436497942484 381
1757640483471 0.12509261140374864 382
1757640483529 0.125081023321086 383
1757640483587 0.1250695975192456 384
1757640483644 0.12505833087512805 385
1757640483700 0.12504722035162513 386
1757640483758 0.12503626299463577 387
1757640483815 0.1250254559301965 388
1757640483873 0.12501479636172277 389
1757640483930 0.12500428156735408 390
1757640483988 0.1249939088974016 391
1757640484046 0.12498367577189202 392
1757640484104 0.12497357967820492 393
1757640484162 0.12496361816879996 394
1757640484219 0.12495378885903048 395
1757640484277 0.12494408942503886 396
1757640484334 0.1249345176017321 397
1757640484393 0.12492507118083354 398
1757640484451 0.12491574800900745 399
1757640484509 0.12490654598605495 400
1757640484567 0.12489746306317652 401
1757640484625 0.12488849724130005 402
1757640484683 0.12487964656947124 403
1757640484741 0.12487090914330422 404
1757640484799 0.12486228310348854 405
1757640484857 0.12485376663435431 406
1757640484922 0.12484535796248662 407
1757640484979 0.12483705535539484 408
1757640485043 0.12482885712022823 409
1757640485102 0.12482076160254055 410
1757640485160 0.12481276718509882 411
1757640485218 0.12480487228673667 412
1757640485276 0.12479707536124854 413
1757640485334 0.12478937489632481 414
1757640485392 0.1247817694125256 415
1757640485450 0.12477425746229118 416
1757640485507 0.12476683762898867 417
1757640485565 0.12475950852599309 418
1757640485623 0.12475226879580098 419
1757640485682 0.12474511710917598 420
1757640485740 0.12473805216432497 421
1757640485811 0.12473107268610346 422
1757640485873 0.12472417742524944 423
1757640485936 0.12471736515764355 424
1757640485997 0.12471063468359601 425
1757640486055 0.12470398482715944 426
1757640486115 0.12469741443546285 427
1757640486173 0.12469092237807239 428
1757640486232 0.12468450754637196 429
1757640486290 0.12467816885296597 430
1757640486348 0.12467190523110304 431
1757640486406 0.12466571563411895 432
1757640486464 0.12465959903489929 433
1757640486522 0.12465355442535929 434
1757640486580 0.12464758081594329 435
1757640486639 0.1246416772351387 436
1757640486698 0.12463584272900845 437
1757640486756 0.12463007636073802 438
1757640486814 0.12462437721019762 439
1757640486872 0.12461874437351937 440
1757640486930 0.12461317696268841 441
1757640486989 0.12460767410514688 442
1757640487048 0.12460223494341179 443
1757640487113 0.1245968586347045 444
1757640487172 0.12459154435059269 445
1757640487231 0.12458629127664457 446
1757640487291 0.12458109861209206 447
1757640487350 0.12457596556950755 448
1757640487410 0.12457089137448887 449
1757640487469 0.1245658752653549 450
1757640487528 0.12456091649285106 451
1757640487587 0.12455601431986353 452
1757640487645 0.12455116802114273 453
1757640487705 0.12454637688303496 454
1757640487766 0.12454164020322298 455
1757640487842 0.12453695729047379 456
1757640487904 0.12453232746439423 457
1757640487966 0.12452775005519466 458
1757640488027 0.12452322440345867 459
1757640488087 0.12451874985992055 460
1757640488146 0.12451432578524887 461
1757640488205 0.12450995154983681 462
1757640488264 0.12450562653359812 463
1757640488324 0.12450135012576946 464
1757640488384 0.12449712172471854 465
1757640488443 0.12449294073775706 466
1757640488501 0.12448880658095993 467
1757640488560 0.12448471867898896 468
1757640488619 0.12448067646492168 469
1757640488677 0.12447667938008551 470
1757640488738 0.12447272687389478 471
1757640488797 0.12446881840369477 472
1757640488858 0.12446495343460791 473
1757640488918 0.1244611314393853 474
1757640488977 0.12445735189826192 475
1757640489037 0.12445361429881525 476
1757640489102 0.12444991813582847 477
1757640489163 0.12444626291115692 478
1757640489223 0.12444264813359769 479
1757640489283 0.12443907331876307 480
1757640489344 0.12443553798895733 481
1757640489404 0.12443204167305572 482
1757640489465 0.12442858390638793 483
1757640489523 0.12442516423062383 484
1757640489583 0.12442178219366128 485
1757640489643 0.12441843734951807 486
1757640489702 0.12441512925822594 487
1757640489760 0.12441185748572671 488
1757640489822 0.12440862160377142 489
1757640489884 0.12440542118982252 490
1757640489944 0.12440225582695676 491
1757640490004 0.12439912510377155 492
1757640490063 0.12439602861429397 493
1757640490123 0.12439296595788994 494
1757640490183 0.12438993673917789 495
1757640490242 0.12438694056794258 496
1757640490302 0.12438397705905166 497
1757640490362 0.12438104583237367 498
1757640490422 0.12437814651269903 499
