1757632173982 30.204766234866177 0
1757632174032 5.495232965483486 1
1757632174083 1.083195354795502 2
1757632174133 0.353693610247463 3
1757632174187 0.22987376768617918 4
1757632174235 0.11588195209170449 5
1757632174283 0.12582699412946957 6
1757632174330 0.09815165567844684 7
1757632174378 0.09569087364456515 8
1757632174424 0.11529404747755306 9
1757632174472 0.143162824913509 10
1757632174517 0.13159442171540722 11
1757632174563 0.07715400130968561 12
1757632174610 0.15434550542234377 13
1757632174655 0.36752610928727236 14
1757632174709 0.0794735228484366 15
1757632174771 0.07091724814715086 16
1757632174825 0.11687109504305618 17
1757632174879 0.1552817531349346 18
1757632174931 0.1123498123671051 19
1757632174984 0.05733269491731473 20
1757632175039 0.08384465951694241 21
1757632175094 0.09909830819221875 22
1757632175146 0.19262781158551565 23
1757632175199 0.12384557147333125 24
1757632175251 0.10133081884917772 25
1757632175301 0.19450698510587333 26
1757632175347 0.08983925462018645 27
1757632175393 0.1133748095831175 28
1757632175449 0.10543782798635368 29
1757632175502 0.08375713044076669 30
1757632175558 0.0762535076892765 31
1757632175613 0.10953800208619274 32
1757632175659 0.09449579343570187 33
1757632175707 0.09949395759534205 34
1757632175751 0.11090135497221469 35
1757632175802 0.07067790142060587 36
1757632175853 0.059338378419945395 37
1757632175900 0.08101417351778814 38
1757632175948 0.11178641652227828 39
1757632175993 0.13161128917621037 40
1757632176042 0.14397919283679195 41
1757632176090 0.12812484382266412 42
1757632176140 0.09509520835379404 43
1757632176196 0.15862721154495538 44
1757632176256 0.17668823845804577 45
1757632176320 0.1031414933092606 46
1757632176375 0.14587704738437204 47
1757632176422 0.08802162060154878 48
1757632176470 0.12283926242191641 49
1757632176522 0.11068532435373823 50
1757632176569 0.18867933309470009 51
1757632176618 0.07914310009974884 52
1757632176667 0.14294344585026278 53
1757632176714 0.09668094119257852 54
1757632176759 0.05899589643847148 55
1757632176807 0.21651360147695892 56
1757632176856 0.08928745352606311 57
1757632176900 0.13710799105440347 58
1757632176947 0.0804719710681035 59
1757632176992 0.06566849778361973 60
1757632177038 0.09971028852291033 61
1757632177083 0.16075688854141348 62
1757632177130 0.1712637223164894 63
1757632177177 0.12491783417395447 64
1757632177226 0.08675344032011888 65
1757632177272 0.07435132781941055 66
1757632177319 0.12040626960614752 67
1757632177366 0.18623208082309808 68
1757632177411 0.11987709624571619 69
1757632177462 0.09471050317879841 70
1757632177509 0.09725301531340107 71
1757632177557 0.11103209370928695 72
1757632177603 0.1269677719129037 73
1757632177649 0.08489189346482055 74
1757632177695 0.0818042920455188 75
1757632177741 0.1285705022646459 76
1757632177787 0.10676848171231111 77
1757632177842 0.07666103206521005 78
1757632177901 0.09960433139889802 79
1757632177955 0.09296390064049183 80
1757632178002 0.08506016440178317 81
1757632178048 0.08099008340505237 82
1757632178093 0.10678118582699028 83
1757632178140 0.102607965911576 84
1757632178187 0.14676224393766665 85
1757632178237 0.10790663617762172 86
1757632178286 0.06890331205806362 87
1757632178334 0.352128784236666 88
1757632178380 0.13214691517252167 89
1757632178428 0.10488929936912193 90
1757632178476 0.09559571181313681 91
1757632178523 0.10682945618900455 92
1757632178570 0.09758906085358146 93
1757632178616 0.1566149321102421 94
1757632178666 0.11591720796485645 95
1757632178715 0.15263477865065433 96
1757632178762 0.11202937261140074 97
1757632178810 0.1472859752016637 98
1757632178855 0.08801996962356745 99
1757632178901 0.15136928079663306 100
1757632178950 0.0770822942598325 101
1757632178996 0.18279542815972163 102
1757632179042 0.10538129808478577 103
1757632179089 0.10271509191692775 104
1757632179137 0.06769458602658615 105
1757632179184 0.0844941163927464 106
1757632179233 0.10648795898718799 107
1757632179280 0.0832008228611575 108
1757632179328 0.11602986461482193 109
1757632179374 0.11711594211575406 110
1757632179421 0.12072527164378596 111
1757632179469 0.14545474829391455 112
1757632179520 0.13415811557570492 113
1757632179578 0.1245142374107174 114
1757632179627 0.10277864606448184 115
1757632179681 0.1329811292854976 116
1757632179732 0.1120274310346167 117
1757632179779 0.059426517267898035 118
1757632179830 0.13876112667251647 119
1757632179881 0.11338484796452761 120
1757632179929 0.1259299218026015 121
1757632179978 0.11329398223799539 122
1757632180028 0.08196277479544282 123
1757632180078 0.09713442568955877 124
1757632180129 0.06311517954039648 125
1757632180177 0.1436790953273072 126
1757632180226 0.22101630908698763 127
1757632180276 0.1477644194795097 128
1757632180325 0.0984197016119895 129
1757632180386 0.06732758964438587 130
1757632180519 0.0849247473142152 131
1757632180569 0.09593581307316136 132
1757632180617 0.08332788564407073 133
1757632180665 0.18355337364609026 134
1757632180716 0.0773617255564379 135
1757632180764 0.09706970673530899 136
1757632180814 0.11322179686116846 137
1757632180861 0.08311631599455462 138
1757632180910 0.09087389956411028 139
1757632180961 0.14830302001206988 140
1757632181011 0.09370069971820187 141
1757632181059 0.06845582263619507 142
1757632181158 0.08861106203926296 143
1757632181211 0.21635449738620072 144
1757632181264 0.23848435111318125 145
1757632181315 0.18405366625479697 146
1757632181365 0.12299829336236204 147
1757632181413 0.1246151251458769 148
1757632181463 0.0983495046586756 149
