1757631634205 30.384071641445665 0
1757631634253 6.253667444309637 1
1757631634299 1.1474919905293792 2
1757631634349 0.2972658699577213 3
1757631634406 0.12070987513206505 4
1757631634458 0.09530590192356576 5
1757631634510 0.1478366790998627 6
1757631634557 0.06400123531732632 7
1757631634608 0.06554400904070601 8
1757631634655 0.06196969116754654 9
1757631634722 0.08808821002815034 10
1757631634773 0.15852443768705965 11
1757631634824 0.10717909057352729 12
1757631634876 0.08115771605819679 13
1757631634927 0.10617342067985039 14
1757631634989 0.08952152487156548 15
1757631635043 0.07856651974574454 16
1757631635094 0.16018492304430637 17
1757631635142 0.11115662737544188 18
1757631635190 0.11271243476470108 19
1757631635239 0.1101802034025667 20
1757631635288 0.08257611431869384 21
1757631635337 0.08746081283321562 22
1757631635385 0.14049293695744852 23
1757631635437 0.13998744355581325 24
1757631635485 0.07108347140789317 25
1757631635532 0.15378232237100797 26
1757631635577 0.08648565071341376 27
1757631635626 0.1744109181288887 28
1757631635676 0.1540470160505037 29
1757631635726 0.16645862719149046 30
1757631635775 0.14520255090608192 31
1757631635825 0.07397923170339248 32
1757631635873 0.12695451767880653 33
1757631635922 0.0645954306188304 34
1757631635970 0.10719128440874698 35
1757631636020 0.13991990549287972 36
1757631636067 0.12741468592800773 37
1757631636116 0.09346714355132167 38
1757631636164 0.06997756233410807 39
1757631636214 0.1544059057336419 40
1757631636267 0.13865850268666516 41
1757631636316 0.04241726732587715 42
1757631636365 0.07863069270159258 43
1757631636413 0.12766992794847204 44
1757631636461 0.07237833769787294 45
1757631636511 0.09868357413678289 46
1757631636560 0.16564588532660796 47
1757631636611 0.1051006883077442 48
1757631636661 0.1343252272184674 49
1757631636709 0.14084977195599757 50
1757631636761 0.11974700218671172 51
1757631636812 0.12268527128036041 52
1757631636862 0.09313158168646568 53
1757631636925 0.0998650119680241 54
1757631636977 0.10152959393107425 55
1757631637028 0.10464923269416557 56
1757631637077 0.05596024076979085 57
1757631637127 0.12303675709627032 58
1757631637176 0.1353547953876975 59
1757631637227 0.09067745286889389 60
1757631637277 0.11824212033081516 61
1757631637333 0.08036547803118464 62
1757631637405 0.08971173115589906 63
1757631637467 0.10421114269454079 64
1757631637525 0.09074717970052472 65
1757631637582 0.08905340495313427 66
1757631637638 0.1008722732106423 67
1757631637696 0.1061008084333317 68
1757631637753 0.1862410007380116 69
1757631637810 0.16937696003703095 70
1757631637862 0.1161398200992759 71
1757631637913 0.17173168334414438 72
1757631637967 0.1164521099276512 73
1757631638019 0.11941369243368877 74
1757631638069 0.15167805958530292 75
1757631638121 0.13393609199130718 76
1757631638171 0.13101757015418528 77
1757631638224 0.12886303177861141 78
1757631638275 0.10353378000185168 79
1757631638327 0.15343026925743672 80
1757631638379 0.14605833191290837 81
1757631638434 0.15428882248785633 82
1757631638486 0.07600394575476227 83
1757631638536 0.08523796525933279 84
1757631638590 0.15703557928983664 85
1757631638645 0.21906329447228062 86
1757631638698 0.1338041141192572 87
1757631638751 0.16435797441280797 88
1757631638813 0.14603546677906695 89
1757631638873 0.06430020537538647 90
1757631638979 0.1535248881551389 91
1757631639040 0.11576420827256736 92
1757631639097 0.11317545906991996 93
1757631639158 0.05491166595754985 94
1757631639217 0.16018200975228047 95
1757631639275 0.15705334560483702 96
1757631639332 0.10716002331371685 97
1757631639403 0.11861561078549478 98
1757631639460 0.15975457397354764 99
1757631639513 0.10270961485498689 100
1757631639563 0.10598887303575455 101
1757631639611 0.09863088312342747 102
1757631639662 0.09328451119444124 103
1757631639713 0.12559795083640798 104
1757631639764 0.08101003990860395 105
1757631639811 0.189254260041625 106
1757631639860 0.13681587969744685 107
1757631639909 0.14137837954460317 108
1757631639960 0.10391250074945778 109
1757631640011 0.12559204604701105 110
1757631640062 0.13952179122098657 111
1757631640112 0.10943017274697993 112
1757631640162 0.06870685732087309 113
1757631640212 0.13244636188915418 114
1757631640263 0.11976905517571143 115
1757631640310 0.07998867403895049 116
1757631640362 0.16575469373304239 117
1757631640413 0.07069013627729598 118
1757631640462 0.08690814487948594 119
1757631640512 0.14908283476229084 120
1757631640565 0.07872329280417073 121
1757631640614 0.1636424940107882 122
1757631640663 0.0939456345059384 123
1757631640711 0.16317096880734322 124
1757631640762 0.09359957095345299 125
1757631640818 0.10079346158498254 126
1757631640871 0.10789756943952758 127
1757631640926 0.049084230675270166 128
1757631640979 0.12805904674968488 129
1757631641029 0.07978810280773072 130
1757631641084 0.07733384057416832 131
1757631641135 0.10182394066058924 132
1757631641188 0.13269751078100775 133
1757631641241 0.11885342885912423 134
1757631641295 0.10136702849070804 135
1757631641346 0.10147412283101588 136
1757631641398 0.09890206296780893 137
1757631641446 0.14035167273015034 138
1757631641496 0.10260065372322061 139
1757631641548 0.2563572354196369 140
1757631641600 0.106070818958499 141
1757631641651 0.14142183190522822 142
1757631641703 0.06565624982306972 143
1757631641754 0.09936121834404388 144
1757631641806 0.09379546073683807 145
1757631641856 0.13907802861979465 146
1757631641908 0.1116760465258807 147
1757631641958 0.15908902358890348 148
1757631642010 0.13196526749874113 149
1757631642061 0.08206556411502398 150
1757631642111 0.08802529675616239 151
1757631642162 0.12342829966949442 152
1757631642214 0.10440851778625397 153
1757631642265 0.05606136661091291 154
1757631642319 0.05328124053578741 155
1757631642389 0.10118198547213718 156
1757631642443 0.1355306622387632 157
1757631642494 0.0925408664416621 158
1757631642543 0.0805952790304581 159
1757631642596 0.14967733118477594 160
1757631642645 0.134039375428107 161
1757631642698 0.12599967433093257 162
1757631642749 0.07538495129398126 163
1757631642800 0.1008164651737942 164
1757631642854 0.06476597235009872 165
1757631642907 0.1203128943063299 166
1757631642964 0.09140151957117074 167
1757631643018 0.07632962166909972 168
1757631643068 0.15097550891607453 169
1757631643120 0.11757623417313526 170
1757631643172 0.07747462521911133 171
1757631643223 0.09744852416989913 172
1757631643274 0.11211905665899885 173
1757631643328 0.2247733619425713 174
1757631643379 0.12272986300553954 175
1757631643434 0.12323981811487013 176
1757631643485 0.13542321150306796 177
1757631643540 0.1273317785956653 178
1757631643590 0.12892458907712329 179
1757631643644 0.11561758395860015 180
1757631643695 0.11105794205981623 181
1757631643746 0.09512101753544525 182
1757631643795 0.10527714305527962 183
1757631643846 0.0859376857189717 184
1757631643897 0.07569268438862845 185
1757631643951 0.25062019150535253 186
1757631644004 0.1334161059152236 187
1757631644057 0.07441385479001363 188
1757631644109 0.09754683082338776 189
1757631644161 0.07551083869445788 190
1757631644214 0.09365356858586582 191
1757631644267 0.1738447318742718 192
1757631644319 0.048778073256486656 193
1757631644371 0.09647597152679876 194
1757631644436 0.12037123674516018 195
1757631644510 0.16800493103476674 196
1757631644607 0.10093553821853346 197
1757631644663 0.05622136245847357 198
1757631644717 0.15219883683257585 199
1757631644773 0.06779394265334106 200
1757631644827 0.0782609348589247 201
1757631644884 0.12113002967421162 202
1757631644940 0.11445003438218576 203
1757631644995 0.11297580911031596 204
1757631645050 0.16826013885521085 205
1757631645103 0.09561698849783282 206
1757631645156 0.07081383681609502 207
1757631645209 0.09216215910759736 208
1757631645265 0.2869555515616516 209
1757631645318 0.09159126054864844 210
1757631645371 0.17620764481387508 211
1757631645427 0.06835611353202588 212
1757631645481 0.1485838819901088 213
1757631645536 0.09046765606496171 214
1757631645589 0.055119892298008656 215
1757631645645 0.08562070602368456 216
1757631645699 0.08434642930178715 217
1757631645784 0.07027594419456053 218
1757631645840 0.104681516012129 219
1757631645895 0.0807753073781392 220
1757631645949 0.10567657049073079 221
1757631646002 0.09565492362132696 222
1757631646058 0.16356111158649572 223
1757631646112 0.05351279531433518 224
1757631646165 0.07739849113772163 225
1757631646218 0.14126054763164292 226
1757631646271 0.11943414613104288 227
1757631646324 0.11010210562966599 228
1757631646379 0.09822713748993533 229
1757631646435 0.12621905490140745 230
1757631646488 0.1092740063422385 231
1757631646544 0.11124530620471892 232
1757631646597 0.1455962723628168 233
1757631646652 0.15042305830494082 234
1757631646706 0.12408413000478942 235
1757631646761 0.10899397075595792 236
1757631646820 0.13452916196408526 237
1757631646875 0.15398270431675642 238
1757631646936 0.09854339069869916 239
1757631646996 0.09574165398609824 240
1757631647052 0.11089839365771056 241
1757631647107 0.10285575755405414 242
1757631647160 0.0820263453628299 243
1757631647215 0.10841151436287103 244
1757631647269 0.06793228044407514 245
1757631647325 0.08632266881507043 246
1757631647394 0.08235778221035982 247
1757631647448 0.10913113953789237 248
1757631647502 0.11946420627353346 249
1757631647555 0.19842007627150438 250
1757631647611 0.09983229725247438 251
1757631647663 0.09699327295537358 252
1757631647716 0.11545132002018851 253
1757631647771 0.1391704122346178 254
1757631647826 0.16918393285768235 255
1757631647879 0.10356300743322217 256
1757631647934 0.13653551926526725 257
1757631647988 0.08794165692067175 258
1757631648044 0.14096228800565325 259
1757631648097 0.16005428503394475 260
1757631648151 0.10579360054455465 261
1757631648203 0.06301512615826094 262
1757631648257 0.10289599530834934 263
1757631648314 0.11431019697916764 264
1757631648370 0.2664456183218232 265
1757631648426 0.10111117427744123 266
1757631648479 0.12352105414256695 267
1757631648536 0.06137595100584989 268
1757631648592 0.13189892852845042 269
1757631648648 0.14090541147602267 270
1757631648701 0.12909641142065753 271
1757631648758 0.14596484712127705 272
1757631648812 0.08225493759127969 273
1757631648866 0.0924797766320253 274
1757631648922 0.1566498532548997 275
1757631648983 0.11371244508651851 276
1757631649042 0.12636699832945333 277
1757631649097 0.11280745314043096 278
1757631649153 0.10045895043242034 279
1757631649207 0.11490838352261457 280
1757631649262 0.05971745423677553 281
1757631649319 0.1273812010216926 282
1757631649383 0.10666593659903206 283
1757631649439 0.1224963124670109 284
1757631649491 0.15901546426155994 285
1757631649547 0.08761216859052423 286
1757631649600 0.07001791555247353 287
1757631649655 0.18771666325784428 288
1757631649711 0.13837772644361906 289
1757631649768 0.15271327749681035 290
1757631649823 0.15465481669866893 291
1757631649884 0.11734018490128428 292
1757631649974 0.060284209600105776 293
1757631650030 0.06359853323567953 294
1757631650086 0.09636996424179814 295
1757631650142 0.10868642376489204 296
1757631650198 0.1019266511238914 297
1757631650254 0.13810104613284235 298
1757631650309 0.12241405461178269 299
1757631650366 0.06554838413516215 300
1757631650424 0.16629411065258082 301
1757631650482 0.16278246963432275 302
1757631650538 0.08979083506307067 303
1757631650591 0.0701076628691639 304
1757631650646 0.13973924919959038 305
1757631650700 0.09278534172548172 306
1757631650756 0.25419598048820113 307
1757631650812 0.09358043291929602 308
1757631650868 0.07680590366674955 309
1757631650924 0.07197314203263996 310
1757631650985 0.10762855173962016 311
1757631651046 0.12354024148800752 312
1757631651105 0.09122035838333573 313
1757631651160 0.13146981443326425 314
1757631651218 0.08702248694119731 315
1757631651274 0.20915223390960805 316
1757631651330 0.13475547185723594 317
1757631651386 0.0947820019975184 318
1757631651443 0.12257527622868572 319
1757631651500 0.38012198002882924 320
1757631651555 0.05239496813510229 321
1757631651611 0.18776830947487622 322
1757631651666 0.07739139263738723 323
1757631651723 0.1058746196345682 324
1757631651778 0.08422385769575261 325
1757631651835 0.10815738443022156 326
1757631651897 0.10090661192995021 327
1757631651954 0.13676076451729263 328
1757631652009 0.14493551548335365 329
1757631652063 0.05460103251353549 330
1757631652120 0.05561202184037231 331
1757631652176 0.07549747628661863 332
1757631652231 0.04450794958229985 333
1757631652286 0.08878392584255328 334
1757631652350 0.06694860804100924 335
1757631652416 0.2029271041502061 336
1757631652472 0.11874744514756944 337
1757631652529 0.12285958818319695 338
1757631652584 0.1679670353371587 339
1757631652639 0.05901730957865039 340
1757631652697 0.11183944942510052 341
1757631652753 0.20700586781117813 342
1757631652810 0.09436452023275758 343
1757631652864 0.10888105100092574 344
1757631652919 0.13272020035051857 345
1757631652974 0.07745596983576856 346
1757631653040 0.07417507346127998 347
1757631653098 0.11034306534205388 348
1757631653154 0.08036918116499357 349
1757631653211 0.07608223886823262 350
1757631653266 0.10171465150135403 351
1757631653324 0.08779591751013936 352
1757631653379 0.1142784609144333 353
1757631653438 0.1251268595998389 354
1757631653495 0.07429184567326294 355
1757631653552 0.08380392758519814 356
1757631653609 0.07071384445166379 357
1757631653664 0.10821905284057012 358
1757631653722 0.0945851578976012 359
1757631653778 0.1443896440292408 360
1757631653836 0.16121830986795024 361
1757631653893 0.13142894197789834 362
1757631653950 0.14695926874366086 363
1757631654004 0.12836428136105468 364
1757631654111 0.08962460878876104 365
1757631654209 0.10595544593716599 366
1757631654268 0.16391394224409844 367
1757631654412 0.059756469004682455 368
1757631654469 0.13754672599058024 369
1757631654525 0.10566560069054487 370
1757631654578 0.08946195906223561 371
1757631654633 0.11448037458919402 372
1757631654688 0.061354036803393935 373
1757631654751 0.09154757423891632 374
1757631654815 0.11686166284822744 375
1757631654874 0.08387567748074175 376
1757631654930 0.12947639803955613 377
1757631654988 0.07872886552631142 378
1757631655058 0.10517693366848649 379
1757631655117 0.09471467875948548 380
1757631655174 0.2414645490785139 381
1757631655230 0.09984692881494081 382
1757631655287 0.2110984687423474 383
1757631655346 0.09061159045401407 384
1757631655401 0.09093113221217525 385
1757631655457 0.17868710331514037 386
1757631655516 0.15885440074089846 387
1757631655572 0.10896707669789855 388
1757631655629 0.08370287290961899 389
1757631655687 0.0886577482339594 390
1757631655743 0.11023839682949421 391
1757631655798 0.1056300113306169 392
1757631655854 0.11345407344524948 393
1757631655913 0.08449833018444898 394
1757631655967 0.06785912352404566 395
1757631656024 0.05257957088571339 396
1757631656080 0.10268307835300375 397
1757631656137 0.11495873243560568 398
1757631656196 0.06688751431881954 399
1757631656252 0.13425531990862344 400
1757631656309 0.11214627648564604 401
1757631656363 0.11321939686036503 402
1757631656419 0.1299845054550415 403
1757631656475 0.1305212392214603 404
1757631656533 0.13930526920524633 405
1757631656594 0.16891662383707776 406
1757631656657 0.19456570520899538 407
1757631656714 0.1061342777018523 408
1757631656769 0.06440887361807421 409
1757631656827 0.09046881715239552 410
1757631656884 0.13151707366826879 411
1757631656941 0.09229450844072384 412
1757631656997 0.09174962224722635 413
1757631657057 0.09492325500545998 414
1757631657122 0.10850781615718122 415
1757631657178 0.1835638722884973 416
1757631657235 0.06691894495244363 417
1757631657291 0.08557701819002951 418
1757631657356 0.07575517392973463 419
1757631657421 0.09452311753092184 420
1757631657476 0.11486335099265868 421
1757631657534 0.04652227347312571 422
1757631657595 0.3243798190060527 423
1757631657652 0.15380690309312975 424
1757631657706 0.1483745061737991 425
1757631657763 0.12309874495427739 426
1757631657820 0.09028661147125616 427
1757631657875 0.14813521837031107 428
1757631657933 0.13142330590977463 429
1757631657990 0.09292270552355335 430
1757631658048 0.17087015012980078 431
1757631658102 0.08116855135708397 432
1757631658159 0.12541039207861787 433
1757631658216 0.0975510034552349 434
1757631658274 0.17978792303430155 435
1757631658332 0.17082802830301508 436
1757631658391 0.12173493911610592 437
1757631658450 0.12433536298177375 438
1757631658505 0.14056176895058733 439
1757631658563 0.09706683968915558 440
1757631658619 0.08341978046424893 441
1757631658677 0.15015160129093735 442
1757631658734 0.08574069144024564 443
1757631658791 0.1328990549574246 444
1757631658849 0.09556753230788503 445
1757631658906 0.08216945669494408 446
1757631658964 0.13505773635114293 447
1757631659021 0.12450219938347926 448
1757631659084 0.08491936910032322 449
1757631659149 0.11738565999745379 450
1757631659207 0.1473590956386974 451
1757631659265 0.21030115181014356 452
1757631659379 0.05156958406782103 453
1757631659440 0.09210172028349445 454
1757631659500 0.1729444211231142 455
1757631659564 0.11311661916660676 456
1757631659624 0.07254360229276932 457
1757631659682 0.06881836429648519 458
1757631659738 0.13039494591778633 459
1757631659796 0.06836581812964221 460
1757631659853 0.09058506359948534 461
1757631659909 0.08678825333383414 462
1757631659967 0.08479283020360351 463
1757631660036 0.10597830333094077 464
1757631660096 0.05430840763698232 465
1757631660153 0.13230987626096363 466
1757631660214 0.10652252137738163 467
1757631660275 0.0692871315854498 468
1757631660333 0.07030705887254671 469
1757631660394 0.09555489778905546 470
1757631660452 0.07891603914989075 471
1757631660510 0.0968076875157412 472
1757631660569 0.14419848307779717 473
1757631660627 0.1719392632826601 474
1757631660686 0.14560585861694103 475
1757631660744 0.10446418856579123 476
1757631660803 0.1279904384865746 477
1757631660859 0.06521230525514699 478
1757631660918 0.08250465226957937 479
1757631660979 0.0888320152068364 480
1757631661037 0.1000612209686483 481
1757631661099 0.10169127920526365 482
1757631661166 0.1525308329089944 483
1757631661225 0.11973476198877628 484
1757631661283 0.0814749480793236 485
1757631661343 0.16187147309048286 486
1757631661403 0.11753153648763107 487
1757631661464 0.11787386938895626 488
1757631661523 0.1600917605303337 489
1757631661582 0.0797106129216649 490
1757631661642 0.11154919275642954 491
1757631661701 0.07008400161608151 492
1757631661758 0.07354865298165306 493
1757631661817 0.13061235671343835 494
1757631661877 0.07087235835946668 495
1757631661936 0.12897072903405327 496
1757631661993 0.12188100864544357 497
1757631662054 0.11517676370969447 498
1757631662113 0.13699218411595993 499
