1757647249435 142.33380318917406 0
1757647249494 116.16015016281702 1
1757647249562 100.59158954308143 2
1757647249627 83.11355023640458 3
1757647249688 67.7467530582301 4
1757647249746 56.71554458409902 5
1757647249804 50.96937097263671 6
1757647249862 40.76814931934423 7
1757647249925 35.70607957674184 8
1757647249983 27.9858302091992 9
1757647250038 23.688805425841284 10
1757647250094 20.859355661033597 11
1757647250149 17.15721979117833 12
1757647250204 16.211525358438738 13
1757647250261 12.058391223701049 14
1757647250320 10.442006967206542 15
1757647250389 8.313778953364709 16
1757647250452 7.882485362483896 17
1757647250513 6.383128009390777 18
1757647250571 5.8198698548676 19
1757647250635 4.52508189976991 20
1757647250694 4.680685379978965 21
1757647250778 2.918817496010138 22
1757647250877 3.0384875327206378 23
1757647250936 2.3001403941831295 24
1757647250994 2.0196803028984225 25
1757647251053 2.0234488923457863 26
1757647251112 1.2759702094499723 27
1757647251170 1.0758899813900005 28
1757647251227 1.0024983682018487 29
1757647251286 1.0279587969181507 30
1757647251345 0.8036586182650794 31
1757647251403 0.803636863862645 32
1757647251461 0.360044488067687 33
1757647251517 0.48616806992335704 34
1757647251574 0.6657682148294023 35
1757647251630 0.5436419887256028 36
1757647251686 0.40924474736851846 37
1757647251742 0.4146064321084089 38
1757647251799 0.3377537010349918 39
1757647251855 0.3335508987126592 40
1757647251911 0.29665095658117335 41
1757647251966 0.3347985624914657 42
1757647252022 0.22983788779580158 43
1757647252081 0.25005570016710627 44
1757647252137 0.23417741526577437 45
1757647252194 0.15546196444576751 46
1757647252250 0.17155245855856024 47
1757647252308 0.2642565135486552 48
1757647252365 0.1886536140570696 49
1757647252421 0.14526374251397786 50
1757647252477 0.22200915392413112 51
1757647252533 0.12442437724624844 52
1757647252589 0.19213512187666354 53
1757647252651 0.10229341325406381 54
1757647252711 0.1306681843925398 55
1757647252771 0.13529023098914705 56
1757647252827 0.18500936165218723 57
1757647252885 0.12125098819797321 58
1757647252943 0.09003317069044493 59
1757647253001 0.4283113370295617 60
1757647253057 0.15258590736712824 61
1757647253113 0.10757932644056722 62
1757647253169 0.08906226901813676 63
1757647253227 0.12372435850401294 64
1757647253284 0.16175705320408015 65
1757647253342 0.13446174203840378 66
1757647253399 0.15182928863852302 67
1757647253456 0.2099237146001543 68
1757647253513 0.1081565399050436 69
1757647253571 0.1489760146637404 70
1757647253627 0.2728648539982075 71
1757647253683 0.16256388385446413 72
1757647253739 0.13703819344578833 73
1757647253796 0.1522561512157536 74
1757647253853 0.13643672093915335 75
1757647253911 0.17734941299177012 76
1757647253967 0.10357256959714667 77
1757647254024 0.1951765300095526 78
1757647254081 0.18073259900916308 79
1757647254138 0.10810416772269806 80
1757647254194 0.10022350036994843 81
1757647254264 0.18380581409382357 82
1757647254330 0.18927180238953614 83
1757647254397 0.07295938536587752 84
1757647254461 0.16291973583340363 85
1757647254521 0.13669095119927926 86
1757647254581 0.09370022915205667 87
1757647254641 0.1764335793602602 88
1757647254705 0.17724774785571853 89
1757647254765 0.10859868780742797 90
1757647254824 0.10215650753302913 91
