1757635348318 157919715.6588834 0
1757635348414 45763.976515822535 1
1757635348521 14113188.13848042 2
1757635348610 166233.6007575469 3
1757635348699 24053774.731811035 4
1757635348788 67085225.07643608 5
1757635348884 138014192.0825273 6
1757635348975 2195609.581030053 7
1757635349082 448513.2325561 8
1757635349177 98965912.9217045 9
1757635349271 19460997.163765665 10
1757635349361 14736480.004151396 11
1757635349451 1653676.6813209073 12
1757635349541 8306993.317142049 13
1757635349634 8772594005.465673 14
1757635349722 2164395.04201353 15
1757635349820 6384742937.788678 16
1757635349910 462299.9398625524 17
1757635349996 52901803.29813043 18
1757635350085 22612.649182448957 19
1757635350172 627083.4605566654 20
1757635350263 4153901.3955234857 21
1757635350349 37457100.51633911 22
1757635350435 424706.060274008 23
1757635350659 134887.88052468965 24
1757635350832 72945156.48060156 25
1757635350927 1055473.250386306 26
1757635351018 1723064.5974064937 27
1757635351105 1984923.2595196636 28
1757635351194 572256.8890594743 29
1757635351301 8064400.94894017 30
1757635351388 18572849.89858079 31
1757635351475 21879145.55117643 32
1757635351561 10193943.06841662 33
1757635351662 198969929.6314542 34
1757635351761 1451278.4148357948 35
1757635351866 85880052.12152316 36
1757635351953 159405330.16885185 37
1757635352049 52330659.499727026 38
1757635352138 411479.56493597216 39
1757635352233 13633.853034425776 40
1757635352336 2736049.478442656 41
1757635352427 19064641.52720924 42
1757635352517 3772428.54146762 43
1757635352610 1714614.1657524644 44
1757635352703 46308.38972860838 45
1757635352799 25257.58636414541 46
1757635352891 63877.54141773738 47
1757635352982 177828397.55477777 48
1757635353073 12918244.169321604 49
1757635353166 31603522.644967888 50
1757635353253 4360817.39847628 51
1757635353355 7324162.550193413 52
1757635353445 261123.2594522932 53
1757635353534 107046.71021152887 54
1757635353623 1426970.208921782 55
1757635353712 503463158.7278086 56
1757635353803 90106353.48029824 57
1757635353898 9728785.091782007 58
1757635353990 535104.5174185452 59
1757635354080 7689361.55459235 60
1757635354167 29712683.251273308 61
1757635354256 161150080.1056707 62
1757635354350 12167090.177009506 63
1757635354440 27537759.82124503 64
1757635354536 1412084.4263347907 65
1757635354627 59361385.879468724 66
1757635354716 19059084.543943375 67
1757635354810 27602969.034574375 68
1757635354915 4220572.699521081 69
1757635355006 343969373.55152243 70
1757635355097 145973693.93693113 71
1757635355189 3372615.6387630226 72
1757635355278 90375550.7564931 73
1757635355372 34493995.05322103 74
1757635355461 163637.29550903564 75
1757635355549 7166471.99295098 76
1757635355639 2292395.6090195696 77
1757635355728 58740359.09374706 78
1757635355817 125084248.46750936 79
1757635355915 4578288.139721804 80
1757635356004 40800810.03059798 81
1757635356093 23072171.543169543 82
1757635356185 90167106.98676057 83
1757635356274 555365.9280845757 84
1757635356367 55730476.45805299 85
1757635356459 1011523.2634154134 86
1757635356548 48097.15802637663 87
1757635356645 3926075.675797829 88
1757635356746 31323125.83605389 89
1757635356836 4022303.971083956 90
1757635356931 108870.66641253713 91
1757635357022 5841934.4052346675 92
1757635357111 8401870.064249853 93
1757635357200 412258.610951564 94
1757635357291 31262075.203050647 95
1757635357385 2112.304448244539 96
1757635357479 721164.4811623861 97
1757635357568 1175143.0249077165 98
1757635357656 12516223.88079671 99
1757635357747 20239389.323567547 100
1757635357835 2022068.5958532686 101
1757635357928 159268.33050950823 102
1757635358018 6798326.043590758 103
1757635358110 1623105.284744505 104
1757635358200 4783024.75350015 105
1757635358293 53025540.177008964 106
1757635358384 4990341.631690938 107
1757635358487 463676.2220551792 108
1757635358621 46.59535256704701 109
1757635358792 101154870.62528156 110
1757635358889 10635975.36406085 111
1757635358988 14484459.18308295 112
1757635359080 24503042.249948658 113
1757635359170 29308966.82438035 114
1757635359261 137203.95612117235 115
1757635359349 8141743.933566267 116
1757635359443 188009116.13458344 117
1757635359535 195416137.83093086 118
1757635359630 6605673.381144073 119
1757635359722 788112.6119352875 120
1757635359812 23936949.610833 121
1757635359908 4371760.472425871 122
1757635360111 8992742.83985857 123
1757635360207 4477852.8940103175 124
1757635360301 7470313.787279426 125
1757635360394 388224.16031989706 126
1757635360506 32138778.376514338 127
1757635360612 3030303.0744930822 128
1757635360706 106825539.4617621 129
1757635360796 6118923.989393314 130
1757635360886 49787135.97502609 131
1757635360976 508666.827966313 132
1757635361075 290024618.915572 133
1757635361170 11192211.005781569 134
1757635361260 262113.15240485186 135
1757635361357 69426949.03735352 136
1757635361452 5928614.491669183 137
1757635361551 5750321.001551639 138
1757635361658 1817944.7499791249 139
1757635361766 22030218.52572562 140
1757635361860 53346949.40431419 141
1757635361951 18165806.9936654 142
1757635362054 165799.5953794627 143
1757635362145 30672875.33272437 144
1757635362233 12250131.130817607 145
1757635362329 909919.7852166289 146
1757635362421 633669.4988741985 147
1757635362511 132341120.00977597 148
1757635362616 277062.39364999544 149
1757635362709 31444350.1292356 150
1757635362800 3019353.5836012894 151
1757635362906 4645.035313342603 152
1757635362997 151956614.83459565 153
1757635363097 11515557.510956762 154
1757635363187 21307.65599431847 155
1757635363277 2120064.6190658375 156
1757635363369 3255917.952210378 157
1757635363460 12344829.980832538 158
1757635363558 701127261.4214057 159
1757635363655 532435.3670215345 160
1757635363745 117185532.39451128 161
1757635363837 144070886.72715428 162
1757635363928 572560498.1181101 163
1757635364021 105307.8181865959 164
1757635364123 3010129.3402750497 165
1757635364213 421014.74859683 166
1757635364303 1834491.8914328353 167
1757635364393 11189010.35772601 168
1757635364484 16223702.89811764 169
1757635364585 36108.80017128838 170
1757635364684 11058111.747775663 171
1757635364779 3736340.9650004157 172
1757635364871 11069599.81475996 173
1757635364964 767414.4104151495 174
1757635365056 1752344259.9220932 175
1757635365155 16739750.438805642 176
1757635365245 2460609.9334390494 177
1757635365336 236674.05040802644 178
1757635365428 15922743.526608294 179
1757635365521 634798.2695267822 180
1757635365617 97527167.28668334 181
1757635365753 47976310.394836724 182
1757635365850 463257.7652631903 183
1757635365945 394180.8774499906 184
1757635366036 36711076.80404462 185
1757635366139 17869426.47270471 186
1757635366238 478885.86019377393 187
1757635366330 343112182.0940673 188
1757635366425 1122497.1697189172 189
1757635366520 139628552.4615037 190
1757635366613 743855.186162968 191
1757635366734 4328609.424756326 192
1757635366829 88742401.46336365 193
1757635366921 928.0757100253501 194
1757635367013 38605873.5400335 195
1757635367105 41564.453748115775 196
1757635367198 6746658.2300058305 197
1757635367291 2714021.925758921 198
1757635367383 2023763.6521817576 199
1757635367485 15834.663979284254 200
1757635367577 9220774.424931949 201
1757635367670 7008683.669930171 202
1757635367776 5107389.835593805 203
1757635367869 488181.19652470923 204
1757635367962 8108820.058387069 205
1757635368058 6802780.596244593 206
1757635368162 14664069.036425646 207
1757635368259 3577124.082686899 208
1757635368351 10032184.15916049 209
1757635368444 2454198243.721339 210
1757635368536 39105995.04562219 211
1757635368627 10739737.753321301 212
1757635368720 20749710.09728862 213
1757635368822 186880.60910999816 214
1757635368916 1703405.186656542 215
1757635369008 103581521.30759127 216
1757635369099 34304434.97276175 217
1757635369192 63554935.12166991 218
1757635369291 5670721.905501785 219
1757635369382 8299563396.31583 220
1757635369474 38674717.27931557 221
1757635369566 11937598.382805018 222
1757635369656 2923552.643146779 223
1757635369752 3413141.4666661574 224
1757635369848 9790745.74179127 225
1757635369941 26116559.194814097 226
1757635370038 1819954120.7929008 227
1757635370217 7270475.404000185 228
1757635370320 6214897.4708958035 229
1757635370417 437678089.7184544 230
1757635370515 1167538.0047253747 231
1757635370619 900304.9309182067 232
1757635370712 24179905.72935222 233
1757635370817 1112319.2229265722 234
1757635370927 54421.695775026856 235
1757635371050 12614934.598790463 236
1757635371157 431267.7037485134 237
1757635371260 21115733.351578902 238
1757635371363 20241583.891973812 239
1757635371459 85693906.73826174 240
1757635371553 1529985.17012774 241
1757635371658 3201722.6083985106 242
1757635371762 5628368.847403235 243
1757635371866 0.017752800060146137 244
1757635371962 19630349.424902376 245
1757635372056 667038.4478233885 246
1757635372149 6868293.565977481 247
1757635372248 13824.165284015093 248
1757635372345 14310360.197427377 249
1757635372440 50408090.35633149 250
1757635372535 1191767.9694438963 251
1757635372632 262778.8529900944 252
1757635372740 5439.944806735295 253
1757635372850 54350306.84522499 254
1757635372953 63703574.0045067 255
1757635373055 20795419.320205506 256
1757635373162 2109119.099081521 257
1757635373259 7213034.244533057 258
1757635373361 318790550.07178813 259
1757635373459 11366185.908042656 260
1757635373554 3481405.0873118197 261
1757635373648 563459.3834767971 262
1757635373743 324393.6334086136 263
1757635373841 3717101.2353616934 264
1757635373942 1765211.820548599 265
1757635374038 4152115.9755555056 266
1757635374133 5271150.373538839 267
1757635374229 109467.11207955706 268
1757635374329 35419295.98302445 269
1757635374427 1360209.918675558 270
1757635374521 4155336.2046008054 271
1757635374620 355613.38785195374 272
1757635374714 166938.7297404571 273
1757635374886 451684933.6834025 274
1757635374988 19131524.353941973 275
1757635375085 577626.2247014976 276
1757635375182 41068205.75224814 277
1757635375280 93192029.26308028 278
1757635375377 996981.2122316358 279
1757635375480 24637068.81919787 280
1757635375571 18678.722135446376 281
1757635375665 2008.627035134315 282
1757635375760 1651636.085194587 283
1757635375854 290907.2956565965 284
1757635375952 1550968.9879863644 285
1757635376048 1584069.5306466029 286
1757635376142 25476643.66388818 287
1757635376236 9370556.49640205 288
1757635376334 300738660.80189586 289
1757635376429 9871536.250564046 290
1757635376525 9963299.375259819 291
1757635376623 1160618474.2002764 292
1757635376732 7497571.077833703 293
1757635376829 7259880.014113503 294
1757635376923 20677526.68096534 295
1757635377029 75326712.06173602 296
1757635377122 3752922.6364630726 297
1757635377217 3832.667700058439 298
1757635377312 78368.50267254813 299
1757635377406 338057.06588953745 300
1757635377507 14571578.003087327 301
1757635377602 6405229.519006843 302
1757635377695 342475031.6960851 303
1757635377797 5114982.793424906 304
1757635377892 543050.3442753045 305
1757635377992 87501851.7408748 306
1757635378089 12032502.151815102 307
1757635378182 11348122.091107972 308
1757635378276 450747.58617475117 309
1757635378378 148576081.85565448 310
1757635378480 483754059.4980461 311
1757635378577 27503951.45520033 312
1757635378671 3200679.5561024584 313
1757635378765 688161.1965972563 314
1757635378859 2915576.506433155 315
1757635378958 199649.88438444506 316
1757635379063 12349.327375753075 317
1757635379159 6042585.149694347 318
1757635379256 298561.13474053843 319
1757635379352 3664047.601868403 320
1757635379447 27802197.065547746 321
1757635379542 9964959.243112676 322
1757635379637 27107114.793735877 323
1757635379732 10304944.514028078 324
1757635379824 206794.42392887213 325
1757635379918 71463306.92099144 326
1757635380014 4983813.286281454 327
1757635380118 28932722.782979764 328
1757635380214 32007367.555272147 329
1757635380310 60924.08304737284 330
1757635380411 75458.53679321794 331
1757635380505 16036784.646307612 332
1757635380613 29270.76608583896 333
1757635380708 968.4189162465887 334
1757635380861 470034.57510742795 335
1757635380964 3453655.0397111373 336
1757635381065 0.18499796679939057 337
1757635381162 7597237.362574879 338
1757635381258 26483312.439272832 339
1757635381353 8593592.141962128 340
1757635381449 8608.543304412637 341
1757635381545 83209.73704254841 342
1757635381659 34735171.67459157 343
1757635381766 1504948.6415663604 344
1757635381862 53623657.818188585 345
1757635381957 141450.7887310931 346
1757635382052 680790.6347685624 347
1757635382158 97915.61810669732 348
1757635382262 258096689.1581426 349
1757635382362 122858348.68431996 350
1757635382468 2236143.2869572886 351
1757635382569 1706804808.254971 352
1757635382675 462288368.7565213 353
1757635382772 8320733.328913655 354
1757635382866 205613973.53452027 355
1757635382961 4566243.710107178 356
1757635383056 45866070.62232281 357
1757635383162 6196958.172333628 358
1757635383261 11776034.977600988 359
1757635383357 244603.519944742 360
1757635383451 949963.0419251586 361
1757635383547 1069.7704627869227 362
1757635383645 627776261.8705107 363
1757635383740 6035937.549180545 364
1757635383835 32581695.156454746 365
1757635383930 714624563.0754621 366
1757635384027 332906.64827379124 367
1757635384123 24893342.96839647 368
1757635384229 40558573.68771835 369
1757635384324 2392884.164777132 370
1757635384428 895298.21869415 371
1757635384528 35213043.31439296 372
1757635384628 7288576.61248927 373
1757635384730 13175952.45170929 374
1757635384826 29705834.803904835 375
1757635384922 20810381.46538903 376
1757635385023 5084566.009008612 377
1757635385122 21378013.9848369 378
1757635385228 18503735.88048443 379
1757635385326 7267490.308373532 380
1757635385425 52066185.16852029 381
1757635385522 23420908.905592937 382
1757635385618 403060.33467090334 383
1757635385713 73259968.58883087 384
1757635385820 82820831.9767656 385
1757635385921 256519.98216245903 386
1757635386020 43000445.89229378 387
1757635386118 603807.5173895792 388
1757635386217 379061.81340021285 389
1757635386314 153421395.16519073 390
1757635386409 64440315.335582696 391
1757635386512 9145563.26134713 392
1757635386611 2383241.2339348076 393
1757635386725 3072501.4628729937 394
1757635386822 14797240.925876439 395
1757635386918 15567030.448214704 396
1757635387016 71151729.31385276 397
1757635387112 549959.3650762879 398
1757635387207 684335.0694240506 399
1757635387311 72654445.38636333 400
1757635387407 15996051.901685962 401
1757635387505 1105339.96646083 402
1757635387602 37003638.75010545 403
1757635387697 13377521.647199653 404
1757635387800 426891.2881913925 405
1757635387898 2100614.8355949065 406
1757635387996 4368921.535240829 407
1757635388093 673534.9663756067 408
1757635388188 52760620.12555865 409
1757635388287 570138918.1890738 410
1757635388384 273.8795412285449 411
1757635388483 719407.7232446361 412
1757635388585 1331244.7224794733 413
1757635388680 264458012.11499086 414
1757635388778 2967838.892941664 415
1757635388877 331326.55787467764 416
1757635388972 42018426.08707867 417
1757635389067 1335191.5328030044 418
1757635389163 108278246.41476989 419
1757635389259 17088222.62209785 420
1757635389363 677232.9161942139 421
1757635389458 5440499.783180054 422
1757635389555 3597158.1757534826 423
1757635389650 31258807.75402045 424
1757635389746 11818932649.547874 425
1757635389846 10962.698316744509 426
1757635389944 589093580.3192397 427
1757635390041 1860714.570867332 428
1757635390140 15803128.269010544 429
1757635390236 2952851.6552022654 430
1757635390337 4177864.667090826 431
1757635390434 10672179.845448185 432
1757635390534 105462777.34743842 433
1757635390642 1535974.27916195 434
1757635390739 39820566.37725557 435
1757635390841 5035299.393270572 436
1757635390944 5515616.702060432 437
1757635391041 35999820.23964552 438
1757635391136 276519.4956183493 439
1757635391232 18642523.163603984 440
1757635391328 2649461.1042680186 441
1757635391432 22899836.438779723 442
1757635391528 935883413.2604876 443
1757635391627 23998743.609150715 444
1757635391740 151568470.65731645 445
1757635391837 2906197.0963762 446
1757635391940 35989555.279835224 447
1757635392039 1643935.1309968343 448
1757635392137 4337421.585713984 449
1757635392234 3472877.4018445825 450
1757635392331 61398789.38299303 451
1757635392435 3071345.884846928 452
1757635392534 145719.73975608355 453
1757635392638 10918718.625875374 454
1757635392738 186.2940788318204 455
1757635392837 1389435.5490778033 456
1757635392939 981502.3644938866 457
1757635393037 34495160.9115316 458
1757635393133 38259248.67965725 459
1757635393230 4389007.114623435 460
1757635393326 7409324.29783514 461
1757635393426 2449707.0341317197 462
1757635393526 64246.45676720605 463
1757635393623 567154.6736102774 464
1757635393720 132015.8069726763 465
1757635393817 12280.2984265355 466
1757635393919 1294847.9755402228 467
1757635394023 52861985.13924723 468
1757635394120 3655760.0807664506 469
1757635394223 1437900536.7426543 470
1757635394322 548456.4221109889 471
1757635394427 21628.09242478721 472
1757635394534 5053146.9186426755 473
1757635394636 9265046.079861423 474
1757635394736 38277749.17479833 475
1757635394832 44737753.91843869 476
1757635394929 30721.539082551968 477
1757635395035 13013.335197312068 478
1757635395135 34663.24056342578 479
1757635395234 1120486.1956725924 480
1757635395331 18125369.72207166 481
1757635395428 803361738.7190312 482
1757635395535 104209522.6815699 483
1757635395631 5445245.604920381 484
1757635395727 55942219.437736526 485
1757635395825 73452.52584145311 486
1757635395921 50532.78657083577 487
1757635396021 2919680.50663389 488
1757635396120 99325513.27227545 489
1757635396218 31389898.16547736 490
1757635396317 42576111.85825018 491
1757635396417 4604374.064872114 492
1757635396521 7812189.210936431 493
1757635396624 23710803.20298818 494
1757635396737 2721595.3053830788 495
1757635396837 23773.97468881928 496
1757635396935 10981538.920814537 497
1757635397035 10359277.869644731 498
1757635397132 445989.2840323302 499
