1757630441875 170.03229732304283 0
1757630441931 159.26906352680155 1
1757630441997 157.82121700136662 2
1757630442081 157.620743563163 3
1757630442148 156.63458947187553 4
1757630442211 149.31480408767146 5
1757630442272 150.55083179335008 6
1757630442335 143.0900303230548 7
1757630442396 145.65185938069342 8
1757630442459 142.0116181579411 9
1757630442518 137.31208493672023 10
1757630442576 141.05701957503499 11
1757630442635 137.6119696595585 12
1757630442691 131.4680384003167 13
1757630442747 125.75966481231141 14
1757630442810 124.20011636258201 15
1757630442874 126.96351022726319 16
1757630442935 123.89652577881056 17
1757630442987 118.76562625524977 18
1757630443039 113.88309034782074 19
1757630443093 116.67142964851642 20
1757630443144 115.91233636708851 21
1757630443194 119.46057278371377 22
1757630443310 110.03123052801564 23
1757630443365 106.74497425551345 24
1757630443418 104.50253205192507 25
1757630443470 108.7415839470502 26
1757630443523 107.39530417906212 27
1757630443583 103.19998270513597 28
1757630443645 102.98219401939178 29
1757630443705 104.03289913639915 30
1757630443757 98.89548817527253 31
1757630443811 97.48992194803498 32
1757630443863 90.89966213407902 33
1757630443918 91.80725991052643 34
1757630443979 93.50546394026874 35
1757630444043 87.19633780894743 36
1757630444108 89.27682409668978 37
1757630444169 86.07423983195625 38
1757630444231 85.79459881406227 39
1757630444287 82.96520807186084 40
1757630444341 82.66135935850156 41
1757630444404 77.91739944996054 42
1757630444458 78.71220118741688 43
1757630444509 79.26751016655527 44
1757630444562 77.05491181146517 45
1757630444615 77.01147796370738 46
1757630444674 75.96497313813379 47
1757630444733 73.19447483777364 48
1757630444785 69.74481238449756 49
1757630444836 70.61121908328957 50
1757630444889 71.31235712106465 51
1757630444939 68.07670291621108 52
1757630444990 68.39644013229197 53
1757630445041 63.55880559153628 54
1757630445092 62.876010112459625 55
1757630445142 64.4249406851813 56
1757630445192 65.90010101228677 57
1757630445240 63.08039412386698 58
1757630445288 59.419109554048674 59
1757630445337 62.388490749579766 60
1757630445390 55.738895947391036 61
1757630445442 54.36231699975844 62
1757630445507 55.76031786883373 63
1757630445584 55.8845827345387 64
1757630445641 54.3450978971464 65
1757630445692 53.72440565997941 66
1757630445766 51.71501933234957 67
1757630445823 50.67139111433447 68
1757630445876 49.58028752318263 69
1757630445927 48.21763409909633 70
1757630445979 50.39561518563703 71
1757630446033 49.243414590030966 72
1757630446099 47.342930533093124 73
1757630446164 48.50647260778162 74
1757630446226 49.6699709851797 75
1757630446282 44.62477075757104 76
1757630446334 42.362517104454696 77
1757630446387 43.06073337275076 78
1757630446441 43.34158695250589 79
1757630446493 44.05739712697401 80
1757630446544 42.15386378847083 81
1757630446597 40.650023540200166 82
1757630446648 40.52578352902705 83
1757630446701 39.40051797677152 84
1757630446754 39.42878494937229 85
1757630446806 38.10582382695627 86
1757630446863 35.750833483925234 87
1757630446922 37.333606347661316 88
1757630446976 35.47647218629606 89
1757630447031 36.28441208619323 90
1757630447084 33.287268642128495 91
1757630447138 35.53697197596786 92
1757630447190 34.06877226286443 93
1757630447243 32.76292674521576 94
1757630447296 33.11578278644984 95
1757630447349 31.654605491836726 96
1757630447402 31.15514387860477 97
1757630447457 30.600451737586887 98
1757630447517 31.292610818745285 99
1757630447578 28.555209584532136 100
1757630447637 30.16380830978062 101
1757630447691 30.033670155919136 102
1757630447744 28.583319048948113 103
1757630447796 27.31782721994032 104
1757630447849 26.03726911817091 105
1757630447903 27.05541944346752 106
1757630447957 28.320763157756232 107
1757630448014 25.76930034651169 108
1757630448074 25.309948480686067 109
1757630448146 23.972466089420188 110
1757630448212 25.312347823336115 111
1757630448276 25.2829278730565 112
1757630448340 24.31681060868833 113
1757630448405 23.126077135371425 114
1757630448466 24.63690086027539 115
1757630448556 22.659505899726085 116
1757630448649 22.258845877709966 117
1757630448714 21.705317544707352 118
1757630448771 23.08312689011828 119
1757630448828 22.397341288057415 120
1757630448884 21.052429378823874 121
1757630448941 20.472876802014646 122
1757630448996 21.617088798284666 123
1757630449057 20.980527277572346 124
1757630449120 19.70363344262214 125
1757630449182 19.7763734981479 126
1757630449237 18.874774620705907 127
1757630449291 19.219406529118725 128
1757630449347 18.38021754107178 129
1757630449411 18.036418637376354 130
1757630449483 17.82244920491659 131
1757630449545 17.720187232894197 132
1757630449612 16.69427389415452 133
1757630449678 16.54989246476095 134
1757630449743 16.32257108441633 135
1757630449813 15.687486122356027 136
1757630449898 16.29729635736587 137
1757630449955 15.4951866065663 138
1757630450015 14.549553322707549 139
1757630450071 15.132820206290587 140
1757630450124 15.118337528365293 141
1757630450181 15.09011625621832 142
1757630450239 13.95379001506291 143
1757630450305 13.687841052363993 144
1757630450368 13.330303130053771 145
1757630450423 12.938846903256508 146
1757630450482 13.879905059953334 147
1757630450560 13.056154792613672 148
1757630450622 12.916339927265959 149
1757630450679 12.128859385889301 150
1757630450734 12.369353324371932 151
1757630450787 13.311066556293287 152
1757630450840 11.235533128761297 153
1757630450893 11.919352222407998 154
1757630450948 11.976831302201862 155
1757630451006 10.68739263733576 156
1757630451062 11.097292150206789 157
1757630451126 10.58809744305849 158
1757630451187 10.846769525267483 159
1757630451246 10.964743534951573 160
1757630451300 10.766876831880626 161
1757630451355 10.260840230338669 162
1757630451423 9.417105498271017 163
1757630451490 10.209428274514075 164
1757630451564 10.020904588316041 165
1757630451634 9.556488369030557 166
1757630451700 10.1549172993246 167
1757630451770 9.127966382166065 168
1757630451833 9.30484009825932 169
1757630451893 9.235459763521858 170
1757630451957 8.985375289975543 171
1757630452031 8.468681446310178 172
1757630452246 8.23764565490951 173
1757630452379 8.78594036618804 174
1757630452454 8.20727450384247 175
1757630452521 7.888765977609985 176
1757630452585 7.980247710506133 177
1757630452649 8.291398810720098 178
1757630452707 7.747462476701406 179
1757630452765 7.100317345586457 180
1757630452831 7.162800286260745 181
1757630452904 7.375079261253411 182
1757630452976 7.557337531234152 183
1757630453045 7.00459072859314 184
1757630453114 6.929325775820054 185
1757630453186 7.309882765840241 186
1757630453258 7.229439204621267 187
1757630453329 6.5622287567399855 188
1757630453399 6.712793493056768 189
1757630453470 6.1098584381659125 190
1757630453543 5.860935410067235 191
1757630453612 6.498773795101673 192
1757630453675 6.4805801666460345 193
1757630453733 6.453439950271264 194
1757630453792 6.1811590403826155 195
1757630453851 5.755211545169661 196
1757630453911 6.035257476814847 197
1757630453970 5.556372656218543 198
1757630454034 6.04342804615992 199
1757630454100 5.477044235424382 200
1757630454165 5.277737035242987 201
1757630454231 5.174350293849244 202
1757630454298 5.267816786329444 203
1757630454360 4.7632778257908015 204
1757630454419 4.568445731978705 205
1757630454476 4.89136095548589 206
1757630454532 5.1901175421298475 207
1757630454590 4.574236833525282 208
1757630454655 4.58688574759286 209
1757630454722 4.87301375077924 210
1757630454789 4.890875315943836 211
1757630454856 4.337027710375658 212
1757630454922 4.407854382677603 213
1757630454988 4.250545846848276 214
1757630455048 3.8115024345796757 215
1757630455107 4.021126211038336 216
1757630455163 3.5028870023038383 217
1757630455218 4.023617672879407 218
1757630455273 3.7262952197233954 219
1757630455328 3.898471266368063 220
1757630455386 3.966018549557935 221
1757630455447 3.8419963780754385 222
1757630455534 3.645715353172865 223
1757630455613 3.9127005504522336 224
1757630455680 3.5582285778973946 225
1757630455752 3.504646396570651 226
1757630455820 3.6043171688281443 227
1757630455885 3.6104095357466566 228
1757630455946 3.5485451203594494 229
1757630456005 3.755597011628073 230
1757630456061 3.1412345487577342 231
1757630456117 3.1100858506828115 232
1757630456172 3.401886909803484 233
1757630456228 3.188194538324613 234
1757630456284 2.8437551651957698 235
1757630456345 2.8524784022378644 236
1757630456400 3.0596960563419047 237
1757630456454 2.7162602074411293 238
1757630456508 2.4504593718993988 239
1757630456560 2.780634755576943 240
1757630456614 2.718810707694884 241
1757630456667 2.7704048948205133 242
1757630456720 2.7886440228629836 243
1757630456774 2.388322726947196 244
1757630456827 2.430742965887103 245
1757630456880 2.35864117547013 246
1757630456934 2.5098173964444954 247
1757630456988 2.1865292726651937 248
1757630457043 2.4105184268449174 249
1757630457096 2.473471386178103 250
1757630457149 2.3524702341844845 251
1757630457202 2.3991437255164643 252
1757630457256 2.358738113525903 253
1757630457310 2.6237051500529485 254
1757630457364 2.198492500396704 255
1757630457418 2.0399741597955434 256
1757630457471 2.19709917456933 257
1757630457524 2.7634298541362137 258
1757630457577 2.068662819913489 259
1757630457629 1.9835281139471468 260
1757630457680 2.0832243367606615 261
1757630457732 1.7543454264362948 262
1757630457786 2.4886362985790704 263
1757630457839 1.725232167127262 264
1757630457892 1.8617295715946631 265
1757630457945 1.705043610070469 266
1757630457998 1.8942332632766443 267
1757630458050 1.899448759014584 268
1757630458104 1.7587375216939853 269
1757630458156 1.8836148563451933 270
1757630458210 1.6809641745973078 271
1757630458262 1.6158948835164162 272
1757630458315 1.8117098028666696 273
1757630458374 1.6558763775479002 274
1757630458428 1.3984130958162773 275
1757630458485 1.502734208086137 276
1757630458562 1.3232762916731828 277
1757630458635 1.2893085185471127 278
1757630458699 1.4717693594444905 279
1757630458765 1.5909437845373735 280
1757630458834 1.7370108182389008 281
1757630458901 1.3151170980425855 282
1757630458968 1.365879531539589 283
1757630459037 1.3723561136417834 284
1757630459105 1.558307922345727 285
1757630459173 1.385695761327641 286
1757630459236 1.2054147710084089 287
1757630459352 1.3506624740501014 288
1757630459428 1.2167453674278232 289
1757630459498 1.3171577295868233 290
1757630459577 1.6541586694247103 291
1757630459654 1.2337218759591784 292
1757630459734 1.1173863877435044 293
1757630459815 1.3841297704092606 294
1757630459897 1.2781735850077705 295
1757630459963 1.1543731200623881 296
1757630460049 1.167428703511642 297
1757630460133 1.2472744674060159 298
1757630460215 1.202670042242318 299
1757630460291 1.0821480884096402 300
1757630460358 1.0566491493638406 301
1757630460439 1.0927797976762066 302
1757630460553 1.13709722441107 303
1757630460630 1.0297891505685923 304
1757630460690 1.247345836324143 305
1757630460750 0.7768322428088611 306
1757630460848 0.9301707422873953 307
1757630460912 0.9108358659949822 308
1757630460973 0.7838610836679147 309
1757630461031 0.9367458897436428 310
1757630461094 1.0074493477214532 311
1757630461151 1.0819526574904268 312
1757630461208 0.9390088706616129 313
1757630461266 0.9093919788771269 314
1757630461386 0.9640253837525457 315
1757630461452 1.0220621093694666 316
1757630461515 0.8680098167880826 317
1757630461593 0.895929343915502 318
1757630461676 0.6063769380194165 319
1757630461754 0.585079732206474 320
1757630461832 0.8427423929209517 321
1757630461913 0.6916499473904041 322
1757630461986 0.9899728589314504 323
1757630462049 0.7314918224406384 324
1757630462111 1.192270815007337 325
1757630462180 0.7695390760282823 326
1757630462253 0.8025881943564166 327
1757630462331 0.6408199546905511 328
1757630462398 0.5805508378433408 329
1757630462513 0.7155979804323073 330
1757630462585 0.7979769531042871 331
1757630462663 0.7386181941869642 332
1757630462747 0.6862289313255994 333
1757630462825 0.6838454911567464 334
1757630462909 0.7798536821500517 335
1757630462989 0.492194214568738 336
1757630463064 0.5334327163031376 337
1757630463132 0.6285863637384433 338
1757630463195 0.5298260231520895 339
1757630463259 0.6010058663715143 340
1757630463318 0.4743061000413061 341
1757630463377 0.7558131174027294 342
1757630463440 0.5695347731777405 343
1757630463512 0.7104068800992206 344
1757630463581 0.5947522139875245 345
1757630463650 0.6562918399835692 346
1757630463714 0.5360051892521165 347
1757630463773 0.4875232689059026 348
1757630463834 0.7390423558052339 349
1757630463896 0.5657954973290971 350
1757630463972 0.5421914386188444 351
1757630464045 0.45373932269712497 352
1757630464121 0.5039186247141535 353
1757630464181 0.4571336661977002 354
1757630464242 0.4464941836100973 355
1757630464302 0.5264909178069813 356
1757630464364 0.4930258665720769 357
1757630464429 0.36744103732753786 358
1757630464499 0.4639226219671113 359
1757630464572 0.5501716689882663 360
1757630464650 0.27487983809147265 361
1757630464720 0.4697164739506186 362
1757630464789 0.3267227270893207 363
1757630464858 0.5657666882861896 364
1757630464929 0.4951262031597626 365
1757630465005 0.33530264572666896 366
1757630465078 0.4911641545019798 367
1757630465141 0.3601177301936497 368
1757630465201 0.4193591232749697 369
1757630465261 0.3844852049788827 370
1757630465320 0.4817936576157623 371
1757630465379 0.3472708454411515 372
1757630465458 0.4271561924442877 373
1757630465556 0.42333143900641323 374
1757630465649 0.35817668674703285 375
1757630465719 0.3354499970475875 376
1757630465792 0.31469272515292757 377
1757630465874 0.3567416234281895 378
1757630465943 0.3647158195826468 379
1757630466008 0.29311154454111454 380
1757630466073 0.33895308042818706 381
1757630466137 0.3531484548422015 382
1757630466199 0.3688433630793798 383
1757630466260 0.38531948032811003 384
1757630466322 0.24667533957791765 385
1757630466382 0.28666180503060557 386
1757630466443 0.4367517624335084 387
1757630466502 0.415272797034378 388
1757630466566 0.32930628830885117 389
1757630466630 0.3914912850518205 390
1757630466688 0.34666054847527517 391
1757630466745 0.30827465248144315 392
1757630466802 0.31215511387385386 393
1757630466859 0.19349995521616795 394
1757630466916 0.3318831572639351 395
1757630466973 0.23390505946240045 396
1757630467030 0.3541901862816781 397
1757630467087 0.2912562113880099 398
1757630467143 0.2736754022868605 399
1757630467200 0.25784427061647575 400
1757630467256 0.3325017691454327 401
1757630467314 0.2665162713922864 402
1757630467371 0.3233906570220224 403
1757630467428 0.24348684436322293 404
1757630467485 0.27140521359910896 405
1757630467542 0.2718019478400986 406
1757630467598 0.2243616137461249 407
1757630467655 0.1836530452814401 408
1757630467711 0.20788494158208928 409
1757630467766 0.2828118932438038 410
1757630467861 0.17551293486742348 411
1757630467997 0.18261138511246294 412
1757630468066 0.3508310907617683 413
1757630468159 0.3306644535096168 414
1757630468229 0.2932208142551156 415
1757630468298 0.23318507830023513 416
1757630468382 0.26459700906700867 417
1757630468459 0.23783358909339594 418
1757630468548 0.24960874540354672 419
1757630468632 0.30101186635058824 420
1757630468697 0.19334415777692954 421
1757630468762 0.2973194049339801 422
1757630468837 0.23990177741595012 423
1757630468915 0.210348423236161 424
1757630468992 0.21580434862510078 425
1757630469071 0.2903609942176103 426
1757630469137 0.20443719957574918 427
1757630469201 0.3263992163065812 428
1757630469266 0.20710713621700333 429
1757630469331 0.25496776610788185 430
1757630469509 0.2600751864509867 431
1757630469582 0.2026305178760593 432
1757630469653 0.12752528570794097 433
1757630469724 0.21362280970348718 434
1757630469800 0.2242748021542924 435
1757630469883 0.19210085337124772 436
1757630469966 0.25916232967733316 437
1757630470047 0.23695480208708064 438
1757630470124 0.18401274407703969 439
1757630470194 0.2552275127213162 440
1757630470277 0.22412373642844213 441
1757630470354 0.17136715324078428 442
1757630470434 0.19280007898122878 443
1757630470529 0.21267860754811965 444
1757630470615 0.16948461865117198 445
1757630470695 0.16665525392746572 446
1757630470778 0.15856656952072395 447
1757630470853 0.21250933880784326 448
1757630470930 0.13736271444727016 449
1757630471006 0.5758070667972096 450
1757630471082 0.2479714955240897 451
1757630471157 0.21117307566348317 452
1757630471234 0.1897187233134644 453
1757630471304 0.13409448531835788 454
1757630471382 0.20584137325360713 455
1757630471451 0.2445343889215918 456
1757630471533 0.18418121535363252 457
1757630471607 0.21364701442120626 458
1757630471685 0.18728248794918567 459
1757630471757 0.1779803668182262 460
1757630471827 0.20106840652079822 461
1757630471895 0.20921338707746212 462
1757630471967 0.23508997216378827 463
1757630472030 0.24866845022264542 464
1757630472092 0.19893404162169448 465
1757630472156 0.12477583719582241 466
1757630472228 0.19666846120276682 467
1757630472321 0.141376749414176 468
1757630472401 0.18147313492522116 469
1757630472482 0.11748201425801282 470
1757630472564 0.15070818242321787 471
1757630472641 0.12515277910643188 472
1757630472732 0.16977582962299184 473
1757630472816 0.11257876141285328 474
1757630472888 0.19723743891746343 475
1757630472952 0.16285978696736148 476
1757630473014 0.19645616912977992 477
1757630473076 0.09136024332593493 478
1757630473138 0.19326801741010535 479
1757630473200 0.17559670465494773 480
1757630473291 0.242844583339761 481
1757630473359 0.1632275096274155 482
1757630473426 0.11300466642932114 483
1757630473493 0.2209082634369518 484
1757630473570 0.13891674805303136 485
1757630473654 0.18810439940545892 486
1757630473735 0.16089378150131967 487
1757630473822 0.1666801439395555 488
1757630473900 0.1941917067716753 489
1757630473983 0.08449775125132847 490
1757630474062 0.13847388751666367 491
1757630474129 0.1585932157336769 492
1757630474194 0.2222672500750767 493
1757630474257 0.16785962329062787 494
1757630474325 0.13539985217486233 495
1757630474389 0.10943142756250569 496
1757630474453 0.12717060660207463 497
1757630474515 0.1839852770977491 498
1757630474577 0.1535299760366846 499
