1757645879161 6.0000910090548425 0
1757645879215 0.3327620814212294 1
1757645879267 0.20983391017142897 2
1757645879320 0.2433353045510265 3
1757645879450 0.43428455843028074 4
1757645879506 0.17212307126975498 5
1757645879561 0.20164493284285323 6
1757645879615 0.15219986786942902 7
1757645879673 0.12067726203711647 8
1757645879726 0.09712291336884703 9
1757645879777 0.17787294239323342 10
1757645879830 0.1964974611903749 11
1757645879882 0.1929053461146594 12
1757645879938 0.17207661327822704 13
1757645879991 0.1386335073253908 14
1757645880050 0.06083704876885304 15
1757645880106 0.16075602574568254 16
1757645880158 0.10545978017077123 17
1757645880209 0.11208126915196957 18
1757645880260 0.10709926364697202 19
1757645880311 0.15314123962156062 20
1757645880364 0.08622204867949411 21
1757645880416 0.15943006228949502 22
1757645880468 0.09802020165541996 23
1757645880522 0.13441632907372353 24
1757645880573 0.45203847917965556 25
1757645880626 0.15286452263645817 26
1757645880679 0.10906487244134465 27
1757645880733 0.1980598259578673 28
1757645880789 0.10119047363769557 29
1757645880844 0.1404842954262757 30
1757645880895 0.051774912450336316 31
1757645880947 0.131329569046308 32
1757645880999 0.1244240337513514 33
1757645881050 0.19871975334040676 34
1757645881103 0.09241617709894832 35
1757645881158 0.1236524316254618 36
1757645881210 0.1373759349781312 37
1757645881264 0.14456407603844443 38
1757645881316 0.13004305277184378 39
1757645881369 0.12303479976267177 40
1757645881422 0.09959733423456621 41
1757645881476 0.1791524748219947 42
1757645881528 0.11134930514842428 43
1757645881580 0.13879534590160625 44
1757645881633 0.09472414486287828 45
1757645881686 0.07233807035822842 46
1757645881738 0.11869351404618961 47
1757645881790 0.1654622203153303 48
1757645881844 0.08313063978861188 49
1757645881897 0.17500878766957814 50
1757645881951 0.0948498267564294 51
1757645882003 0.14957633427828138 52
1757645882056 0.10386035070037619 53
1757645882109 0.13330614725671647 54
1757645882162 0.14965858673939658 55
1757645882214 0.17456628571485325 56
1757645882267 0.0913795867422381 57
1757645882320 0.06603465905140773 58
1757645882372 0.11383594370555065 59
1757645882426 0.16721631260039468 60
1757645882480 0.11477777106771356 61
1757645882533 0.1367243454765551 62
1757645882587 0.09495350921849424 63
1757645882641 0.08495121699657285 64
1757645882694 0.11017435662374257 65
1757645882747 0.17530799950651688 66
1757645882807 0.06602050163034304 67
1757645882861 0.1374007039575761 68
1757645882915 0.1573788545831971 69
1757645882968 0.12297924409965719 70
1757645883021 0.13685072652448857 71
1757645883075 0.14783176992749628 72
1757645883128 0.10167652040841546 73
1757645883182 0.13459391574817056 74
1757645883237 0.10655136502153878 75
1757645883291 0.15564138256548782 76
1757645883343 0.24128821915938609 77
1757645883398 0.10568514724024414 78
1757645883450 0.09243137582594702 79
1757645883503 0.10401586264929258 80
1757645883556 0.12055219348487885 81
1757645883610 0.10309700109368572 82
1757645883664 0.16733899022049215 83
1757645883724 0.21156703637417565 84
1757645883777 0.14062909101958368 85
1757645883832 0.07757593837627029 86
1757645883887 0.12004894939999379 87
1757645883942 0.1398063375096668 88
1757645884003 0.1771840921650388 89
1757645884085 0.14792367789442937 90
1757645884139 0.08724457205396705 91
1757645884194 0.11383383606966532 92
1757645884248 0.11110398166703758 93
1757645884303 0.08016558666075271 94
1757645884356 0.10200908330987038 95
1757645884413 0.12405628864559802 96
1757645884467 0.11090328712156652 97
1757645884521 0.1001086432499917 98
1757645884576 0.13794263587104247 99
1757645884833 0.17033302589271443 100
1757645884893 0.09931828975265074 101
1757645884951 0.07128836767112566 102
1757645885010 0.08152668028443501 103
1757645885068 0.12718700270911992 104
1757645885124 0.22584811173725836 105
1757645885180 0.12063783634975342 106
1757645885237 0.1104817725870447 107
1757645885292 0.14748153858264568 108
1757645885347 0.1603499178399122 109
1757645885403 0.08009550089175146 110
1757645885458 0.09738814328689256 111
1757645885513 0.09285397832765736 112
1757645885569 0.12092586677242859 113
1757645885624 0.11666647473247785 114
1757645885679 0.15949371324012568 115
1757645885733 0.1581283615346873 116
1757645885789 0.09885670324567589 117
1757645885860 0.0626147359906357 118
1757645885922 0.14412063922403 119
1757645885981 0.14741795878078623 120
1757645886042 0.15606853163759174 121
1757645886101 0.13577246204713317 122
1757645886156 0.0871924193549404 123
1757645886210 0.20977037354864397 124
1757645886266 0.0819090433986903 125
1757645886321 0.18859486560096364 126
1757645886376 0.14798127622061902 127
1757645886433 0.09211362624821456 128
1757645886489 0.18785792000861665 129
1757645886547 0.13755480434831674 130
1757645886605 0.18137189370609075 131
1757645886660 0.16091094223266825 132
1757645886716 0.11691412134821835 133
1757645886771 0.09342032498381127 134
1757645886826 0.10358567148745483 135
1757645886894 0.20845976179359277 136
1757645886963 0.06875101004817023 137
1757645887020 0.15804416187364773 138
1757645887075 0.12307333720753057 139
1757645887134 0.12942989499200352 140
1757645887193 0.1389626270385991 141
1757645887249 0.1369867495513913 142
1757645887304 0.07677719274545786 143
1757645887360 0.21889064696489668 144
1757645887415 0.09205079039678907 145
1757645887471 0.16807625248024688 146
1757645887525 0.17436608245727545 147
1757645887580 0.059496946553399266 148
1757645887636 0.11677673096130933 149
1757645887690 0.12787661680175286 150
1757645887744 0.13711519276079262 151
1757645887803 0.1279283912808882 152
1757645887860 0.16292647244589897 153
1757645887916 0.14847022798268464 154
1757645887972 0.18859490362778075 155
1757645888036 0.10391790101791105 156
1757645888094 0.17980222412360047 157
1757645888149 0.1471697720574207 158
1757645888204 0.20604735801048418 159
1757645888261 0.1793372695326992 160
1757645888317 0.19508428645078035 161
1757645888373 0.15769430943622975 162
1757645888429 0.0691169354230495 163
1757645888485 0.16625030284402023 164
1757645888541 0.13683665684665489 165
1757645888599 0.11458393952416257 166
1757645888654 0.1721964756972571 167
1757645888710 0.1268282477361084 168
1757645888767 0.1945373632933967 169
1757645888824 0.109054323123769 170
1757645888880 0.1475665425792416 171
1757645888937 0.10944891562249807 172
1757645889007 0.2178412223837901 173
1757645889076 0.11838594589159727 174
1757645889134 0.10208935572397364 175
1757645889191 0.1999993547607384 176
1757645889247 0.12242113161800992 177
1757645889304 0.13648240632605646 178
1757645889359 0.1351873594340189 179
1757645889428 0.08271279982594167 180
1757645889552 0.10459190650156748 181
1757645889612 0.10175337730497731 182
1757645889671 0.13915002350922465 183
1757645889729 0.09759015044876838 184
1757645889788 0.13162678231699673 185
1757645889844 0.11215636610078389 186
1757645889901 0.1291130208545887 187
1757645889957 0.10895862498408677 188
1757645890013 0.14185461303896857 189
1757645890071 0.09340037453859755 190
1757645890128 0.1420332861953868 191
1757645890183 0.15675445724820425 192
1757645890240 0.12548989183457884 193
1757645890296 0.09420008664534048 194
1757645890352 0.16504323457469167 195
1757645890409 0.07602101807631209 196
1757645890466 0.2079825871597167 197
1757645890524 0.1526496158361625 198
1757645890581 0.16865451609781773 199
1757645890637 0.11212715020327602 200
1757645890693 0.16476307175367844 201
1757645890749 0.13879599327502512 202
1757645890805 0.07687957180888041 203
1757645890862 0.09280416146947534 204
1757645890919 0.13167007569669809 205
1757645890977 0.08281507248155007 206
1757645891039 0.14161912414121136 207
1757645891097 0.12814806093825415 208
1757645891154 0.11474782996931356 209
1757645891211 0.17996743601717766 210
1757645891268 0.26208003082175096 211
1757645891325 0.1902231854318634 212
1757645891381 0.1938842299557446 213
1757645891438 0.09873292411218268 214
1757645891495 0.09616177276874621 215
1757645891552 0.13497658312185118 216
1757645891609 0.12570006832082556 217
1757645891666 0.17654467645476335 218
1757645891724 0.09547560548762414 219
1757645891781 0.220804472317783 220
1757645891840 0.10215744552159522 221
1757645891897 0.12433170401004263 222
1757645891954 0.1090403845424513 223
1757645892012 0.12870058034752518 224
1757645892069 0.17375125467476196 225
1757645892128 0.04991404763877508 226
1757645892185 0.134160167024925 227
1757645892242 0.1581437044524834 228
1757645892301 0.12619425481989394 229
1757645892362 0.17315694546504073 230
1757645892419 0.07552139830435962 231
1757645892477 0.10730018840488349 232
1757645892535 0.12372125834982316 233
1757645892593 0.12417951010191404 234
1757645892650 0.1542849064245273 235
1757645892706 0.13660875365385372 236
1757645892764 0.12192903384704509 237
1757645892822 0.14633464147816927 238
1757645892879 0.18417596883904946 239
1757645892937 0.15750708416265058 240
1757645892995 0.12375727503014718 241
1757645893059 0.07054577641966044 242
1757645893118 0.12484311585910125 243
1757645893176 0.1290868038557365 244
1757645893233 0.17851472680490063 245
1757645893290 0.08979639304350062 246
1757645893348 0.09656363289202138 247
1757645893405 0.16327040021153183 248
1757645893463 0.16897067465946125 249
1757645893520 0.17173497754140304 250
1757645893585 0.13405602024659963 251
1757645893643 0.2005103380389608 252
1757645893702 0.1513536602123494 253
1757645893760 0.1692999547338306 254
1757645893818 0.11345582374554081 255
1757645893876 0.13513984628753203 256
1757645893939 0.1353074625545136 257
1757645894002 0.11669358066883406 258
1757645894087 0.1296164728541552 259
1757645894146 0.21178346598325676 260
1757645894206 0.11481995789867261 261
1757645894265 0.15743901311459782 262
1757645894324 0.13328944045543625 263
1757645894383 0.12631062780146565 264
1757645894441 0.09563671254741565 265
1757645894499 0.09957611380954266 266
1757645894557 0.10713136355262337 267
1757645894616 0.11146988842672241 268
1757645894674 0.14388756894080393 269
1757645894732 0.064908547208686 270
1757645894789 0.15006863497967787 271
1757645894848 0.14796557255469603 272
1757645894906 0.09467192937440513 273
1757645894965 0.15099002495378913 274
1757645895024 0.14810155134156475 275
1757645895093 0.1463433641923755 276
1757645895152 0.11267586153775401 277
1757645895210 0.19472321737124393 278
1757645895269 0.08566064406336081 279
1757645895328 0.12813690033472291 280
1757645895386 0.1261651257847141 281
1757645895445 0.1652505484599797 282
1757645895504 0.2431534397765312 283
1757645895563 0.10950065180519251 284
1757645895624 0.1777904364110823 285
1757645895683 0.15569005081755724 286
1757645895742 0.11402661823448852 287
1757645895801 0.12273210499553182 288
1757645895859 0.1394452833305642 289
1757645895917 0.10121903905961077 290
1757645895977 0.13343471461392784 291
1757645896034 0.1332354728527824 292
1757645896093 0.1108162616200138 293
1757645896152 0.07281029239193224 294
1757645896211 0.16523474917288125 295
1757645896269 0.14605759677980043 296
1757645896328 0.11511310196876912 297
1757645896386 0.14051892507639463 298
1757645896444 0.11124513509795735 299
1757645896504 0.15526121427082246 300
1757645896563 0.20301345117623254 301
1757645896623 0.17496480423918928 302
1757645896681 0.13232232436270575 303
1757645896740 0.1131893750394911 304
1757645896814 0.07269584722179662 305
1757645896874 0.12403652938694629 306
1757645896933 0.1112590948443173 307
1757645896993 0.15349546750658902 308
1757645897052 0.14546699838983912 309
1757645897116 0.11345642642823743 310
1757645897175 0.08566705035859074 311
1757645897234 0.12999822560537252 312
1757645897293 0.10488355313877905 313
1757645897352 0.08499286939168525 314
1757645897412 0.18904506663167606 315
1757645897471 0.11524102754279177 316
1757645897531 0.12375437037124719 317
1757645897590 0.07318733017912742 318
1757645897650 0.12069773586166391 319
1757645897709 0.09572633498654913 320
1757645897769 0.12663760679641398 321
1757645897828 0.15374001008309046 322
1757645897889 0.10224261720747012 323
1757645897949 0.09458453773093531 324
1757645898007 0.11376067961283078 325
1757645898068 0.07944888064935161 326
1757645898128 0.3555857999804152 327
1757645898190 0.1361266311707796 328
1757645898250 0.17427470256145866 329
1757645898309 0.11529396328436195 330
1757645898368 0.08156521492317481 331
1757645898428 0.18683456467512827 332
1757645898488 0.12496149342873102 333
1757645898547 0.19127287932371986 334
1757645898608 0.04781243099261181 335
1757645898668 0.12635361941238848 336
1757645898728 0.17291356146742123 337
1757645898788 0.07933952268353377 338
1757645898847 0.13136962706352898 339
1757645898909 0.12217890797890632 340
1757645898968 0.0891460441145919 341
1757645899039 0.12884814024003366 342
1757645899103 0.14804527058282427 343
1757645899168 0.1505250376881361 344
1757645899227 0.20773372271244434 345
1757645899287 0.07912599089885107 346
1757645899347 0.13953345467932188 347
1757645899408 0.09251507026638824 348
1757645899468 0.09605176205109985 349
1757645899528 0.17573180009366426 350
1757645899588 0.08253894482779908 351
1757645899647 0.1386262940763108 352
1757645899708 0.09967968319190816 353
1757645899768 0.1946221714523661 354
1757645899827 0.12128500751830304 355
1757645899886 0.11723578293365684 356
1757645899948 0.11815577273624152 357
1757645900009 0.11320998796610143 358
1757645900072 0.1000832361218492 359
1757645900133 0.15560220454128743 360
1757645900193 0.10885716706005101 361
1757645900253 0.10272672068814655 362
1757645900311 0.09518796635044743 363
1757645900372 0.1091663381985291 364
1757645900432 0.10922438437717047 365
1757645900491 0.13245385241286545 366
1757645900551 0.1396987292310843 367
1757645900612 0.10861404003431 368
1757645900673 0.13055974784078633 369
1757645900734 0.12715942436346067 370
1757645900795 0.17707606341857476 371
1757645900855 0.11743988051829694 372
1757645900915 0.15801074695763387 373
1757645900975 0.10071339319765832 374
1757645901036 0.10583107013243634 375
1757645901096 0.1081585792784045 376
1757645901161 0.14715307102867292 377
1757645901224 0.08169661797229402 378
1757645901285 0.08663855836612774 379
1757645901346 0.15552674720270093 380
1757645901406 0.1512425420751748 381
1757645901467 0.2055683702335844 382
1757645901527 0.12169071604648268 383
1757645901587 0.11866222551937103 384
1757645901648 0.13482991747378711 385
1757645901708 0.1340885020188016 386
1757645901769 0.13736653985829297 387
1757645901830 0.25697786059882094 388
1757645901892 0.12021056305778074 389
1757645901954 0.1090830037682353 390
1757645902015 0.12325673502796686 391
1757645902076 0.17501958930879577 392
1757645902136 0.13234740715147308 393
1757645902197 0.1739188063942064 394
1757645902258 0.07528789851687863 395
1757645902318 0.13641443323735103 396
1757645902379 0.06698914470348537 397
1757645902440 0.14108394304122435 398
1757645902501 0.09948422333851703 399
1757645902562 0.15055730071399331 400
1757645902623 0.19068772388553729 401
1757645902684 0.13058246418002445 402
1757645902746 0.1643243858997895 403
1757645902807 0.1296973246324004 404
1757645902868 0.09489292916269415 405
1757645902929 0.10736302783037431 406
1757645902990 0.13547223500153185 407
1757645903051 0.13810680192158245 408
1757645903113 0.15582365308419505 409
1757645903175 0.13176053650892278 410
1757645903242 0.1115396376483709 411
1757645903304 0.16046848378558845 412
1757645903365 0.16375891319761876 413
1757645903426 0.10081986906348465 414
1757645903487 0.10045273281811855 415
1757645903549 0.10323057584641288 416
1757645903610 0.15545300310626448 417
1757645903683 0.12405441389240773 418
1757645903745 0.1499133261712641 419
1757645903807 0.16015913208117577 420
1757645903868 0.10426266895929345 421
1757645903932 0.13053800428918297 422
1757645903997 0.11887160913630679 423
1757645904082 0.10746138715631467 424
1757645904146 0.1065236181902389 425
1757645904208 0.17555893435075173 426
1757645904270 0.07980327394733468 427
1757645904332 0.114859079513269 428
1757645904394 0.15379886003151158 429
1757645904456 0.11361400812031443 430
1757645904518 0.18592859034886347 431
1757645904579 0.1642381241915433 432
1757645904641 0.155251731645757 433
1757645904702 0.09566587071135023 434
1757645904763 0.11419083457359588 435
1757645904824 0.15704061922799775 436
1757645904885 0.17525302678442994 437
1757645904948 0.22722085668461728 438
1757645905011 0.22581436412944758 439
1757645905075 0.0885396728065908 440
1757645905139 0.13084947843541428 441
1757645905201 0.07894817419255547 442
1757645905268 0.16660405350998228 443
1757645905328 0.12636102294144927 444
1757645905390 0.09886171423959264 445
1757645905452 0.10956582903757725 446
1757645905514 0.23053143059151784 447
1757645905576 0.10641516125511519 448
1757645905638 0.15492393900887003 449
1757645905701 0.14492667663550654 450
1757645905764 0.12088863319145703 451
1757645905826 0.17650091894457293 452
1757645905887 0.11329866904977766 453
1757645905949 0.1642574203160202 454
1757645906013 0.18644630945735768 455
1757645906075 0.11044586383842396 456
1757645906137 0.21254065475778483 457
1757645906200 0.15467514445409808 458
1757645906262 0.2161904423172347 459
1757645906325 0.1763367586837647 460
1757645906387 0.14439028447299462 461
1757645906449 0.08664802683535905 462
1757645906512 0.10297515206640723 463
1757645906573 0.21360645949867943 464
1757645906636 0.1740325323599081 465
1757645906697 0.14537385864335808 466
1757645906759 0.15807615911583842 467
1757645906821 0.1516024768191257 468
1757645906884 0.11340704529260653 469
1757645906947 0.14576653577928236 470
1757645907010 0.10283476752859551 471
1757645907072 0.2129437282651982 472
1757645907135 0.1050536459466415 473
1757645907197 0.105572603024749 474
1757645907264 0.13113270077129294 475
1757645907329 0.16033204216005872 476
1757645907391 0.10835033533344131 477
1757645907454 0.060689933115507896 478
1757645907518 0.09160007967088907 479
1757645907582 0.1798651345341298 480
1757645907646 0.0801502484165984 481
1757645907708 0.09282342780523045 482
1757645907771 0.18640771048690283 483
1757645907833 0.09474106850625896 484
1757645907895 0.186298964301029 485
1757645907958 0.14552002607001294 486
1757645908021 0.1432094108893114 487
1757645908084 0.2006947818053967 488
1757645908146 0.15236486325027407 489
1757645908210 0.12341502534873976 490
1757645908274 0.08578409459087454 491
1757645908336 0.14209750649262182 492
1757645908398 0.08823209703816332 493
1757645908461 0.25835813974884997 494
1757645908524 0.11530629581421496 495
1757645908586 0.17541813251984703 496
1757645908649 0.10216188957712719 497
1757645908711 0.14666176005981504 498
1757645908775 0.13587840512764984 499
