1757630409658 161.85357754932642 0
1757630409707 164.69804211064042 1
1757630409754 160.24411343398614 2
1757630409801 159.7640031522919 3
1757630409851 153.85409064200826 4
1757630409901 148.3816240066309 5
1757630409949 150.1142358075043 6
1757630409998 152.88072437026332 7
1757630410047 138.92360729602356 8
1757630410094 144.9801261957597 9
1757630410141 139.5954931489423 10
1757630410188 135.69469391235728 11
1757630410235 135.10259855314035 12
1757630410281 127.18600326954274 13
1757630410330 130.35914356359396 14
1757630410377 127.53075053239147 15
1757630410423 129.4068398953732 16
1757630410473 128.29301879566833 17
1757630410537 126.054302158659 18
1757630410592 121.39369902433191 19
1757630410641 120.11872788260492 20
1757630410691 112.94655230436881 21
1757630410739 109.17580645365122 22
1757630410787 113.21298281801056 23
1757630410835 111.50931679124676 24
1757630410883 109.67555896700287 25
1757630410930 107.63699493686332 26
1757630410977 103.02798505011093 27
1757630411025 107.50790811608873 28
1757630411074 104.57529491545759 29
1757630411123 100.01798390672482 30
1757630411174 100.07944242748238 31
1757630411221 92.3777806159833 32
1757630411268 91.85143514140358 33
1757630411319 96.3071861690261 34
1757630411370 90.32790579827856 35
1757630411418 90.81859855560238 36
1757630411466 87.18250853420291 37
1757630411515 83.21295723346483 38
1757630411564 86.93710842256408 39
1757630411612 84.45702683961842 40
1757630411659 81.14787067181807 41
1757630411707 78.99863993039416 42
1757630411755 79.96640482720268 43
1757630411805 81.32869143972808 44
1757630411852 78.06469565952088 45
1757630411900 76.04032925641452 46
1757630411948 73.2732573250836 47
1757630411996 72.51726098504905 48
1757630412043 73.27187237960096 49
1757630412091 73.12376710654475 50
1757630412138 69.19329758681307 51
1757630412187 71.64752622419422 52
1757630412234 67.07595463627388 53
1757630412283 68.54847705646442 54
1757630412332 65.8316962646709 55
1757630412380 65.13798262321023 56
1757630412428 63.028111306067466 57
1757630412476 61.70466141608819 58
1757630412524 60.047180559556594 59
1757630412571 56.78739500256403 60
1757630412620 57.631807600340004 61
1757630412668 58.80065501419939 62
1757630412716 56.25420116335298 63
1757630412764 53.377930138722014 64
1757630412812 56.785292638249956 65
1757630412870 52.84568937027126 66
1757630412931 50.51966669845365 67
1757630412988 50.961908112543966 68
1757630413044 53.06095234328156 69
1757630413102 49.36805905171318 70
1757630413162 49.07988025705387 71
1757630413229 49.628451473790534 72
1757630413291 46.19275077152628 73
1757630413363 45.71760057870928 74
1757630413423 45.380350004018716 75
1757630413479 46.44179127394302 76
1757630413542 42.35750551251719 77
1757630413605 43.68368750085919 78
1757630413665 42.20358436340448 79
1757630413726 41.85460119753658 80
1757630413786 39.315990091288015 81
1757630413847 41.56492543098771 82
1757630413909 38.81801161316768 83
1757630413969 38.86097499828187 84
1757630414042 40.79000811435747 85
1757630414108 38.42915177356694 86
1757630414168 37.214127700429074 87
1757630414223 36.24779282394332 88
1757630414280 37.360454419167574 89
1757630414336 35.21745388125141 90
1757630414392 34.866421165578046 91
1757630414446 35.27986909503632 92
1757630414507 33.4946631353613 93
1757630414568 33.60293078317814 94
1757630414628 31.455333690767706 95
1757630414690 31.927609413570526 96
1757630414761 30.9610421770171 97
1757630414829 30.740282331980378 98
1757630414892 30.403363892161046 99
1757630414958 31.44239477713592 100
1757630415023 28.58695798610842 101
1757630415095 28.937793009133756 102
1757630415162 28.56327338260421 103
1757630415232 27.845630515049795 104
1757630415304 27.739015449282807 105
1757630415375 26.7428435138671 106
1757630415448 27.017112744483967 107
1757630415543 25.61458956912921 108
1757630415624 25.29021226344881 109
1757630415692 26.17102660439674 110
1757630415753 24.33568394480022 111
1757630415813 24.703831251427534 112
1757630415869 23.586512781433385 113
1757630415924 23.00666509088289 114
1757630415979 22.860389899670754 115
1757630416033 23.161441403928812 116
1757630416086 22.265504606225846 117
1757630416138 21.852629093983815 118
1757630416190 22.417134883643993 119
1757630416242 20.748103053629155 120
1757630416293 20.54711179698925 121
1757630416345 19.55138483060536 122
1757630416395 20.44739464858477 123
1757630416444 19.939627655857645 124
1757630416493 20.22896034152544 125
1757630416543 19.181447652072762 126
1757630416595 18.5603634408373 127
1757630416644 18.84876980015549 128
1757630416694 18.545012991464638 129
1757630416745 17.880244589177334 130
1757630416796 17.527495669985555 131
1757630416848 17.756661984445618 132
1757630416897 17.261344812150547 133
1757630416948 16.409992927833212 134
1757630416998 17.093185931542784 135
1757630417049 16.41581840984976 136
1757630417099 15.781500555387513 137
1757630417156 15.05594431445741 138
1757630417217 14.223715916431464 139
1757630417280 14.709281508022046 140
1757630417341 14.644716171770156 141
1757630417399 14.70875708672886 142
1757630417460 15.461296354776218 143
1757630417522 14.344534252222322 144
1757630417592 14.86779841024696 145
1757630417656 14.476908596778182 146
1757630417716 12.883602706484663 147
1757630417773 12.4460376024098 148
1757630417828 11.962026966220904 149
1757630417884 12.766541739160461 150
1757630417950 11.586856232089287 151
1757630418006 12.53983498837532 152
1757630418062 12.174640915636262 153
1757630418116 11.007405917061682 154
1757630418170 11.603355295848251 155
1757630418223 10.81915428735344 156
1757630418279 11.638650105183299 157
1757630418333 10.89964656728098 158
1757630418393 11.296327923725809 159
1757630418454 10.890137984038045 160
1757630418515 10.491838664888439 161
1757630418594 10.085253284841809 162
1757630418649 10.179807130675613 163
1757630418703 10.749220539648244 164
1757630418758 9.256111180654349 165
1757630418811 10.276287770136845 166
1757630418864 10.282424858159537 167
1757630418917 9.583620904205684 168
1757630418971 9.314347777407693 169
1757630419022 9.46411432035156 170
1757630419074 9.06579427231439 171
1757630419125 9.486176116958601 172
1757630419176 8.753514678746797 173
1757630419227 8.36984476212324 174
1757630419278 9.148573264139563 175
1757630419328 8.676095613595251 176
1757630419379 8.659931808490933 177
1757630419432 7.179669071524725 178
1757630419489 8.45877083629916 179
1757630419543 7.974067437286065 180
1757630419609 7.379096636748553 181
1757630419667 6.826252417689551 182
1757630419720 7.122813001672024 183
1757630419772 6.841257947604749 184
1757630419823 7.102972685592752 185
1757630419873 7.131432242207351 186
1757630419925 6.844659982792141 187
1757630419977 5.752594099477643 188
1757630420028 6.4222326390263484 189
1757630420079 6.374145847870582 190
1757630420130 6.073735557624513 191
1757630420181 6.042561602182884 192
1757630420302 7.151213836017117 193
1757630420408 6.435373007449344 194
1757630420569 6.216510144018884 195
1757630420642 5.734969778481569 196
1757630420702 5.93041268803728 197
1757630420816 5.9435818989436076 198
1757630420901 6.232896320142262 199
1757630420974 5.156650598677441 200
1757630421059 5.547291418686721 201
1757630421163 5.526773345181538 202
1757630421245 4.657178918508874 203
1757630421324 4.866866393107796 204
1757630421392 5.068996200396121 205
1757630421467 4.932095732366604 206
1757630421558 5.252852839021996 207
1757630421638 4.46295584020194 208
1757630421713 5.048223088048133 209
1757630421806 4.501889184827093 210
1757630421869 4.399446813233765 211
1757630421930 4.80804454284118 212
1757630422025 4.806247179043984 213
1757630422089 4.928735644885866 214
1757630422179 3.829841861846965 215
1757630422252 3.5510006762102746 216
1757630422326 3.966365352773897 217
1757630422391 3.879069281665109 218
1757630422458 4.204397599574218 219
1757630422522 3.5924840982915245 220
1757630422588 3.930658876956833 221
1757630422662 3.979088273120652 222
1757630422737 3.538049818281385 223
1757630422798 3.311006177919331 224
1757630422858 3.847474502098487 225
1757630422920 3.637741810384575 226
1757630422976 3.44271603298673 227
1757630423031 3.278799019341603 228
1757630423086 3.5350567968529867 229
1757630423144 3.8689587318698213 230
1757630423202 2.8757844037641918 231
1757630423262 3.2965724195973953 232
1757630423327 3.1475988961720933 233
1757630423389 3.570552697665515 234
1757630423452 3.389108832724305 235
1757630423518 2.8231323826219588 236
1757630423605 3.2108458852125685 237
1757630423678 3.051215717419649 238
1757630423754 2.768758549096103 239
1757630423828 2.6614853948693917 240
1757630423896 3.119410506099342 241
1757630423970 2.2364836143713145 242
1757630424035 2.975775963417645 243
1757630424092 2.5381514361042803 244
1757630424148 2.506674927122408 245
1757630424205 2.7014421793217442 246
1757630424386 2.7114065947976314 247
1757630424485 2.685368024986119 248
1757630424550 2.5255730967917733 249
1757630424614 2.4116498960942403 250
1757630424680 2.2694477388411736 251
1757630424757 2.023004160053056 252
1757630424835 2.618762744148404 253
1757630424907 1.929619128756667 254
1757630424981 1.96534488995421 255
1757630425095 2.202161055512545 256
1757630425168 1.9738205475132886 257
1757630425236 2.667233753146684 258
1757630425315 2.0378416059398123 259
1757630425407 1.8940589694725511 260
1757630425477 1.8911136859414885 261
1757630425584 2.328514509689669 262
1757630425683 1.7566666362552323 263
1757630425767 1.7751025220591403 264
1757630425842 1.727618004930856 265
1757630425907 1.888609627725287 266
1757630426037 1.601432318559763 267
1757630426107 1.9632391776896916 268
1757630426181 1.6804881176471083 269
1757630426257 1.7676661849009596 270
1757630426334 1.8254295393779711 271
1757630426413 1.6692418010615162 272
1757630426483 1.6661969328646253 273
1757630426549 1.675859947821517 274
1757630426615 1.5699121357486014 275
1757630426679 1.761574921960666 276
1757630426741 1.2973738812967568 277
1757630426806 1.363591911569919 278
1757630426877 1.220421414529022 279
1757630426947 1.4758352371814158 280
1757630427036 1.5865519139073134 281
1757630427101 1.4485363734234002 282
1757630427178 1.329621243156951 283
1757630427240 1.502305828565545 284
1757630427303 1.3406532233901922 285
1757630427370 1.2878819581749374 286
1757630427433 1.4075583169945196 287
1757630427509 1.3376133921365043 288
1757630427575 1.3277563292846186 289
1757630427645 1.5247371777876577 290
1757630427720 1.336503516931844 291
1757630427795 1.291005916860535 292
1757630427858 1.0808514511280989 293
1757630427917 1.0296448126917017 294
1757630427979 1.3066609945745344 295
1757630428038 1.1760298332400017 296
1757630428096 1.324716535937579 297
1757630428155 1.141690819404116 298
1757630428211 1.1520121266257324 299
1757630428268 1.185015483886894 300
1757630428324 1.2937038033553332 301
1757630428400 1.0701533729522597 302
1757630428464 1.1247147585818345 303
1757630428529 0.8757193071824428 304
1757630428614 1.2421089953175193 305
1757630428680 0.9468114969089478 306
1757630428742 0.792480126682221 307
1757630428800 1.0478365437941364 308
1757630428861 0.9453180544084521 309
1757630428919 0.815652269036968 310
1757630428989 1.0206669028846809 311
1757630429050 0.8253992526718195 312
1757630429109 0.9672557142105683 313
1757630429164 0.8114593234027628 314
1757630429219 0.7421963107806725 315
1757630429274 0.8622179308255344 316
1757630429372 1.0235821853071463 317
1757630429434 0.8605423017451328 318
1757630429496 0.7454356724798786 319
1757630429555 0.8959073339003017 320
1757630429620 0.7656837342453594 321
1757630429686 0.8823796398143607 322
1757630429769 0.8654898788813553 323
1757630429841 0.9316979826801434 324
1757630429913 0.5867912636733005 325
1757630429990 0.7629803412997199 326
1757630430070 0.6409285491846293 327
1757630430150 0.7496734439271213 328
1757630430224 0.77413351027073 329
1757630430289 0.555147105753879 330
1757630430352 0.7061463708048344 331
1757630430414 0.8406309278316664 332
1757630430487 0.6832076875838895 333
1757630430570 0.6649004951259068 334
1757630430634 0.5536818499464148 335
1757630430696 0.7661479384851521 336
1757630430756 0.4739824939144316 337
1757630430819 0.8441125341731192 338
1757630430883 0.4973693999595926 339
1757630430957 0.6765307610267295 340
1757630431105 0.48577296165458966 341
1757630431182 0.7277641841454181 342
1757630431256 0.45512435988894284 343
1757630431325 0.543457101659438 344
1757630431393 0.6639530680998516 345
1757630431458 0.6289372675251496 346
1757630431523 0.6118578692339248 347
1757630431587 0.6338817048764283 348
1757630431654 0.6030767235457072 349
1757630431720 0.5009614901410668 350
1757630431794 0.5484953610768291 351
1757630431866 0.6745946746548381 352
1757630431933 0.5584769704098529 353
1757630432002 0.5703166584675777 354
1757630432070 0.4433619796382433 355
1757630432136 0.4952541831918516 356
1757630432198 0.47626405205474703 357
1757630432266 0.5309475192518177 358
1757630432336 0.5563025594673967 359
1757630432406 0.3691993745949781 360
1757630432479 0.569504666905618 361
1757630432547 0.5266091275045987 362
1757630432614 0.4829227811685466 363
1757630432681 0.3952554740568846 364
1757630432743 0.41334195719762734 365
1757630432804 0.4311176384272675 366
1757630432864 0.4911435698406182 367
1757630432924 0.34082271129341973 368
1757630432984 0.4344414051050732 369
1757630433043 0.4052893472118468 370
1757630433106 0.43136952728476097 371
1757630433172 0.4545383561085542 372
1757630433237 0.3980548642186766 373
1757630433303 0.399465738418132 374
1757630433368 0.39264978336042505 375
1757630433430 0.506976023338523 376
1757630433490 0.37175752771117293 377
1757630433553 0.6201182459870477 378
1757630433619 0.4601239223897458 379
1757630433686 0.4729453515731209 380
1757630433751 0.24087397473858121 381
1757630433817 0.610012920903741 382
1757630433879 0.3979777668659668 383
1757630433937 0.3565060351827424 384
1757630433993 0.36126727243516504 385
1757630434050 0.28217757779355984 386
1757630434107 0.37806234952366424 387
1757630434164 0.3706994485550421 388
1757630434221 0.35434150686300153 389
1757630434286 0.4701617889104141 390
1757630434353 0.1907670542612748 391
1757630434423 0.4192072332671663 392
1757630434486 0.3561098983130949 393
1757630434544 0.34256909576156164 394
1757630434601 0.3437636323652358 395
1757630434665 0.2516710370911943 396
1757630434724 0.2786992239500276 397
1757630434781 0.28250143165610747 398
1757630434841 0.24448227221893987 399
1757630434909 0.3572624452685935 400
1757630434978 0.3095096644679318 401
1757630435047 0.26662544496606727 402
1757630435114 0.3890277701008636 403
1757630435180 0.2605552566489179 404
1757630435245 0.30536254780618705 405
1757630435311 0.24093432715995405 406
1757630435373 0.28864388807657443 407
1757630435443 0.2825546116416812 408
1757630435527 0.32537412146281747 409
1757630435606 0.26633789120844936 410
1757630435682 0.2317377216314052 411
1757630435752 0.3618507001263959 412
1757630435821 0.34197673304134 413
1757630435898 0.32803359081427824 414
1757630435966 0.2691036028804891 415
1757630436029 0.2718748715682874 416
1757630436091 0.2030407744620358 417
1757630436151 0.28827637016498614 418
1757630436213 0.3149865930013357 419
1757630436273 0.2975982755163404 420
1757630436334 0.2803399616881417 421
1757630436397 0.23857844989341623 422
1757630436460 0.21754790603262741 423
1757630436518 0.20422291794514105 424
1757630436578 0.23924643514927188 425
1757630436637 0.3592407809176084 426
1757630436695 0.27096691186633465 427
1757630436753 0.2258482774448438 428
1757630436812 0.2751633380912218 429
1757630436871 0.2596822150952595 430
1757630436928 0.18196378494616033 431
1757630436986 0.20477396934188838 432
1757630437043 0.200340470488265 433
1757630437101 0.21729345136277825 434
1757630437158 0.2941825387334984 435
1757630437216 0.27715882030256184 436
1757630437272 0.22121645820206023 437
1757630437329 0.25740901956433837 438
1757630437387 0.2692575930857436 439
1757630437453 0.24009130134760154 440
1757630437512 0.2465762756207601 441
1757630437569 0.15833701920696883 442
1757630437627 0.17987732729751993 443
1757630437687 0.22257343736791332 444
1757630437747 0.2670371851765755 445
1757630437805 0.13130595920096785 446
1757630437863 0.13312527068760457 447
1757630437929 0.20537639313620387 448
1757630438000 0.19852389688225097 449
1757630438077 0.3453565781714637 450
1757630438149 0.13917643096142443 451
1757630438229 0.24185382594702592 452
1757630438302 0.4013405719102264 453
1757630438373 0.19659343889466094 454
1757630438436 0.1714134529207224 455
1757630438498 0.19486319855859818 456
1757630438582 0.2026141303713342 457
1757630438645 0.2617823121436381 458
1757630438708 0.2119121507235921 459
1757630438770 0.15910594268648315 460
1757630438832 0.16770260243146143 461
1757630438893 0.2618927512417746 462
1757630438954 0.21242632010095783 463
1757630439016 0.18265515769750812 464
1757630439075 0.23885371096686617 465
1757630439135 0.7020648652585715 466
1757630439193 0.15159830805741123 467
1757630439251 0.19785273655794886 468
1757630439309 0.22991079671176862 469
1757630439371 0.16120039789771184 470
1757630439430 0.19173852246002693 471
1757630439607 0.21549747683873804 472
1757630439688 0.14540704268653207 473
1757630439769 0.16442225259621507 474
1757630439840 0.21569276067662854 475
1757630439966 0.2456008363904727 476
1757630440051 0.2071311770723338 477
1757630440125 0.23970771647935163 478
1757630440191 0.18397223198900423 479
1757630440260 0.14524796171305795 480
1757630440328 0.18318986447879473 481
1757630440403 0.21595672537754168 482
1757630440490 0.20763235051311185 483
1757630440573 0.19960195055725033 484
1757630440641 0.12810442685259435 485
1757630440709 0.18340128196463554 486
1757630440776 0.18143590993920777 487
1757630440853 0.15024996841394367 488
1757630440928 0.1651024349974461 489
1757630441005 0.16959925557484445 490
1757630441079 0.14070522860955134 491
1757630441155 0.1215000474315599 492
1757630441318 0.15754222988551 493
1757630441381 0.14915553188069658 494
1757630441455 0.2036647395349814 495
1757630441535 0.2515803574151364 496
1757630441612 0.24741164123119494 497
1757630441691 0.11735816623632563 498
1757630441764 0.1733906500037114 499
