1757651946089 28.73020902641899 0
1757651946203 4.8583304575192 1
1757651946327 0.28740580422943957 2
1757651946444 0.8426137072343299 3
1757651946554 0.04478726317494452 4
1757651946662 0.015025967664447684 5
1757651946768 0.07610000357889164 6
1757651946886 0.06602320071720118 7
1757651947012 0.024331436085129506 8
1757651947123 0.029280759481186365 9
1757651947229 0.4232509502555389 10
1757651947339 0.005734504638899944 11
1757651947448 0.018041449290940804 12
1757651947550 0.25016784327546526 13
1757651947657 0.0065145501187396536 14
1757651947763 0.2295297506373668 15
1757651947871 0.23852782130560754 16
1757651947986 0.028630187415339292 17
1757651948105 0.3158413808126174 18
1757651948216 0.08753602501272861 19
1757651948323 0.20426543343055528 20
1757651948429 0.011390516242835491 21
1757651948535 0.025150442740638948 22
1757651948640 0.08002374831287427 23
1757651948745 0.05663953860418409 24
1757651948850 0.16024908036484684 25
1757651948959 0.43583831892514163 26
1757651949063 0.007407029184700914 27
1757651949175 0.005096254386806235 28
1757651949279 0.03697982258962978 29
1757651949386 0.34401159077333504 30
1757651949492 0.08708558300797761 31
1757651949597 0.14406051815918752 32
1757651949707 0.07821031717704906 33
1757651949823 0.5799652027188561 34
1757651949934 0.008037949286518329 35
1757651950042 0.27046902823642227 36
1757651950162 0.07828518061195029 37
1757651950281 0.0020407242921027958 38
1757651950388 0.004407861450165325 39
1757651950495 0.12914582556793164 40
1757651950603 0.2921178005972117 41
1757651950771 0.018129368645967713 42
1757651950879 0.0007734942604455705 43
1757651951003 0.01666913439246288 44
1757651951112 0.4051426723099467 45
1757651951225 0.26951104390900366 46
1757651951340 0.1596430589759746 47
1757651951469 0.20635474061501133 48
1757651951581 0.09903031590601072 49
1757651951687 0.019472784492988445 50
1757651951795 0.027272582871827024 51
1757651951901 0.03856075092084147 52
1757651952009 0.030602283176949557 53
1757651952115 0.14841125456021703 54
1757651952223 0.017065069552796776 55
1757651952326 0.057972724710651076 56
1757651952436 0.0049113089059371505 57
1757651952550 0.0006838555638745696 58
1757651952665 0.002946990350219281 59
1757651952774 0.02271131900021567 60
1757651952878 0.12421200489675815 61
1757651952992 0.0015342365989607842 62
1757651953105 0.02551947956332473 63
1757651953216 0.007151269715491514 64
1757651953323 0.008235378145824606 65
1757651953433 0.036478811154341456 66
1757651953550 0.01067045278281453 67
1757651953661 0.008177445290655304 68
1757651953768 0.059323278127162926 69
1757651953886 0.17025069082757593 70
1757651954001 0.062343383645597626 71
1757651954115 0.1932134189785764 72
1757651954224 0.004190087433235125 73
1757651954338 0.09295656677713912 74
1757651954451 0.003987608031021774 75
1757651954564 0.42826521082072005 76
1757651954673 0.2092263796426766 77
1757651954788 0.3070281466869619 78
1757651954903 0.008085816436161047 79
1757651955022 0.026506217632529663 80
1757651955135 0.2356617974415803 81
1757651955284 0.017727505731011416 82
1757651955403 0.0032236996002672842 83
1757651955514 4.7487343975321846e-05 84
1757651955644 0.011783880526741213 85
1757651955750 0.011224699595108608 86
1757651955869 0.0023238696415010594 87
1757651955988 0.0018370061740475556 88
1757651956100 0.0214833353248474 89
1757651956206 0.061684598242999183 90
1757651956339 0.02283657614778211 91
1757651956560 0.07847962844512592 92
1757651956674 0.11062813342157075 93
1757651956784 0.001772493027805658 94
1757651956893 0.0026559182070356574 95
1757651957001 0.21744633693912016 96
1757651957109 0.013281270023310757 97
1757651957218 0.1977736640949758 98
1757651957326 0.048044681384390865 99
1757651957431 0.6010762034704045 100
1757651957536 0.011446846672068061 101
1757651957643 0.03689651638269267 102
1757651957749 0.00023563854408859534 103
1757651957982 0.007695643110451095 104
1757651958117 0.8706414743221973 105
1757651958260 0.2807742006120773 106
1757651958400 0.2751780447063687 107
1757651958544 0.026479944290076784 108
1757651958687 0.26640480769170893 109
1757651958813 0.0029788481750837484 110
1757651958966 0.0015916951694303837 111
1757651959088 0.47251260455464883 112
1757651959220 0.1764244337040866 113
1757651959362 0.07714813013670464 114
1757651959484 0.056460963204491364 115
1757651959597 0.23535505376439658 116
1757651959709 0.001219186282168842 117
1757651959820 0.029747897091565667 118
1757651959970 0.044287224237293074 119
1757651960091 0.17101057144790213 120
1757651960260 0.000521273200678603 121
1757651960491 0.7551367856987492 122
1757651960653 0.023954803161450086 123
1757651960814 0.141644071221279 124
1757651960966 0.0326147135287956 125
1757651961107 1.6333111083669145 126
1757651961239 0.01660680163936201 127
1757651961394 0.07979826115509973 128
1757651961536 0.004081821293716835 129
1757651961662 0.006648736442676695 130
1757651961808 0.04591996646897519 131
1757651961939 0.0022218525787580353 132
1757651962063 0.0007976828512610623 133
1757651962201 0.06147276631180471 134
1757651962344 0.23408884498012492 135
1757651962470 0.004004068846484663 136
1757651962587 0.13231478534968483 137
1757651962721 0.49769847115589777 138
1757651962834 0.00491723012555804 139
1757651962989 0.19651176241321447 140
1757651963142 0.1684045305238211 141
1757651963262 0.006180613207718825 142
1757651963419 0.018004071787191368 143
1757651963550 0.0006418194268541386 144
1757651963671 0.010800913324607541 145
1757651963812 1.2125526759199097 146
1757651963956 0.10363441921827268 147
1757651964120 0.06024259392587672 148
1757651964274 0.0012652344651819022 149
1757651964441 0.0010459173025433282 150
1757651964620 0.08955441906476028 151
1757651964753 0.07276423603888957 152
1757651964878 0.0007126225446015799 153
1757651965028 0.005712977023352012 154
1757651965192 0.036499352873779714 155
1757651965419 0.011428241568553658 156
1757651965596 0.004247444340059419 157
1757651965755 0.2965675625474988 158
1757651965882 0.029123076722457706 159
1757651966016 0.027805238861276983 160
1757651966134 0.1777482439758554 161
1757651966253 0.12272429843942287 162
1757651966365 0.12022482756265385 163
1757651966479 0.05323856469464115 164
1757651966588 0.0007290103228303542 165
1757651966699 0.3910022170347065 166
1757651966808 0.705760405059339 167
1757651966918 0.15326741581171652 168
1757651967027 0.39968561731515456 169
1757651967134 0.012481933968637896 170
1757651967240 0.010285152420896766 171
1757651967349 0.2527885262333392 172
1757651967456 0.2776616879514118 173
1757651967568 0.002531683397969387 174
1757651967679 0.5180326737416067 175
1757651967789 0.019410013088647267 176
1757651967899 0.00339269964582087 177
1757651968011 0.023895318324985163 178
1757651968127 0.03811106875645578 179
1757651968243 0.5518009474455033 180
1757651968354 0.029423922606841284 181
1757651968480 0.007792274020776287 182
1757651968624 0.059294022848059076 183
1757651968769 0.08680335401532802 184
1757651968919 0.05013395656403124 185
1757651969077 0.01859049149287027 186
1757651969221 0.11475827975382312 187
1757651969343 0.004729682137524696 188
1757651969460 0.19324045077130436 189
1757651969575 0.11715453402989626 190
1757651969718 0.11875117840175874 191
1757651969869 0.25455705238151083 192
1757651970034 0.022365456733586832 193
1757651970274 0.024676170837515894 194
1757651970478 0.14140929237169325 195
1757651970615 0.06702756628121827 196
1757651970739 0.031775726469878224 197
1757651970859 0.00604218201496338 198
1757651970974 0.03893546824191875 199
1757651971089 0.028026682107413593 200
1757651971198 0.000778358971531811 201
1757651971308 0.1257316398727479 202
1757651971416 0.036105583677329016 203
1757651971527 0.2705044141788711 204
1757651971639 0.13431368439605043 205
1757651971748 0.0038708156625966578 206
1757651971858 0.003885729156958376 207
1757651971967 0.22042608830731614 208
1757651972076 0.0885775202232377 209
1757651972191 0.08556145644136193 210
1757651972312 0.02366203474923866 211
1757651972418 0.01095921531046437 212
1757651972528 0.007666450000566552 213
1757651972663 0.0005003511613328145 214
1757651972809 0.017221104647042493 215
1757651972961 0.0005237117916762884 216
1757651973091 0.42529419051012 217
1757651973211 0.0006736480459054961 218
1757651973334 0.05725471868025944 219
1757651973486 0.0014577790874413972 220
1757651973652 0.05885084395204085 221
1757651973797 0.07345079038581559 222
1757651973945 0.1569910387475661 223
1757651974068 0.0020535792518391422 224
1757651974184 0.00019088295325767025 225
1757651974300 0.0012509074441920099 226
1757651974416 0.29231612359245723 227
1757651974527 0.46124475774254287 228
1757651974637 0.16063264732574783 229
1757651974750 0.04418743083663453 230
1757651974858 0.12170971178590038 231
1757651974966 0.13066105455095398 232
1757651975078 0.012417974863147326 233
1757651975200 0.08823934183924625 234
1757651975324 0.0004600959924378254 235
1757651975439 0.06076470296126645 236
1757651975547 0.03370357279129316 237
1757651975659 0.0008086394387077594 238
1757651975800 0.0013619577518605354 239
1757651975971 0.4596278844274657 240
1757651976127 0.015363388404097103 241
1757651976285 0.004782942205688825 242
1757651976441 0.0005755036249562567 243
1757651976580 0.02068726106481774 244
1757651976731 1.4275385453293035e-05 245
1757651976878 0.007191940947329029 246
1757651977006 0.02780409547378264 247
1757651977125 0.13288032040455086 248
1757651977255 0.008054048890797121 249
1757651977420 0.018977692350678317 250
1757651977584 0.0010532455275947834 251
1757651977764 0.035424369638380665 252
1757651977922 0.27132424491213464 253
1757651978101 0.4935232028007145 254
1757651978270 0.0369890471593849 255
1757651978424 0.15076389626483375 256
1757651978629 0.047224796167487273 257
1757651978792 0.1685152433277876 258
1757651979004 0.40161939893931325 259
1757651979182 0.0011630945387762727 260
1757651979324 0.49795694825717474 261
1757651979461 0.04349529265094958 262
1757651979655 0.016478501129239823 263
1757651979892 0.06142944680973448 264
1757651980291 0.27849612694580905 265
1757651980591 0.14613820764661392 266
1757651980878 0.046979053223246636 267
1757651981240 0.0016441076586021259 268
1757651981452 0.036969450127393326 269
1757651981642 0.001497643338722972 270
1757651981840 0.1040716194655792 271
1757651982095 0.09040221195844414 272
1757651982727 2.4841285523867297e-06 273
1757651982920 0.018124959468575935 274
1757651983099 0.8823521175854806 275
1757651983362 0.35571980726639163 276
1757651983730 0.0007523245077574477 277
1757651984162 0.8852221754371798 278
1757651984357 1.7882063734375046e-06 279
1757651984573 0.019575663925695135 280
1757651984772 0.2181842937820155 281
1757651984930 0.16322163056550185 282
1757651985079 0.3975757970379774 283
1757651985235 0.008715751301207157 284
1757651985382 0.23535605485137706 285
1757651985506 0.00022840219393925276 286
1757651985625 0.02034886404324207 287
1757651985851 0.010792565464489987 288
1757651986069 0.0038330465539704573 289
1757651986243 0.41956949440829094 290
1757651986410 3.512481793971951e-05 291
1757651986595 0.2142236282072643 292
1757651986764 0.06676336615871564 293
1757651986919 0.10238043669734403 294
1757651987082 0.013699257559933108 295
1757651987256 0.00015747424340459818 296
1757651987424 0.18177518192092887 297
1757651987571 4.229351109914732e-06 298
1757651987805 0.005459243192805295 299
1757651987964 0.0017645935844906291 300
1757651988125 0.11049571052802275 301
1757651988280 0.005034093211228156 302
1757651988448 0.009010724456237471 303
1757651988602 0.13180155594543236 304
1757651988753 0.006479012340264435 305
1757651988904 0.004143904889473889 306
1757651989069 0.022204319578510295 307
1757651989199 0.03346062919309913 308
1757651989341 0.45833722045238806 309
1757651989500 0.004549904440082099 310
1757651989626 0.715832062484503 311
1757651989753 0.0072029055632187025 312
1757651989926 0.004630770189315016 313
1757651990090 0.00070206216389121 314
1757651990285 0.07581283928370226 315
1757651990495 0.006009320626639428 316
1757651990682 0.39639007395266374 317
1757651990985 8.567276077382655e-05 318
1757651991485 0.1433773548180796 319
1757651991724 0.01789948663753244 320
1757651991919 0.2412247324487328 321
1757651992165 0.012257496281550248 322
1757651992353 0.08780695963489495 323
1757651992545 0.006866356392947468 324
1757651992937 0.0058664728875366485 325
1757651993456 0.004929248079382918 326
1757651993618 0.06501887354730311 327
1757651993752 1.0709987787179485 328
1757651993880 0.07876579258414848 329
1757651994011 0.002827162014929271 330
1757651994131 1.0228290919302284e-05 331
1757651994247 0.04869211440963373 332
1757651994373 0.03930864164644646 333
1757651994489 0.0011955559372659361 334
1757651994603 0.22422262581877334 335
1757651994722 0.004870958349054262 336
1757651994834 0.20849954792914382 337
1757651994950 0.13603565234611914 338
1757651995073 0.005791611308711238 339
1757651995191 0.03592894550736665 340
1757651995317 0.002838703990767626 341
1757651995435 0.007536032534863684 342
1757651995551 0.0736493836468813 343
1757651995668 0.05154901203475741 344
1757651995786 0.2343376548019695 345
1757651995909 0.015259946072951907 346
1757651996041 0.0165531527724856 347
1757651996162 0.004766347851464682 348
1757651996284 0.03075027850693322 349
1757651996409 0.0006659097399667468 350
1757651996539 0.07580998368850982 351
1757651996680 0.34755371936469626 352
1757651996818 0.16693316835787264 353
1757651996960 0.0018529622247033192 354
1757651997105 0.022677814066676478 355
1757651997240 0.02175828930702479 356
1757651997374 0.022493642248532925 357
1757651997510 0.6663567875937124 358
1757651997643 0.008067981999550562 359
1757651997791 0.0003201842102652413 360
1757651997921 0.029217903525400688 361
1757651998058 0.04310763849757675 362
1757651998177 0.015555215108094102 363
1757651998298 0.07098467507674065 364
1757651998414 0.10644618603015363 365
1757651998549 0.01995834534260466 366
1757651998663 0.4496289732399968 367
1757651998780 0.060922267569756855 368
1757651998893 0.022088729744632583 369
1757651999006 0.34797923553005694 370
1757651999125 0.07396286524506025 371
1757651999246 0.1773592309659306 372
1757651999370 0.05811593485737929 373
1757651999481 0.013942431027589946 374
1757651999595 0.005921991802358343 375
1757651999707 0.07112410879792343 376
1757651999829 0.1204971631852539 377
1757651999950 0.07774889172242896 378
1757652000066 0.07533574202189054 379
1757652000180 0.006338577363023986 380
1757652000303 0.06503955780204265 381
1757652000421 0.00216874114191099 382
1757652000540 0.011167074932980326 383
1757652000656 0.005088574799379421 384
1757652000770 0.008693547051692785 385
1757652000890 0.40209509400062127 386
1757652001003 0.0465444547009357 387
1757652001117 0.06854370522282238 388
1757652001231 6.724185117909145e-05 389
1757652001345 0.12028665431086105 390
1757652001458 0.2850886690588699 391
1757652001571 0.39222624186407684 392
1757652001683 0.04069831842461401 393
1757652001798 0.04232113098116934 394
1757652001917 0.043701389253678204 395
1757652002029 0.00011739570291263349 396
1757652002142 0.5878351281914682 397
1757652002256 0.021313532704519262 398
1757652002369 0.03483038324311799 399
1757652002484 0.030296037280359515 400
1757652002598 0.01753551393560168 401
1757652002726 0.19420146701822594 402
1757652002841 0.000928264799790928 403
1757652002959 0.2740755982429871 404
1757652003069 0.18825896835638212 405
1757652003188 0.02827904711734984 406
1757652003298 0.011165379401484675 407
1757652003412 0.47237307747761714 408
1757652003524 0.15423315873144705 409
1757652003637 0.1662394381543537 410
1757652003748 0.0012069408638049344 411
1757652003862 0.10406282941943097 412
1757652003978 0.12410643554457573 413
1757652004105 0.1893559340120734 414
1757652004218 0.0016201372969159365 415
1757652004332 3.98194106962445e-05 416
1757652004450 0.12653329699372456 417
1757652004568 0.0029242043449945296 418
1757652004684 0.35854092869745163 419
1757652004800 0.0019649681726077823 420
1757652004923 0.03914117800233228 421
1757652005040 0.26420423438009955 422
1757652005162 0.38691258953158825 423
1757652005290 0.00042515229037336255 424
1757652005406 0.18807575193275042 425
1757652005525 0.04101643078563926 426
1757652005638 0.020404134882505948 427
1757652005755 0.07881073480645337 428
1757652005878 0.028767496041810326 429
1757652006012 0.011154510138688064 430
1757652006126 0.0007974159632369856 431
1757652006239 0.07725051242569088 432
1757652006352 0.24960816190756407 433
1757652006469 0.06921815184353786 434
1757652006581 0.028513387955018187 435
1757652006694 0.23150673997834892 436
1757652006807 0.09451190811115259 437
1757652006924 0.08019737330050848 438
1757652007045 0.2836421018684192 439
1757652007163 0.006565363143463406 440
1757652007285 0.5948088552698926 441
1757652007531 0.4950378593679737 442
1757652007664 0.0006882144101934349 443
1757652007788 0.8395841922992597 444
1757652007907 0.2416983731930144 445
1757652008037 0.014509351644454988 446
1757652008156 0.10313573789344047 447
1757652008272 0.0004898860097203968 448
1757652008385 0.25693240420397156 449
1757652008502 0.11184271346176883 450
1757652008626 0.03449950999678837 451
1757652008742 0.14209359520323522 452
1757652008857 0.12657980441070824 453
1757652008973 0.03980737176427371 454
1757652009091 0.004826912162766558 455
1757652009207 0.050749842942754024 456
1757652009330 0.047513575563090625 457
1757652009446 0.14441209484954048 458
1757652009562 0.643076673376595 459
1757652009682 0.0009622384823729841 460
1757652009797 0.2951650695520173 461
1757652009912 0.02276242203407493 462
1757652010030 0.15677984636061712 463
1757652010145 0.23268086747877378 464
1757652010270 0.1026179192179819 465
1757652010412 0.13023490818293446 466
1757652010529 0.02407396808015343 467
1757652010645 0.10426753348892542 468
1757652010762 1.2183116144771506 469
1757652010876 0.01332553555176341 470
1757652010992 0.02302812802361557 471
1757652011113 0.31932974686965915 472
1757652011233 0.03363944977597937 473
1757652011354 0.027362755870239296 474
1757652011471 0.10399885719215185 475
1757652011586 9.853616035252384e-05 476
1757652011707 0.0009263610690913085 477
1757652011843 0.04072358174132291 478
1757652011959 0.0806333373771512 479
1757652012077 0.01731149226160593 480
1757652012210 0.08509339513230858 481
1757652012329 0.8423431469390626 482
1757652012446 0.010385438533415454 483
1757652012563 0.004227327912919764 484
1757652012682 0.14579857930144263 485
1757652012859 0.00415954485206675 486
1757652013007 0.08487278996567695 487
1757652013141 0.17690643329705283 488
1757652013271 0.09682308630769385 489
1757652013394 0.5371865147471493 490
1757652013514 0.4307445842731095 491
1757652013631 0.05560079640555484 492
1757652013746 0.025271379594057407 493
1757652013860 0.554452728257737 494
1757652013974 0.02315471513170829 495
1757652014110 0.048748071855515454 496
1757652014228 0.17943573307745103 497
1757652014344 0.004694744696494361 498
1757652014494 0.07995233777637814 499
