1757624520868 173.0913010704207 0
1757624520909 169.65531132263206 1
1757624520949 163.25542615405539 2
1757624520991 154.4172993945164 3
1757624521032 143.6869627444928 4
1757624521073 131.6034872474729 5
1757624521114 118.67738190490476 6
1757624521158 105.37442945314422 7
1757624521201 92.10451321037758 8
1757624521243 79.21488716164173 9
1757624521283 66.98727953402957 10
1757624521325 55.63819282688463 11
1757624521365 45.32176508088478 12
1757624521405 36.13458251733047 13
1757624521447 28.121877143028858 14
1757624521488 21.28459942525232 15
1757624521529 15.586921091407163 16
1757624521570 10.963792448783371 17
1757624521612 7.328248902465673 18
1757624521652 4.578229743895529 19
1757624521695 2.602736566602208 20
1757624521735 1.2872171941254704 21
1757624521776 0.5181126627311351 22
1757624521817 0.18654894420719287 23
1757624521859 0.19119148419210039 24
1757624521900 0.44030936969460316 25
1757624521942 0.8531173964715545 26
1757624521982 1.360479058346587 27
1757624522024 1.9050622461587534 28
1757624522064 2.4410430331548083 29
1757624522107 2.933452187520051 30
1757624522147 3.3572548443497277 31
1757624522190 3.6962469107859457 32
1757624522230 3.9418430352467295 33
1757624522272 4.091821036167012 34
1757624522314 4.14907716249395 35
1757624522355 4.120435959431811 36
1757624522397 4.0155482560618445 37
1757624522437 3.8459012014583474 38
1757624522479 3.623955590592627 39
1757624522522 3.362418098867882 40
1757624522563 3.073649572315718 41
1757624522604 2.7692052266926113 42
1757624522644 2.4594984704036134 43
1757624522685 2.153577021243848 44
1757624522727 1.8589979435925417 45
1757624522769 1.5817870785688595 46
1757624522813 1.3264679500252279 47
1757624522856 1.0961454740729388 48
1757624522899 0.8926305497044557 49
1757624522940 0.7165927390175952 50
1757624522982 0.5677296426711711 51
1757624523024 0.4449431363415278 52
1757624523065 0.3465142673384329 53
1757624523107 0.270270241668711 54
1757624523150 0.213738499608476 55
1757624523197 0.17428433514864722 56
1757624523240 0.14922982751801667 57
1757624523281 0.1359529992792993 58
1757624523323 0.13196708363830684 59
1757624523368 0.13498057094045154 60
1757624523410 0.14293931552627406 61
1757624523452 0.15405242962083582 62
1757624523495 0.16680398546062256 63
1757624523536 0.17995270804467386 64
1757624523579 0.19252188805217127 65
1757624523622 0.203781697552753 66
1757624523665 0.21322596986664938 67
1757624523707 0.22054532808910288 68
1757624523795 0.22559833168688692 69
1757624523845 0.2283820726677929 70
1757624523891 0.2290034055007376 71
1757624523936 0.22765174941779115 72
1757624523983 0.22457416695530497 73
1757624524030 0.2200532054644745 74
1757624524072 0.21438779373961367 75
1757624524115 0.20787731698603076 76
1757624524157 0.20080885162454076 77
1757624524200 0.19344742712654478 78
1757624524249 0.18602909433031004 79
1757624524306 0.178756516799998 80
1757624524352 0.17179676142994796 81
1757624524400 0.16528094393039258 82
1757624524445 0.1593053810892334 83
1757624524488 0.15393391174523446 84
1757624524532 0.14920106924349658 85
1757624524574 0.1451158169446526 86
1757624524618 0.14166559253007988 87
1757624524665 0.13882044408053668 88
1757624524708 0.1365370792201487 89
1757624524751 0.1347626863622374 90
1757624524794 0.1334384229529374 91
1757624524837 0.13250249858837246 92
1757624524882 0.13189281028426153 93
1757624524925 0.13154911257346477 94
1757624524970 0.13141472630037593 95
1757624525014 0.13143780697058283 96
1757624525060 0.13157220645819326 97
1757624525109 0.13177797105283068 98
1757624525158 0.1320215246135772 99
1757624525211 0.13227558841613596 100
1757624525261 0.13251888959104804 101
1757624525305 0.13273570832140352 102
1757624525351 0.13291531065307666 103
1757624525394 0.13305130929756245 104
1757624525437 0.13314098956772347 105
1757624525480 0.13318463192562355 106
