1757640490525 168.87672819721146 0
1757640490578 165.5199834329155 1
1757640490626 160.5811030370259 2
1757640490678 154.97278769369782 3
1757640490733 149.1540894865017 4
1757640490780 143.3514810676772 5
1757640490827 137.67379841618563 6
1757640490878 132.17085492697066 7
1757640490930 126.8630403241619 8
1757640490978 121.75619043660008 9
1757640491026 116.84903487388834 10
1757640491074 112.13691887520973 11
1757640491125 107.61365860889146 12
1757640491179 103.27246246078921 13
1757640491227 99.10638532922653 14
1757640491275 95.10854962269204 15
1757640491323 91.27224984915293 16
1757640491369 87.5909992440278 17
1757640491418 84.0585476532313 18
1757640491467 80.6688852701482 19
1757640491517 77.41623951635125 20
1757640491565 74.29506870161265 21
1757640491614 71.30005427200886 22
1757640491663 68.42609254195135 23
1757640491712 65.6682863498872 24
1757640491764 63.0219368497511 25
1757640491819 60.48253553677956 26
1757640491869 58.045756549905995 27
1757640491916 55.707449265083724 28
1757640491964 53.46363118025527 29
1757640492013 51.310481086165034 30
1757640492062 49.244332514226194 31
1757640492112 47.261667451423904 32
1757640492160 45.35911031187028 33
1757640492209 43.533422154680906 34
1757640492257 41.78149513809419 35
1757640492305 40.10034720009533 36
1757640492372 38.48711695618002 37
1757640492423 36.939058805274215 38
1757640492474 35.45353823520142 39
1757640492524 34.02802731945289 40
1757640492574 32.66010039736586 41
1757640492624 31.347429930150625 42
1757640492672 30.08778252552708 43
1757640492721 28.879015124038492 44
1757640492772 27.719071340402277 45
1757640492836 26.605977953537295 46
1757640492891 25.537841539174288 47
1757640492943 24.51284523921119 48
1757640492994 23.529245662219125 49
1757640493044 22.58536990973788 50
1757640493096 21.679612723223162 51
1757640493147 20.810433746720694 52
1757640493205 19.976354900547033 53
1757640493256 19.175957861451497 54
1757640493307 18.40788164492144 55
1757640493356 17.670820285471294 56
1757640493406 16.963520610927638 57
1757640493456 16.28478010688645 58
1757640493506 15.633444867675825 59
1757640493555 15.00840763030792 60
1757640493603 14.408605888048294 61
1757640493654 13.833020080368614 62
1757640493704 13.280671856181288 63
1757640493753 12.75062240738139 64
1757640493803 12.241970869842726 65
1757640493852 11.753852789131354 66
1757640493903 11.285438648311821 67
1757640493954 10.835932455327907 68
1757640494005 10.40457038754291 69
1757640494054 9.990619491122253 70
1757640494102 9.593376433036099 71
1757640494152 9.212166303549646 72
1757640494203 8.846341467155781 73
1757640494252 8.495280459987812 74
1757640494302 8.158386931829737 75
1757640494352 7.835088630918078 76
1757640494404 7.524836429802587 77
1757640494454 7.227103390603463 78
1757640494503 6.941383868070249 79
1757640494554 6.667192648912277 80
1757640494603 6.404064125932606 81
1757640494653 6.151551505556837 82
1757640494703 5.909226047405545 83
1757640494754 5.676676334613545 84
1757640494804 5.453507573652061 85
1757640494853 5.2393409224600935 86
1757640494905 5.033812845739628 87
1757640494955 4.8365744963159605 88
1757640495005 4.647291121508614 89
1757640495055 4.465641493501257 90
1757640495105 4.291317362739908 91
1757640495155 4.12402293342803 92
1757640495209 3.9634743602247893 93
1757640495265 3.809399265289047 94
1757640495317 3.661536274846236 95
1757640495368 3.519634574488622 96
1757640495418 3.3834534824514204 97
1757640495469 3.252762040137909 98
1757640495518 3.1273386191960357 99
1757640495569 3.00697054447725 100
1757640495621 2.891453732235454 101
1757640495671 2.7805923429497983 102
1757640495722 2.674198448180125 103
1757640495772 2.572091710887694 104
1757640495824 2.474099078676771 105
1757640495875 2.380054489434729 106
1757640495932 2.2897985888694175 107
1757640495983 2.203178459462816 108
1757640496034 2.1200473603794316 109
1757640496084 2.0402644778866463 110
1757640496135 1.9636946858619808 111
1757640496186 1.8902083159795948 112
1757640496236 1.8196809371847 113
1757640496286 1.751993144080436 114
1757640496337 1.6870303538669942 115
1757640496389 1.6246826114872086 116
1757640496440 1.564844402646943 117
1757640496491 1.5074144743919546 118
1757640496542 1.4522956629357955 119
1757640496592 1.3993947284456365 120
1757640496644 1.3486221965048062 121
1757640496694 1.2998922059821387 122
1757640496848 1.2531223630492123 123
1757640496910 1.2082336010969532 124
1757640496968 1.1651500463131605 125
1757640497024 1.1237988886921748 126
1757640497080 1.084110258257099 127
1757640497135 1.0460171062839256 128
1757640497188 1.0094550913253741 129
1757640497246 0.9743624698404841 130
1757640497302 0.9406799912437744 131
1757640497356 0.9083507971953726 132
1757640497409 0.8773203249607187 133
1757640497463 0.8475362146753264 134
1757640497517 0.8189482203568329 135
1757640497570 0.7915081245128369 136
1757640497622 0.765169656199235 137
1757640497675 0.7398884123895954 138
1757640497726 0.7156217825217533 139
1757640497779 0.6923288760932256 140
1757640497847 0.6699704531822221 141
1757640497902 0.6485088577760315 142
1757640497955 0.6279079537933271 143
1757640498009 0.6081330636914962 144
1757640498062 0.5891509095545712 145
1757640498116 0.5709295565614605 146
1757640498169 0.5534383587383375 147
1757640498220 0.5366479069028306 148
1757640498273 0.5205299787114879 149
1757640498325 0.5050574907254812 150
1757640498377 0.49020445241300065 151
1757640498429 0.4759459220100939 152
1757640498480 0.4622579641648124 153
1757640498532 0.44911760929264516 154
1757640498584 0.43650281457403683 155
1757640498636 0.42439242652767645 156
1757640498688 0.41276614509585335 157
1757640498740 0.4016044891807819 158
1757640498792 0.39088876357327934 159
1757640498844 0.3806010272175038 160
1757640498897 0.3707240627577888 161
1757640498950 0.36124134731575486 162
1757640499002 0.3521370244479801 163
1757640499054 0.3433958772365481 164
1757640499106 0.3350033024666575 165
1757640499158 0.32694528584740423 166
1757640499211 0.31920837823356557 167
1757640499264 0.31177967280793856 168
1757640499322 0.304646783185431 169
1757640499380 0.2977978224016416 170
1757640499432 0.291221382750212 171
1757640499484 0.28490651643463627 172
1757640499536 0.27884271700162483 173
1757640499588 0.27301990152445704 174
1757640499645 0.2674283935059928 175
1757640499698 0.26205890647228663 176
1757640499751 0.25690252822889403 177
1757640499804 0.25195070575309125 178
1757640499859 0.2471952306963212 179
1757640499912 0.24262822547220023 180
1757640499964 0.23824212990643714 181
1757640500016 0.2340296884259562 182
1757640500069 0.22998393776544057 183
1757640500122 0.22609819517038926 184
1757640500176 0.2223660470766239 185
1757640500229 0.21878133824700818 186
1757640500282 0.2153381613468917 187
1757640500335 0.2120308469405646 188
1757640500388 0.2088539538917103 189
1757640500441 0.20580226015152994 190
1757640500494 0.20287075391888942 191
1757640500547 0.2000546251574379 192
1757640500599 0.19734925745529924 193
1757640500652 0.19475022021348345 194
1757640500707 0.19225326114973754 195
1757640500842 0.18985429910510068 196
1757640500901 0.1875494171409266 197
1757640500959 0.1853348559146428 198
1757640501015 0.18320700732299122 199
1757640501070 0.18116240840193037 200
1757640501125 0.1791977354728509 201
1757640501180 0.177309798525131 202
1757640501234 0.175495535825511 203
1757640501288 0.1737520087450986 204
1757640501350 0.17207639679523468 205
1757640501404 0.17046599286376743 206
1757640501459 0.1689181986436508 207
1757640501514 0.16743052024608865 208
1757640501566 0.16600056399078258 209
1757640501620 0.16462603236611498 210
1757640501673 0.1633047201524164 211
1757640501724 0.16203451070171979 212
1757640501776 0.16081337236768986 213
1757640501830 0.15963935507965415 214
1757640501883 0.15851058705492013 215
1757640501937 0.15742527164379305 216
1757640501989 0.15638168430193042 217
1757640502042 0.1553781696848958 218
1757640502095 0.15441313885997326 219
1757640502148 0.1534850666305083 220
1757640502203 0.15259248896822714 221
1757640502256 0.15173400054917976 222
1757640502308 0.15090825238911473 223
1757640502378 0.15011394957427635 224
1757640502434 0.149349849083766 225
1757640502490 0.14861475769977361 226
1757640502543 0.14790753000212623 227
1757640502597 0.147227066443755 228
1757640502651 0.14657231150380642 229
1757640502704 0.14594225191526874 230
1757640502757 0.14533591496409654 231
1757640502823 0.14475236685695692 232
1757640502884 0.14419071115481666 233
1757640502940 0.14365008726971656 234
1757640502996 0.14312966902218266 235
1757640503051 0.14262866325682264 236
1757640503107 0.14214630851375998 237
1757640503160 0.1416818737536523 238
1757640503214 0.141234657134127 239
1757640503270 0.1408039848355628 240
1757640503324 0.14038920993422374 241
1757640503385 0.13998971132082924 242
1757640503442 0.13960489266273232 243
1757640503497 0.13923418140794383 244
1757640503551 0.13887702782930972 245
1757640503605 0.13853290410722513 246
1757640503658 0.13820130344932668 247
1757640503712 0.13788173924567312 248
1757640503765 0.13757374425797708 249
1757640503819 0.13727686984151982 250
1757640503876 0.1369906851984236 251
1757640503929 0.13671477666102103 252
1757640503984 0.13644874700410334 253
1757640504038 0.13619221478488325 254
1757640504092 0.135944813709554 255
1757640504146 0.1357061920253708 256
1757640504215 0.1354760119372257 257
1757640504269 0.13525394904772592 258
1757640504323 0.13503969181982806 259
1757640504377 0.1348329410611174 260
1757640504431 0.13463340942886115 261
1757640504485 0.13444082095499346 262
1757640504539 0.13425491059023156 263
1757640504594 0.1340754237665488 264
1757640504648 0.1339021159772652 265
1757640504702 0.13373475237404572 266
1757640504756 0.13357310738012004 267
1757640504810 0.133416964319075 268
1757640504865 0.1332661150585874 269
1757640504918 0.13312035966849592 270
1757640504972 0.1329795060926338 271
1757640505026 0.13284336983386733 272
1757640505080 0.1327117736518074 273
1757640505135 0.132584547272682 274
1757640505190 0.1324615271108816 275
1757640505245 0.1323425560017034 276
1757640505298 0.13222748294484646 277
1757640505353 0.13211616285822061 278
1757640505413 0.13200845634165634 279
1757640505468 0.1319042294501142 280
1757640505522 0.13180335347601246 281
1757640505577 0.1317057047403033 282
1757640505632 0.13161116439194742 283
1757640505749 0.13151961821544622 284
1757640505824 0.1314309564461085 285
1757640505881 0.13134507359273825 286
1757640505938 0.13126186826744574 287
1757640505995 0.13118124302229447 288
1757640506052 0.13110310419250823 289
1757640506108 0.1310273617459741 290
1757640506165 0.13095392913878762 291
1757640506222 0.13088272317659597 292
1757640506277 0.1308136638815078 293
1757640506333 0.13074667436434312 294
1757640506387 0.13068168070200759 295
1757640506441 0.13061861181978868 296
1757640506495 0.13055739937837066 297
1757640506550 0.13049797766538182 298
1757640506605 0.1304402834912894 299
1757640506659 0.1303842560894684 300
1757640506715 0.1303298370202752 301
1757640506770 0.13027697007896577 302
1757640506824 0.13022560120730212 303
1757640506879 0.1301756784087006 304
1757640506934 0.13012715166677802 305
1757640506989 0.13007997286715822 306
1757640507043 0.13003409572241076 307
1757640507098 0.12998947569999184 308
1757640507153 0.12994606995306895 309
1757640507207 0.1299038372541139 310
1757640507262 0.12986273793115038 311
1757640507318 0.1298227338065518 312
1757640507372 0.12978378813828387 313
1757640507431 0.12974586556349776 314
1757640507488 0.1297089320443751 315
1757640507543 0.12967295481613617 316
1757640507598 0.12963790233712588 317
1757640507653 0.12960374424089016 318
1757640507707 0.12957045129016578 319
1757640507763 0.1295379953327073 320
1757640507831 0.1295063492588728 321
1757640507893 0.1294754869609038 322
1757640507951 0.12944538329382602 323
1757640508007 0.12941601403791003 324
1757640508065 0.1293873558626252 325
1757640508121 0.1293593862920311 326
1757640508177 0.12933208367154428 327
1757640508232 0.12930542713602977 328
1757640508287 0.12927939657915952 329
1757640508344 0.1292539726239912 330
1757640508399 0.1292291365947155 331
1757640508456 0.1292048704895245 332
1757640508512 0.12918115695456114 333
1757640508567 0.12915797925889888 334
1757640508623 0.12913532127051652 335
1757640508678 0.12911316743322593 336
1757640508740 0.12909150274451323 337
1757640508795 0.12907031273425887 338
1757640508851 0.12904958344430073 339
1757640508909 0.12902930140880603 340
1757640508968 0.12900945363542 341
1757640509024 0.1289900275871597 342
1757640509079 0.12897101116502474 343
1757640509135 0.12895239269129344 344
1757640509191 0.12893416089348003 345
1757640509249 0.12891630488892397 346
1757640509304 0.1288988141699876 347
1757640509360 0.12888167858983754 348
1757640509417 0.12886488834878493 349
1757640509483 0.12884843398116597 350
1757640509541 0.12883230634273568 351
1757640509604 0.12881649659855976 352
1757640509661 0.12880099621138116 353
1757640509717 0.1287857969304436 354
1757640509773 0.12877089078075354 355
1757640509829 0.12875627005276433 356
1757640509884 0.1287419272924624 357
1757640509940 0.12872785529184416 358
1757640509997 0.12871404707976392 359
1757640510053 0.1287004959131401 360
1757640510109 0.12868719526850475 361
1757640510166 0.12867413883388343 362
1757640510221 0.1286613205009914 363
1757640510277 0.1286487343577338 364
1757640510334 0.12863637468099837 365
1757640510390 0.12862423592972788 366
1757640510446 0.12861231273826207 367
1757640510503 0.12860059990993866 368
1757640510560 0.12858909241094119 369
1757640510616 0.12857778536438697 370
1757640510673 0.12856667404464242 371
1757640510729 0.12855575387185905 372
1757640510785 0.12854502040672053 373
1757640510841 0.12853446934539237 374
1757640510898 0.12852409651466568 375
1757640510954 0.12851389786728884 376
1757640511010 0.12850386947747802 377
1757640511067 0.128494007536601 378
1757640511124 0.1284843083490254 379
1757640511181 0.12847476832812652 380
1757640511237 0.1284653839924489 381
1757640511293 0.1284561519620128 382
1757640511349 0.12844706895476318 383
1757640511405 0.128438131783153 384
1757640511461 0.1284293373508574 385
1757640511524 0.12842068264961237 386
1757640511581 0.1284121647561733 387
1757640511638 0.12840378082938855 388
1757640511696 0.12839552810738517 389
1757640511752 0.12838740390485862 390
1757640511809 0.12837940561046707 391
1757640511865 0.12837153068432178 392
1757640511922 0.1283637766555741 393
1757640511978 0.12835614112009033 394
1757640512034 0.1283486217382161 395
1757640512092 0.12834121623262287 396
1757640512149 0.12833392238623548 397
1757640512207 0.12832673804023692 398
1757640512264 0.12831966109214685 399
1757640512320 0.128312689493972 400
1757640512394 0.12830582125042464 401
1757640512453 0.12829905441720707 402
1757640512511 0.12829238709935972 403
1757640512567 0.12828581744966924 404
1757640512624 0.12827934366713636 405
1757640512682 0.12827296399549845 406
1757640512739 0.12826667672180722 407
1757640512804 0.12826048017505748 408
1757640512871 0.12825437272486673 409
1757640512931 0.12824835278020189 410
1757640512990 0.12824241878815282 411
1757640513049 0.12823656923274904 412
1757640513108 0.12823080263382064 413
1757640513167 0.12822511754589908 414
1757640513225 0.1282195125571576 415
1757640513283 0.12821398628838954 416
1757640513340 0.12820853739202334 417
1757640513398 0.12820316455117223 418
1757640513454 0.1281978664787179 419
1757640513512 0.12819264191642568 420
1757640513575 0.12818748963409274 421
1757640513633 0.12818240842872425 422
1757640513690 0.12817739712373968 423
1757640513748 0.12817245456820597 424
1757640513805 0.12816757963609818 425
1757640513863 0.12816277122558536 426
1757640513922 0.12815802825834063 427
1757640513980 0.1281533496788763 428
1757640514038 0.1281487344539004 429
1757640514095 0.12814418157169646 430
1757640514153 0.12813969004152323 431
1757640514211 0.12813525889303604 432
1757640514268 0.12813088717572682 433
1757640514326 0.12812657395838295 434
1757640514384 0.12812231832856547 435
1757640514441 0.1281181193921031 436
1757640514499 0.12811397627260426 437
1757640514556 0.12810988811098498 438
1757640514614 0.1281058540650122 439
1757640514671 0.12810187330886255 440
1757640514729 0.12809794503269467 441
1757640514787 0.1280940684422372 442
1757640514846 0.128090242758388 443
1757640514906 0.12808646721682787 444
1757640514965 0.1280827410676462 445
1757640515022 0.12807906357497875 446
1757640515080 0.1280754340166566 447
1757640515138 0.12807185168386703 448
1757640515206 0.1280683158808239 449
1757640515269 0.12806482592444976 450
1757640515329 0.12806138114406684 451
1757640515387 0.12805798088109827 452
1757640515446 0.12805462448877863 453
1757640515504 0.1280513113318721 454
1757640515565 0.12804804078640167 455
1757640515627 0.1280448122393842 456
1757640515686 0.12804162508857528 457
1757640515743 0.1280384787422203 458
1757640515801 0.12803537261881448 459
1757640515860 0.12803230614686875 460
1757640515918 0.12802927876468373 461
1757640515977 0.12802628992012896 462
1757640516035 0.1280233390704304 463
1757640516093 0.12802042568196298 464
1757640516150 0.12801754923004835 465
1757640516209 0.1280147091987609 466
1757640516266 0.12801190508073712 467
1757640516324 0.1280091363769914 468
1757640516383 0.12800640259673673 469
1757640516443 0.12800370325721083 470
1757640516501 0.1280010378835064 471
1757640516591 0.12799840600840703 472
1757640516650 0.12799580717222694 473
1757640516709 0.12799324092265546 474
1757640516768 0.12799070681460548 475
1757640516826 0.12798820441006648 476
1757640516884 0.127985733277961 477
1757640516944 0.12798329299400502 478
1757640517003 0.1279808831405726 479
1757640517062 0.12797850330656355 480
1757640517120 0.12797615308727442 481
1757640517179 0.12797383208427365 482
1757640517238 0.12797153990527912 483
1757640517296 0.12796927616403952 484
1757640517355 0.12796704048021776 485
1757640517413 0.12796483247927895 486
1757640517473 0.12796265179237945 487
1757640517531 0.1279604980562598 488
1757640517592 0.1279583709131405 489
1757640517653 0.12795627001061885 490
1757640517712 0.1279541950015703 491
1757640517772 0.12795214554405085 492
1757640517843 0.12795012130120223 493
1757640517904 0.1279481219411596 494
1757640517964 0.12794614713696068 495
1757640518023 0.12794419656645825 496
1757640518082 0.1279422699122336 497
1757640518141 0.12794036686151247 498
1757640518199 0.1279384871060828 499
