1757639197150 166.98925663976928 0
1757639197201 155.54458537417725 1
1757639197249 157.13434256722937 2
1757639197297 150.24556463950748 3
1757639197349 144.29519834936622 4
1757639197398 138.23219328073972 5
1757639197444 128.14244256250723 6
1757639197491 126.64990308314717 7
1757639197537 124.77251578703266 8
1757639197586 122.86234703828251 9
1757639197651 112.44442604748055 10
1757639197705 112.2099742505736 11
1757639197753 106.71139376327321 12
1757639197802 107.50441770980215 13
1757639197856 104.41770221170981 14
1757639197904 99.97669007138785 15
1757639197953 93.43953266823618 16
1757639198002 88.3930119527381 17
1757639198049 88.0797021145863 18
1757639198097 85.59992895248334 19
1757639198150 83.78845790278945 20
1757639198199 76.20295456104574 21
1757639198248 77.41657341852715 22
1757639198298 74.13130078885271 23
1757639198346 71.44596124264935 24
1757639198403 67.89782002595325 25
1757639198452 69.06950580450541 26
1757639198501 62.387624669158534 27
1757639198550 63.6106020075667 28
1757639198600 60.19752181905356 29
1757639198650 58.96358263896565 30
1757639198701 55.790309368222374 31
1757639198750 52.79824091167887 32
1757639198797 51.936397807396666 33
1757639198844 51.16350705709864 34
1757639198892 51.172384013759725 35
1757639198941 47.09316507394985 36
1757639198989 45.61679631739838 37
1757639199037 46.22872619623192 38
1757639199085 43.09511494916229 39
1757639199135 41.35185352614834 40
1757639199186 38.88552762117496 41
1757639199236 38.451108540515335 42
1757639199285 39.643353547367525 43
1757639199334 37.369590381959625 44
1757639199385 34.89661959999589 45
1757639199433 32.66636509579172 46
1757639199481 31.235141271477595 47
1757639199528 30.653476012718283 48
1757639199576 29.951455104435627 49
1757639199626 29.818092056993912 50
1757639199674 27.74514821279343 51
1757639199723 26.068907240685313 52
1757639199771 26.20500574716778 53
1757639199819 26.491828379082506 54
1757639199870 24.22798350188296 55
1757639199921 24.804433384621028 56
1757639200049 23.184557232061834 57
1757639200109 22.651537486055723 58
1757639200164 21.17209715434465 59
1757639200217 19.751311108932452 60
1757639200270 20.521064872606832 61
1757639200321 19.644278136909442 62
1757639200372 19.264608567434486 63
1757639200428 18.297442229125036 64
1757639200480 17.420326236501968 65
1757639200531 16.612528121680825 66
1757639200581 15.927255003327137 67
1757639200631 16.236116495856557 68
1757639200681 14.913275896970674 69
1757639200731 15.447578367925304 70
1757639200782 15.13178277527171 71
1757639200833 13.725788246053973 72
1757639200883 12.881519168858844 73
1757639200933 14.113745161773922 74
1757639200984 13.152178934687983 75
1757639201035 12.536703468913707 76
1757639201085 12.32864445054172 77
1757639201133 10.464939896409096 78
1757639201183 10.467115471091176 79
1757639201231 9.447341379564214 80
1757639201280 9.666931635925565 81
1757639201329 9.953490818910645 82
1757639201378 9.436810271270344 83
1757639201428 9.77601204997286 84
1757639201476 8.880710823946274 85
1757639201525 8.182139381498072 86
1757639201573 8.11540675198334 87
1757639201623 7.9749066056766615 88
1757639201673 8.888218334128574 89
1757639201723 7.784015873582883 90
1757639201773 7.0967014871271115 91
1757639201823 7.347584482736973 92
1757639201874 5.910271889789428 93
1757639201923 6.853107066272084 94
1757639201973 6.081887784785595 95
1757639202036 6.401181372338499 96
1757639202087 5.966405835564272 97
1757639202139 6.088033750104992 98
1757639202191 5.412853151251326 99
1757639202241 5.356772062684404 100
1757639202291 5.346374725009275 101
1757639202344 5.1528408483631205 102
1757639202396 4.86226480167041 103
1757639202449 4.59011265434005 104
1757639202503 4.153096163232899 105
1757639202554 4.797523653866996 106
1757639202611 4.678516565576366 107
1757639202674 4.403638900104115 108
1757639202726 3.394527071989125 109
1757639202777 4.087291145995154 110
1757639202828 3.7924452412842324 111
1757639202880 3.4968424528973716 112
1757639202932 3.4040100798064414 113
1757639202983 3.5059027816466886 114
1757639203037 3.3613622570985804 115
1757639203086 3.2002310727033096 116
1757639203136 3.1947869859895976 117
1757639203187 3.2075216300404454 118
1757639203237 3.141489405487598 119
1757639203285 3.175673759674682 120
1757639203336 2.678713934341249 121
1757639203386 2.60984383490839 122
1757639203436 1.9516093057243928 123
1757639203486 2.3784305497186216 124
1757639203536 2.3645269037609298 125
1757639203586 2.1646538646627875 126
1757639203637 1.8710230770144083 127
1757639203690 1.719268872326713 128
1757639203741 2.1590989372929004 129
1757639203792 1.8905971846959992 130
1757639203842 1.713053201501955 131
1757639203893 1.8976932980507857 132
1757639203943 2.2509423616561484 133
1757639203993 1.8296794801243166 134
1757639204046 1.7688413315729923 135
1757639204096 1.8796710132411967 136
1757639204145 1.6597160853059771 137
1757639204249 1.4679788471542579 138
1757639204304 1.2982551610431687 139
1757639204360 1.408730957575281 140
1757639204416 1.4447177087989926 141
1757639204468 1.231585282841992 142
1757639204526 1.390115287618132 143
1757639204578 1.3767141967311103 144
1757639204631 0.9769850163180844 145
1757639204683 0.9861064647654421 146
1757639204737 1.0505400897167292 147
1757639204789 1.046306036972128 148
1757639204840 1.0709325224841848 149
1757639204892 0.9449819192653393 150
1757639204946 0.9176994115032916 151
1757639205000 1.1359999174601354 152
1757639205052 1.018531923407554 153
1757639205104 1.0218032748571062 154
1757639205155 0.6270803763500785 155
1757639205206 0.8727713649035785 156
1757639205263 1.030908511197903 157
1757639205315 0.8807412250146106 158
1757639205366 0.7699415681718543 159
1757639205418 0.8679320265352641 160
1757639205468 0.7443937476994694 161
1757639205519 0.6398775931964711 162
1757639205570 0.7441484192654431 163
1757639205621 0.6778841328302503 164
1757639205672 0.6184440287634491 165
1757639205757 0.6160825572062404 166
1757639205811 0.590133688056689 167
1757639205865 0.6315168737686844 168
1757639205920 0.747967788322932 169
1757639205972 0.5967766368985421 170
1757639206026 0.6274089789456077 171
1757639206079 0.6925326945557732 172
1757639206129 0.5407986513818539 173
1757639206184 0.5416426166356775 174
1757639206236 0.6789887198410596 175
1757639206288 0.5056844927240799 176
1757639206340 0.4928901947335299 177
1757639206391 0.3611401976610339 178
1757639206443 0.6147607636498673 179
1757639206494 0.5024571296785012 180
1757639206556 0.3371788816412643 181
1757639206609 0.4609147934885171 182
1757639206662 0.4013565502545182 183
1757639206715 0.4830273052356997 184
1757639206765 0.29788845846546885 185
1757639206819 0.3469500797161274 186
1757639206873 0.48098235755790186 187
1757639206926 0.3779195115501005 188
1757639206978 0.4010880448549319 189
1757639207033 0.3838522768935828 190
1757639207085 0.3882444929035647 191
1757639207137 0.45624630789524667 192
1757639207190 0.35307630763478165 193
1757639207242 0.33310874396578105 194
1757639207294 0.3880822189017312 195
1757639207357 0.3692402287361499 196
1757639207474 0.3676992642180649 197
1757639207530 0.3261705266675751 198
1757639207588 0.34073751077053216 199
1757639207659 0.30348587079247435 200
1757639207719 0.24155608319983624 201
1757639207774 0.4388209126945117 202
1757639207827 0.33381832092549 203
1757639207882 0.289250116380913 204
1757639207936 0.31414564118783467 205
1757639207990 0.3351108452828966 206
1757639208045 0.34028252324424607 207
1757639208099 0.30549656133212755 208
1757639208152 0.1696470407285037 209
1757639208208 0.21349784853749992 210
1757639208263 0.2483652150367669 211
1757639208317 0.18904329254423413 212
1757639208370 0.27806270933148336 213
1757639208424 0.2834538460149648 214
1757639208476 0.22420049911220635 215
1757639208529 0.1909735990336986 216
1757639208587 0.22798101097644344 217
1757639208641 0.2032717191621847 218
1757639208698 0.2124618853767399 219
1757639208750 0.30665399970756024 220
1757639208802 0.13138972543246774 221
1757639208855 0.11205020089136378 222
1757639208909 0.15365520450865067 223
1757639208962 0.20998932826913275 224
1757639209015 0.19845325004744035 225
1757639209067 0.1843338112504218 226
1757639209120 0.1918612327104317 227
1757639209173 0.25506426113609254 228
1757639209225 0.1522193987751258 229
1757639209278 0.11574294042545077 230
1757639209332 0.1999950070891645 231
1757639209385 0.12998725313660148 232
1757639209437 0.14719193942901665 233
1757639209489 0.14206127235783084 234
1757639209543 0.16841063649616475 235
1757639209596 0.14705400957598871 236
1757639209649 0.12937882942875018 237
1757639209702 0.19041065345255367 238
1757639209754 0.16786252681661581 239
1757639209807 0.15985638779729144 240
1757639209860 0.1361071735806444 241
1757639209913 0.14977843169728022 242
1757639209968 0.14416561398442415 243
1757639210020 0.18746759923220524 244
1757639210072 0.23262481499448268 245
1757639210126 0.0951553431637307 246
1757639210179 0.15633297226661486 247
1757639210232 0.16397131721678163 248
1757639210285 0.11563103898674995 249
1757639210361 0.21207066604660277 250
1757639210416 0.18921189754142798 251
1757639210471 0.1866053821172879 252
1757639210525 0.24358833147103676 253
1757639210583 0.1539002529910932 254
1757639210640 0.28612989856907767 255
1757639210695 0.16288779208377105 256
1757639210752 0.18729696587161987 257
1757639210807 0.12963626060817238 258
1757639210865 0.12802549895178011 259
1757639210921 0.21661668757137248 260
1757639210976 0.15788435314920501 261
1757639211031 0.15311604932003675 262
1757639211086 0.16410713360765886 263
1757639211141 0.11227168351575362 264
1757639211196 0.1930516020127444 265
1757639211250 0.11698464300248929 266
1757639211303 0.091946270769383 267
1757639211356 0.12044684454092448 268
1757639211409 0.1456453703622105 269
1757639211465 0.20162554658214885 270
1757639211519 0.14298799608222706 271
1757639211573 0.1448096605074532 272
1757639211627 0.17295027920770406 273
1757639211680 0.11703187945400245 274
1757639211734 0.2628598881762011 275
1757639211787 0.09216943033238423 276
1757639211840 0.10438734637487446 277
1757639211894 0.07692860719064681 278
1757639211948 0.23583005193845727 279
1757639212017 0.12272158139450824 280
1757639212076 0.13078932768876644 281
1757639212132 0.1291702145885931 282
1757639212188 0.11737106538741085 283
1757639212243 0.13946855785524728 284
1757639212298 0.1352702886435247 285
1757639212354 0.26317351983358184 286
1757639212408 0.13628363025602552 287
1757639212463 0.10187486684089207 288
1757639212517 0.1157932735009149 289
1757639212570 0.1189396636439577 290
1757639212641 0.13400148858369498 291
1757639212702 0.15042506270736347 292
1757639212759 0.11882902828262781 293
1757639212816 0.11658687773272894 294
1757639212872 0.1279246219293093 295
1757639212929 0.17330782599645336 296
1757639212983 0.14672884083903526 297
1757639213040 0.14365125549745905 298
1757639213095 0.16564884792156848 299
1757639213151 0.17983749827361062 300
1757639213205 0.1269116150624004 301
1757639213260 0.1874536232935061 302
1757639213313 0.16595378297458435 303
1757639213368 0.143544572642465 304
1757639213423 0.12930521960853503 305
1757639213478 0.07267319770735581 306
1757639213532 0.18645506198470824 307
1757639213585 0.16520960793961204 308
1757639213640 0.1630458718907746 309
1757639213696 0.10750063637264631 310
1757639213751 0.18129874536466858 311
1757639213805 0.12450826242595234 312
1757639213860 0.10612509121803711 313
1757639213913 0.24676867727359425 314
1757639213968 0.1314668765139599 315
1757639214025 0.15775837953926736 316
1757639214080 0.18317651964488046 317
1757639214134 0.10077255138809295 318
1757639214189 0.08959652956763335 319
1757639214244 0.15413003210057719 320
1757639214299 0.16056908288715857 321
1757639214353 0.18455062975804853 322
1757639214408 0.12623765169736234 323
1757639214462 0.11012144598558862 324
1757639214518 0.11102759928654113 325
1757639214574 0.11048816038395184 326
1757639214629 0.09414861890204979 327
1757639214690 0.14294356882441822 328
1757639214748 0.07834389388776375 329
1757639214804 0.12964044656319051 330
1757639214859 0.13715472117682564 331
1757639214913 0.18165677221877924 332
1757639214969 0.20300266888953164 333
1757639215023 0.12628405508567053 334
1757639215078 0.0968567385392241 335
1757639215133 0.13398830807826162 336
1757639215188 0.09564277574721539 337
1757639215243 0.1133098022056021 338
1757639215299 0.11556051407960585 339
1757639215361 0.18457152120730522 340
1757639215417 0.13238592773986224 341
1757639215472 0.0831296327582415 342
1757639215527 0.11976358882564861 343
1757639215583 0.07220977178456614 344
1757639215638 0.11638669086359754 345
1757639215692 0.13273987797901243 346
1757639215748 0.10180106841957513 347
1757639215809 0.1377752280897879 348
1757639215864 0.14540031631741254 349
1757639215919 0.2393401219484917 350
1757639215974 0.07272215083644387 351
1757639216034 0.10551657741639615 352
1757639216089 0.15037167259554834 353
1757639216144 0.15661382386040007 354
1757639216199 0.07665252900446465 355
1757639216256 0.11496892821092344 356
1757639216312 0.14081537010494682 357
1757639216366 0.08757450703073304 358
1757639216422 0.11988729876273099 359
1757639216478 0.10975758906028944 360
1757639216534 0.1484328574329376 361
1757639216589 0.10736222372487117 362
1757639216645 0.18769699038041848 363
1757639216710 0.12799896940124172 364
1757639216766 0.11146810364273674 365
1757639216821 0.15384926607970104 366
1757639216878 0.2087988282708665 367
1757639216934 0.1508936103750155 368
1757639216989 0.11088233211330441 369
1757639217044 0.09854270082018143 370
1757639217100 0.15039938365304342 371
1757639217155 0.07110994188311115 372
1757639217210 0.11250159550495886 373
1757639217266 0.08377627172472984 374
1757639217322 0.17180779311757516 375
