1757649480727 171.4529859368755 0
1757649480793 171.11011726829983 1
1757649480853 170.76793534229344 2
1757649480917 170.42643878178276 3
1757649480975 170.08562621246014 4
1757649481037 169.7454962627783 5
1757649481104 169.40604756394467 6
1757649481167 169.06727874991594 7
1757649481225 168.72918845739244 8
1757649481283 168.39177532581274 9
1757649481342 168.05503799734805 10
1757649481403 167.71897511689664 11
1757649481463 167.38358533207858 12
1757649481523 167.04886729323002 13
1757649481581 166.7148196533979 14
1757649481641 166.38144106833434 15
1757649481700 166.04873019649136 16
1757649481759 165.7166856990153 17
1757649481817 165.38530623974142 18
1757649481876 165.05459048518867 19
1757649481937 164.72453710455395 20
1757649482003 164.39514476970706 21
1757649482074 164.0664121551851 22
1757649482138 163.73833793818716 23
1757649482201 163.410920798569 24
1757649482261 163.0841594188377 25
1757649482321 162.75805248414616 26
1757649482381 162.43259868228816 27
1757649482441 162.10779670369251 28
1757649482499 161.78364524141824 29
1757649482558 161.46014299114904 30
1757649482617 161.13728865118796 31
1757649482676 160.81508092245227 32
1757649482736 160.49351850846824 33
1757649482794 160.17260011536555 34
1757649482853 159.8523244518725 35
1757649482913 159.53269022931053 36
1757649482972 159.2136961615889 37
1757649483032 158.8953409651998 38
1757649483091 158.57762335921285 39
1757649483151 158.26054206527007 40
1757649483210 157.9440958075807 41
1757649483268 157.62828331291595 42
1757649483327 157.3131033106039 43
1757649483386 156.9985545325244 44
1757649483445 156.68463571310377 45
1757649483505 156.37134558930987 46
1757649483564 156.0586829006469 47
1757649483624 155.74664638915024 48
1757649483683 155.43523479938145 49
1757649483744 155.12444687842316 50
1757649483830 154.8142813758739 51
1757649483889 154.5047370438433 52
1757649483948 154.1958126369466 53
1757649484007 153.8875069123001 54
1757649484072 153.5798186295157 55
1757649484133 153.27274655069624 56
1757649484192 152.96628944043016 57
1757649484251 152.66044606578672 58
1757649484335 152.355215196311 59
1757649484396 152.0505956040187 60
1757649484456 151.74658606339148 61
1757649484517 151.44318535137174 62
1757649484588 151.14039224735782 63
1757649484677 150.83820553319896 64
1757649484737 150.5366239931905 65
1757649484796 150.2356464140688 66
1757649484855 149.93527158500638 67
1757649484915 149.6354982976071 68
1757649484974 149.3363253459012 69
1757649485033 149.03775152634034 70
1757649485093 148.73977563779295 71
1757649485182 148.44239648153905 72
1757649485243 148.14561286126573 73
1757649485303 147.84942358306208 74
1757649485363 147.55382745541442 75
1757649485424 147.25882328920147 76
1757649485502 146.96440989768962 77
1757649485562 146.67058609652793 78
1757649485622 146.37735070374362 79
1757649485683 146.08470253973695 80
1757649485743 145.79264042727672 81
1757649485802 145.50116319149538 82
1757649485910 145.21026965988437 83
1757649485995 144.9199586622891 84
1757649486060 144.63022903090464 85
1757649486128 144.3410796002706 86
1757649486189 144.05250920726667 87
1757649486249 143.76451669110776 88
1757649486309 143.4771008933394 89
1757649486369 143.19026065783302 90
1757649486429 142.90399483078122 91
1757649486490 142.6183022606931 92
1757649486550 142.3331817983898 93
1757649486611 142.04863229699944 94
1757649486673 141.764652611953 95
1757649486734 141.48124160097925 96
1757649486794 141.19839812410024 97
1757649486853 140.91612104362693 98
1757649486913 140.6344092241541 99
1757649486973 140.3532615325563 100
1757649487212 140.072676837983 101
1757649487286 139.79265401185384 102
1757649487355 139.5131919278543 103
1757649487422 139.23428946193124 104
1757649487488 138.95594549228804 105
1757649487549 138.67815889938018 106
1757649487610 138.4009285659109 107
1757649487672 138.1242533768264 108
1757649487733 137.84813221931148 109
1757649487793 137.57256398278503 110
1757649487854 137.29754755889547 111
1757649487915 137.02308184151633 112
1757649487976 136.74916572674172 113
1757649488038 136.47579811288196 114
1757649488100 136.20297790045896 115
1757649488175 135.9307039922019 116
1757649488237 135.65897529304277 117
1757649488298 135.38779071011191 118
1757649488358 135.11714915273362 119
1757649488420 134.84704953242164 120
1757649488481 134.57749076287493 121
1757649488542 134.30847175997312 122
1757649488604 134.03999144177214 123
1757649488664 133.77204872850004 124
1757649488725 133.50464254255226 125
1757649488787 133.23777180848757 126
1757649488849 132.9714354530236 127
1757649488910 132.7056324050325 128
1757649488970 132.44036159553667 129
1757649489032 132.17562195770432 130
1757649489092 131.9114124268453 131
1757649489153 131.64773194040657 132
1757649489214 131.3845794379682 133
1757649489275 131.12195386123884 134
1757649489336 130.85985415405145 135
1757649489397 130.59827926235926 136
1757649489459 130.3372281342312 137
1757649489521 130.07669971984788 138
1757649489594 129.81669297149713 139
1757649489662 129.55720684357004 140
1757649489724 129.29824029255641 141
1757649489785 129.0397922770407 142
1757649489846 128.781861757698 143
1757649489908 128.52444769728936 144
1757649489969 128.267549060658 145
1757649490030 128.01116481472496 146
1757649490092 127.755293928485 147
1757649490155 127.49993537300226 148
1757649490221 127.2450881214063 149
1757649490283 126.99075114888784 150
1757649490343 126.73692343269451 151
1757649490404 126.48360395212704 152
1757649490470 126.2307916885348 153
1757649490531 125.97848562531179 154
1757649490592 125.7266847478926 155
1757649490654 125.47538804374824 156
1757649490717 125.22459450238196 157
1757649490784 124.9743031153254 158
1757649490847 124.72451287613418 159
1757649490920 124.4752227803842 160
1757649491017 124.22643182566726 161
1757649491161 123.97813901158723 162
1757649491228 123.73034333975579 163
1757649491296 123.48304381378861 164
1757649491363 123.23623943930116 165
1757649491428 122.98992922390484 166
1757649491494 122.74411217720271 167
1757649491560 122.49878731078574 168
1757649491625 122.2539536382288 169
1757649491688 122.00961017508644 170
1757649491750 121.76575593888914 171
1757649491813 121.52238994913925 172
1757649491876 121.27951122730701 173
1757649491940 121.03711879682662 174
1757649492002 120.79521168309229 175
1757649492064 120.55378891345423 176
1757649492145 120.31284951721487 177
1757649492213 120.07239252562474 178
1757649492279 119.83241697187876 179
1757649492342 119.59292189111211 180
1757649492404 119.3539063203965 181
1757649492467 119.11536929873625 182
1757649492529 118.87730986706431 183
1757649492591 118.6397270682384 184
1757649492655 118.40261994703731 185
1757649492718 118.16598755015677 186
1757649492780 117.92982892620581 187
1757649492843 117.69414312570284 188
1757649492907 117.45892920107173 189
1757649492970 117.22418620663812 190
1757649493033 116.98991319862553 191
1757649493095 116.75610923515148 192
1757649493158 116.52277337622381 193
1757649493220 116.2899046837368 194
1757649493282 116.0575022214673 195
1757649493345 115.82556505507117 196
1757649493452 115.59409225207924 197
1757649493527 115.36308288189375 198
1757649493596 115.13253601578448 199
1757649493689 114.90245072688498 200
1757649493758 114.6728260901889 201
1757649493827 114.4436611825462 202
1757649493894 114.21495508265939 203
1757649493962 113.98670687107986 204
1757649494031 113.75891563020417 205
1757649494107 113.53158044427028 206
1757649494176 113.30470039935386 207
1757649494246 113.07827458336467 208
1757649494318 112.8523020860428 209
1757649494400 112.62678199895495 210
1757649494481 112.4017134154909 211
1757649494572 112.17709543085968 212
1757649494681 111.95292714208603 213
1757649494774 111.72920764800668 214
1757649494878 111.5059360492668 215
1757649494973 111.28311144831623 216
1757649495057 111.06073294940596 217
1757649495177 110.83879965858443 218
1757649495265 110.61731068369403 219
1757649495360 110.39626513436731 220
1757649495444 110.17566212202357 221
1757649495521 109.9555007598652 222
1757649495615 109.73578016287402 223
1757649495689 109.51649944780777 224
1757649495761 109.29765773319657 225
1757649495831 109.07925413933933 226
1757649495898 108.86128778830013 227
1757649495966 108.64375780390476 228
1757649496033 108.42666331173714 229
1757649496115 108.2100034391358 230
1757649496184 107.9937773151903 231
1757649496248 107.7779840707378 232
1757649496341 107.56262283835945 233
1757649496405 107.34769275237697 234
1757649496469 107.13319294884906 235
1757649496534 106.91912256556806 236
1757649496597 106.70548074205625 237
1757649496662 106.49226661956256 238
1757649496725 106.27947934105899 239
1757649496789 106.06711805123719 240
1757649496854 105.855181896505 241
1757649496918 105.64367002498297 242
1757649496984 105.43258158650099 243
1757649497053 105.22191573259474 244
1757649497118 105.01167161650237 245
1757649497184 104.80184839316102 246
1757649497249 104.59244521920344 247
1757649497314 104.3834612529545 248
1757649497379 104.1748956544279 249
1757649497443 103.96674758532271 250
1757649497507 103.75901620901996 251
1757649497571 103.55170069057934 252
1757649497634 103.34480019673575 253
1757649497707 103.13831389589598 254
1757649497771 102.9322409581353 255
1757649497835 102.72658055519415 256
1757649497900 102.5213318604748 257
1757649497965 102.31649404903796 258
1757649498030 102.11206629759948 259
1757649498096 101.90804778452701 260
1757649498160 101.70443768983671 261
1757649498224 101.50123519518989 262
1757649498289 101.29843948388972 263
1757649498359 101.09604974087799 264
1757649498424 100.89406515273168 265
1757649498488 100.69248490765979 266
1757649498555 100.49130819550007 267
1757649498620 100.29053420771561 268
1757649498685 100.09016213739176 269
1757649498750 99.89019117923269 270
1757649498815 99.69062052955825 271
1757649498879 99.4914493863007 272
1757649498944 99.29267694900147 273
1757649499008 99.09430241880787 274
1757649499073 98.89632499846996 275
1757649499137 98.69874389233725 276
1757649499203 98.5015583063555 277
1757649499268 98.30476744806353 278
1757649499333 98.10837052659005 279
1757649499399 97.91236675265037 280
1757649499463 97.71675533854325 281
1757649499528 97.52153549814783 282
1757649499606 97.32670644692027 283
1757649499676 97.1322674018907 284
1757649499741 96.93821758166001 285
1757649499806 96.74455620639674 286
1757649499871 96.55128249783384 287
1757649499937 96.35839567926564 288
1757649500002 96.16589497554462 289
1757649500067 95.97377961307832 290
1757649500131 95.78204881982619 291
1757649500195 95.5907018252965 292
1757649500259 95.39973786054325 293
1757649500324 95.209156158163 294
1757649500395 95.01895595229176 295
1757649500460 94.82913647860197 296
1757649500525 94.63969697429938 297
1757649500592 94.45063667811998 298
1757649500659 94.26195483032686 299
1757649500724 94.07365067270725 300
1757649500789 93.8857234485693 301
1757649500854 93.69817240273923 302
1757649500919 93.51099678155813 303
1757649500984 93.32419583287894 304
1757649501055 93.13776880606342 305
1757649501120 92.95171495197914 306
1757649501186 92.76603352299645 307
1757649501252 92.58072377298544 308
1757649501324 92.39578495731288 309
1757649501389 92.21121633283938 310
1757649501454 92.02701715791616 311
1757649501519 91.84318669238225 312
1757649501586 91.65972419756136 313
1757649501653 91.47662893625899 314
1757649501719 91.2939001727594 315
1757649501784 91.1115371728227 316
1757649501851 90.92953920368174 317
1757649501917 90.74790553403938 318
1757649501981 90.56663543406529 319
1757649502045 90.3857281753932 320
1757649502114 90.20518303111783 321
1757649502180 90.02499927579201 322
1757649502245 89.84517618542374 323
1757649502311 89.6657130374733 324
1757649502377 89.48660911085025 325
1757649502448 89.30786368591059 326
1757649502514 89.12947604445384 327
1757649502580 88.95144546972008 328
1757649502646 88.77377124638717 329
1757649502712 88.59645266056773 330
1757649502778 88.41948899980639 331
1757649502844 88.24287955307676 332
1757649502909 88.06662361077873 333
1757649502974 87.8907204647355 334
1757649503040 87.71516940819062 335
1757649503104 87.53996973580541 336
1757649503168 87.36512074365591 337
1757649503234 87.19062172922999 338
1757649503299 87.01647199142475 339
1757649503364 86.84267083054343 340
1757649503431 86.6692175482927 341
1757649503497 86.49611144777995 342
1757649503562 86.32335183351022 343
1757649503628 86.15093801138366 344
1757649503693 85.97886928869248 345
1757649503757 85.80714497411839 346
1757649503823 85.63576437772957 347
1757649503891 85.46472681097815 348
1757649503958 85.29403158669717 349
1757649504022 85.12367801909797 350
1757649504088 84.95366542376733 351
1757649504154 84.78399311766486 352
1757649504220 84.61466041912 353
1757649504286 84.44566664782946 354
1757649504353 84.27701112485438 355
1757649504420 84.1086931726177 356
1757649504490 83.94071211490126 357
1757649504561 83.77306727684314 358
1757649504640 83.60575798493504 359
1757649504707 83.43878356701937 360
1757649504774 83.27214335228672 361
1757649504841 83.10583667127301 362
1757649504908 82.93986285585687 363
1757649504975 82.77422123925687 364
1757649505042 82.60891115602898 365
1757649505115 82.44393194206364 366
1757649505189 82.27928293458332 367
1757649505257 82.11496347213969 368
1757649505324 81.95097289461101 369
1757649505392 81.78731054319945 370
1757649505459 81.6239757604285 371
1757649505525 81.46096789014008 372
1757649505592 81.29828627749227 373
1757649505660 81.1359302689563 374
1757649505727 80.97389921231415 375
1757649505795 80.81219245665582 376
1757649505862 80.65080935237668 377
1757649505930 80.48974925117494 378
1757649505999 80.32901150604894 379
1757649506066 80.16859547129458 380
1757649506138 80.00850050250276 381
1757649506205 79.8487259565566 382
1757649506271 79.68927119162917 383
1757649506339 79.53013556718051 384
1757649506406 79.37131844395535 385
1757649506476 79.21281918398034 386
1757649506546 79.05463715056162 387
1757649506614 78.89677170828215 388
1757649506682 78.73922222299912 389
1757649506749 78.58198806184156 390
1757649506817 78.42506859320754 391
1757649506884 78.26846318676186 392
1757649506951 78.11217121343333 393
1757649507019 77.95619204541228 394
1757649507086 77.80052505614812 395
1757649507154 77.64516962034666 396
1757649507221 77.49012511396772 397
1757649507287 77.33539091422249 398
1757649507353 77.1809663995711 399
1757649507422 77.0268509497201 400
1757649507490 76.87304394561994 401
1757649507558 76.71954476946246 402
1757649507625 76.5663528046784 403
1757649507695 76.413467435935 404
1757649507761 76.26088804913334 405
1757649507827 76.10861403140598 406
1757649507896 75.95664477111455 407
1757649507962 75.80497965784711 408
1757649508029 75.65361808241578 409
1757649508096 75.50255943685433 410
1757649508163 75.35180311441562 411
1757649508229 75.20134850956923 412
1757649508297 75.05119501799899 413
1757649508364 74.90134203660052 414
1757649508431 74.75178896347886 415
1757649508503 74.60253519794594 416
1757649508573 74.45358014051826 417
1757649508642 74.30492319291437 418
1757649508710 74.1565637580526 419
1757649508777 74.00850124004845 420
1757649508845 73.86073504421239 421
1757649508912 73.71326457704728 422
1757649508979 73.56608924624615 423
1757649509047 73.41920846068963 424
1757649509113 73.27262163044372 425
1757649509181 73.12632816675733 426
1757649509249 72.98032748205988 427
1757649509316 72.83461898995901 428
1757649509383 72.68920210523817 429
1757649509451 72.54407624385419 430
1757649509519 72.39924082293508 431
1757649509597 72.25469526077752 432
1757649509671 72.11043897684468 433
1757649509739 71.96647139176365 434
1757649509812 71.82279192732334 435
1757649509883 71.67940000647197 436
1757649509954 71.53629505331482 437
1757649510023 71.39347649311192 438
1757649510091 71.25094375227573 439
1757649510166 71.10869625836872 440
1757649510235 70.96673344010125 441
1757649510303 70.82505472732906 442
1757649510373 70.68365955105108 443
1757649510442 70.54254734340721 444
1757649510511 70.40171753767585 445
1757649510586 70.2611695682717 446
1757649510657 70.12090287074358 447
1757649510728 69.98091688177193 448
1757649510796 69.84121103916672 449
1757649510865 69.70178478186516 450
1757649510934 69.56263754992932 451
1757649511004 69.42376878454402 452
1757649511072 69.28517792801445 453
1757649511139 69.146864423764 454
1757649511209 69.008827716332 455
1757649511276 68.87106725137144 456
1757649511343 68.73358247564678 457
1757649511412 68.59637283703172 458
1757649511481 68.45943778450693 459
1757649511549 68.32277676815784 460
1757649511616 68.18638923917241 461
1757649511690 68.05027464983901 462
1757649511757 67.91443245354407 463
1757649511824 67.77886210476997 464
1757649511990 67.64356305909283 465
1757649512058 67.50853477318024 466
1757649512123 67.37377670478918 467
1757649512190 67.23928831276373 468
1757649512258 67.10506905703295 469
1757649512327 66.97111839860871 470
1757649512396 66.83743579958346 471
1757649512464 66.70402072312807 472
1757649512532 66.57087263348974 473
1757649512611 66.43799099598971 474
1757649512680 66.30537527702123 475
1757649512751 66.17302494404734 476
1757649512820 66.04093946559874 477
1757649512890 65.90911831127163 478
1757649512959 65.77756095172558 479
1757649513030 65.64626685868141 480
1757649513099 65.51523550491905 481
1757649513167 65.38446636427538 482
1757649513236 65.25395891164213 483
1757649513305 65.1237126229638 484
1757649513372 64.99372697523552 485
1757649513448 64.86400144650091 486
1757649513519 64.73453551585 487
1757649513588 64.60551826871868 488
1757649513659 64.47675899582508 489
1757649513734 64.34825718086739 490
1757649513814 64.22001230857823 491
1757649513973 64.09202386472252 492
1757649514066 63.96429133609549 493
1757649514154 63.8368142105205 494
1757649514239 63.709591976847065 495
1757649514322 63.58262412494879 496
1757649514408 63.45591014572127 497
1757649514496 63.329449531080044 498
1757649514596 63.2032417739586 499
