1757648047463 170.6253691635744 0
1757648047525 170.28391247833468 1
1757648047583 169.77271513004672 2
1757648047646 169.17792189150148 3
1757648047703 168.5426728769229 4
1757648047759 167.8885509452879 5
1757648047816 167.2263465772115 6
1757648047870 166.56145063946934 7
1757648047932 165.89655335437175 8
1757648047988 165.23299443134482 9
1757648048043 164.57143829379876 10
1757648048098 163.91221173230375 11
1757648048158 163.2554727407686 12
1757648048215 162.6012949367078 13
1757648048271 161.9497097717698 14
1757648048328 161.30072763698735 15
1757648048444 160.6543484153066 16
1757648048506 160.01056675774495 17
1757648048567 159.36937472136555 18
1757648048627 158.73076308816417 19
1757648048689 158.09472202441444 20
1757648048747 157.46124141024364 21
1757648048806 156.8303110043254 22
1757648048864 156.20192052613103 23
1757648048923 155.57605969696104 24
1757648048982 154.95271826036748 25
1757648049041 154.33188599227168 26
1757648049098 153.71355270593068 27
1757648049164 153.09770825432818 28
1757648049222 152.48434253127826 29
1757648049280 151.8734454718858 30
1757648049338 151.265007052686 31
1757648049410 150.65901729162357 32
1757648049477 150.0554662479525 33
1757648049535 149.4543440220962 34
1757648049594 148.85564075548822 35
1757648049653 148.25934663040456 36
1757648049711 147.66545186979096 37
1757648049769 147.0739467370886 38
1757648049827 146.4848215360601 39
1757648049886 145.89806661061496 40
1757648049944 145.31367234463582 41
1757648050001 144.7316291618054 42
1757648050060 144.15192752543413 43
1757648050118 143.5745579382888 44
1757648050176 142.9995109424214 45
1757648050233 142.42677711899967 46
1757648050290 141.85634708813743 47
1757648050346 141.28821150872662 48
1757648050401 140.72236107826944 49
1757648050461 140.15878653271187 50
1757648050518 139.59747864627755 51
1757648050573 139.03842823130253 52
1757648050630 138.48162613807085 53
1757648050688 137.92706325465116 54
1757648050745 137.3747305067335 55
1757648050801 136.8246188574675 56
1757648050859 136.27671930730074 57
1757648050917 135.73102289381853 58
1757648050973 135.18752069158379 59
1757648051030 134.64620381197815 60
1757648051089 134.10706340304367 61
1757648051146 133.57009064932492 62
1757648051207 133.03527677171266 63
1757648051267 132.50261302728725 64
1757648051325 131.97209070916367 65
1757648051382 131.44370114633656 66
1757648051439 130.91743570352642 67
1757648051497 130.39328578102652 68
1757648051553 129.8712428145502 69
1757648051610 129.3512982750791 70
1757648051668 128.83344366871233 71
1757648051725 128.31767053651583 72
1757648051782 127.8039704543728 73
1757648051840 127.29233503283481 74
1757648051900 126.78275591697329 75
1757648051957 126.2752247862322 76
1757648052014 125.76973335428089 77
1757648052071 125.26627336886801 78
1757648052130 124.76483661167597 79
1757648052187 124.26541489817593 80
1757648052245 123.76800007748368 81
1757648052302 123.27258403221616 82
1757648052359 122.77915867834837 83
1757648052416 122.28771596507141 84
1757648052474 121.79824787465073 85
1757648052532 121.31074642228528 86
1757648052589 120.82520365596724 87
1757648052646 120.3416116563424 88
1757648052705 119.85996253657122 89
1757648052762 119.38024844219042 90
1757648052819 118.90246155097533 91
1757648052878 118.42659407280284 92
1757648052936 117.95263824951486 93
1757648052992 117.48058635478263 94
1757648053049 117.01043069397144 95
1757648053109 116.54216360400608 96
1757648053166 116.07577745323688 97
1757648053231 115.61126464130639 98
1757648053290 115.14861759901655 99
1757648053349 114.68782878819668 100
1757648053408 114.2288907015719 101
1757648053465 113.77179586263209 102
1757648053524 113.31653682550179 103
1757648053581 112.86310617481018 104
1757648053637 112.41149652556221 105
1757648053696 111.96170052300984 106
1757648053757 111.51371084252409 107
1757648053814 111.06752018946773 108
1757648053872 110.6231212990684 109
1757648053930 110.1805069362923 110
1757648053989 109.73966989571868 111
1757648054046 109.30060300141456 112
1757648054105 108.86329910681033 113
1757648054162 108.42775109457565 114
1757648054219 107.99403175657638 115
1757648054279 107.56209258942917 116
1757648054337 107.13190591304969 117
1757648054419 106.70345442818024 118
1757648054483 106.27672603036594 119
1757648054543 105.85171122495329 120
1757648054602 105.4284018361558 121
1757648054675 105.00679036173318 122
1757648054736 104.58686965022285 123
1757648054796 104.16863273943397 124
1757648054858 103.75207277559575 125
1757648054918 103.3371829728511 126
1757648054979 102.92395659293479 127
1757648055040 102.5123869349497 128
1757648055100 102.10246733019578 129
1757648055159 101.69419113952691 130
1757648055223 101.28755175197306 131
1757648055286 100.88254258399549 132
1757648055347 100.4791570790592 133
1757648055407 100.077388707364 134
1757648055467 99.67723096565535 135
1757648055529 99.27867737707558 136
1757648055587 98.88172149103498 137
1757648055646 98.48635688309369 138
1757648055706 98.09257715484874 139
1757648055766 97.7003759338242 140
1757648055825 97.30974687336303 141
1757648055884 96.92068365251977 142
1757648055943 96.53317997595441 143
1757648056002 96.14722957382659 144
1757648056060 95.7628262016903 145
1757648056119 95.3799636403893 146
1757648056179 94.99863569595277 147
1757648056238 94.61883619949157 148
1757648056297 94.24055900709489 149
1757648056357 93.86379799972738 150
1757648056414 93.48854708312668 151
1757648056473 93.11480018770132 152
1757648056533 92.74255126842934 153
1757648056592 92.37179430475696 154
1757648056656 92.002523300498 155
1757648056717 91.63473228373353 156
1757648056777 91.26841530671201 157
1757648056836 90.90356644574999 158
1757648056895 90.54017980113296 159
1757648056960 90.17824949701684 160
1757648057019 89.81776968132986 161
1757648057079 89.45873452567479 162
1757648057139 89.10113822523162 163
1757648057200 88.74497499866068 164
1757648057264 88.39023908800614 165
1757648057327 88.03692475859988 166
1757648057389 87.68502629896597 167
1757648057448 87.3345380207252 168
1757648057507 86.98545425850047 169
1757648057567 86.63776936982205 170
1757648057626 86.29147773503381 171
1757648057699 85.9465737571994 172
1757648057775 85.60305186200905 173
1757648057836 85.26090649768665 174
1757648057898 84.9201321348975 175
1757648057960 84.58072326665591 176
1757648058023 84.24267440823382 177
1757648058138 83.90598009706937 178
1757648058203 83.57063489267603 179
1757648058267 83.23663337655204 180
1757648058331 82.90397015209037 181
1757648058392 82.57263984448889 182
1757648058453 82.24263710066109 183
1757648058515 81.9139565891469 184
1757648058577 81.5865930000244 185
1757648058639 81.26054104482122 186
1757648058701 80.93579545642696 187
1757648058763 80.61235098900552 188
1757648058825 80.29020241790803 189
1757648058884 79.96934453958623 190
1757648058943 79.6497721715058 191
1757648059004 79.33148015206062 192
1757648059062 79.0144633404869 193
1757648059122 78.69871661677804 194
1757648059184 78.3842348815996 195
1757648059244 78.07101305620473 196
1757648059310 77.75904608235003 197
1757648059381 77.4483289222115 198
1757648059454 77.1388565583013 199
1757648059517 76.83062399338432 200
1757648059579 76.52362625039552 201
1757648059641 76.21785837235745 202
1757648059702 75.91331542229814 203
1757648059765 75.60999248316924 204
1757648059828 75.30788465776475 205
1757648059891 75.0069870686398 206
1757648059953 74.70729485803002 207
1757648060015 74.40880318777108 208
1757648060076 74.11150723921861 209
1757648060136 73.81540221316853 210
1757648060197 73.52048332977758 211
1757648060255 73.22674582848441 212
1757648060315 72.93418496793066 213
1757648060377 72.64279602588276 214
1757648060438 72.35257429915369 215
1757648060500 72.06351510352536 216
1757648060561 71.77561377367117 217
1757648060621 71.48886566307893 218
1757648060682 71.203266143974 219
1757648060743 70.91881060724305 220
1757648060805 70.63549446235773 221
1757648060865 70.35331313729901 222
1757648060925 70.07226207848163 223
1757648060988 69.79233675067894 224
1757648061049 69.51353263694809 225
1757648061109 69.23584523855537 226
1757648061169 68.95927007490215 227
1757648061231 68.68380268345086 228
1757648061292 68.40943861965135 229
1757648061358 68.13617345686772 230
1757648061421 67.86400278630518 231
1757648061482 67.59292221693745 232
1757648061543 67.32292737543435 233
1757648061604 67.05401390608974 234
1757648061665 66.78617747074969 235
1757648061726 66.519413748741 236
1757648061787 66.25371843680011 237
1757648061849 65.98908724900213 238
1757648061909 65.72551591669018 239
1757648061970 65.46300018840533 240
1757648062032 65.2015358298163 241
1757648062091 64.94111862364997 242
1757648062152 64.68185763554419 243
1757648062214 64.42369128033452 244
1757648062276 64.16658673312995 245
1757648062337 63.910525522786806 246
1757648062399 63.65549635841394 247
1757648062460 63.4014915481807 248
1757648062522 63.148505209131294 249
1757648062584 62.89653237168624 250
1757648062644 62.64556853152284 251
1757648062704 62.395609425275396 252
1757648062767 62.146650918239274 253
1757648062828 61.89868894813087 254
1757648062889 61.65171949690491 255
1757648062950 61.40573857661556 256
1757648063013 61.160742222306986 257
1757648063074 60.916726488422974 258
1757648063135 60.67368744697793 259
1757648063197 60.43162118660976 260
1757648063258 60.19052381207435 261
1757648063318 59.9503914439612 262
1757648063387 59.711220218519756 263
1757648063450 59.47300628754156 264
1757648063515 59.235745818270175 265
1757648063578 58.99943499332531 266
1757648063640 58.76407001063416 267
1757648063701 58.529647083366406 268
1757648063763 58.29616243987126 269
1757648063825 58.06361232361558 270
1757648063886 57.83199299312272 271
1757648063946 57.6013007219118 272
1757648064010 57.37153179843735 273
1757648064071 57.14268252602927 274
1757648064133 56.91474922283296 275
1757648064195 56.687728221749886 276
1757648064257 56.46161587037824 277
1757648064319 56.236470473701665 278
1757648064391 56.0122569217741 279
1757648064463 55.788955882338556 280
1757648064527 55.566555894242995 281
1757648064592 55.345049438912866 282
1757648064662 55.12443097924731 283
1757648064732 54.90469597830426 284
1757648064797 54.68584040765671 285
1757648064860 54.46786050091239 286
1757648064925 54.25075263009143 287
1757648064990 54.03451324359964 288
1757648065054 53.81913883509059 289
1757648065116 53.60462592781965 290
1757648065179 53.39097106676835 291
1757648065243 53.17817081466645 292
1757648065305 52.96622174996905 293
1757648065367 52.75512046581462 294
1757648065437 52.54486356947503 295
1757648065502 52.33544768205263 296
1757648065566 52.126869438301206 297
1757648065629 51.91912548650935 298
1757648065691 51.712212488415084 299
1757648065754 51.506127119136394 300
1757648065818 51.30086606710982 301
1757648065882 51.09642603403314 302
1757648065944 50.892803734810265 303
1757648066008 50.68999589749734 304
1757648066071 50.48802294758194 305
1757648066132 50.28686959296127 306
1757648066195 50.086526601873196 307
1757648066258 49.88698774878991 308
1757648066320 49.68824831659331 309
1757648066384 49.490304351754 310
1757648066446 49.2931522912998 311
1757648066509 49.096764773411614 312
1757648066571 48.9011745721895 313
1757648066634 48.706372512502874 314
1757648066697 48.51235244154487 315
1757648066760 48.31910972275062 316
1757648066829 48.12661637366906 317
1757648066890 47.93490511235338 318
1757648066954 47.74396665031744 319
1757648067018 47.5537948092903 320
1757648067084 47.36438497069138 321
1757648067147 47.175709085075326 322
1757648067212 46.98780008171439 323
1757648067275 46.80064870041612 324
1757648067337 46.614248807376306 325
1757648067405 46.42859583643425 326
1757648067474 46.24366169052283 327
1757648067537 46.05950745191385 328
1757648067602 45.87610973537252 329
1757648067665 45.69345540600032 330
1757648067728 45.51153643259687 331
1757648067791 45.33032317006669 332
1757648067854 45.149847802218304 333
1757648067917 44.9701006957581 334
1757648067981 44.791075596584186 335
1757648068044 44.61276794117283 336
1757648068106 44.435150059556655 337
1757648068169 44.258254731713436 338
1757648068233 44.08204458463724 339
1757648068297 43.906556089463955 340
1757648068360 43.731777786511124 341
1757648068425 43.55767873932711 342
1757648068489 43.38428982069138 343
1757648068552 43.21160116311025 344
1757648068616 43.03957811888971 345
1757648068679 42.86825866309507 346
1757648068742 42.69760839368517 347
1757648068807 42.527656191692635 348
1757648068871 42.35839137391663 349
1757648068934 42.189807241879045 350
1757648068999 42.02189909219566 351
1757648069063 41.854611320473495 352
1757648069126 41.688018707827524 353
1757648069190 41.52210531716844 354
1757648069253 41.35686184897737 355
1757648069316 41.192282324175245 356
1757648069390 41.02833909451188 357
1757648069467 40.86506381001733 358
1757648069536 40.702419026914406 359
1757648069602 40.540441780038655 360
1757648069668 40.379097544615846 361
1757648069734 40.218414291283835 362
1757648069800 40.058381413875246 363
1757648069865 39.89899232695111 364
1757648069930 39.740242457275066 365
1757648069995 39.58207661015342 366
1757648070065 39.42456930132118 367
1757648070129 39.267704805497566 368
1757648070193 39.111474001519994 369
1757648070258 38.95587107163991 370
1757648070322 38.800868961600905 371
1757648070386 38.64649880304337 372
1757648070451 38.49272324199795 373
1757648070515 38.3395797683049 374
1757648070582 38.187057190202886 375
1757648070646 38.03512592134878 376
1757648070803 37.88381560191165 377
1757648070876 37.733116972298724 378
1757648070944 37.5830241965798 379
1757648071012 37.43348178322144 380
1757648071079 37.28456363549426 381
1757648071146 37.13625405417733 382
1757648071212 36.98854399986164 383
1757648071279 36.841427763804155 384
1757648071348 36.69487882846177 385
1757648071415 36.54892782894113 386
1757648071482 36.4035375038562 387
1757648071552 36.258745748930544 388
1757648071619 36.11451912847253 389
1757648071684 35.97088460646429 390
1757648071747 35.82783205792436 391
1757648071811 35.68535527393896 392
1757648071877 35.543450004920736 393
1757648071942 35.4020618843881 394
1757648072018 35.261264912199806 395
1757648072085 35.12104377162865 396
1757648072152 34.981389679019046 397
1757648072217 34.842275024229 398
1757648072281 34.70372917596195 399
1757648072346 34.56574351882474 400
1757648072410 34.42831264266657 401
1757648072476 34.29140376088704 402
1757648072541 34.155035393220494 403
1757648072606 34.01923073612094 404
1757648072670 33.883978261154645 405
1757648072735 33.749271117061035 406
1757648072800 33.615082966229544 407
1757648072865 33.481443320115005 408
1757648072930 33.348314885326346 409
1757648072994 33.215736092442285 410
1757648073059 33.08369600860482 411
1757648073125 32.95216638680729 412
1757648073190 32.821175598232514 413
1757648073255 32.69071496717933 414
1757648073320 32.56077911167537 415
1757648073385 32.43131361449281 416
1757648073451 32.30239170293841 417
1757648073517 32.173998187670826 418
1757648073588 32.0461244436341 419
1757648073655 31.918743652365112 420
1757648073721 31.791884430232507 421
1757648073786 31.66553850291543 422
1757648073851 31.539700724002152 423
1757648073916 31.41433834225281 424
1757648073981 31.289470974499313 425
1757648074046 31.165121050388198 426
1757648074113 31.04127735943838 427
1757648074177 30.917933300676673 428
1757648074242 30.795063345253904 429
1757648074308 30.67269630865044 430
1757648074382 30.550795064020207 431
1757648074459 30.42939856731029 432
1757648074527 30.30847491930463 433
1757648074595 30.188049575932148 434
1757648074673 30.068113080830546 435
1757648074742 29.94865974444534 436
1757648074810 29.829664763226184 437
1757648074879 29.71112758454121 438
1757648074947 29.59308449615645 439
1757648075015 29.47552339221113 440
1757648075083 29.358437276961563 441
1757648075150 29.241800794395534 442
1757648075216 29.125642254679313 443
1757648075282 29.00995388522576 444
1757648075349 28.894730875092645 445
1757648075414 28.77991977521385 446
1757648075481 28.665593283511623 447
1757648075549 28.551736629420688 448
1757648075622 28.438341513564996 449
1757648075696 28.32538217753463 450
1757648075764 28.212886313034478 451
1757648075831 28.100846087164797 452
1757648075899 27.98922732552094 453
1757648075968 27.878050206746135 454
1757648076037 27.767335807701556 455
1757648076106 27.657073121306492 456
1757648076176 27.547255757443917 457
1757648076244 27.437859158193962 458
1757648076312 27.328911210631663 459
1757648076381 27.2204044255322 460
1757648076448 27.112304766969423 461
1757648076516 27.004632850403198 462
1757648076584 26.89740950726052 463
1757648076651 26.790623850864396 464
1757648076718 26.68426957913456 465
1757648076786 26.57832241528199 466
1757648076852 26.472809993784924 467
1757648076930 26.367695470392565 468
1757648077000 26.263018557809865 469
1757648077075 26.158768765436257 470
1757648077159 26.054919812726162 471
1757648077239 25.951498215255363 472
1757648077315 25.848496127629303 473
1757648077393 25.74588873060741 474
1757648077466 25.643703023715023 475
1757648077539 25.541902008740667 476
1757648077613 25.44052545490757 477
1757648077686 25.33956287400987 478
1757648077776 25.2389882100696 479
1757648077845 25.13882772023932 480
1757648077942 25.03907365507554 481
1757648078013 24.93970146418048 482
1757648078081 24.840708366643295 483
1757648078148 24.74213134803211 484
1757648078215 24.64395853931693 485
1757648078282 24.546183217956216 486
1757648078349 24.448781418209272 487
1757648078417 24.351780089985184 488
1757648078483 24.255172043542352 489
1757648078549 24.158933222241288 490
1757648078618 24.063060697211764 491
1757648078684 23.96759168263631 492
1757648078752 23.872514404306905 493
1757648078819 23.777802589936705 494
1757648078884 23.68348166371762 495
1757648078952 23.58954388872624 496
1757648079020 23.4959846453865 497
1757648079086 23.402781366815276 498
1757648079152 23.309931477020513 499
