1757636878956 78.65287831772227 0
1757636879051 27.972623872386166 1
1757636879143 12.821234034380284 2
1757636879230 2.8947355188942487 3
1757636879317 0.11508177290224901 4
1757636879411 1.374246739521068 5
1757636879498 0.39093449249784235 6
1757636879588 0.7562038041725324 7
1757636879675 0.22899257060058717 8
1757636879764 0.00017555425380744492 9
1757636879856 0.01486568064718048 10
1757636879948 0.0762971396960819 11
1757636880038 0.0471910946912717 12
1757636880167 0.006143064981359445 13
1757636880261 0.4737088377613457 14
1757636880355 0.07008699843209777 15
1757636880442 0.004895881404786342 16
1757636880543 0.019389968931879994 17
1757636880631 0.002256045312337986 18
1757636880721 0.13852238104395803 19
1757636880809 0.01732500128922781 20
1757636880897 0.031105101479545108 21
1757636880984 0.1405415551479372 22
1757636881078 0.0046943579368714855 23
1757636881179 0.05800762046930645 24
1757636881278 0.0437452922039788 25
1757636881366 1.2146171009511553 26
1757636881452 0.0017037664118147858 27
1757636881540 6.946120573425913e-05 28
1757636881629 0.004598779053824301 29
1757636881717 0.007286300245784941 30
1757636881806 0.04211677802393686 31
1757636881894 0.1668679120496256 32
1757636881981 0.00022414562190854244 33
1757636882082 0.028124288761115095 34
1757636882172 0.018497951211548305 35
1757636882261 0.02297723332642671 36
1757636882349 0.004070164934339924 37
1757636882437 0.10524173387888028 38
1757636882525 0.27873360201820513 39
1757636882613 0.006720595421513819 40
1757636882701 0.24739915764541062 41
1757636882790 0.1558663709315016 42
1757636882877 0.11792229201136231 43
1757636882964 2.7711931665847724e-05 44
1757636883052 0.04730806578839284 45
1757636883146 0.4103103007434958 46
1757636883235 0.06075920437300515 47
1757636883324 0.01758081037695346 48
1757636883412 0.06346092408085104 49
1757636883498 0.03244990224326902 50
1757636883587 0.06613337086058801 51
1757636883676 0.006201159651407813 52
1757636883765 0.002526193451501511 53
1757636883853 0.062034014579131255 54
1757636883940 0.010647157487292324 55
1757636884030 0.006797719470444833 56
1757636884117 0.03653780424716204 57
1757636884205 0.35145443719773234 58
1757636884292 0.053565812007756924 59
1757636884382 0.017448724213278102 60
1757636884471 0.059511064966208296 61
1757636884560 0.0820608783264598 62
1757636884724 0.18314987234807395 63
1757636884815 0.1477833706320394 64
1757636884905 0.042469064642404686 65
1757636884996 0.5069210503031004 66
1757636885085 0.10155666971339891 67
1757636885179 0.00477559245557762 68
1757636885268 0.017041450518611112 69
1757636885355 0.09022561960221116 70
1757636885445 0.008214834348050227 71
1757636885534 0.024683512296469385 72
1757636885623 0.0338170036136893 73
1757636885710 0.010615623337973227 74
1757636885801 0.0721488406570017 75
1757636885901 0.03458316001483827 76
1757636885995 0.009072416950020467 77
1757636886084 0.01166539888776404 78
1757636886173 0.09992972844405723 79
1757636886261 0.11832547776017698 80
1757636886349 0.05504459980477725 81
1757636886438 0.029569669156318267 82
1757636886528 0.006647492278207182 83
1757636886616 0.014322183621764654 84
1757636886705 0.16366019208883312 85
1757636886794 0.0281806253691172 86
1757636886882 0.12802911598776023 87
1757636886971 0.024193012901436616 88
1757636887074 0.09289211702563027 89
1757636887169 0.40348268220659306 90
1757636887258 0.046470480742477185 91
1757636887348 0.023340782389628785 92
1757636887438 0.00523530941534669 93
1757636887525 0.12882787466376835 94
1757636887615 0.07248975174039506 95
1757636887704 0.03749907398287603 96
1757636887796 0.007094953548027591 97
1757636887884 0.7770330191865502 98
1757636887974 0.012054631976342246 99
1757636888062 0.007421001093319908 100
1757636888153 0.0029107959593365628 101
1757636888242 0.0005117941125012961 102
1757636888329 0.0043713731564267895 103
1757636888420 0.050985681624904265 104
1757636888511 0.009462863881718193 105
1757636888598 0.006959572008787423 106
1757636888687 0.24634818108510378 107
1757636888780 0.030686109187291102 108
1757636888869 0.04260171637940676 109
1757636888965 0.0032354123603525703 110
1757636889054 0.016784530154267688 111
1757636889155 0.39314732322070123 112
1757636889265 0.27823182398061547 113
1757636889355 0.0400545459510196 114
1757636889445 0.34649930238980187 115
1757636889572 0.0009647947949920645 116
1757636889663 0.14441759856565167 117
1757636889754 0.08263585898308023 118
1757636889843 0.0022150273307627332 119
1757636889933 0.13717290221956033 120
1757636890022 0.07757131914102473 121
1757636890111 0.11368863789919223 122
1757636890202 0.003510640923672322 123
1757636890292 0.0011054129414176214 124
1757636890382 0.06388876915559445 125
1757636890472 0.0022121788237925884 126
1757636890561 0.027124874631793604 127
1757636890650 0.1777380539448632 128
1757636890740 0.022069572568740196 129
1757636890829 0.3660817065925812 130
1757636890920 0.0027971243984758485 131
1757636891009 0.007198646354624686 132
1757636891103 0.038115698265112304 133
1757636891200 0.25563756602703935 134
1757636891296 0.7430342203491247 135
1757636891388 0.017400143734610497 136
1757636891479 0.0069968419705393105 137
1757636891569 0.0006342923124225767 138
1757636891659 0.2795186957388846 139
1757636891749 9.044402560747499e-05 140
1757636891840 0.0014571606009074647 141
1757636891930 0.00040539663233038194 142
1757636892021 0.07611960189882541 143
1757636892127 0.003781884286871936 144
1757636892216 0.029816124798262043 145
1757636892306 0.08189509841604367 146
1757636892397 0.12785629423788056 147
1757636892490 0.010657404616924448 148
1757636892580 0.02278473051460916 149
1757636892669 0.2763924876239638 150
1757636892759 0.4553128766152174 151
1757636892851 0.19065553103098415 152
1757636892943 0.13376029288727753 153
1757636893032 0.001186351964771199 154
1757636893125 0.03937509016815063 155
1757636893213 0.007212766876714264 156
1757636893310 0.000142197493872206 157
1757636893401 0.6834772781643061 158
1757636893492 0.04541472620328932 159
1757636893583 0.00911056237858525 160
1757636893674 0.052765788787752475 161
1757636893765 0.04294773689513229 162
1757636893856 0.08744861704447943 163
1757636893953 0.08057622935413122 164
1757636894045 0.007755293884046014 165
1757636894136 0.11947213738487318 166
1757636894227 0.07556081649949008 167
1757636894319 0.19831242453266307 168
1757636894414 0.026529554281224207 169
1757636894503 0.059257615703724544 170
1757636894594 0.00879752373773647 171
1757636894684 0.00044451500318276886 172
1757636894776 0.0474528287029958 173
1757636894868 0.2616173192315807 174
1757636894959 1.8392751682154793 175
1757636895047 0.0007141284107951986 176
1757636895138 0.0006166336118926152 177
1757636895229 0.054154586979311456 178
1757636895328 0.10431207586324322 179
1757636895420 0.00781457135528853 180
1757636895511 2.930244258148104e-05 181
1757636895601 0.9726332378469281 182
1757636895692 0.0568047351671451 183
1757636895784 0.3957047270102584 184
1757636895875 0.5723749618834219 185
1757636895965 0.010589301834679038 186
1757636896056 0.0005670451471850978 187
1757636896146 1.6627984775680387 188
1757636896238 0.024457730637222348 189
1757636896331 0.15419703361491377 190
1757636896422 0.12991678005003673 191
1757636896512 0.0005548253706085192 192
1757636896603 0.019875887154051572 193
1757636896695 0.4220488701204983 194
1757636896787 0.03272495594991669 195
1757636896878 0.678473055499747 196
1757636896971 0.054933123370011244 197
1757636897072 0.03566368216091394 198
1757636897167 0.14669181447004845 199
1757636897260 0.1189405758735074 200
1757636897357 0.10305341900521428 201
1757636897449 0.08625800613765254 202
1757636897539 0.004124606612264503 203
1757636897630 2.134538988230898e-06 204
1757636897723 0.025812201587711248 205
1757636897814 0.08124516735120516 206
1757636897906 0.07282680771857361 207
1757636897998 0.05596644196622107 208
1757636898089 0.21457046913734562 209
1757636898182 0.03500967567679957 210
1757636898275 0.06644218156985801 211
1757636898366 0.0025743881735985357 212
1757636898459 0.007283949443481041 213
1757636898550 0.006414549528324219 214
1757636898643 0.07608355281578137 215
1757636898736 0.0019307299514311708 216
1757636898827 0.029295556378266415 217
1757636898919 0.045422280344438896 218
1757636899010 0.012910824456643722 219
1757636899102 0.6786718999339438 220
1757636899194 0.001397755578559717 221
1757636899290 0.4061149034354243 222
1757636899384 0.018537728450339852 223
1757636899476 0.0006643283588545219 224
1757636899572 0.007672385444764159 225
1757636899665 0.0015264691017809015 226
1757636899759 0.00018244477743889557 227
1757636899850 0.548768743802237 228
1757636899941 0.0006960075999915627 229
1757636900032 0.12510272986972176 230
1757636900124 0.0311175849786306 231
1757636900216 0.03743907790607995 232
1757636900308 0.3308509776333178 233
1757636900399 0.048009592125678374 234
1757636900491 0.059072652058302866 235
1757636900584 0.0822718995545065 236
1757636900677 0.007207666036580385 237
1757636900770 0.015864310783645127 238
1757636900861 0.011109771870141373 239
1757636900953 0.010476088070012185 240
1757636901046 0.007192424203116979 241
1757636901151 0.14204763643352186 242
1757636901245 0.004838680322458289 243
1757636901337 0.16868916749795673 244
1757636901435 0.02861921345986815 245
1757636901528 9.766931380723481e-05 246
1757636901622 0.00044723665919519214 247
1757636901715 0.10787665214586654 248
1757636901806 0.0011944689210427368 249
1757636901897 0.7683322710957495 250
1757636901989 0.44431197770730635 251
1757636902098 0.03633497926332903 252
1757636902193 0.036950724175319506 253
1757636902284 0.05970770503697959 254
1757636902376 0.022103859481914075 255
1757636902469 0.03882277232185014 256
1757636902561 9.444634287825091e-05 257
1757636902653 0.0003207399070434397 258
1757636902746 0.10699500938848126 259
1757636902838 0.04382258604061058 260
1757636902929 0.017353609479860005 261
1757636903022 0.0004152441185856835 262
1757636903116 0.018441939491953902 263
1757636903208 0.008442557254741705 264
1757636903300 0.38872968121116863 265
1757636903398 0.0968636178493389 266
1757636903494 0.023409180580248518 267
1757636903586 0.012632784469904127 268
1757636903679 0.02515146694567948 269
1757636903777 0.0027202661356896408 270
1757636903869 0.014832315807517127 271
1757636903964 0.1053351530738655 272
1757636904058 0.34240634089334043 273
1757636904150 0.003030106124448337 274
1757636904241 0.0005867575974444137 275
1757636904333 0.40853660232386635 276
1757636904425 0.9915488208874029 277
1757636904518 0.058093214765648285 278
1757636904611 0.05281899582690659 279
1757636904703 0.057682241226861365 280
1757636904795 0.024638474121350944 281
1757636904887 0.003931054336225411 282
1757636904981 0.06285850549718186 283
1757636905074 0.003996683492039831 284
1757636905167 0.09018203579647169 285
1757636905259 0.000631094593218254 286
1757636905352 0.30793219212710016 287
1757636905449 0.008512471807189345 288
1757636905543 0.14169630646447984 289
1757636905636 0.07400530237101141 290
1757636905729 0.000310629872059308 291
1757636905822 0.4536445203475074 292
1757636905915 0.4077422996295212 293
1757636906008 0.041810283628261696 294
1757636906102 0.15828760672208605 295
1757636906195 0.06818032661305967 296
1757636906287 0.1866926962559943 297
1757636906380 0.3942469043117294 298
1757636906475 0.05167162787378539 299
1757636906568 0.09090393280495394 300
1757636906661 0.11097914669213671 301
1757636906754 0.01748690381234398 302
1757636906847 0.12035986009002972 303
1757636906944 0.019554259280432484 304
1757636907043 0.05756403929111299 305
1757636907144 0.42313301775984363 306
1757636907238 0.00039046358487928803 307
1757636907332 0.04016530905673082 308
1757636907427 0.10176788428075113 309
1757636907526 0.003584228681523464 310
1757636907618 0.00012479619160608087 311
1757636907712 0.028569506704872804 312
1757636907805 0.0023939716877398117 313
1757636907900 0.15951553838315985 314
1757636907995 0.02553077228026715 315
1757636908089 0.002695890700492771 316
1757636908186 0.0091547232381937 317
1757636908280 0.14177242350148836 318
1757636908373 0.041618555661786676 319
1757636908468 0.009489749612673619 320
1757636908561 0.44260711137513187 321
1757636908655 0.11141915429214433 322
1757636908749 0.000750761774973347 323
1757636908844 0.004688243700908457 324
1757636908939 0.002066512542226722 325
1757636909035 0.33990452382218656 326
1757636909128 0.09315360607593354 327
1757636909222 0.005337825790294947 328
1757636909320 0.1531748627633299 329
1757636909417 0.33569600503533176 330
1757636909518 0.00046319654706411414 331
1757636909615 0.35108951763188584 332
1757636909709 0.13066305880483278 333
1757636909809 0.013229938464411985 334
1757636909904 0.01952415341624693 335
1757636909999 0.023856471970450915 336
1757636910093 0.007260017740654771 337
1757636910275 0.03249594874699751 338
1757636910384 0.08963777716177398 339
1757636910486 0.2817260574797028 340
1757636910581 0.003959152384618549 341
1757636910677 0.09292576584299027 342
1757636910772 0.006597193234720294 343
1757636910869 0.16100973231249707 344
1757636910964 0.16148651642563755 345
1757636911060 0.004681330483569188 346
1757636911166 0.15396356062435007 347
1757636911260 0.1629624713855704 348
1757636911356 0.002411706750886421 349
1757636911452 0.3629150559581399 350
1757636911558 0.14655925571235878 351
1757636911658 0.09798429584323033 352
1757636911752 0.05279640758847125 353
1757636911845 0.03443932475222481 354
1757636911940 0.004501661192882889 355
1757636912040 0.025859975176644786 356
1757636912146 0.06805430888359845 357
1757636912241 0.05699281102319583 358
1757636912335 0.002119060147015797 359
1757636912430 0.02669886527187872 360
1757636912525 0.019191892657931288 361
1757636912621 0.09601435260570475 362
1757636912716 8.544369629899078e-05 363
1757636912812 0.029632109909408236 364
1757636912907 0.11856413506002958 365
1757636913003 0.21818933407672197 366
1757636913099 0.016792400529956952 367
1757636913196 0.8611470203792994 368
1757636913291 0.001932865122092453 369
1757636913386 0.030890566455354675 370
1757636913483 0.0033289803680664042 371
1757636913581 4.233983694207304e-05 372
1757636913680 10.670577191714674 373
1757636913775 0.35638154114788234 374
1757636913870 0.21455357376777023 375
1757636913966 0.06162018369586422 376
1757636914062 0.12102688548167669 377
1757636914157 0.0002786457283713464 378
1757636914251 0.5874904304911677 379
1757636914346 0.0704737397079308 380
1757636914442 0.0844455842832488 381
1757636914539 0.25578543722141117 382
1757636914634 0.2651364294222461 383
1757636914728 0.07605441337244681 384
1757636914874 0.003529118750009 385
1757636914974 0.15712656515544252 386
1757636915077 0.14462004681771892 387
1757636915173 0.7005188017783394 388
1757636915268 3.812599522641344e-05 389
1757636915361 0.5607465938236799 390
1757636915457 0.0937956806539991 391
1757636915554 0.04536171767411103 392
1757636915655 0.18974550752304675 393
1757636915751 0.03166087347058233 394
1757636915849 0.5696087773644104 395
1757636915945 0.008325090007182782 396
1757636916041 0.27327495896733844 397
1757636916137 0.17967968902820272 398
1757636916233 0.02886370822768566 399
1757636916329 4.5436151492734986e-05 400
1757636916425 0.02365634346323598 401
1757636916523 0.14661678992063013 402
1757636916619 0.4891920730774024 403
1757636916714 0.12999585779568829 404
1757636916812 0.18303739497854365 405
1757636916909 0.0010658908197596138 406
1757636917006 0.09494632975531858 407
1757636917119 0.0876673536658299 408
1757636917215 0.000372012806658385 409
1757636917312 0.02561120886036491 410
1757636917408 0.027989522805634527 411
1757636917505 0.11584960507554318 412
1757636917602 0.040216999635986454 413
1757636917704 0.05362622678577174 414
1757636917800 0.014670985660566196 415
1757636917896 0.18414157773175516 416
1757636917994 0.00604210666079442 417
1757636918091 0.05730534872552147 418
1757636918188 0.0742008255427969 419
1757636918285 0.1735447931463277 420
1757636918382 0.10625040760437718 421
1757636918480 0.208936527560382 422
1757636918577 0.0918219273854456 423
1757636918674 0.012957606085482737 424
1757636918770 0.013454827564652638 425
1757636918867 0.2655250280293996 426
1757636918965 0.3726374267797331 427
1757636919061 0.008457856366052103 428
1757636919157 0.0008324021120360042 429
1757636919254 0.40789276678922765 430
1757636919351 0.40832181572048204 431
1757636919447 0.49106528571085967 432
1757636919544 0.020530482519617865 433
1757636919641 0.013039241532198077 434
1757636919742 0.03433744747207219 435
1757636919839 0.017697742208652768 436
1757636919940 0.05945357805858881 437
1757636920036 0.0006958515615776471 438
1757636920134 0.1456521283699764 439
1757636920230 0.1998905564841913 440
1757636920328 0.009296242379705664 441
1757636920429 0.11150104690714947 442
1757636920527 0.108163836532892 443
1757636920624 0.19314674071717464 444
1757636920722 0.05360534702843649 445
1757636920820 0.06247744390806508 446
1757636920917 0.6886638278834792 447
1757636921016 0.08987122797939041 448
1757636921124 9.235758465353005e-05 449
1757636921222 0.07111259327769111 450
1757636921320 0.08371839542412374 451
1757636921419 0.0751941832453369 452
1757636921516 0.0025378614740317173 453
1757636921613 0.07101890663272652 454
1757636921714 0.015137809175476188 455
1757636921812 1.1829891878034307 456
1757636921910 0.0029946900771112826 457
1757636922008 0.3735632062472477 458
1757636922123 0.07696296022657946 459
1757636922223 4.993682877051424e-05 460
1757636922320 0.03394767486096081 461
1757636922419 0.05271052868491176 462
1757636922517 0.02221736018092 463
1757636922614 0.058447376272462666 464
1757636922713 0.030488091451401227 465
1757636922811 0.23399409888019762 466
1757636922909 0.9590758953201918 467
1757636923007 0.025729896557943527 468
1757636923106 0.000864097220557122 469
1757636923204 0.07131674897991835 470
1757636923302 1.1109428087073254 471
1757636923402 0.08403441254300353 472
1757636923500 0.03270731663094866 473
1757636923597 0.011432277627238628 474
1757636923697 0.1787807386911189 475
1757636923802 0.10215691298698912 476
1757636923902 0.0012618544954152158 477
1757636924000 0.09783645520462224 478
1757636924098 1.3035793247305416 479
1757636924194 0.0897385703489961 480
1757636924292 0.15104488765178778 481
1757636924391 0.0005497563150110672 482
1757636924488 0.08522890287790691 483
1757636924586 0.10026497396549489 484
1757636924684 0.009097969551738272 485
1757636924782 0.10954441675113548 486
1757636924881 0.4111030202936624 487
1757636924979 0.008956678649622712 488
1757636925076 0.024800212495900233 489
1757636925175 1.2032171016962592 490
1757636925273 0.09533638074337808 491
1757636925372 0.054933541413154555 492
1757636925469 0.13002380554026743 493
1757636925568 0.019224674446693048 494
1757636925666 0.2996164846544698 495
1757636925789 0.5583979719047232 496
1757636925960 0.09739397934702258 497
1757636926061 9.514812254077197e-06 498
1757636926158 0.003135119207349182 499
