1757639104417 116.52137727567163 0
1757639104463 86.86975703516907 1
1757639104510 59.660981803349216 2
1757639104557 42.00535587952163 3
1757639104604 29.12754560960245 4
1757639104649 21.243941924723504 5
1757639104695 14.696407794075023 6
1757639104740 11.224682688176403 7
1757639104784 8.188287915989108 8
1757639104828 5.140585965938065 9
1757639104874 3.862650220633678 10
1757639104919 2.975247150180959 11
1757639104965 2.304429401558784 12
1757639105010 1.5355320716183374 13
1757639105056 1.0992003972069717 14
1757639105100 0.6964101572301113 15
1757639105148 0.7571119000199711 16
1757639105195 0.5029953593452793 17
1757639105245 0.5277317314693138 18
1757639105293 0.2618060366777958 19
1757639105340 0.2918677603021765 20
1757639105388 0.14263389359284667 21
1757639105435 0.2026036460213785 22
1757639105483 0.16360856546341493 23
1757639105533 0.194619912856492 24
1757639105585 0.203615327373473 25
1757639105636 0.19931984649711004 26
1757639105688 0.16887882532933812 27
1757639105741 0.1259403475286349 28
1757639105790 0.09530525518671368 29
1757639105855 0.14678507770041993 30
1757639105909 0.1755014438938629 31
1757639105969 0.11270146382242893 32
1757639106021 0.16163536308854123 33
1757639106073 0.100399816994531 34
1757639106123 0.12672643352565574 35
1757639106173 0.19893791990777834 36
1757639106223 0.16854498843984014 37
1757639106273 0.15693874415667644 38
1757639106332 0.09046687038417936 39
1757639106384 0.14585587895048985 40
1757639106435 0.2064526569637547 41
1757639106484 0.10160785801697234 42
1757639106534 0.1111567057224078 43
1757639106582 0.07546712067291735 44
1757639106631 0.1278618363826459 45
1757639106682 0.09273212064747034 46
1757639106732 0.0704142661222103 47
1757639106783 0.08108341670842759 48
1757639106833 0.12027986631980334 49
1757639106883 0.11818512479991938 50
1757639106933 0.09759054805542791 51
1757639106986 0.10510519847265068 52
1757639107039 0.06502913437107379 53
1757639107089 0.12838223749401542 54
1757639107142 0.06867099055719109 55
1757639107193 0.16668580102575917 56
1757639107246 0.07099847099977859 57
1757639107296 0.10878417535551939 58
1757639107349 0.14538086748490256 59
1757639107403 0.05422565949890724 60
1757639107457 0.1125526028140601 61
1757639107509 0.07026991036080163 62
1757639107560 0.08081149211436792 63
1757639107624 0.09208555635174327 64
1757639107687 0.0795546043479371 65
1757639107741 0.11359992735941385 66
1757639107793 0.08382508888539056 67
1757639107848 0.18786226046953572 68
1757639107900 0.09701778398778461 69
1757639107952 0.13013363176384882 70
1757639108001 0.10850409567409258 71
1757639108051 0.08714243834066714 72
1757639108102 0.08460203150801503 73
1757639108156 0.09484984440668925 74
1757639108207 0.08201180644459245 75
1757639108259 0.08903069916214632 76
1757639108310 0.06869180862662884 77
1757639108368 0.15896238262202864 78
1757639108418 0.08188512636230832 79
1757639108478 0.17914227886878326 80
