1757641881366 168.87672819721146 0
1757641881427 168.53981680040366 1
1757641881482 168.2035782302039 2
1757641881539 167.86801114277654 3
1757641881595 167.5331141969703 4
1757641881647 167.19888605431285 5
1757641881697 166.86532537900516 6
1757641881750 166.5324308379166 7
1757641881800 166.2002011005793 8
1757641881855 165.86863483918293 9
1757641881906 165.5377307285695 10
1757641881958 165.20748744622782 11
1757641882010 164.87790367228845 12
1757641882062 164.54897808951824 13
1757641882118 164.22070938331524 14
1757641882169 163.8930962417033 15
1757641882221 163.56613735532682 16
1757641882274 163.23983141744566 17
1757641882326 162.9141771239298 18
1757641882384 162.58917317325407 19
1757641882435 162.2648182664932 20
1757641882488 161.94111110731632 21
1757641882539 161.61805040198192 22
1757641882594 161.29563485933272 23
1757641882649 160.9738631907904 24
1757641882702 160.65273411035062 25
1757641882763 160.33224633457763 26
1757641882825 160.01239858259933 27
1757641882880 159.6931895761021 28
1757641882936 159.37461803932567 29
1757641882995 159.05668269905803 30
1757641883063 158.73938228463038 31
1757641883121 158.42271552791195 32
1757641883175 158.106681163305 33
1757641883229 157.7912779277398 34
1757641883283 157.47650456066953 35
1757641883338 157.16235980406512 36
1757641883392 156.84884240241053 37
1757641883445 156.53595110269742 38
1757641883501 156.22368465442025 39
1757641883556 155.91204180957138 40
1757641883611 155.60102132263594 41
1757641883666 155.29062195058688 42
1757641883720 154.9808424528801 43
1757641883771 154.67168159144938 44
1757641883826 154.36313813070143 45
1757641883879 154.055210837511 46
1757641883933 153.74789848121594 47
1757641883984 153.4411998336124 48
1757641884036 153.13511366894951 49
1757641884089 152.82963876392506 50
1757641884145 152.52477389768015 51
1757641884197 152.22051785179445 52
1757641884250 151.91686941028152 53
1757641884302 151.6138273595836 54
1757641884357 151.31139048856704 55
1757641884409 151.0095575885173 56
1757641884462 150.70832745313427 57
1757641884515 150.4076988785272 58
1757641884567 150.10767066321011 59
1757641884620 149.808241608097 60
1757641884672 149.50941051649687 61
1757641884727 149.21117619410902 62
1757641884780 148.91353744901838 63
1757641884834 148.6164930916906 64
1757641884887 148.32004193496732 65
1757641884941 148.02418279406152 66
1757641885000 147.72891448655264 67
1757641885056 147.4342358323821 68
1757641885109 147.14014565384818 69
1757641885163 146.8466427756017 70
1757641885215 146.55372602464112 71
1757641885267 146.2613942303079 72
1757641885323 145.9696462242818 73
1757641885378 145.67848084057624 74
1757641885430 145.38789691553364 75
1757641885484 145.09789328782068 76
1757641885539 144.80846879842377 77
1757641885593 144.51962229064446 78
1757641885647 144.23135261009458 79
1757641885701 143.94365860469185 80
1757641885755 143.6565391246552 81
1757641885808 143.36999302250015 82
1757641885861 143.08401915303432 83
1757641885914 142.79861637335262 84
1757641885968 142.51378354283298 85
1757641886027 142.2295195231316 86
1757641886082 141.94582317817836 87
1757641886136 141.66269337417253 88
1757641886190 141.38012897957796 89
1757641886244 141.09812886511864 90
1757641886297 140.81669190377428 91
1757641886351 140.53581697077573 92
1757641886405 140.2555029436005 93
1757641886458 139.97574870196817 94
1757641886511 139.6965531278361 95
1757641886566 139.41791510539483 96
1757641886620 139.1398335210636 97
1757641886674 138.86230726348606 98
1757641886727 138.58533522352562 99
1757641886781 138.3089162942612 100
1757641886835 138.03304937098258 101
1757641886890 137.7577333511863 102
1757641886943 137.48296713457083 103
1757641886997 137.20874962303267 104
1757641887058 136.93507972066163 105
1757641887113 136.66195633373636 106
1757641887168 136.38937837072038 107
1757641887223 136.11734474225727 108
1757641887276 135.84585436116666 109
1757641887331 135.57490614243966 110
1757641887386 135.30449900323467 111
1757641887441 135.0346318628729 112
1757641887495 134.76530364283425 113
1757641887553 134.49651326675283 114
1757641887608 134.2282596604127 115
1757641887662 133.9605417517435 116
1757641887715 133.69335847081646 117
1757641887773 133.42670874983978 118
1757641887829 133.16059152315447 119
1757641887883 132.89500572723014 120
1757641887938 132.6299503006608 121
1757641887994 132.36542418416042 122
1757641888063 132.1014263205589 123
1757641888125 131.83795565479772 124
1757641888181 131.57501113392576 125
1757641888238 131.31259170709507 126
1757641888293 131.05069632555674 127
1757641888349 130.78932394265664 128
1757641888407 130.5284735138312 129
1757641888465 130.26814399660333 130
1757641888521 130.00833435057822 131
1757641888576 129.74904353743915 132
1757641888632 129.49027052094334 133
1757641888686 129.2320142669178 134
1757641888740 128.97427374325528 135
1757641888795 128.7170479199101 136
1757641888852 128.46033576889394 137
1757641888906 128.20413626427185 138
1757641888961 127.94844838215806 139
1757641889016 127.69327110071198 140
1757641889079 127.43860340013408 141
1757641889140 127.18444426266174 142
1757641889199 126.93079267256527 143
1757641889256 126.67764761614383 144
1757641889310 126.42500808172129 145
1757641889366 126.17287305964236 146
1757641889422 125.9212415422684 147
1757641889479 125.67011252397347 148
1757641889532 125.41948500114026 149
1757641889587 125.16935797215615 150
1757641889648 124.9197304374091 151
1757641889706 124.67060139928375 152
1757641889762 124.42196986215738 153
1757641889817 124.1738348323959 154
1757641889873 123.9261953183501 155
1757641889929 123.67905033035122 156
1757641889984 123.43239888070754 157
1757641890040 123.18623998370002 158
1757641890096 122.94057265557859 159
1757641890151 122.69539591455806 160
1757641890206 122.45070878081434 161
1757641890263 122.20651027648044 162
1757641890318 121.9627994256426 163
1757641890373 121.7195752543363 164
1757641890429 121.47683679054248 165
1757641890487 121.23458306418358 166
1757641890541 120.99281310711969 167
1757641890597 120.7515259531447 168
1757641890653 120.51072063798236 169
1757641890709 120.2703961992826 170
1757641890764 120.03055167661738 171
1757641890820 119.79118611147717 172
1757641890877 119.55229854726696 173
1757641890934 119.31388802930238 174
1757641890990 119.07595360480603 175
1757641891046 118.83849432290357 176
1757641891107 118.60150923461998 177
1757641891166 118.3649973928757 178
1757641891223 118.12895785248288 179
1757641891280 117.8933896701416 180
1757641891336 117.65829190443611 181
1757641891391 117.42366361583105 182
1757641891446 117.18950386666768 183
1757641891503 116.95581172116019 184
1757641891572 116.72258624539185 185
1757641891704 116.48982650731142 186
1757641891772 116.25753157672928 187
1757641891834 116.02570052531385 188
1757641891894 115.79433242658776 189
1757641891954 115.56342635592421 190
1757641892013 115.33298139054321 191
1757641892071 115.10299660950803 192
1757641892130 114.87347109372135 193
1757641892189 114.64440392592171 194
1757641892247 114.41579419067972 195
1757641892306 114.18764097439458 196
1757641892365 113.95994336529027 197
1757641892423 113.73270045341194 198
1757641892481 113.50591133062234 199
1757641892539 113.27957509059809 200
1757641892597 113.05369082882609 201
1757641892653 112.8282576426 202
1757641892709 112.60327463101649 203
1757641892779 112.37874089497171 204
1757641892838 112.15465553715771 205
1757641892898 111.93101766205879 206
1757641892957 111.70782637594796 207
1757641893019 111.48508078688342 208
1757641893090 111.26278000470484 209
1757641893155 111.04092314103002 210
1757641893214 110.81950930925109 211
1757641893273 110.5985376245312 212
1757641893331 110.37800720380082 213
1757641893390 110.1579171657543 214
1757641893449 109.93826663084627 215
1757641893509 109.7190547212882 216
1757641893568 109.50028056104483 217
1757641893626 109.28194327583074 218
1757641893685 109.06404199310677 219
1757641893744 108.84657584207655 220
1757641893803 108.62954395368313 221
1757641893861 108.41294546060531 222
1757641893918 108.19677949725433 223
1757641893975 107.98104519977038 224
1757641894033 107.76574170601909 225
1757641894091 107.5508681555881 226
1757641894150 107.3364236897837 227
1757641894209 107.12240745162724 228
1757641894266 106.90881858585193 229
1757641894324 106.69565623889918 230
1757641894381 106.48291955891528 231
1757641894439 106.27060769574817 232
1757641894495 106.0587198009437 233
1757641894552 105.84725502774253 234
1757641894610 105.6362125310766 235
1757641894668 105.42559146756577 236
1757641894726 105.21539099551451 237
1757641894784 105.00561027490846 238
1757641894843 104.79624846741113 239
1757641894900 104.58730473636047 240
1757641894958 104.37877824676565 241
1757641895016 104.17066816530352 242
1757641895075 103.96297366031557 243
1757641895132 103.75569390180435 244
1757641895196 103.54882806143024 245
1757641895256 103.34237531250817 246
1757641895324 103.13633483000426 247
1757641895385 102.93070579053257 248
1757641895445 102.72548737235178 249
1757641895504 102.52067875536196 250
1757641895564 102.3162791211011 251
1757641895623 102.11228765274218 252
1757641895688 101.90870353508951 253
1757641895745 101.70552595457583 254
1757641895803 101.50275409925882 255
1757641895862 101.30038715881788 256
1757641895924 101.09842432455103 257
1757641895983 100.89686478937155 258
1757641896041 100.69570774780476 259
1757641896099 100.49495239598488 260
1757641896156 100.29459793165171 261
1757641896214 100.09464355414755 262
1757641896273 99.89508846441385 263
1757641896330 99.69593186498811 264
1757641896388 99.49717296000075 265
1757641896449 99.29881095517177 266
1757641896508 99.10084505780766 267
1757641896566 98.90327447679829 268
1757641896625 98.70609842261361 269
1757641896684 98.50931610730062 270
1757641896742 98.31292674448014 271
1757641896800 98.11692954934375 272
1757641896859 97.92132373865054 273
1757641896917 97.72610853072403 274
1757641896976 97.53128314544914 275
1757641897033 97.33684680426884 276
1757641897093 97.14279873018131 277
1757641897151 96.94913814773668 278
1757641897213 96.75586428303386 279
1757641897274 96.56297636371767 280
1757641897334 96.37047361897552 281
1757641897394 96.1783552795345 282
1757641897454 95.98662057765821 283
1757641897514 95.79526874714372 284
1757641897572 95.60429902331849 285
1757641897629 95.41371064303733 286
1757641897689 95.22350284467936 287
1757641897748 95.03367486814493 288
1757641897806 94.84422595485265 289
1757641897865 94.65515534773624 290
1757641897925 94.46646229124161 291
1757641897983 94.27814603132381 292
1757641898053 94.090205815444 293
1757641898120 93.90264089256642 294
1757641898283 93.71545051315549 295
1757641898350 93.52863392917264 296
1757641898416 93.34219039407351 297
1757641898478 93.15611916280481 298
1757641898540 92.9704194918015 299
1757641898601 92.78509063898356 300
1757641898662 92.60013186375335 301
1757641898722 92.41554242699245 302
1757641898783 92.23132159105863 303
1757641898846 92.04746861978317 304
1757641898906 91.86398277846769 305
1757641898967 91.68086333388125 306
1757641899029 91.49810955425748 307
1757641899092 91.31572070929165 308
1757641899154 91.13369607013773 309
1757641899214 90.9520349094054 310
1757641899280 90.7707365011573 311
1757641899341 90.589800120906 312
1757641899402 90.40922504561115 313
1757641899461 90.22901055367659 314
1757641899519 90.04915592494746 315
1757641899580 89.86966044070734 316
1757641899639 89.69052338367533 317
1757641899699 89.51174403800321 318
1757641899758 89.33332168927262 319
1757641899818 89.15525562449214 320
1757641899878 88.97754513209445 321
1757641899937 88.80018950193349 322
1757641899997 88.62318802528168 323
1757641900057 88.446539994827 324
1757641900115 88.27024470467022 325
1757641900175 88.09430145032199 326
1757641900235 87.9187095287002 327
1757641900295 87.74346823812697 328
1757641900355 87.56857687832597 329
1757641900415 87.39403475041958 330
1757641900475 87.21984115692612 331
1757641900534 87.045995401757 332
1757641900596 86.87249679021404 333
1757641900655 86.69934462898654 334
1757641900714 86.5265382261487 335
1757641900774 86.35407689115671 336
1757641900835 86.18195993484605 337
1757641900894 86.01018666942866 338
1757641900954 85.83875640849035 339
1757641901015 85.66766846698788 340
1757641901074 85.4969221612463 341
1757641901135 85.32651680895627 342
1757641901195 85.15645172917122 343
1757641901255 84.9867262423047 344
1757641901336 84.81733967012765 345
1757641901399 84.64829133576569 346
1757641901461 84.4795805636964 347
1757641901522 84.31120667974663 348
1757641901584 84.14316901108982 349
1757641901645 83.97546688624328 350
1757641901705 83.80809963506553 351
1757641901767 83.64106658875359 352
1757641901829 83.47436707984033 353
1757641901890 83.30800044219183 354
1757641901950 83.14196601100467 355
1757641902011 82.97626312280326 356
1757641902073 82.81089111543726 357
1757641902133 82.64584932807885 358
1757641902194 82.48113710122014 359
1757641902255 82.31675377667055 360
1757641902316 82.15269869755413 361
1757641902377 81.98897120830689 362
1757641902438 81.82557065467435 363
1757641902498 81.66249638370876 364
1757641902558 81.49974774376653 365
1757641902619 81.33732408450567 366
1757641902680 81.17522475688318 367
1757641902741 81.01344911315236 368
1757641902818 80.85199650686042 369
1757641902881 80.69086629284564 370
1757641902947 80.53005782723501 371
1757641903012 80.36957046744156 372
1757641903090 80.20940357216176 373
1757641903153 80.04955650137302 374
1757641903215 79.89002861633116 375
1757641903278 79.73081927956768 376
1757641903348 79.57192785488749 377
1757641903411 79.41335370736611 378
1757641903474 79.25509620334725 379
1757641903537 79.09715471044031 380
1757641903599 78.93952859751771 381
1757641903662 78.78221723471259 382
1757641903725 78.62521999341605 383
1757641903787 78.4685362462748 384
1757641903849 78.31216536718857 385
1757641903910 78.15610673130772 386
1757641903971 78.00035971503056 387
1757641904032 77.84492369600103 388
1757641904095 77.68979805310607 389
1757641904158 77.5349821664733 390
1757641904219 77.38047541746836 391
1757641904280 77.22627718869259 392
1757641904342 77.07238686398046 393
1757641904403 76.91880382839716 394
1757641904464 76.76552746823612 395
1757641904526 76.61255717101656 396
1757641904589 76.45989232548102 397
1757641904650 76.30753232159307 398
1757641904712 76.15547655053453 399
1757641904773 76.00372440470342 400
1757641904836 75.8522752777113 401
1757641904898 75.70112856438091 402
1757641904958 75.55028366074369 403
1757641905018 75.39973996403751 404
1757641905081 75.24949687270414 405
1757641905143 75.09955378638686 406
1757641905206 74.94991010592808 407
1757641905271 74.80056523336695 408
1757641905336 74.65151857193698 409
1757641905405 74.50276952606355 410
1757641905469 74.35431750136173 411
1757641905533 74.20616190463373 412
1757641905595 74.05830214386663 413
1757641905656 73.91073762822987 414
1757641905741 73.76346776807307 415
1757641905809 73.61649197492356 416
1757641905874 73.46980966148413 417
1757641905939 73.32342024163049 418
1757641906002 73.17732313040915 419
1757641906071 73.03151774403491 420
1757641906136 72.88600349988862 421
1757641906199 72.74077981651487 422
1757641906263 72.59584611361956 423
1757641906325 72.45120181206767 424
1757641906388 72.30684633388088 425
1757641906450 72.16277910223539 426
1757641906514 72.0189995414594 427
1757641906577 71.875507077031 428
1757641906640 71.7323011355758 429
1757641906702 71.58938114486462 430
1757641906765 71.44674653381124 431
1757641906827 71.30439673247008 432
1757641906888 71.16233117203397 433
1757641906952 71.0205492848318 434
1757641907014 70.87905050432636 435
1757641907076 70.73783426511194 436
1757641907138 70.59690000291224 437
1757641907201 70.45624715457791 438
1757641907264 70.31587515808448 439
1757641907325 70.17578345253001 440
1757641907393 70.0359714781329 441
1757641907459 69.89643867622954 442
1757641907523 69.75718448927232 443
1757641907586 69.61820836082713 444
1757641907648 69.47950973557127 445
1757641907711 69.34108805929125 446
1757641907773 69.20294277888048 447
1757641907836 69.06507334233719 448
1757641907899 68.92747919876207 449
1757641907962 68.79015979835623 450
1757641908032 68.65311459241882 451
1757641908106 68.51634303334504 452
1757641908172 68.37984457462376 453
1757641908238 68.24361867083543 454
1757641908302 68.10766477764999 455
1757641908367 67.97198235182447 456
1757641908433 67.83657085120102 457
1757641908496 67.7014297347046 458
1757641908561 67.56655846234099 459
1757641908624 67.4319564951944 460
1757641908686 67.29762329542552 461
1757641908748 67.16355832626927 462
1757641908812 67.02976105203267 463
1757641908875 66.89623093809269 464
1757641908938 66.76296745089414 465
1757641909001 66.62997005794755 466
1757641909064 66.49723822782695 467
1757641909130 66.36477143016788 468
1757641909194 66.23256913566514 469
1757641909257 66.10063081607076 470
1757641909320 65.96895594419185 471
1757641909382 65.83754399388853 472
1757641909452 65.70639444007176 473
1757641909518 65.57550675870132 474
1757641909581 65.44488042678366 475
1757641909644 65.31451492236981 476
1757641909707 65.18440972455333 477
1757641909771 65.05456431346822 478
1757641909834 64.92497817028679 479
1757641909895 64.79565077721767 480
1757641909958 64.66658161750364 481
1757641910022 64.53777017541965 482
1757641910085 64.40921593627073 483
1757641910147 64.28091838638994 484
1757641910211 64.15287701313629 485
1757641910274 64.0250913048927 486
1757641910337 63.897560751063956 487
1757641910415 63.77028484207471 488
1757641910500 63.64326306936737 489
1757641910565 63.51649492540014 490
1757641910631 63.38997990364489 491
1757641910698 63.26371749858532 492
1757641910764 63.137707205714655 493
1757641910829 63.01194852153393 494
1757641910894 62.886440943549765 495
1757641910959 62.76118397027241 496
1757641911023 62.636177101213825 497
1757641911087 62.511419836885544 498
1757641911149 62.38691167879681 499
