1757624971125 30.73892969444542 0
1757624971171 5.855845919250836 1
1757624971213 0.9998072486601709 2
1757624971254 0.375434789063235 3
1757624971297 0.2680329211779034 4
1757624971339 0.15660667098352968 5
1757624971380 0.09705933294008696 6
1757624971425 0.0836363761446365 7
1757624971466 0.07463507310606435 8
1757624971510 0.18453869124672 9
1757624971555 0.12966878525166492 10
1757624971597 0.11941102271679613 11
1757624971642 0.13720936745553855 12
1757624971688 0.1924527022746507 13
1757624971732 0.14211286939337173 14
1757624971774 0.05426682652932966 15
1757624971815 0.08874225004629975 16
1757624971858 0.12628901646852123 17
1757624971909 0.09741026438125183 18
1757624971960 0.08071689602807067 19
1757624972000 0.06708689686787656 20
1757624972044 0.06918437047162992 21
1757624972088 0.15183901856389598 22
1757624972131 0.14274393979672226 23
1757624972172 0.1170212435027513 24
1757624972215 0.11571349634037656 25
1757624972258 0.10025649738145068 26
1757624972299 0.09993811127246995 27
1757624972349 0.11018680680080195 28
1757624972390 0.0830040462209331 29
1757624972432 0.16669554049139132 30
1757624972476 0.13634170345732113 31
1757624972519 0.15384101806986342 32
1757624972564 0.0772646840105116 33
1757624972605 0.10341146621589 34
1757624972650 0.09249108023938454 35
1757624972693 0.08864420752275909 36
1757624972737 0.13289072668583446 37
1757624972779 0.07331536979484603 38
1757624972821 0.057012686498632274 39
1757624972865 0.0642152418155047 40
1757624972908 0.1309546057634788 41
1757624972952 0.09142401414429185 42
1757624972995 0.06658556322861463 43
1757624973047 0.1320202626605488 44
1757624973091 0.11619433318139852 45
1757624973136 0.11029206113022907 46
1757624973179 0.11343470102610347 47
1757624973222 0.14897621530160052 48
1757624973265 0.12210859797848492 49
1757624973307 0.09925191383346857 50
1757624973356 0.19257951922280217 51
1757624973398 0.12300719590138767 52
1757624973441 0.11835853241711514 53
1757624973484 0.14676663169040396 54
1757624973529 0.0809449251391978 55
1757624973573 0.11154083258482637 56
1757624973616 0.13581327467891113 57
1757624973659 0.08840363119076915 58
1757624973702 0.15285404043004114 59
1757624973745 0.11189076995781384 60
1757624973788 0.09921703242276189 61
1757624973838 0.09893182125959564 62
1757624973927 0.08729089430706276 63
1757624974016 0.12464604240159806 64
1757624974084 0.14170401029882168 65
1757624974157 0.10199891628623789 66
1757624974206 0.1129247247597319 67
1757624974257 0.06733741357859513 68
1757624974314 0.046769464322371196 69
1757624974404 0.09261449997556283 70
1757624974465 0.12345838733446718 71
1757624974515 0.11262237100395969 72
1757624974567 0.0767505307943203 73
1757624974617 0.06747991853549021 74
1757624974666 0.11857258941671729 75
1757624974717 0.14993460031200473 76
1757624974765 0.078804318445285 77
1757624974815 0.09996954429529165 78
1757624974874 0.1285648288666281 79
1757624974927 0.09055011625440924 80
1757624974982 0.1695207878026476 81
1757624975035 0.14531468727839705 82
1757624975102 0.12167621684146504 83
1757624975165 0.07802545029440322 84
1757624975221 0.11471774494037038 85
1757624975336 0.10914089592393503 86
1757624975456 0.11667387158651847 87
1757624975738 0.09429708846917252 88
1757624975858 0.07195454627410906 89
1757624975920 0.09571894481831537 90
1757624975980 0.08871164024649209 91
1757624976047 0.09560458942918604 92
1757624976098 0.1340464705478487 93
1757624976145 0.07100172763303281 94
1757624976193 0.06322035410093908 95
1757624976240 0.1307183231998735 96
1757624976286 0.09651191485712764 97
1757624976334 0.10842635323875026 98
1757624976382 0.12645658521068384 99
1757624976436 0.13135942866317402 100
1757624976484 0.1725021201329009 101
1757624976531 0.05373076674585093 102
1757624976578 0.029491371629878346 103
1757624976625 0.0909551690183512 104
1757624976671 0.09880220878245972 105
1757624976716 0.12926716040713804 106
1757624976763 0.1317780109350455 107
1757624976809 0.0824881934567457 108
1757624976856 0.1374719915075047 109
1757624976906 0.1398943383632594 110
1757624976971 0.09731485096846491 111
1757624977027 0.14397069270370375 112
1757624977080 0.06564829773566148 113
1757624977135 0.0934843141256723 114
1757624977184 0.12353318671584404 115
1757624977232 0.113120904515446 116
1757624977279 0.1304459833392653 117
1757624977327 0.16407070331098333 118
1757624977373 0.11138997973411337 119
1757624977421 0.07724482124573501 120
1757624977468 0.14413949013631058 121
1757624977513 0.11275064072537659 122
1757624977562 0.10192432016108474 123
1757624977609 0.12748368614208447 124
1757624977655 0.09741090711604655 125
1757624977701 0.1480977014422027 126
1757624977748 0.1028411785291333 127
1757624977796 0.14220190367667354 128
1757624977843 0.04251450420570188 129
1757624977890 0.17009013315534524 130
1757624977937 0.10272437675036648 131
1757624977984 0.25877926684867747 132
1757624978032 0.08455223531062386 133
1757624978116 0.18048573405808643 134
1757624978170 0.15555407614875136 135
1757624978222 0.12163948752275397 136
1757624978271 0.08624545122990916 137
1757624978320 0.06459245467341242 138
1757624978377 0.12229511619031637 139
1757624978430 0.2532998516983293 140
1757624978481 0.10662587366546197 141
1757624978529 0.11578867979744889 142
1757624978578 0.1123507272675476 143
1757624978631 0.1348447527183086 144
1757624978684 0.0699633503251154 145
1757624978741 0.09673991368220476 146
1757624978790 0.07126563398565061 147
1757624978840 0.12304327561032051 148
1757624978891 0.09322557325168358 149
1757624978944 0.09486902826736812 150
1757624978995 0.1416251224257721 151
1757624979044 0.18173274176500182 152
1757624979092 0.14269931707155464 153
1757624979143 0.17745338601434102 154
1757624979191 0.06875719667065432 155
1757624979241 0.11832349111754453 156
1757624979290 0.12975220384499397 157
1757624979352 0.17905689466977195 158
1757624979413 0.15469562054698718 159
1757624979463 0.10562095196840056 160
1757624979511 0.10196320966674567 161
1757624979560 0.10932070591918991 162
1757624979608 0.10151417225681003 163
1757624979657 0.07646240944819267 164
1757624979708 0.11588485772980578 165
1757624979759 0.09078007911587711 166
1757624979843 0.07792291252433392 167
1757624979899 0.1383509518839827 168
1757624979951 0.16298541610988615 169
1757624980001 0.05779933331734924 170
1757624980051 0.11279653732515689 171
1757624980105 0.08469887596921465 172
1757624980209 0.1262301667071654 173
1757624980265 0.09897032329281573 174
1757624980317 0.09652630231854176 175
1757624980371 0.0996217990306989 176
1757624980420 0.10052453409230787 177
1757624980470 0.10569293881054964 178
1757624980519 0.17281764368042193 179
1757624980578 0.09657860278510981 180
1757624980628 0.09380821242677027 181
1757624980676 0.071330818372563 182
1757624980724 0.08155544744167552 183
1757624980865 0.058468624541735674 184
1757624980922 0.12447548269438177 185
1757624980974 0.0978384485637712 186
1757624981035 0.16773723466015383 187
1757624981095 0.08522920744793375 188
1757624981150 0.10092277648135912 189
1757624981200 0.1074681726505248 190
1757624981249 0.15906054623560836 191
1757624981297 0.11091904917429747 192
1757624981359 0.0637263796931017 193
1757624981511 0.08696449918349006 194
1757624981571 0.20263216481648072 195
1757624981629 0.1357063654478228 196
1757624981687 0.07285105191326964 197
1757624981745 0.08722581716880813 198
1757624981804 0.12423044395466315 199
1757624981861 0.07760593137362923 200
1757624981912 0.09892515729472241 201
1757624981963 0.08908523978038642 202
1757624982015 0.09779190271816995 203
1757624982071 0.12501230562095608 204
1757624982150 0.1444615267877341 205
