1757648113572 170.26321995927626 0
1757648113627 170.228707187881 1
1757648113680 170.17694830335174 2
1757648113737 170.1165796454983 3
1757648113789 170.05192013209472 4
1757648113843 169.98512940419332 5
1757648113895 169.91728732312103 6
1757648113948 169.84893382504865 7
1757648114002 169.78033887477375 8
1757648114056 169.7116374492253 9
1757648114115 169.64289703086175 10
1757648114169 169.57415135477805 11
1757648114227 169.50541728235987 12
1757648114287 169.43670323813393 13
1757648114347 169.36801342819967 14
1757648114419 169.29934994944526 15
1757648114481 169.23071384415678 16
1757648114540 169.1621056273219 17
1757648114599 169.09352555028224 18
1757648114656 169.0249737325593 19
1757648114826 168.9564502277675 20
1757648114906 168.88795505657075 21
1757648114976 168.81948822316036 22
1757648115040 168.75104972349456 23
1757648115104 168.68263954941781 24
1757648115169 168.61425769072065 25
1757648115234 168.54590413616953 26
1757648115296 168.47757887402196 27
1757648115359 168.4092818922836 28
1757648115424 168.34101317883727 29
1757648115490 168.27277272150744 30
1757648115551 168.20456050809196 31
1757648115613 168.1363765263786 32
1757648115676 168.0682207641528 33
1757648115735 168.00009320920182 34
1757648115802 167.93199384931677 35
1757648115861 167.86392267229357 36
1757648115924 167.79587966593334 37
1757648115983 167.7278648180429 38
1757648116042 167.65987811643458 39
1757648116101 167.59191954892668 40
1757648116160 167.52398910334296 41
1757648116219 167.4560867675133 42
1757648116290 167.38821252927306 43
1757648116357 167.32036637646354 44
1757648116419 167.2525482969318 45
1757648116478 167.18475827853067 46
1757648116538 167.11699630911875 47
1757648116599 167.04926237656045 48
1757648116660 166.98155646872587 49
1757648116721 166.91387857349093 50
1757648116785 166.84622867873736 51
1757648116843 166.77860677235253 52
1757648116903 166.71101284222968 53
1757648116962 166.64344687626775 54
1757648117021 166.57590886237148 55
1757648117082 166.50839878845125 56
1757648117142 166.44091664242333 57
1757648117200 166.37346241220962 58
1757648117259 166.3060360857377 59
1757648117323 166.23863765094117 60
1757648117382 166.17126709575902 61
1757648117443 166.1039244081362 62
1757648117504 166.03660957602324 63
1757648117563 165.9693225873765 64
1757648117622 165.902063430158 65
1757648117684 165.8348320923355 66
1757648117746 165.76762856188245 67
1757648117811 165.70045282677793 68
1757648117873 165.633304875007 69
1757648117933 165.56618469456012 70
1757648117992 165.4990922734336 71
1757648118051 165.4320275996294 72
1757648118109 165.36499066115522 73
1757648118168 165.29798144602438 74
1757648118226 165.23099994225595 75
1757648118286 165.16404613787466 76
1757648118351 165.09712002091084 77
1757648118410 165.0302215794007 78
1757648118468 164.96335080138593 79
1757648118527 164.89650767491395 80
1757648118585 164.82969218803785 81
1757648118645 164.7629043288165 82
1757648118712 164.6961440853142 83
1757648118771 164.62941144560105 84
1757648118830 164.56270639775283 85
1757648118888 164.49602892985092 86
1757648118946 164.42937902998233 87
1757648119004 164.36275668623978 88
1757648119063 164.29616188672153 89
1757648119122 164.22959461953164 90
1757648119182 164.16305487277964 91
1757648119241 164.09654263458077 92
1757648119301 164.03005789305593 93
1757648119359 163.96360063633156 94
1757648119441 163.8971708525398 95
1757648119507 163.83076852981836 96
1757648119566 163.76439365631063 97
1757648119625 163.69804622016554 98
1757648119684 163.6317262095377 99
1757648119743 163.5654336125872 100
1757648119804 163.49916841747992 101
1757648119863 163.43293061238725 102
1757648119923 163.36672018548617 103
1757648119982 163.3005371249592 104
1757648120042 163.23438141899453 105
1757648120102 163.168253055786 106
1757648120160 163.1021520235329 107
1757648120219 163.03607831044016 108
1757648120277 162.97003190471833 109
1757648120334 162.90401279458342 110
1757648120399 162.83802096825718 111
1757648120460 162.77205641396677 112
1757648120520 162.70611911994507 113
1757648120579 162.64020907443035 114
1757648120638 162.57432626566657 115
1757648120696 162.50847068190328 116
1757648120757 162.4426423113954 117
1757648120816 162.37684114240358 118
1757648120874 162.31106716319397 119
1757648120934 162.24532036203826 120
1757648120991 162.17960072721363 121
1757648121049 162.11390824700285 122
1757648121108 162.04824290969427 123
1757648121166 161.98260470358167 124
1757648121225 161.91699361696442 125
1757648121282 161.85140963814743 126
1757648121342 161.7858527554411 127
1757648121400 161.7203229571614 128
1757648121458 161.65482023162977 129
1757648121517 161.58934456717319 130
1757648121574 161.5238959521241 131
1757648121632 161.45847437482047 132
1757648121690 161.39307982360586 133
1757648121750 161.32771228682927 134
1757648121807 161.26237175284513 135
1757648121865 161.1970582100135 136
1757648121924 161.13177164669983 137
1757648121983 161.06651205127508 138
1757648122041 161.00127941211576 139
1757648122100 160.9360737176038 140
1757648122158 160.87089495612662 141
1757648122217 160.80574311607714 142
1757648122277 160.74061818585375 143
1757648122336 160.67552015386028 144
1757648122399 160.61044900850607 145
1757648122461 160.5454047382059 146
1757648122521 160.48038733138006 147
1757648122579 160.41539677645414 148
1757648122638 160.35043306185946 149
1757648122697 160.28549617603264 150
1757648122756 160.2205861074156 151
1757648122813 160.15570284445602 152
1757648122871 160.0908463756068 153
1757648122931 160.02601668932633 154
1757648122990 159.96121377407846 155
1757648123049 159.89643761833253 156
1757648123108 159.83168821056324 157
1757648123166 159.76696553925072 158
1757648123226 159.70226959288053 159
1757648123287 159.63760035994363 160
1757648123346 159.57295782893652 161
1757648123405 159.508341988361 162
1757648123464 159.4437528267243 163
1757648123524 159.3791903325391 164
1757648123582 159.3146544943235 165
1757648123642 159.2501453006009 166
1757648123701 159.1856627399003 167
1757648123816 159.1212068007558 168
1757648123935 159.0567774717072 169
1757648124002 158.99237474129956 170
1757648124064 158.92799859808332 171
1757648124127 158.8636490306143 172
1757648124189 158.7993260274538 173
1757648124250 158.73502957716838 174
1757648124311 158.67075966833002 175
1757648124376 158.60651628951615 176
1757648124459 158.54229942930948 177
1757648124612 158.4781090762981 178
1757648124685 158.41394521907552 179
1757648124783 158.34980784624054 180
1757648124847 158.28569694639745 181
1757648124912 158.22161250815572 182
1757648124977 158.15755452013028 183
1757648125042 158.09352297094145 184
1757648125106 158.0295178492148 185
1757648125168 157.96553914358137 186
1757648125229 157.90158684267737 187
1757648125290 157.8376609351445 188
1757648125351 157.77376140962977 189
1757648125411 157.70988825478543 190
1757648125475 157.6460414592692 191
1757648125536 157.58222101174405 192
1757648125597 157.51842690087824 193
1757648125659 157.4546591153454 194
1757648125721 157.39091764382457 195
1757648125782 157.32720247499995 196
1757648125842 157.26351359756111 197
1757648125904 157.19985100020295 198
1757648125965 157.13621467162568 199
1757648126025 157.07260460053482 200
1757648126086 157.00902077564115 201
1757648126145 156.9454631856608 202
1757648126205 156.88193181931513 203
1757648126264 156.81842666533086 204
1757648126325 156.75494771244 205
1757648126384 156.6914949493798 206
1757648126444 156.6280683648928 207
1757648126512 156.56466794772695 208
1757648126573 156.50129368663522 209
1757648126632 156.4379455703761 210
1757648126694 156.37462358771322 211
1757648126755 156.31132772741555 212
1757648126815 156.2480579782573 213
1757648126875 156.18481432901785 214
1757648126937 156.12159676848208 215
1757648126998 156.05841399567854 216
1757648127058 155.99526163162153 217
1757648127118 155.9321374817763 218
1757648127179 155.86904044339795 219
1757648127239 155.80596995954588 220
1757648127301 155.74292574616908 221
1757648127361 155.67990765566418 222
1757648127421 155.6169156086566 223
1757648127482 155.55394955989016 224
1757648127541 155.4910094811713 225
1757648127602 155.42809535284096 226
1757648127662 155.36520715951013 227
1757648127723 155.30234488792766 228
1757648127782 155.23950852591378 229
1757648127842 155.17669806182718 230
1757648127902 155.11391348429834 231
1757648127963 155.05115478209623 232
1757648128023 154.9884219440617 233
1757648128083 154.9257149590741 234
1757648128144 154.8630338160345 235
1757648128204 154.8003785038576 236
1757648128265 154.73774901146737 237
1757648128324 154.6751453277951 238
1757648128384 154.6125674417782 239
1757648128445 154.55001534235979 240
1757648128512 154.48748901848836 241
1757648128575 154.42498845911783 242
1757648128636 154.3625136532071 243
1757648128698 154.3000645897204 244
1757648128758 154.23764125762708 245
1757648128819 154.17524364590173 246
1757648128880 154.11287174352387 247
1757648128941 154.05052553947834 248
1757648129003 153.9882050227551 249
1757648129064 153.92591018234907 250
1757648129125 153.86364100726055 251
1757648129185 153.80139748649472 252
1757648129245 153.739179609062 253
1757648129306 153.67698736397796 254
1757648129370 153.61482074026327 255
1757648129445 153.5526797269436 256
1757648129509 153.49056431304982 257
1757648129577 153.42847448761788 258
1757648129640 153.3664102396889 259
1757648129703 153.30437155830904 260
1757648129766 153.24235843252953 261
1757648129831 153.18037085140674 262
1757648129896 153.1184088040021 263
1757648129957 153.05647227938218 264
1757648130018 152.99456126661863 265
1757648130085 152.93267575478805 266
1757648130148 152.87081573297232 267
1757648130209 152.80898119025835 268
1757648130271 152.74717211573795 269
1757648130332 152.68538849850827 270
1757648130392 152.6236303276713 271
1757648130455 152.56189759233425 272
1757648130518 152.50019028160926 273
1757648130586 152.4385083846137 274
1757648130650 152.37685189046985 275
1757648130712 152.3152207883051 276
1757648130772 152.25361506725199 277
1757648130833 152.19203471644786 278
1757648130896 152.13047972503537 279
1757648130957 152.06895008216208 280
1757648131018 152.00744577698063 281
1757648131079 151.94596679864867 282
1757648131140 151.8845131363289 283
1757648131203 151.82308477918914 284
1757648131265 151.76168171640202 285
1757648131325 151.7003039371455 286
1757648131385 151.6389514306023 287
1757648131446 151.57762418596036 288
1757648131509 151.51632219241247 289
1757648131571 151.4550454391566 290
1757648131632 151.39379391539558 291
1757648131693 151.3325676103374 292
1757648131755 151.27136651319495 293
1757648131816 151.21019061318617 294
1757648131878 151.14903989953402 295
1757648131939 151.08791436146643 296
1757648132000 151.02681398821633 297
1757648132062 150.96573876902164 298
1757648132124 150.90468869312534 299
1757648132186 150.8436637497754 300
1757648132248 150.7826639282246 301
1757648132310 150.72168921773093 302
1757648132373 150.6607396075572 303
1757648132435 150.59981508697135 304
1757648132497 150.53891564524613 305
1757648132559 150.47804127165944 306
1757648132627 150.41719195549405 307
1757648132691 150.35636768603766 308
1757648132754 150.29556845258298 309
1757648132816 150.2347942444278 310
1757648132878 150.17404505087467 311
1757648132940 150.11332086123122 312
1757648133002 150.05262166481003 313
1757648133064 149.99194745092856 314
1757648133126 149.93129820890934 315
1757648133187 149.87067392807978 316
1757648133251 149.8100745977722 317
1757648133313 149.7495002073239 318
1757648133375 149.68895074607718 319
1757648133437 149.62842620337918 320
1757648133501 149.56792656858198 321
1757648133563 149.50745183104266 322
1757648133625 149.44700198012322 323
1757648133689 149.3865770051905 324
1757648133750 149.32617689561638 325
1757648133811 149.2658016407776 326
1757648133876 149.2054512300558 327
1757648133938 149.1451256528376 328
1757648134000 149.08482489851446 329
1757648134063 149.02454895648282 330
1757648134125 148.96429781614395 331
1757648134187 148.90407146690416 332
1757648134250 148.84386989817446 333
1757648134313 148.783693099371 334
1757648134378 148.7235410599146 335
1757648134456 148.66341376923108 336
1757648134522 148.60331121675122 337
1757648134588 148.54323339191058 338
1757648134658 148.48318028414965 339
1757648134736 148.42315188291383 340
1757648134801 148.3631481776533 341
1757648134866 148.30316915782328 342
1757648134931 148.24321481288376 343
1757648134996 148.1832851322996 344
1757648135064 148.12338010554058 345
1757648135128 148.0634997220813 346
1757648135193 148.00364397140126 347
1757648135258 147.9438128429848 348
1757648135322 147.8840063263212 349
1757648135386 147.8242244109045 350
1757648135450 147.76446708623357 351
1757648135515 147.70473434181227 352
1757648135577 147.64502616714927 353
1757648135640 147.58534255175795 354
1757648135713 147.52568348515666 355
1757648135779 147.46604895686863 356
1757648135844 147.40643895642185 357
1757648135908 147.34685347334917 358
1757648135971 147.28729249718822 359
1757648136034 147.2277560174816 360
1757648136107 147.16824402377662 361
1757648136171 147.10875650562545 362
1757648136233 147.04929345258515 363
1757648136299 146.9898548542174 364
1757648136363 146.930440700089 365
1757648136426 146.8710509797713 366
1757648136490 146.81168568284062 367
1757648136554 146.75234479887808 368
1757648136618 146.6930283174695 369
1757648136688 146.63375374704185 370
1757648136755 146.57451229169607 371
1757648136828 146.51529954858717 372
1757648136894 146.45611331113236 373
1757648136958 146.39695247084546 374
1757648137022 146.33781646829672 375
1757648137085 146.2787050185958 376
1757648137149 146.21961797413041 377
1757648137213 146.16055525593308 378
1757648137278 146.10151681936284 379
1757648137342 146.04250263694536 380
1757648137405 145.9835126897923 381
1757648137467 145.92454696331095 382
1757648137533 145.86560544505915 383
1757648137597 145.8066881236719 384
1757648137660 145.74779498832572 385
1757648137724 145.68892602847 386
1757648137788 145.6300812336929 387
1757648137851 145.57126059365444 388
1757648137915 145.51246409805285 389
1757648137979 145.45369173660785 390
1757648138041 145.39494349905232 391
1757648138106 145.3362193751279 392
1757648138169 145.2775193545832 393
1757648138232 145.2188434271724 394
1757648138297 145.16019158265513 395
1757648138425 145.10156381079568 396
1757648138487 145.04296010136346 397
1757648138551 144.98438044413243 398
1757648138614 144.9258248288814 399
1757648138682 144.86729324539382 400
1757648138749 144.80878568345784 401
1757648138813 144.75030213286632 402
1757648138877 144.69184258341673 403
1757648138940 144.63340702491135 404
1757648139003 144.57499544715702 405
1757648139068 144.51660783996533 406
1757648139133 144.45824419315244 407
1757648139196 144.39990449653922 408
1757648139259 144.34158873995136 409
1757648139324 144.2832969132189 410
1757648139398 144.2250290061768 411
1757648139474 144.1667850086646 412
1757648139558 144.10856491052647 413
1757648139625 144.05036870161126 414
1757648139690 143.99219637177245 415
1757648139756 143.93404791086817 416
1757648139819 143.8759233087612 417
1757648139882 143.81782255531897 418
1757648139947 143.75974564041357 419
1757648140011 143.70169255392165 420
1757648140076 143.64366328572459 421
1757648140140 143.58565782570832 422
1757648140209 143.5276761637635 423
1757648140274 143.46971828978528 424
1757648140339 143.41178419367358 425
1757648140403 143.35387386533284 426
1757648140468 143.29598729467216 427
1757648140539 143.23812447160526 428
1757648140603 143.18028538605049 429
1757648140668 143.12247002793075 430
1757648140741 143.06467838717364 431
1757648140811 143.00691045371127 432
1757648140877 142.94916621748047 433
1757648140943 142.89144566842256 434
1757648141007 142.83374879648355 435
1757648141072 142.77607559161396 436
1757648141139 142.718426043769 437
1757648141204 142.66080014290844 438
1757648141269 142.60319787899664 439
1757648141334 142.5456192420025 440
1757648141397 142.4880642218996 441
1757648141462 142.43053280866596 442
1757648141528 142.37302499228437 443
1757648141592 142.31554076274207 444
1757648141656 142.2580801100309 445
1757648141722 142.20064302414727 446
1757648141788 142.14322949509224 447
1757648141854 142.08583951287136 448
1757648141919 142.02847306749467 449
1757648141985 141.97113014897698 450
1757648142056 141.91381074733746 451
1757648142120 141.85651485260004 452
1757648142186 141.79924245479305 453
1757648142250 141.74199354394938 454
1757648142315 141.68476811010652 455
1757648142382 141.62756614330658 456
1757648142448 141.57038763359608 457
1757648142513 141.51323257102615 458
1757648142580 141.45610094565254 459
1757648142645 141.39899274753532 460
1757648142710 141.3419079667394 461
1757648142783 141.28484659333398 462
1757648142850 141.2278086173929 463
1757648142914 141.17079402899455 464
1757648142980 141.11380281822173 465
1757648143046 141.05683497516193 466
1757648143111 140.99989048990702 467
1757648143177 140.9429693525535 468
1757648143242 140.88607155320238 469
1757648143309 140.82919708195905 470
1757648143374 140.7723459289336 471
1757648143441 140.71551808424047 472
1757648143510 140.6587135379988 473
1757648143577 140.60193228033202 474
1757648143642 140.54517430136823 475
1757648143707 140.48843959123997 476
1757648143775 140.4317281400843 477
1757648143841 140.3750399380427 478
1757648143907 140.31837497526126 479
1757648143972 140.2617332418905 480
1757648144039 140.20511472808545 481
1757648144104 140.1485194240056 482
1757648144170 140.09194731981492 483
1757648144236 140.03539840568197 484
1757648144302 139.9788726717797 485
1757648144372 139.9223701082855 486
1757648144453 139.8658907053813 487
1757648144521 139.80943445325357 488
1757648144591 139.75300134209306 489
1757648144658 139.69659136209515 490
1757648144741 139.64020450345973 491
1757648144816 139.58384075639097 492
1757648144886 139.5275001110976 493
1757648144954 139.47118255779284 494
1757648145023 139.4148880866944 495
1757648145091 139.35861668802426 496
1757648145159 139.3023683520091 497
1757648145227 139.24614306887986 498
1757648145293 139.189940828872 499
