1757641911257 169.17813275916612 0
1757641911310 168.83989285097897 1
1757641911362 168.5023304495446 2
1757641911416 168.16544419568993 3
1757641911483 167.8292327329751 4
1757641911536 167.49369470768758 5
1757641911590 167.15882876883688 6
1757641911643 166.82463356814904 7
1757641911696 166.49110776006108 8
1757641911747 166.15825000171557 9
1757641911798 165.82605895295518 10
1757641911852 165.49453327631724 11
1757641911904 165.16367163702816 12
1757641911955 164.83347270299836 13
1757641912006 164.50393514481638 14
1757641912059 164.17505763574383 15
1757641912111 163.84683885170992 16
1757641912164 163.5192774713059 17
1757641912216 163.19237217578006 18
1757641912269 162.86612164903195 19
1757641912320 162.54052457760727 20
1757641912371 162.21557965069252 21
1757641912422 161.89128556010957 22
1757641912477 161.56764100031052 23
1757641912532 161.24464466837213 24
1757641912585 160.9222952639908 25
1757641912643 160.60059148947718 26
1757641912697 160.27953204975074 27
1757641912752 159.9591156523348 28
1757641912814 159.63934100735096 29
1757641912868 159.32020682751417 30
1757641912922 159.00171182812733 31
1757641912976 158.68385472707604 32
1757641913036 158.3666342448234 33
1757641913102 158.05004910440493 34
1757641913157 157.73409803142334 35
1757641913212 157.4187797540432 36
1757641913266 157.1040930029859 37
1757641913321 156.79003651152453 38
1757641913375 156.47660901547877 39
1757641913429 156.16380925320942 40
1757641913486 155.85163596561378 41
1757641913544 155.54008789612004 42
1757641913598 155.22916379068255 43
1757641913654 154.91886239777656 44
1757641913711 154.6091824683932 45
1757641913765 154.30012275603423 46
1757641913822 153.99168201670722 47
1757641913876 153.68385900892036 48
1757641913932 153.37665249367745 49
1757641913986 153.0700612344728 50
1757641914040 152.76408399728638 51
1757641914097 152.45871955057854 52
1757641914153 152.1539666652853 53
1757641914209 151.8498241148132 54
1757641914263 151.54629067503421 55
1757641914318 151.243365124281 56
1757641914373 150.94104624334184 57
1757641914429 150.63933281545562 58
1757641914483 150.33822362630704 59
1757641914536 150.0377174640215 60
1757641914591 149.73781311916034 61
1757641914643 149.43850938471581 62
1757641914697 149.1398050561062 63
1757641914751 148.84169893117115 64
1757641914805 148.54418981016622 65
1757641914857 148.24727649575877 66
1757641914909 147.95095779302238 67
1757641914965 147.6552325094326 68
1757641915019 147.3600994548617 69
1757641915073 147.06555744157384 70
1757641915126 146.7716052842206 71
1757641915180 146.4782417998358 72
1757641915234 146.18546580783095 73
1757641915288 145.8932761299902 74
1757641915400 145.60167159046577 75
1757641915469 145.31065101577312 76
1757641915531 145.02021323478613 77
1757641915595 144.73035707873242 78
1757641915654 144.44108138118855 79
1757641915710 144.15238497807528 80
1757641915766 143.8642667076529 81
1757641915822 143.57672541051642 82
1757641915877 143.289759929591 83
1757641915932 143.00336911012715 84
1757641915988 142.717551799696 85
1757641916050 142.43230684818474 86
1757641916105 142.14763310779188 87
1757641916159 141.8635294330226 88
1757641916216 141.57999468068417 89
1757641916277 141.2970277098811 90
1757641916332 141.01462738201081 91
1757641916388 140.73279256075878 92
1757641916443 140.45152211209395 93
1757641916499 140.17081490426432 94
1757641916554 139.89066980779202 95
1757641916608 139.61108569546906 96
1757641916662 139.3320614423526 97
1757641916715 139.0535959257603 98
1757641916768 138.7756880252659 99
1757641916823 138.49833662269472 100
1757641916878 138.2215406021189 101
1757641916932 137.94529884985297 102
1757641916987 137.66961025444954 103
1757641917041 137.39447370669447 104
1757641917096 137.11988809960255 105
1757641917150 136.8458523284129 106
1757641917204 136.57236529058466 107
1757641917259 136.2994258857923 108
1757641917313 136.02703301592132 109
1757641917367 135.7551855850637 110
1757641917421 135.48388249951356 111
1757641917480 135.2131226677625 112
1757641917538 134.94290500049541 113
1757641917599 134.67322841058603 114
1757641917656 134.4040918130923 115
1757641917712 134.1354941252522 116
1757641917769 133.8674342664793 117
1757641917823 133.59991115835834 118
1757641917878 133.3329237246409 119
1757641917933 133.06647089124084 120
1757641917987 132.80055158623034 121
1757641918053 132.53516473983512 122
1757641918117 132.27030928443034 123
1757641918174 132.00598415453635 124
1757641918231 131.74218828681398 125
1757641918289 131.47892062006073 126
1757641918346 131.21618009520603 127
1757641918402 130.95396565530731 128
1757641918458 130.69227624554537 129
1757641918515 130.43111081322033 130
1757641918571 130.17046830774729 131
1757641918625 129.910347680652 132
1757641918679 129.65074788556683 133
1757641918735 129.3916678782262 134
1757641918791 129.13310661646267 135
1757641918845 128.87506306020236 136
1757641918900 128.61753617146115 137
1757641918957 128.36052491434003 138
1757641919012 128.10402825502126 139
1757641919066 127.84804516176398 140
1757641919125 127.59257460490014 141
1757641919180 127.3376155568301 142
1757641919233 127.08316699201875 143
1757641919289 126.82922788699115 144
1757641919345 126.57579722032855 145
1757641919400 126.32287397266403 146
1757641919455 126.07045712667855 147
1757641919510 125.81854566709669 148
1757641919567 125.56713858068265 149
1757641919628 125.3162348562361 150
1757641919685 125.06583348458801 151
1757641919742 124.81593345859667 152
1757641919797 124.56653377314345 153
1757641919852 124.31763342512895 154
1757641919907 124.06923141346869 155
1757641919963 123.82132673908923 156
1757641920020 123.5739184049241 157
1757641920076 123.32700541590958 158
1757641920133 123.0805867789808 159
1757641920189 122.83466150306786 160
1757641920244 122.5892285990915 161
1757641920300 122.34428707995934 162
1757641920356 122.09983596056169 163
1757641920411 121.85587425776775 164
1757641920465 121.61240099042143 165
1757641920522 121.36941517933757 166
1757641920581 121.12691584729772 167
1757641920636 120.88490201904646 168
1757641920692 120.64337272128722 169
1757641920748 120.40232698267847 170
1757641920806 120.16176383382965 171
1757641920861 119.92168230729746 172
1757641920917 119.6820814375816 173
1757641920975 119.4429602611213 174
1757641921030 119.20431781629092 175
1757641921085 118.96615314339648 176
1757641921141 118.72846528467149 177
1757641921198 118.49125328427321 178
1757641921254 118.25451618827869 179
1757641921310 118.01825304468099 180
1757641921366 117.78246290338525 181
1757641921421 117.54714481620485 182
1757641921501 117.31229783685758 183
1757641921562 117.07792102096184 184
1757641921620 116.8440134260327 185
1757641921683 116.6105741114782 186
1757641921741 116.3776021385955 187
1757641921800 116.14509657056705 188
1757641921859 115.91305647245677 189
1757641921917 115.68148091120635 190
1757641921975 115.4503689556314 191
1757641922033 115.21971967641771 192
1757641922089 114.9895321461174 193
1757641922145 114.75980543914527 194
1757641922202 114.530538631775 195
1757641922258 114.30173080213544 196
1757641922315 114.07338103020678 197
1757641922371 113.84548839781692 198
1757641922429 113.6180519886377 199
1757641922485 113.39107088818122 200
1757641922542 113.16454418379608 201
1757641922598 112.93847096466378 202
1757641922655 112.71285032179487 203
1757641922712 112.48768134802542 204
1757641922780 112.26296313801328 205
1757641922840 112.03869478823437 206
1757641922899 111.8148753969791 207
1757641922956 111.5915040643487 208
1757641923022 111.36857989225152 209
1757641923093 111.1461019843994 210
1757641923153 110.92406944630409 211
1757641923212 110.70248138527361 212
1757641923270 110.48133691040857 213
1757641923329 110.26063513259867 214
1757641923387 110.04037516451898 215
1757641923446 109.82055612062643 216
1757641923504 109.60117711715621 217
1757641923561 109.38223727211812 218
1757641923618 109.16373570529304 219
1757641923681 108.94567153822946 220
1757641923742 108.72804389423978 221
1757641923801 108.51085189839674 222
1757641923859 108.2940946775301 223
1757641923916 108.07777136022278 224
1757641923974 107.86188107680763 225
1757641924031 107.64642295936372 226
1757641924090 107.43139614171287 227
1757641924148 107.21679975941612 228
1757641924204 107.00263294977034 229
1757641924263 106.7888948518046 230
1757641924321 106.57558460627673 231
1757641924379 106.36270135566983 232
1757641924435 106.15024424418887 233
1757641924494 105.93821241775709 234
1757641924551 105.72660502401267 235
1757641924608 105.51542121230518 236
1757641924667 105.30466013369218 237
1757641924817 105.09432094093582 238
1757641924881 104.8844027884993 239
1757641924946 104.67490483254355 240
1757641925008 104.46582623092374 241
1757641925069 104.25716614318593 242
1757641925129 104.04892373056363 243
1757641925188 103.8410981559744 244
1757641925247 103.63368858401643 245
1757641925308 103.42669418096526 246
1757641925371 103.22011411477034 247
1757641925430 103.01394755505159 248
1757641925490 102.80819367309613 249
1757641925550 102.60285164185494 250
1757641925611 102.39792063593941 251
1757641925675 102.19339983161811 252
1757641925743 101.98928840681336 253
1757641925802 101.78558554109796 254
1757641925872 101.58229041569184 255
1757641925937 101.37940221345873 256
1757641926000 101.17692011890291 257
1757641926061 100.9748433181659 258
1757641926122 100.77317099902301 259
1757641926183 100.57190235088034 260
1757641926243 100.37103656477117 261
1757641926301 100.17057283335302 262
1757641926360 99.97051035090405 263
1757641926419 99.77084831332006 264
1757641926477 99.57158591811105 265
1757641926535 99.37272236439816 266
1757641926594 99.1742568529102 267
1757641926651 98.97618858598061 268
1757641926709 98.77851676754412 269
1757641926767 98.58124060313357 270
1757641926826 98.38435929987666 271
1757641926885 98.1878720664928 272
1757641926943 97.99177811328983 273
1757641927003 97.79607665216088 274
1757641927061 97.60076689658115 275
1757641927119 97.40584806160477 276
1757641927179 97.21131936386152 277
1757641927238 97.01718002155381 278
1757641927296 96.82342925445337 279
1757641927354 96.63006628389816 280
1757641927415 96.43709033278925 281
1757641927474 96.24450062558759 282
1757641927532 96.0522963883109 283
1757641927591 95.86047684853065 284
1757641927650 95.66904123536874 285
1757641927710 95.47798877949448 286
1757641927774 95.28731871312154 287
1757641927835 95.09703027000465 288
1757641927953 94.90712268543678 289
1757641928022 94.71759519624575 290
1757641928104 94.52844704079135 291
1757641928170 94.33967745896216 292
1757641928232 94.15128569217246 293
1757641928292 93.96327098335928 294
1757641928353 93.7756325769792 295
1757641928414 93.58836971900531 296
1757641928475 93.40148165692428 297
1757641928535 93.21496763973315 298
1757641928596 93.02882691793637 299
1757641928658 92.84305874354283 300
1757641928720 92.6576623700627 301
1757641928781 92.4726370525045 302
1757641928843 92.28798204737203 303
1757641928904 92.10369661266144 304
1757641928963 91.91978000785817 305
1757641929021 91.7362314939339 306
1757641929082 91.5530503333437 307
1757641929143 91.37023579002292 308
1757641929202 91.18778712938425 309
1757641929261 91.0057036183148 310
1757641929321 90.823984525173 311
1757641929381 90.64262911978584 312
1757641929440 90.4616366734457 313
1757641929501 90.28100645890757 314
1757641929559 90.10073775038603 315
1757641929619 89.92082982355228 316
1757641929680 89.74128195553129 317
1757641929739 89.56209342489885 318
1757641929804 89.38326351167858 319
1757641929866 89.20479149733913 320
1757641929928 89.0266766647912 321
1757641929987 88.84891829838465 322
1757641930046 88.67151568390561 323
1757641930106 88.49446810857361 324
1757641930168 88.31777486103866 325
1757641930228 88.14143523137838 326
1757641930287 87.96544851109518 327
1757641930347 87.78981399311328 328
1757641930406 87.61453097177595 329
1757641930465 87.43959874284268 330
1757641930527 87.26501660348619 331
1757641930588 87.09078385228972 332
1757641930647 86.91689978924413 333
1757641930708 86.74336371574509 334
1757641930767 86.57017493459023 335
1757641930827 86.39733274997636 336
1757641930887 86.22483646749662 337
1757641930948 86.05268539413768 338
1757641931007 85.88087883827691 339
1757641931067 85.7094161096797 340
1757641931129 85.53829651949644 341
1757641931189 85.36751938025996 342
1757641931249 85.19708400588272 343
1757641931310 85.02698971165384 344
1757641931371 84.85723581423656 345
1757641931431 84.68782163166534 346
1757641931491 84.51874648334318 347
1757641931551 84.35000969003877 348
1757641931610 84.18161057388387 349
1757641931670 84.01354845837047 350
1757641931732 83.84582266834809 351
1757641931793 83.67843253002103 352
1757641931861 83.51137737094567 353
1757641931924 83.34465652002775 354
1757641931986 83.17826930751966 355
1757641932046 83.01221506501767 356
1757641932106 82.84649312545929 357
1757641932168 82.68110282312057 358
1757641932227 82.51604349361342 359
1757641932286 82.3513144738828 360
1757641932348 82.18691510220425 361
1757641932409 82.02284471818102 362
1757641932470 81.8591026627415 363
1757641932530 81.69568827813657 364
1757641932591 81.53260090793684 365
1757641932650 81.3698398970301 366
1757641932711 81.2074045916186 367
1757641932779 81.04529433921647 368
1757641932847 80.88350848864702 369
1757641932909 80.72204639004015 370
1757641932973 80.56090739482967 371
1757641933043 80.40009085575078 372
1757641933115 80.2395961268373 373
1757641933178 80.07942256341924 374
1757641933240 79.91956952212001 375
1757641933303 79.76003636085396 376
1757641933366 79.60082243882371 377
1757641933429 79.44192711651756 378
1757641933492 79.28334975570695 379
1757641933555 79.12508971944386 380
1757641933617 78.96714637205821 381
1757641933678 78.80951907915528 382
1757641933739 78.65220720761324 383
1757641933802 78.49521012558043 384
1757641933869 78.338527202473 385
1757641933932 78.18215780897218 386
1757641933996 78.02610131702184 387
1757641934056 77.87035709982592 388
1757641934118 77.71492453184595 389
1757641934181 77.55980298879837 390
1757641934242 77.40499184765217 391
1757641934304 77.25049048662635 392
1757641934365 77.09629828518725 393
1757641934426 76.94241462404628 394
1757641934488 76.78883888515723 395
1757641934549 76.63557045171385 396
1757641934611 76.4826087081473 397
1757641934671 76.32995304012378 398
1757641934732 76.1776028345419 399
1757641934795 76.02555747953032 400
1757641934857 75.8738163644452 401
1757641934918 75.72237887986778 402
1757641934979 75.57124441760187 403
1757641935041 75.42041237067143 404
1757641935102 75.2698821333181 405
1757641935164 75.11965310099883 406
1757641935226 74.9697246703832 407
1757641935287 74.82009623935133 408
1757641935350 74.67076720699109 409
1757641935413 74.52173697359598 410
1757641935476 74.37300494066248 411
1757641935537 74.22457051088776 412
1757641935627 74.0764330881672 413
1757641935687 73.92859207759206 414
1757641935748 73.7810468854469 415
1757641935809 73.63379691920747 416
1757641935870 73.486841587538 417
1757641935938 73.34018030028902 418
1757641936004 73.19381246849494 419
1757641936068 73.0477375043716 420
1757641936130 72.90195482131391 421
1757641936192 72.75646383389353 422
1757641936255 72.61126395785656 423
1757641936320 72.46635461012097 424
1757641936381 72.32173520877446 425
1757641936443 72.17740517307197 426
1757641936505 72.03336392343341 427
1757641936568 71.8896108814413 428
1757641936632 71.74614546983838 429
1757641936694 71.60296711252542 430
1757641936756 71.46007523455864 431
1757641936818 71.3174692621477 432
1757641936881 71.17514862265311 433
1757641936943 71.03311274458409 434
1757641937006 70.89136105759619 435
1757641937069 70.74989299248894 436
1757641937130 70.60870798120368 437
1757641937191 70.46780545682113 438
1757641937254 70.3271848535592 439
1757641937316 70.18684560677067 440
1757641937379 70.04678715294085 441
1757641937441 69.90700892968542 442
1757641937505 69.76751037574802 443
1757641937568 69.6282909309981 444
1757641937632 69.48935003642863 445
1757641937695 69.35068713415377 446
1757641937756 69.2123016674067 447
1757641937820 69.07419308053737 448
1757641937882 68.93636081901013 449
1757641937952 68.79880432940169 450
1757641938021 68.66152305939873 451
1757641938097 68.52451645779573 452
1757641938162 68.38778397449269 453
1757641938228 68.25132506049302 454
1757641938293 68.1151391679012 455
1757641938358 67.97922574992062 456
1757641938423 67.8435842608514 457
1757641938488 67.70821415608812 458
1757641938551 67.57311489211767 459
1757641938613 67.43828592651705 460
1757641938677 67.30372671795115 461
1757641938739 67.16943672617056 462
1757641938801 67.03541541200947 463
1757641938864 66.90166223738336 464
1757641938926 66.76817666528696 465
1757641938988 66.634958159792 466
1757641939052 66.50200618604502 467
1757641939116 66.3693202102653 468
1757641939180 66.23689969974264 469
1757641939243 66.10474412283524 470
1757641939306 65.97285294896751 471
1757641939370 65.841225648628 472
1757641939433 65.70986169336719 473
1757641939496 65.57876055579533 474
1757641939558 65.44792170958046 475
1757641939621 65.3173446294461 476
1757641939685 65.18702879116928 477
1757641939748 65.05697367157833 478
1757641939812 64.92717874855079 479
1757641939876 64.7976435010113 480
1757641939939 64.66836740892953 481
1757641940008 64.53934995331804 482
1757641940074 64.41059061623014 483
1757641940137 64.28208888075794 484
1757641940199 64.15384423103013 485
1757641940263 64.02585615220997 486
1757641940327 63.898124130493144 487
1757641940390 63.77064765310575 488
1757641940453 63.64342620830219 489
1757641940517 63.51645928536316 490
1757641940580 63.389746374593464 491
1757641940643 63.263286967320134 492
1757641940708 63.137080555890186 493
1757641940771 63.01112663366874 494
1757641940833 62.88542469503683 495
1757641940897 62.759974235389514 496
1757641940960 62.63477475113363 497
1757641941023 62.509825739686036 498
1757641941087 62.3851266994713 499
