1757648145408 170.7288168348327 0
1757648145468 170.69472902731536 1
1757648145524 170.6436071173184 2
1757648145649 170.58398083087803 3
1757648145711 170.52011574556187 4
1757648145821 170.45414482475786 5
1757648145902 170.3871345897314 6
1757648145961 170.31961830691915 7
1757648146021 170.25186260690148 8
1757648146079 170.1840008002215 9
1757648146137 170.1160995368782 10
1757648146195 170.04819213646903 11
1757648146252 169.98029525335977 12
1757648146309 169.91241720929472 13
1757648146367 169.84456215970724 14
1757648146424 169.7767321768771 15
1757648146482 169.70892829150932 16
1757648146541 169.64115101352365 17
1757648146599 169.57340059244947 18
1757648146663 169.50567714762312 19
1757648146722 169.43798073328645 20
1757648146778 169.3703113711365 21
1757648146842 169.3026690665999 22
1757648146903 169.2350538169703 23
1757648146959 169.16746561547706 24
1757648147016 169.09990445331957 25
1757648147072 169.03237032068432 26
1757648147129 168.96486320725367 27
1757648147184 168.89738310245997 28
1757648147242 168.8299299956128 29
1757648147300 168.7625038759624 30
1757648147356 168.6951047327318 31
1757648147413 168.62773255513224 32
1757648147469 168.56038733237148 33
1757648147526 168.49306905365756 34
1757648147583 168.42577770820094 35
1757648147640 168.35851328521542 36
1757648147724 168.29127577391853 37
1757648147782 168.224065163532 38
1757648147839 168.15688144328175 39
1757648147898 168.0897246023978 40
1757648147956 168.02259463011475 41
1757648148012 167.95549151567124 42
1757648148070 167.88841524831034 43
1757648148127 167.82136581727943 44
1757648148183 167.75434321183025 45
1757648148239 167.6873474212187 46
1757648148296 167.62037843470515 47
1757648148353 167.5534362415542 48
1757648148409 167.48652083103488 49
1757648148466 167.4196321924202 50
1757648148523 167.3527703149879 51
1757648148581 167.2859351880198 52
1757648148638 167.21912680080197 53
1757648148695 167.1523451426249 54
1757648148753 167.08559020278335 55
1757648148836 167.01886197057635 56
1757648148906 166.95216043530726 57
1757648148968 166.88548558628366 58
1757648149029 166.81883741281757 59
1757648149089 166.75221590422507 60
1757648149155 166.6856210498268 61
1757648149215 166.61905283894745 62
1757648149274 166.5525112609162 63
1757648149335 166.48599630506627 64
1757648149404 166.4195079607354 65
1757648149473 166.35304621726542 66
1757648149532 166.28661106400267 67
1757648149592 166.22020249029748 68
1757648149650 166.15382048550467 69
1757648149708 166.08746503898325 70
1757648149768 166.02113614009647 71
1757648149912 165.95483377821196 72
1757648149987 165.8885579427015 73
1757648150051 165.8223086229412 74
1757648150112 165.75608580831138 75
1757648150171 165.68988948819674 76
1757648150237 165.62371965198608 77
1757648150296 165.55757628907256 78
1757648150355 165.4914593888536 79
1757648150416 165.42536894073086 80
1757648150479 165.3593049341102 81
1757648150538 165.29326735840183 82
1757648150598 165.2272562030201 83
1757648150657 165.16127145738372 84
1757648150717 165.09531311091555 85
1757648150778 165.0293811530428 86
1757648150878 164.96347557319683 87
1757648150957 164.89759636081325 88
1757648151015 164.83174350533196 89
1757648151080 164.7659169961971 90
1757648151139 164.70011682285693 91
1757648151200 164.6343429747641 92
1757648151260 164.56859544137546 93
1757648151319 164.502874212152 94
1757648151379 164.43717927655902 95
1757648151440 164.37151062406605 96
1757648151500 164.3058682441468 97
1757648151559 164.24025212627922 98
1757648151618 164.17466225994553 99
1757648151678 164.1090986346321 100
1757648151737 164.04356123982953 101
1757648151794 163.9780500650327 102
1757648151865 163.9125650997407 103
1757648151928 163.8471063334567 104
1757648151991 163.7816737556883 105
1757648152050 163.7162673559471 106
1757648152110 163.65088712374907 107
1757648152170 163.5855330486143 108
1757648152231 163.52020512006712 109
1757648152290 163.45490332763603 110
1757648152347 163.38962766085376 111
1757648152406 163.32437810925725 112
1757648152471 163.25915466238763 113
1757648152530 163.1939573097902 114
1757648152588 163.1287860410145 115
1757648152647 163.06364084561426 116
1757648152706 162.99852171314734 117
1757648152763 162.93342863317585 118
1757648152821 162.86836159526612 119
1757648152879 162.80332058898858 120
1757648152941 162.73830560391787 121
1757648153004 162.67331662963292 122
1757648153063 162.60835365571668 123
1757648153123 162.54341667175638 124
1757648153181 162.4785056673434 125
1757648153240 162.4136206320733 126
1757648153299 162.34876155554582 127
1757648153357 162.28392842736488 128
1757648153415 162.21912123713855 129
1757648153474 162.15433997447914 130
1757648153533 162.089584629003 131
1757648153592 162.02485519033078 132
1757648153650 161.96015164808716 133
1757648153709 161.89547399190118 134
1757648153769 161.8308222114058 135
1757648153829 161.76619629623835 136
1757648153888 161.7015962360402 137
1757648153947 161.63702202045687 138
1757648154005 161.57247363913817 139
1757648154064 161.50795108173787 140
1757648154124 161.44345433791403 141
1757648154182 161.37898339732885 142
1757648154241 161.31453824964865 143
1757648154300 161.25011888454384 144
1757648154359 161.18572529168907 145
1757648154436 161.1213574607631 146
1757648154500 161.05701538144882 147
1757648154561 160.99269904343325 148
1757648154622 160.92840843640764 149
1757648154686 160.8641435500672 150
1757648154755 160.79990437411146 151
1757648154817 160.73569089824397 152
1757648154878 160.67150311217247 153
1757648154940 160.6073410056088 154
1757648155005 160.5432045682689 155
1757648155066 160.4790937898729 156
1757648155127 160.41500866014505 157
1757648155188 160.35094916881363 158
1757648155249 160.2869153056112 159
1757648155309 160.2229070602743 160
1757648155370 160.1589244225437 161
1757648155429 160.09496738216416 162
1757648155489 160.03103592888462 163
1757648155550 159.96713005245823 164
1757648155610 159.90324974264206 165
1757648155679 159.83939498919747 166
1757648155834 159.77556578188978 167
1757648155901 159.71176211048856 168
1757648155967 159.6479839647674 169
1757648156032 159.58423133450395 170
1757648156095 159.52050420948007 171
1757648156157 159.45680257948163 172
1757648156218 159.3931264342987 173
1757648156279 159.32947576372536 174
1757648156340 159.26585055755973 175
1757648156402 159.20225080560425 176
1757648156464 159.13867649766522 177
1757648156524 159.07512762355316 178
1757648156585 159.01160417308256 179
1757648156647 158.94810613607217 180
1757648156708 158.88463350234468 181
1757648156767 158.82118626172692 182
1757648156827 158.75776440404982 183
1757648156887 158.69436791914836 184
1757648156947 158.63099679686155 185
1757648157012 158.5676510270326 186
1757648157075 158.50433059950873 187
1757648157137 158.44103550414124 188
1757648157198 158.37776573078546 189
1757648157262 158.31452126930083 190
1757648157322 158.25130210955083 191
1757648157382 158.18810824140314 192
1757648157443 158.12493965472933 193
1757648157502 158.06179633940508 194
1757648157562 157.9986782853102 195
1757648157623 157.93558548232852 196
1757648157684 157.87251792034792 197
1757648157743 157.80947558926033 198
1757648157802 157.7464584789618 199
1757648157864 157.6834665793523 200
1757648157924 157.62049988033607 201
1757648157984 157.5575583718211 202
1757648158046 157.49464204371978 203
1757648158105 157.43175088594825 204
1757648158165 157.3688848884269 205
1757648158226 157.30604404107996 206
1757648158286 157.2432283338359 207
1757648158345 157.18043775662716 208
1757648158406 157.1176722993902 209
1757648158468 157.05493195206554 210
1757648158528 156.99221670459778 211
1757648158589 156.92952654693536 212
1757648158650 156.86686146903102 213
1757648158710 156.8042214608414 214
1757648158770 156.74160651232717 215
1757648158831 156.67901661345297 216
1757648158892 156.61645175418764 217
1757648158951 156.55391192450384 218
1757648159013 156.4913971143784 219
1757648159081 156.4289073137922 220
1757648159143 156.36644251272992 221
1757648159204 156.3040027011805 222
1757648159265 156.24158786913677 223
1757648159326 156.17919800659558 224
1757648159393 156.11683310355795 225
1757648159466 156.05449315002863 226
1757648159529 155.99217813601663 227
1757648159591 155.9298880515348 228
1757648159655 155.86762288660012 229
1757648159718 155.80538263123353 230
1757648159781 155.74316727545994 231
1757648159844 155.6809768093083 232
1757648159904 155.6188112228116 233
1757648159965 155.5566705060067 234
1757648160026 155.49455464893458 235
1757648160088 155.43246364164023 236
1757648160147 155.3703974741725 237
1757648160208 155.30835613658437 238
1757648160271 155.24633961893272 239
1757648160331 155.18434791127848 240
1757648160392 155.1223810036865 241
1757648160457 155.06043888622577 242
1757648160521 154.99852154896905 243
1757648160583 154.93662898199318 244
1757648160647 154.87476117537904 245
1757648160710 154.81291811921145 246
1757648160778 154.75109980357917 247
1757648160841 154.68930621857496 248
1757648160905 154.62753735429555 249
1757648160968 154.56579320084174 250
1757648161029 154.50407374831812 251
1757648161096 154.44237898683332 252
1757648161165 154.3807089065001 253
1757648161228 154.31906349743494 254
1757648161290 154.25744274975844 255
1757648161350 154.19584665359514 256
1757648161415 154.13427519907347 257
1757648161478 154.07272837632593 258
1757648161539 154.0112061754889 259
1757648161600 153.94970858670274 260
1757648161663 153.88823560011176 261
1757648161726 153.82678720586424 262
1757648161787 153.76536339411243 263
1757648161849 153.70396415501247 264
1757648161911 153.64258947872452 265
1757648161972 153.58123935541263 266
1757648162033 153.51991377524487 267
1757648162095 153.45861272839312 268
1757648162158 153.39733620503338 269
1757648162219 153.33608419534542 270
1757648162281 153.27485668951311 271
1757648162342 153.21365367772412 272
1757648162404 153.15247515017015 273
1757648162467 153.09132109704674 274
1757648162529 153.03019150855354 275
1757648162590 152.96908637489395 276
1757648162652 152.90800568627535 277
1757648162717 152.84694943290907 278
1757648162780 152.78591760501044 279
1757648162841 152.72491019279855 280
1757648162904 152.66392718649658 281
1757648162967 152.60296857633153 282
1757648163032 152.5420343525343 283
1757648163094 152.48112450533986 284
1757648163162 152.42023902498687 285
1757648163226 152.35937790171818 286
1757648163289 152.2985411257803 287
1757648163351 152.2377286874238 288
1757648163414 152.17694057690306 289
1757648163476 152.11617678447658 290
1757648163538 152.0554373004065 291
1757648163600 151.99472211495905 292
1757648163663 151.93403121840421 293
1757648163726 151.87336460101608 294
1757648163787 151.81272225307248 295
1757648163849 151.7521041648552 296
1757648163912 151.69151032664993 297
1757648163974 151.6309407287462 298
1757648164037 151.5703953614375 299
1757648164099 151.50987421502128 300
1757648164162 151.4493772797987 301
1757648164224 151.38890454607497 302
1757648164287 151.32845600415908 303
1757648164348 151.268031644364 304
1757648164423 151.20763145700653 305
1757648164493 151.1472554324074 306
1757648164558 151.0869035608912 307
1757648164624 151.0265758327863 308
1757648164694 150.9662722384252 309
1757648164763 150.90599276814396 310
1757648164828 150.84573741228277 311
1757648164893 150.78550616118565 312
1757648164957 150.72529900520038 313
1757648165022 150.66511593467874 314
1757648165087 150.60495693997626 315
1757648165153 150.54482201145248 316
1757648165220 150.48471113947068 317
1757648165284 150.424624314398 318
1757648165346 150.36456152660566 319
1757648165408 150.30452276646844 320
1757648165473 150.24450802436525 321
1757648165538 150.18451729067868 322
1757648165600 150.12455055579522 323
1757648165663 150.06460781010523 324
1757648165727 150.0046904208625 325
1757648165790 149.94479768946755 326
1757648165859 149.88492926215298 327
1757648165934 149.82508495723903 328
1757648166003 149.76526329953674 329
1757648166070 149.70546630495554 330
1757648166136 149.64569359791267 331
1757648166202 149.58594360529835 332
1757648166267 149.5262182961544 333
1757648166332 149.46651727035498 334
1757648166396 149.4068389415609 335
1757648166459 149.34718527416675 336
1757648166524 149.28755586473986 337
1757648166586 149.2279491243257 338
1757648166650 149.16836701795805 339
1757648166714 149.10880914155743 340
1757648166778 149.049273904885 341
1757648166840 148.98976327427332 342
1757648166905 148.93027684532976 343
1757648166968 148.87081302669958 344
1757648167032 148.81137378609444 345
1757648167095 148.75195871885072 346
1757648167159 148.69256623252082 347
1757648167232 148.63319829620315 348
1757648167298 148.5738545049689 349
1757648167363 148.5145346516265 350
1757648167426 148.4552372406572 351
1757648167490 148.3959629063238 352
1757648167555 148.33671334775113 353
1757648167619 148.27748802328676 354
1757648167683 148.21828665749572 355
1757648167746 148.15910910788855 356
1757648167810 148.09995390941282 357
1757648167874 148.04082310213735 358
1757648167939 147.98171492379467 359
1757648168001 147.9226312665748 360
1757648168065 147.86357168305491 361
1757648168130 147.80453594484712 362
1757648168194 147.74552254202877 363
1757648168258 147.686533496121 364
1757648168323 147.6275670317072 365
1757648168387 147.56862503825116 366
1757648168452 147.50970706505598 367
1757648168516 147.45081288211006 368
1757648168579 147.39194097678876 369
1757648168646 147.33309337307955 370
1757648168711 147.2742696861283 371
1757648168775 147.2154683249559 372
1757648168840 147.15669127638947 373
1757648168904 147.09793813594007 374
1757648168968 147.03920730187664 375
1757648169031 146.98050075756453 376
1757648169096 146.92181809582874 377
1757648169160 146.86315771265762 378
1757648169226 146.8045215921732 379
1757648169296 146.74590932663762 380
1757648169362 146.68731931082093 381
1757648169445 146.62875353012802 382
1757648169513 146.57021157652423 383
1757648169580 146.51169184369638 384
1757648169647 146.45319631839573 385
1757648169713 146.39472459232474 386
1757648169780 146.33627505810543 387
1757648169845 146.27784970384135 388
1757648169910 146.21944812097655 389
1757648169974 146.16106870107248 390
1757648170039 146.10271343358338 391
1757648170104 146.044381909696 392
1757648170168 145.98607251991353 393
1757648170232 145.92778725503834 394
1757648170297 145.86952570600056 395
1757648170361 145.811287663625 396
1757648170425 145.7530716164638 397
1757648170492 145.69487820595396 398
1757648170558 145.6367091499004 399
1757648170623 145.5785639010438 400
1757648170687 145.52044218123248 401
1757648170752 145.4623438467055 402
1757648170816 145.40426741689234 403
1757648170882 145.3462149541459 404
1757648170947 145.28818467748945 405
1757648171011 145.2301784997644 406
1757648171075 145.17219596899128 407
1757648171141 145.11423685459036 408
1757648171206 145.056299630716 409
1757648171278 144.99838634086012 410
1757648171345 144.94049659696827 411
1757648171411 144.88262879354807 412
1757648171475 144.82478493623745 413
1757648171540 144.76696461702355 414
1757648171605 144.70916621952415 415
1757648171670 144.65139174579838 416
1757648171741 144.59364078511297 417
1757648171806 144.53591171881124 418
1757648171872 144.47820654966458 419
1757648171938 144.42052486637817 420
1757648172003 144.36286504910166 421
1757648172070 144.30522910185377 422
1757648172135 144.2476166130488 423
1757648172200 144.19002596178 424
1757648172264 144.13245915337794 425
1757648172334 144.0749157760006 426
1757648172401 144.0173942077035 427
1757648172466 143.95989645513524 428
1757648172531 143.90242210620207 429
1757648172598 143.84496953792586 430
1757648172663 143.7875407582718 431
1757648172729 143.73013535489548 432
1757648172794 143.6727531170534 433
1757648172859 143.6153925207013 434
1757648172925 143.5580542129497 435
1757648172991 143.5007399263749 436
1757648173057 143.44344910928388 437
1757648173123 143.38618148137684 438
1757648173188 143.32893689788742 439
1757648173254 143.27171386597388 440
1757648173325 143.21451446561068 441
1757648173394 143.15733690102644 442
1757648173459 143.10018310139313 443
1757648173526 143.04305261112816 444
1757648173594 142.98594519791854 445
1757648173661 142.92885932332706 446
1757648173727 142.87179704821963 447
1757648173792 142.81475798148927 448
1757648173857 142.75774050441387 449
1757648173924 142.70074663964277 450
1757648173990 142.64377597595103 451
1757648174055 142.58682688366827 452
1757648174122 142.52990138179266 453
1757648174189 142.472999056364 454
1757648174255 142.41611827545188 455
1757648174321 142.35926105873037 456
1757648174395 142.30242699168107 457
1757648174472 142.24561444120332 458
1757648174541 142.18882542818665 459
1757648174611 142.13205953782764 460
1757648174680 142.0753151359934 461
1757648174763 142.01859424485437 462
1757648174832 141.96189644935674 463
1757648174902 141.90522153745917 464
1757648174971 141.84856797469254 465
1757648175037 141.7919364128625 466
1757648175103 141.73532859677047 467
1757648175171 141.67874397105393 468
1757648175236 141.62218225363517 469
1757648175302 141.5656432989154 470
1757648175377 141.50912560389673 471
1757648175445 141.45263126313773 472
1757648175514 141.39615989449038 473
1757648175581 141.3397098757821 474
1757648175647 141.28328324392916 475
1757648175715 141.2268795869109 476
1757648175783 141.1704972667462 477
1757648175848 141.11413831424804 478
1757648175916 141.05780231344235 479
1757648175983 141.0014876234937 480
1757648176049 140.94519627556568 481
1757648176117 140.88892785297716 482
1757648176183 140.83268071366234 483
1757648176249 140.7764568899414 484
1757648176316 140.720255964833 485
1757648176383 140.66407629524596 486
1757648176448 140.60791991475585 487
1757648176515 140.55178640613266 488
1757648176583 140.49567412528694 489
1757648176719 140.4395851070601 490
1757648176803 140.38351893398013 491
1757648176873 140.32747539284705 492
1757648176945 140.27145293989108 493
1757648177014 140.2154522311065 494
1757648177083 140.15947502220135 495
1757648177153 140.1035207545394 496
1757648177224 140.0475891444567 497
1757648177294 139.99168004561204 498
1757648177374 139.9357919459466 499
