1757639998012 135.47112113458604 0
1757639998061 120.954591031736 1
1757639998108 96.34497362502336 2
1757639998155 85.16066590151507 3
1757639998204 70.28579076044787 4
1757639998253 59.262122661219856 5
1757639998300 50.08912408254128 6
1757639998349 43.116999617035304 7
1757639998395 35.16470259168969 8
1757639998443 30.43907063305913 9
1757639998491 25.325115454114957 10
1757639998538 20.489689781765193 11
1757639998589 17.6341902521649 12
1757639998635 15.948353388771423 13
1757639998682 13.820990037988338 14
1757639998730 10.916506911132924 15
1757639998778 9.403357434468905 16
1757639998828 7.276106702297636 17
1757639998876 6.432746303029148 18
1757639998922 5.223482052181951 19
1757639998971 5.186085081582821 20
1757639999018 3.831399339155019 21
1757639999066 3.353806007445816 22
1757639999113 2.5552870550544835 23
1757639999160 2.426892824738171 24
1757639999208 1.941771856654337 25
1757639999258 1.7822107841412502 26
1757639999306 1.5010914107336086 27
1757639999354 1.574939779835403 28
1757639999401 0.9621524407055126 29
1757639999448 0.7516427224398757 30
1757639999496 0.9306953458762734 31
1757639999544 0.6713246758371231 32
1757639999592 0.6331349517928412 33
1757639999646 0.4360193386201634 34
1757639999695 0.6919111266588627 35
1757639999742 0.5233592682147328 36
1757639999791 0.4013106371554867 37
1757639999839 0.35821662148047817 38
1757639999886 0.2539194153969553 39
1757639999934 0.2405979128552459 40
1757639999982 0.3789516709853855 41
1757640000031 0.27665973977848257 42
1757640000081 0.30963109503698905 43
1757640000128 0.2208722035546333 44
1757640000176 0.18719203789695116 45
1757640000225 0.18027996344046143 46
1757640000273 0.1892967775521155 47
1757640000321 0.16999103964191128 48
1757640000369 0.16970579472942648 49
1757640000418 0.1675587369007714 50
1757640000466 0.1360084427391109 51
1757640000515 0.11518179553204495 52
1757640000563 0.13080973607361807 53
1757640000611 0.10648974440973163 54
1757640000659 0.12459801130826073 55
1757640000708 0.08245138007192984 56
1757640000756 0.17381058634673177 57
1757640000804 0.12513607615934202 58
1757640000852 0.13451707777601551 59
1757640000901 0.11417260483495931 60
1757640000949 0.10962875360197691 61
1757640000998 0.11999017778010912 62
1757640001046 0.08699299303288982 63
1757640001095 0.1832230897796528 64
1757640001143 0.13525835371764672 65
1757640001191 0.14455375178888055 66
1757640001240 0.09276582680578409 67
1757640001287 0.1189543411833004 68
1757640001335 0.12780639203923755 69
1757640001384 0.19758946257108098 70
1757640001433 0.11499712593713599 71
1757640001481 0.16928527675463173 72
1757640001529 0.20345159416406264 73
1757640001578 0.15513825109214213 74
1757640001626 0.11041047787874816 75
1757640001682 0.13319290778285772 76
1757640001732 0.0929737362797138 77
1757640001779 0.07809022018699756 78
1757640001829 0.0657833063954101 79
1757640001878 0.07547671591335758 80
