1757624423106 167.13207565622417 0
1757624423156 163.808408221519 1
1757624423216 157.6181187107893 2
1757624423272 149.07029363426184 3
1757624423327 138.69381170781793 4
1757624423378 127.01076773915094 5
1757624423422 114.5154767302474 6
1757624423468 101.65877282000454 7
1757624423517 88.83717184222775 8
1757624423581 76.3863642230309 9
1757624423660 64.57844245454146 10
1757624423711 53.62223947141303 11
1757624423754 43.66615551213278 12
1757624423798 34.8028759237828 13
1757624423843 27.075425432091553 14
1757624423885 20.484060519697827 15
1757624423930 14.993566060438487 16
1757624423972 10.54059112937074 17
1757624424024 7.04072844864337 18
1757624424073 4.395109381998892 19
1757624424120 2.4963495343413586 20
1757624424171 1.2337372286208645 21
1757624424226 0.4976073523419495 22
1757624424290 0.18288570855599545 23
1757624424341 0.19182390321138043 24
1757624424382 0.4359721223811335 25
1757624424425 0.8374573329761957 26
1757624424470 1.3296481060110672 27
1757624424514 1.8572951681905525 28
1757624424570 2.376239764043116 29
1757624424613 2.8527808105736856 30
1757624424656 3.262787489319074 31
1757624424698 3.5906371429712602 32
1757624424739 3.8280498560234264 33
1757624424780 3.9728815515915157 34
1757624424820 4.027927391440064 35
1757624424861 3.99977719325194 36
1757624424941 3.897754857477782 37
1757624424990 3.7329647182358574 38
1757624425036 3.517459511205169 39
1757624425082 3.2635374268078783 40
1757624425128 2.9831695668202154 41
1757624425172 2.6875540709696057 42
1757624425218 2.3867892070232877 43
1757624425260 2.0896547682307376 44
1757624425304 1.8034891140519733 45
1757624425352 1.5341480233870615 46
1757624425398 1.2860310916718245 47
1757624425443 1.0621615760990302 48
1757624425488 0.8643062581401318 49
1757624425564 0.6931229344344506 50
1757624425616 0.5483244580195404 51
1757624425674 0.42884973350570227 52
1757624425724 0.333033635338159 53
1757624425771 0.25876939352350753 54
1757624425829 0.2036585149831464 55
1757624425881 0.16514473291707632 56
1757624425932 0.1406297656059319 57
1757624425978 0.1275697959630728 58
1757624426024 0.12355254035357062 59
1757624426070 0.12635555531675105 60
1757624426114 0.1339870371023953 61
1757624426160 0.14471081073492056 62
1757624426204 0.15705749668771765 63
1757624426250 0.16982400146560392 64
1757624426295 0.18206352270898488 65
1757624426340 0.19306820993685317 66
1757624426383 0.20234649870163451 67
1757624426426 0.20959695779982537 68
1757624426470 0.21468027383301388 69
1757624426512 0.21759076048849482 70
1757624426556 0.2184285348687283 71
1757624426601 0.217373261202055 72
1757624426646 0.2146601321660804 73
1757624426712 0.2105585464928543 74
1757624426763 0.20535375310387052 75
1757624426832 0.19933156952513365 76
1757624426880 0.19276614697256422 77
1757624426927 0.18591064618860442 78
1757624426976 0.17899060572894712 79
1757624427026 0.1721997260389582 80
1757624427072 0.1656977558690346 81
1757624427119 0.15961014956208813 82
1757624427171 0.15402916154636945 83
1757624427222 0.14901605500848134 84
1757624427274 0.14460412233108466 85
1757624427329 0.14080224277341077 86
1757624427376 0.1375987356186351 87
1757624427421 0.13496530247138824 88
1757624427464 0.13286088873576793 89
1757624427517 0.13123533003226712 90
1757624427568 0.1300326832251585 91
1757624427614 0.12919417292787722 92
1757624427656 0.12866071220011488 93
1757624427708 0.1283749802545361 94
1757624427754 0.1282830601700668 95
1757624427799 0.12833565585562556 96
1757624427844 0.12848891995965722 97
1757624427892 0.12870493332591415 98
1757624427943 0.12895188228651286 99
1757624427996 0.1292039829473787 100
1757624428041 0.1294412020788276 101
1757624428090 0.1296488227066559 102
1757624428134 0.12981689943189012 103
1757624428181 0.129939644295047 104
1757624428250 0.1300147790166148 105
1757624428305 0.13004288402316655 106
1757624428408 0.13002676909698016 107
1757624428456 0.12997088500765933 108
1757624428508 0.12988079029040298 109
1757624428562 0.12976268257395843 110
1757624428626 0.1296229996347881 111
1757624428678 0.1294680917256456 112
1757624428728 0.12930396372466604 113
1757624428783 0.12913608327364068 114
1757624428835 0.12896924929565975 115
1757624428884 0.12880751405838803 116
1757624428931 0.12865415122210583 117
1757624428987 0.12851166201492636 118
1757624429041 0.12838181174054675 119
1757624429100 0.1282656891751016 120
1757624429157 0.12816378198007808 121
1757624429222 0.12807606198334248 122
1757624429302 0.1280020750020224 123
1757624429362 0.12794103074862195 124
1757624429409 0.1278918892326754 125
1757624429456 0.12785344091005119 126
1757624429504 0.1278243786141761 127
1757624429551 0.12780336000894635 128
1757624429598 0.12778905991959288 129
1757624429645 0.12778021241886614 130
1757624429699 0.12777564297013877 131
1757624429773 0.1277742912589928 132
1757624429832 0.12777522558626428 133
1757624429889 0.12777764985637677 134
1757624429944 0.12778090428461886 135
1757624429995 0.1277844609761689 136
1757624430047 0.1277879155087975 137
1757624430095 0.12779097559073482 138
1757624430145 0.1277934477751145 139
