1757650722746 0.638872647188792 0
1757650722875 0.019232769249728138 1
1757650722989 0.04905589432625127 2
1757650723101 0.07653128611525233 3
1757650723218 0.0013478782505704859 4
1757650723329 0.0525407489393004 5
1757650723449 0.05280148472914358 6
1757650723565 0.07923008012140978 7
1757650723682 0.00562476260917799 8
1757650723797 0.165963086334042 9
1757650723910 0.0023432766763384688 10
1757650724025 0.1653316121223438 11
1757650724138 8.981997608602493e-05 12
1757650724251 3.748950655986985e-06 13
1757650724365 0.012952518834079687 14
1757650724477 0.25802456583317285 15
1757650724590 0.11095078395240535 16
1757650724700 0.28170912383119895 17
1757650724814 0.335134282558375 18
1757650724936 0.011709731225736129 19
1757650725063 0.055949236397179865 20
1757650725177 0.03536940282643231 21
1757650725292 0.00031217918255430576 22
1757650725409 0.017551346685884206 23
1757650725525 0.0015384473112828845 24
1757650725652 0.01684914423345229 25
1757650725786 0.006192288732686416 26
1757650725917 0.0033896212246774388 27
1757650726034 0.006195104244690617 28
1757650726150 0.3183329855165633 29
1757650726266 0.09912757669036534 30
1757650726381 0.0013282281518462416 31
1757650726496 0.054686865366571885 32
1757650726613 0.00918646961996635 33
1757650726730 0.06157306009168133 34
1757650726845 0.13380421569107406 35
1757650726962 0.03618793392097311 36
1757650727079 0.07265519335507818 37
1757650727194 0.03554350032953712 38
1757650727306 0.06253314533343449 39
1757650727417 0.006115522147188675 40
1757650727531 0.0008908766091796895 41
1757650727644 0.10718531078139319 42
1757650727757 0.09392244333767003 43
1757650727870 0.01453916035030014 44
1757650727980 0.0010411839943829698 45
1757650728096 0.03661824327232948 46
1757650728194 0.0012100248006315087 47
1757650728307 0.03159635655488274 48
1757650728419 0.04507803045600614 49
1757650728653 1.5564404235914228e-05 50
1757650728816 0.09504983579656803 51
1757650728941 0.03116112128602521 52
1757650729074 0.18069507093378692 53
1757650729191 0.20233562853422318 54
1757650729311 0.19769578158619025 55
1757650729428 0.15354302047073873 56
1757650729543 0.019026027277397765 57
1757650729658 0.0014024344866395762 58
1757650729773 0.038752243194689256 59
1757650729892 0.13063174512811399 60
1757650730026 0.03211013854439788 61
1757650730142 0.07196781997436419 62
1757650730258 8.61907690758042e-05 63
1757650730389 0.06711296480071545 64
1757650730506 0.04945036520260616 65
1757650730622 0.05381187417752356 66
1757650730739 0.0095303728700457 67
1757650730853 0.5336310064694197 68
1757650730969 0.03392759702815774 69
1757650731142 0.3463899795830403 70
1757650731259 0.3120297546714967 71
1757650731376 0.05970622013611573 72
1757650731494 0.023563099169007482 73
1757650731611 0.0007127042916820802 74
1757650731727 0.00018775564888727785 75
1757650731841 0.006544630821170841 76
1757650731955 0.09014625432320117 77
1757650732068 0.004220280258959654 78
1757650732181 0.00852793161914114 79
1757650732294 0.00237764985202909 80
1757650732406 1.0636875469549375e-06 81
1757650732519 0.08502736247661763 82
1757650732632 0.00489107476296614 83
1757650732744 0.3970985704859791 84
1757650732861 0.011590184187126765 85
1757650733004 0.0289246997225719 86
1757650733126 0.010891617038135338 87
1757650733344 0.6086460438978556 88
1757650733465 0.02261920170320752 89
1757650733583 0.015325296155111148 90
1757650733700 0.003409266692146916 91
1757650733817 0.10291602727186835 92
1757650733933 0.004705342562950581 93
1757650734049 0.01695366588728541 94
1757650734163 0.0017712722526089949 95
1757650734278 1.2609949784833492e-08 96
1757650734393 0.08895514439668403 97
1757650734506 0.07822618103204274 98
1757650734618 0.1197411241445642 99
1757650734731 0.004430922857310072 100
1757650734844 0.06671735460117809 101
1757650734972 0.2589760804129622 102
1757650735089 1.4639852192273493e-08 103
1757650735215 0.06711945229907562 104
1757650735333 0.0027195760484271967 105
1757650735450 0.004317108674585008 106
1757650735574 0.412067160053602 107
1757650735692 0.07799328681118119 108
1757650735809 0.08066940017986218 109
1757650735923 0.00895293891443701 110
1757650736040 0.0039465188429350555 111
1757650736155 0.017992784081557845 112
1757650736269 0.04254483532060909 113
1757650736383 0.35432038330422383 114
1757650736495 0.11424589149873901 115
1757650736610 0.027725493296314182 116
1757650736722 0.04512950609710801 117
1757650736837 0.09352988401090968 118
1757650736951 0.05532754867543825 119
1757650737065 0.06489891464455727 120
1757650737181 0.14034093285439533 121
1757650737300 0.08222909563388428 122
1757650737413 0.027144382634719397 123
1757650737528 0.13698621752740128 124
1757650737643 0.132826768200076 125
1757650737755 0.7052028591590708 126
1757650737869 0.29725081785987584 127
1757650737982 0.024274038733658368 128
1757650738097 0.027664632251155383 129
1757650738211 0.00540109000296011 130
1757650738324 0.010748579359651303 131
1757650738437 0.012098541579954346 132
1757650738551 0.12961180370202366 133
1757650738663 0.0982030187001427 134
1757650738776 0.02203689500784351 135
1757650738891 0.026163321350886073 136
1757650739006 0.17451414101323875 137
1757650739123 0.13661998429996228 138
1757650739242 0.08364613545114634 139
1757650739357 0.03100185768186226 140
1757650739472 0.3332366236099646 141
1757650739585 0.016100141575832096 142
1757650739697 0.1373682029008828 143
1757650739811 0.11894857855969375 144
1757650739934 0.003909286647813648 145
1757650740063 0.00088475301556431 146
1757650740181 0.0036019980813057984 147
1757650740299 0.891958343652427 148
1757650740413 0.6825139123542384 149
1757650740527 0.002837473751793197 150
1757650740643 0.004921506999406235 151
1757650740755 0.04448979576752136 152
1757650740874 0.001919497914229024 153
1757650740990 0.00857300444044377 154
1757650741108 0.052537161554654474 155
1757650741226 0.012007774206818802 156
1757650741350 0.006043160784662102 157
1757650741463 0.2554933340358868 158
1757650741580 0.0020376902888436174 159
1757650741693 0.14892366134650534 160
1757650741808 0.0035680835057680903 161
1757650741921 0.030682072753002658 162
1757650742033 0.19141454639712283 163
1757650742147 0.020181154526737362 164
1757650742261 0.5649734946789656 165
1757650742375 0.135065410914815 166
1757650742490 0.17157085844560188 167
1757650742603 0.1501729640854882 168
1757650742717 0.6488989898438171 169
1757650742833 0.011516403203218631 170
1757650742946 0.04448943202071012 171
1757650743059 0.13496802475555741 172
1757650743178 0.03243490064314846 173
1757650743296 0.009566072976984585 174
1757650743419 0.00037630432163764896 175
1757650743538 0.014390832227371392 176
1757650743658 0.15683221405927386 177
1757650743773 0.003000619907071898 178
1757650743888 0.19115409852791565 179
1757650744002 0.16231976508569657 180
1757650744115 0.05153303245620791 181
1757650744232 0.03296204581348455 182
1757650744347 0.2434870793881876 183
1757650744461 0.5594380274251344 184
1757650744576 0.0766740653341162 185
1757650744690 0.14766115616496844 186
1757650744805 0.033294929009148135 187
1757650744926 1.5411080609313055 188
1757650745051 0.3461765724325952 189
1757650745169 0.0017803892920334433 190
1757650745290 0.024909762268825308 191
1757650745412 3.607997457276734e-05 192
1757650745526 0.12283535281915435 193
1757650745655 0.03468571337823883 194
1757650745777 0.06398235741338894 195
1757650745920 0.04049426318341552 196
1757650746058 0.0706702655808387 197
1757650746178 0.0005617753736213503 198
1757650746301 0.14726897574541276 199
1757650746419 0.13313508079917155 200
1757650746533 0.026580549805421915 201
1757650746651 0.17258323169337697 202
1757650746766 0.08410872729239333 203
1757650746881 0.0032955146512434834 204
1757650746997 0.17088961071293232 205
1757650747113 0.059196776083015816 206
1757650747227 0.027201544337211423 207
1757650747345 0.3542678595202761 208
1757650747465 4.491928647957653e-05 209
1757650747580 0.08365731026726107 210
1757650747695 0.12824729809671576 211
1757650747809 0.1304619075328651 212
1757650747925 0.034874647403663854 213
1757650748040 0.18740045650918183 214
1757650748158 0.20362321388354343 215
1757650748273 0.07317620892535345 216
1757650748388 0.10060136393697815 217
1757650748503 0.29775597072116317 218
1757650748618 0.121122688984228 219
1757650748732 0.03588036108894072 220
1757650748849 0.16776747583693008 221
1757650749019 0.03934433814718004 222
1757650749143 0.04055937476549782 223
1757650749263 0.32910129566506674 224
1757650749386 0.1409213519757901 225
1757650749506 0.0002802528161102292 226
1757650749621 0.13198830737534856 227
1757650749736 0.18523826592654943 228
1757650749851 0.11412874714787462 229
1757650749980 0.27986368498208564 230
1757650750102 1.700811501767356e-05 231
1757650750222 0.32579123252647496 232
1757650750337 0.019832187735744494 233
1757650750453 0.08474688380211892 234
1757650750570 1.2757942716542583 235
1757650750686 0.06018606887942978 236
1757650750802 0.0020167854708116207 237
1757650750917 0.021520738885861247 238
1757650751033 0.39953133376233796 239
1757650751151 0.01239308891531083 240
1757650751268 0.035326183409212876 241
1757650751390 0.06882541767402747 242
1757650751514 0.006675457339061853 243
1757650751629 0.029494583733774535 244
1757650751749 0.0036094466325349577 245
1757650751867 0.004131114040766048 246
1757650751983 0.20275722391842282 247
1757650752098 0.5506553371836426 248
1757650752214 0.012636142585684304 249
1757650752330 0.016602366165701755 250
1757650752447 0.0670462764233966 251
1757650752562 0.2956204850691033 252
1757650752679 0.00017511702937655118 253
1757650752795 0.8265558643448481 254
1757650752911 0.03958852702284514 255
1757650753026 0.13072888497033328 256
1757650753143 0.4362240591012314 257
1757650753259 0.23562932701675998 258
1757650753376 0.0822835197809306 259
1757650753497 0.0030342975859170727 260
1757650753617 0.2923391629928641 261
1757650753733 0.2083839157378717 262
1757650753849 0.026278102826581124 263
1757650753964 0.11069072762242162 264
1757650754080 0.043073618136989726 265
1757650754194 0.1335043231763299 266
1757650754315 0.07345253519039521 267
1757650754432 0.008740747207361668 268
1757650754548 0.15694932521170665 269
1757650754663 0.4116909794813289 270
1757650754779 0.004613732335462278 271
1757650754898 0.47761356008107125 272
1757650755034 0.0016527137880833175 273
1757650755154 0.0014898489651203404 274
1757650755274 0.07880775160452588 275
1757650755395 0.46062007010592476 276
1757650755516 0.020068746652290408 277
1757650755647 0.152800989617332 278
1757650755768 0.008782963186189733 279
1757650755969 0.05537456731962346 280
1757650756094 0.012217660639304802 281
1757650756216 0.1084379391807094 282
1757650756336 0.22094195490192986 283
1757650756457 0.019072806721378913 284
1757650756579 0.06313075288600489 285
1757650756697 0.009548805426082135 286
1757650756814 0.05642260550017512 287
1757650756930 0.15886503617694758 288
1757650757047 0.0478654368353321 289
1757650757164 0.005425668144267962 290
1757650757280 0.3230216210325429 291
1757650757397 0.023960555199926764 292
1757650757516 0.005113184628502477 293
1757650757638 0.04769008106770936 294
1757650757755 0.00048111085074900226 295
1757650757871 0.7745075196812704 296
1757650757987 0.005516907843660163 297
1757650758106 0.049040249103213106 298
1757650758222 0.13623324276431778 299
1757650758339 0.03636461678985648 300
1757650758456 0.038945806144044734 301
1757650758573 0.1634624923964891 302
1757650758691 0.002971024622183151 303
1757650758808 0.05501650969282235 304
1757650758924 0.2149862264455888 305
1757650759042 0.12966383598781847 306
1757650759160 0.02708829083240145 307
1757650759277 0.000766839415170425 308
1757650759393 0.08378005910480896 309
1757650759511 0.007510738197394057 310
1757650759636 0.021110196499854055 311
1757650759754 0.1951176918957968 312
1757650759870 0.06343996306825021 313
1757650760003 0.016949386945138742 314
1757650760125 0.033179190792945935 315
1757650760248 0.6552102506621389 316
1757650760366 8.394627219857952e-06 317
1757650760483 0.01479113385661426 318
1757650760600 0.01929210010564607 319
1757650760717 0.015865666514769425 320
1757650760834 0.055411862612131504 321
1757650760951 0.1071094560198811 322
1757650761070 0.0754736479925644 323
1757650761187 0.3011919021593263 324
1757650761305 0.08156127056407889 325
1757650761423 0.008858469655096794 326
1757650761543 0.30781361935273777 327
1757650761669 0.02908465038240469 328
1757650761788 0.029599438145078486 329
1757650761908 0.0010939434848522649 330
1757650762025 0.33022113312107715 331
1757650762143 0.3812316364378509 332
1757650762258 0.25458401118131735 333
1757650762382 0.023126208819102212 334
1757650762504 0.06507291257863775 335
1757650762627 0.024392025763199026 336
1757650762749 0.15809380085308122 337
1757650762866 0.13829684131762085 338
1757650763033 2.2253989164141003e-05 339
1757650763161 0.004780274816189001 340
1757650763284 0.004915697815837143 341
1757650763408 0.11192257667939491 342
1757650763526 0.1639535999292381 343
1757650763651 0.04597627003330974 344
1757650763772 0.00033481952234959075 345
1757650763889 0.13558998050138202 346
1757650764008 0.34231421769174397 347
1757650764126 0.013528297739563643 348
1757650764245 0.019436988122582974 349
1757650764362 0.06188265059264899 350
1757650764480 0.2425532130807408 351
1757650764598 0.07990199501085032 352
1757650764725 0.016415207343794615 353
1757650764848 0.0013408609662336327 354
1757650764979 0.0953485885069448 355
1757650765165 0.000331396988375561 356
1757650765362 0.0037114183403904074 357
1757650765501 0.3665052073691441 358
1757650765644 0.05063592631691241 359
1757650765777 0.6335971098979808 360
1757650765935 0.010486792511286685 361
1757650766100 0.028337506410417615 362
1757650766241 0.25496596016771056 363
1757650766428 0.07501677351325318 364
1757650766614 0.0859924262243549 365
1757650766778 0.0014475438216914552 366
1757650766924 0.11524561621159697 367
1757650767105 0.09555265316325307 368
1757650767244 0.21071034960464421 369
1757650767375 0.07244913529294918 370
1757650767499 0.33520560167078134 371
1757650767664 0.009615347091255583 372
1757650767838 0.28241635166237533 373
1757650768001 0.15958072700753045 374
1757650768148 0.007870421713784489 375
1757650768291 0.07032651029396358 376
1757650768417 0.08571172072209379 377
1757650768541 0.029748813858417773 378
1757650768660 0.013555161258600932 379
1757650768780 0.01706724345790353 380
1757650768902 0.020619077291099564 381
1757650769049 0.021610599980432802 382
1757650769204 0.0318914167356166 383
1757650769363 0.01348008155262982 384
1757650769528 0.048568848507148134 385
1757650769682 0.036168864864126335 386
1757650769822 0.025930250588565008 387
1757650769952 0.9842056583060139 388
1757650770079 0.17634155938108725 389
1757650770205 0.2467065081369694 390
1757650770325 0.11631375894877415 391
1757650770444 0.024046749203580173 392
1757650770564 0.0043242772938358 393
1757650770680 0.017529981127060563 394
1757650770795 0.010421669195430971 395
1757650770910 0.3824440322080461 396
1757650771025 0.5168588452518813 397
1757650771140 0.06537086020475719 398
1757650771256 0.029872169936019773 399
1757650771372 0.16914351975263073 400
1757650771487 0.5131985352457042 401
1757650771601 0.40782633279276315 402
1757650771717 0.11237325329495254 403
1757650771835 0.13500667805168287 404
1757650771950 0.05058222584736613 405
1757650772065 0.004164202696953192 406
1757650772178 0.19957246718353208 407
1757650772293 0.005102258728192032 408
1757650772408 0.22854388247177848 409
1757650772524 0.28233372621323805 410
1757650772639 0.00892799993520766 411
1757650772754 0.09266774368853542 412
1757650772867 0.03779129467289715 413
1757650772982 0.0015659165977959459 414
1757650773096 0.011074372237429039 415
1757650773210 9.138463850129786e-07 416
1757650773323 0.002365198441647952 417
1757650773439 0.0835936153106226 418
1757650773552 0.04461398900010409 419
1757650773672 0.000721353209696684 420
1757650773787 0.08077166213095352 421
1757650773907 0.4168775639859497 422
1757650774022 0.004850996319716275 423
1757650774136 0.9152789012480806 424
1757650774250 0.04036110731925263 425
1757650774365 0.1575674329030296 426
1757650774479 0.0568942952542912 427
1757650774593 0.43128489150142524 428
1757650774759 0.6141291817095256 429
1757650774878 0.011284811681264544 430
1757650775010 0.020244296259375055 431
1757650775132 0.11372096700804313 432
1757650775249 0.5005690915004147 433
1757650775365 0.21593898546372844 434
1757650775481 0.05556599874426892 435
1757650775600 0.22003238569197003 436
1757650775717 0.00014201546294143508 437
1757650775838 0.3353902362929337 438
1757650775961 0.028219929711725496 439
1757650776079 0.16831597889282685 440
1757650776195 0.5307815530364417 441
1757650776311 0.0009529888226901713 442
1757650776427 0.3533637301413907 443
1757650776544 0.17003119743725767 444
1757650776660 0.016624849920349637 445
1757650776776 0.0004427228156322311 446
1757650776893 0.00044646813949272753 447
1757650777010 0.09931302031016667 448
1757650777126 0.004431485078157815 449
1757650777241 0.0009546288978789897 450
1757650777355 0.02203869903961657 451
1757650777471 0.05044639530820917 452
1757650777586 0.0083401918476092 453
1757650777702 0.14633005011389666 454
1757650777816 0.4605270884508346 455
1757650777935 0.1635601800478348 456
1757650778051 0.005491785269434383 457
1757650778169 0.0008686159191370989 458
1757650778285 0.013370085421387925 459
1757650778402 0.01405459187730625 460
1757650778547 0.3183785491829009 461
1757650778698 0.009172786080353457 462
1757650778859 0.0945555714473404 463
1757650778991 0.3841835612981319 464
1757650779149 7.556550876326024e-06 465
1757650779304 0.020323697815182017 466
1757650779474 0.4481939112685375 467
1757650779655 0.0147046453249303 468
1757650779811 0.050847402895479954 469
1757650780024 0.037059622995027304 470
1757650780211 0.1329997562320006 471
1757650780383 0.34927885506610057 472
1757650780524 0.03171085299051739 473
1757650780654 0.13416225985803207 474
1757650780782 0.05335548335043501 475
1757650780912 0.10220479608441226 476
1757650781075 0.002191855950040787 477
1757650781252 0.036685866113721495 478
1757650781387 0.05944183735666398 479
1757650781515 0.050519289394432905 480
1757650781638 0.00032934759856058474 481
1757650781775 4.852804342407245e-05 482
1757650781939 0.09551032656797655 483
1757650782078 1.0670301763511985 484
1757650782206 0.08981664885887458 485
1757650782363 0.0123876747492134 486
1757650782540 0.21588329306605702 487
1757650782678 0.023958582945923023 488
1757650782844 0.7823540921720469 489
1757650782997 0.13355828825183647 490
1757650783140 0.047775572964759865 491
1757650783317 0.010950667937527317 492
1757650783457 0.045162855955606096 493
1757650783587 0.28710008129309067 494
1757650783713 0.1679737143634158 495
1757650783863 0.6972713013278181 496
1757650784000 0.0123097433567209 497
1757650784143 0.17955599332118388 498
1757650784497 0.17790009084958222 499
