1757650203925 0.008145235327484299 0
1757650204036 0.048717800911734055 1
1757650204144 0.04915096882167347 2
1757650204255 0.05155268245507828 3
1757650204361 0.010203583981154013 4
1757650204468 0.48111576816229923 5
1757650204574 0.039002884332300945 6
1757650204680 0.025663001349987398 7
1757650204795 0.013667373275259874 8
1757650204949 0.00519276710719516 9
1757650205074 0.00019494017727856783 10
1757650205188 0.09620808270481157 11
1757650205299 0.07237949332912105 12
1757650205424 0.03387539361841736 13
1757650205543 0.0022605843975814703 14
1757650205656 0.0653152944244809 15
1757650205769 0.002444455241853643 16
1757650205899 0.10964214072385361 17
1757650206014 0.01848625728786117 18
1757650206130 0.0069207802397805735 19
1757650206243 0.2752448009771074 20
1757650206353 0.0017266222890564883 21
1757650206465 0.07786259601952798 22
1757650206573 0.1620633912880254 23
1757650206679 0.176432596747873 24
1757650206786 0.005871908588204311 25
1757650206894 0.021505978379251126 26
1757650207002 0.01129124881334404 27
1757650207117 0.28744739678645 28
1757650207225 0.029581720444413085 29
1757650207332 0.0005656434008457904 30
1757650207440 0.0003771149586454283 31
1757650207551 0.04623125864988126 32
1757650207660 0.4385015281132719 33
1757650207767 0.005746717745387899 34
1757650207874 0.23370206941291377 35
1757650207983 0.013736454278985752 36
1757650208091 0.029613111376804897 37
1757650208198 0.10277666594993651 38
1757650208307 0.041175170629504425 39
1757650208416 0.03249074006808223 40
1757650208523 0.03140026939584768 41
1757650208631 0.0023593708087070193 42
1757650208738 0.09637700696608766 43
1757650208843 0.004055227610175439 44
1757650208949 0.12868589929299862 45
1757650209056 0.12121771255141502 46
1757650209169 0.4261122526595549 47
1757650209277 0.01159498494437082 48
1757650209385 0.07498561441582861 49
1757650209493 0.49388870436372134 50
1757650209600 0.02474236872880334 51
1757650209709 0.007087471132176825 52
1757650209830 0.024862398966054428 53
1757650209939 1.2325905958473873 54
1757650210048 0.0028770521503772213 55
1757650210155 0.6673398725103463 56
1757650210263 0.03940027312886397 57
1757650210372 0.18763592500336815 58
1757650210481 1.1894571790119566 59
1757650210589 0.045647376920189255 60
1757650210697 0.000422341959116094 61
1757650210804 0.2800090037000433 62
1757650210914 1.4027868990497252 63
1757650211024 0.5085898003323024 64
1757650211235 0.4263661821350635 65
1757650211351 0.1144199314009611 66
1757650211464 0.015929488383166716 67
1757650211573 0.023910067181554546 68
1757650211681 0.054954718544674375 69
1757650211790 0.002325594822132451 70
1757650211900 0.38990205116405585 71
1757650212009 0.12191653547433026 72
1757650212117 0.07314029889455909 73
1757650212226 0.19484558641345978 74
1757650212337 0.03387433205754266 75
1757650212446 0.0012638631604626248 76
1757650212557 0.00660256465092789 77
1757650212672 0.0008574432270660736 78
1757650212780 0.3437711087736662 79
1757650212889 0.1846122401751445 80
1757650212997 0.000658152008479012 81
1757650213110 0.0553346035118676 82
1757650213222 0.00344082712516815 83
1757650213332 0.020872941915840573 84
1757650213441 0.0131098833130275 85
1757650213550 0.005389732634851193 86
1757650213659 0.01581368256282075 87
1757650213767 0.30300928401614063 88
1757650213876 0.012639632749883395 89
1757650213983 0.047171179261208514 90
1757650214117 0.22519456540346278 91
1757650214304 0.25338841484789937 92
1757650214421 0.014551620506978806 93
1757650214530 0.6214813725174988 94
1757650214643 0.8000093087214126 95
1757650214761 0.00035741040249607603 96
1757650214885 0.15403012041877787 97
1757650214999 0.0650394706090158 98
1757650215109 0.004719856479318456 99
1757650215220 0.010235474477801461 100
1757650215336 0.0022590447630644298 101
1757650215457 0.8598742056574712 102
1757650215572 0.007108654136244894 103
1757650215683 0.0013538464434877328 104
1757650215792 0.002784557443009977 105
1757650215902 0.08828645590614023 106
1757650216011 0.31251972621236795 107
1757650216122 0.02272631277485854 108
1757650216231 0.030747248674596675 109
1757650216340 0.03700991338151828 110
1757650216450 0.07420120246409068 111
1757650216559 0.06668573912035479 112
1757650216670 0.03464187251101639 113
1757650216782 0.708410431362279 114
1757650216891 0.35316555169992264 115
1757650216999 0.03650194699165843 116
1757650217109 0.20042525191459887 117
1757650217217 0.02943048779341187 118
1757650217331 0.0004384786354085179 119
1757650217443 0.3073894556990982 120
1757650217552 1.6156644129877327 121
1757650217661 0.03253400284359098 122
1757650217770 0.18543020696518217 123
1757650217880 0.0008934261285201421 124
1757650217990 0.198022814316745 125
1757650218100 0.2094981461227786 126
1757650218209 0.05903617411191695 127
1757650218318 0.017048899158266774 128
1757650218427 0.004900495075515208 129
1757650218536 0.006262657515831557 130
1757650218643 0.22610287234131876 131
1757650218752 0.002267920448911878 132
1757650218860 0.00854458437112515 133
1757650218969 0.09323379012722746 134
1757650219077 0.04954853795098393 135
1757650219186 0.010582761499510583 136
1757650219293 0.06487548753219516 137
1757650219409 0.06505952096553534 138
1757650219519 0.04549302271241283 139
1757650219629 0.7444787505111461 140
1757650219739 0.007022886111155798 141
1757650219862 0.17139459671894 142
1757650219972 0.009871618974244541 143
1757650220081 0.0913775052617036 144
1757650220192 0.0004973604844230407 145
1757650220302 0.21784338025871924 146
1757650220411 0.13864148079196748 147
1757650220521 0.2138307191563261 148
1757650220631 0.00010776471200702661 149
1757650220740 0.3570335691830463 150
1757650220851 0.2948321941880476 151
1757650220963 0.010983118889712108 152
1757650221075 0.012114136696524988 153
1757650221189 0.06967731770508431 154
1757650221298 0.0008656472758427349 155
1757650221413 0.20896454887871124 156
1757650221526 0.0012561064810303658 157
1757650221637 0.14296636175802924 158
1757650221749 0.1770934506518492 159
1757650221859 1.1649948909765426 160
1757650221970 0.0028944029794778603 161
1757650222080 0.04433232965551679 162
1757650222191 0.0165414650430717 163
1757650222303 0.07436465680809248 164
1757650222414 0.0780162963867028 165
1757650222524 0.0939544607423734 166
1757650222635 0.007836759479574368 167
1757650222745 0.5006807516332422 168
1757650222854 0.02465987632541927 169
1757650222965 9.419336556418297e-05 170
1757650223088 0.029349507439321323 171
1757650223243 0.3470196227412117 172
1757650223363 0.22827032061753352 173
1757650223487 0.17552443392450667 174
1757650223606 0.0069050373301509605 175
1757650223725 0.5293045965952375 176
1757650223844 0.00020470537331821907 177
1757650223955 0.05035876952817289 178
1757650224066 0.01134848759602744 179
1757650224179 0.07471787818389525 180
1757650224299 0.007157533923048363 181
1757650224412 0.41194937694733935 182
1757650224525 0.0031534797390436508 183
1757650224636 0.0005644217989672819 184
1757650224751 0.21856557357449757 185
1757650224884 0.384654720713664 186
1757650224999 0.23569273324627305 187
1757650225111 0.13479815045237928 188
1757650225223 0.7786637931384596 189
1757650225333 0.19701784595254876 190
1757650225454 0.062063531993211074 191
1757650225571 0.039395736836527265 192
1757650225690 0.030346734033818126 193
1757650225809 0.36545296431634916 194
1757650225922 0.014384165205513458 195
1757650226035 0.06690712631423937 196
1757650226148 0.12905423177009034 197
1757650226259 0.26675419606111067 198
1757650226371 0.001635506147383699 199
1757650226484 0.1076554878108246 200
1757650226596 0.018471017299306735 201
1757650226707 5.385439914751188e-06 202
1757650226818 0.09821477987001 203
1757650226929 4.240760885392972e-05 204
1757650227040 0.2373092145504563 205
1757650227153 0.016868567796610754 206
1757650227265 0.34836670157101346 207
1757650227376 0.05768193440954585 208
1757650227491 0.28691792728910503 209
1757650227604 0.00262131599018982 210
1757650227716 0.0021384382095670012 211
1757650227828 0.30147827673151606 212
1757650227941 0.11111843265715693 213
1757650228053 0.010139612409232612 214
1757650228165 0.009078459036985504 215
1757650228276 0.27749647491338514 216
1757650228387 0.048660676214708876 217
1757650228500 0.03428179384915391 218
1757650228612 0.4906640428537682 219
1757650228724 0.3205135030123499 220
1757650228835 0.0003439362410773757 221
1757650228947 0.20201452115005844 222
1757650229060 0.01911065207810138 223
1757650229172 0.0006937096268788504 224
1757650229286 0.002830409035072762 225
1757650229399 0.047984407350998244 226
1757650229513 0.0026954651921676114 227
1757650229626 0.45729000563178457 228
1757650229740 0.05783870630820576 229
1757650229868 0.10391806519733518 230
1757650229982 0.007148255624169472 231
1757650230097 0.2961563256997442 232
1757650230213 0.1432815067839501 233
1757650230326 0.5666598313338448 234
1757650230438 0.3131170311784881 235
1757650230550 0.0015772972295980726 236
1757650230663 0.0708575123948 237
1757650230775 0.025408844241146877 238
1757650230888 0.1329938429784859 239
1757650231000 0.00343335384097269 240
1757650231113 0.4576460439545802 241
1757650231225 0.035013811145068637 242
1757650231338 0.11506599468585627 243
1757650231450 0.7501158776202743 244
1757650231565 0.0005323672550138336 245
1757650231677 0.10825781086732589 246
1757650231790 0.17891196391615077 247
1757650231902 0.0058678370571955095 248
1757650232066 0.025304851082486847 249
1757650232193 0.002860158082022814 250
1757650232312 0.13975220511901426 251
1757650232429 0.006185679173012413 252
1757650232542 0.02551823431504618 253
1757650232656 0.7020230190071559 254
1757650232770 0.15011240366863426 255
1757650232882 0.3735817082707604 256
1757650232994 0.014026762731601946 257
1757650233107 0.04664569731597976 258
1757650233221 0.13276850759490452 259
1757650233334 0.17272810162065683 260
1757650233447 0.3992366322958642 261
1757650233562 0.3406676841367408 262
1757650233679 0.20149573597147333 263
1757650233795 0.05096174265042512 264
1757650233908 0.12701124214851522 265
1757650234024 0.15663336464048117 266
1757650234137 0.12384622818912594 267
1757650234249 0.036631633870328646 268
1757650234362 0.35071454314611966 269
1757650234474 0.07400293682391998 270
1757650234587 0.04631464668457588 271
1757650234700 0.32807080919600123 272
1757650234825 0.09545023301785972 273
1757650234943 0.12206375310863467 274
1757650235060 0.251445519858254 275
1757650235174 0.0627521413347068 276
1757650235288 0.36345914613400204 277
1757650235411 0.027597210095786476 278
1757650235535 0.052253785274170426 279
1757650235655 0.3104407915646118 280
1757650235775 0.00022563832137719136 281
1757650235899 0.2636462603904062 282
1757650236012 0.05867919546321545 283
1757650236128 0.2687783186345218 284
1757650236243 0.016741741397265843 285
1757650236355 0.24824789421309748 286
1757650236468 0.005807216992949916 287
1757650236583 0.3852907500844668 288
1757650236696 0.018925226226314294 289
1757650236811 0.14192654768947785 290
1757650236924 0.023735642150894135 291
1757650237037 0.43569316301883676 292
1757650237149 0.21128499097544917 293
1757650237261 0.10545688474143254 294
1757650237374 0.14443986741192144 295
1757650237489 0.05409119973169638 296
1757650237603 0.03703409736403094 297
1757650237721 0.21380573272169626 298
1757650237835 0.0005661132966744504 299
1757650237949 0.06454264661263229 300
1757650238063 0.08388293058341459 301
1757650238245 0.009373651632498247 302
1757650238374 0.31065187902091523 303
1757650238496 0.006781563780075455 304
1757650238615 0.2266092877255978 305
1757650238733 0.06086476159706133 306
1757650238851 2.3472316733356395e-06 307
1757650238968 0.06935563361768192 308
1757650239082 0.47966181510853184 309
1757650239196 1.3222974706572879 310
1757650239310 0.07852131495979882 311
1757650239424 2.2314251427660145e-05 312
1757650239537 0.028261925628256947 313
1757650239652 0.07180170040849043 314
1757650239777 0.04946183173820969 315
1757650239904 0.014703142116711322 316
1757650240023 0.02633790917920518 317
1757650240139 0.003426791255514905 318
1757650240253 0.021448218632601438 319
1757650240367 0.008433301040656477 320
1757650240482 0.07720695283318431 321
1757650240596 0.00664557283271932 322
1757650240711 0.00039243807712073195 323
1757650240825 0.2955260896075235 324
1757650240940 0.015866761838848973 325
1757650241055 0.04900463924580129 326
1757650241169 0.07719603394272424 327
1757650241283 0.018643089726175704 328
1757650241397 0.05520075923013002 329
1757650241511 0.5417533457638299 330
1757650241625 0.03366775666848608 331
1757650241743 0.00022979567619404445 332
1757650241859 0.030599135723459802 333
1757650241973 0.00043137404846266183 334
1757650242087 0.025088441752269167 335
1757650242202 0.001714090462346386 336
1757650242316 0.06929035679168893 337
1757650242432 0.2150081855605141 338
1757650242547 0.09961468429238593 339
1757650242660 0.1140996930477592 340
1757650242774 0.03861332261008547 341
1757650242889 0.01759333820902925 342
1757650243003 1.5430392559411237 343
1757650243118 0.011160177729634554 344
1757650243233 0.013336997485707911 345
1757650243348 0.17750928511100805 346
1757650243464 0.006751774981954486 347
1757650243579 0.012876903684611784 348
1757650243694 0.5790446299642149 349
1757650243814 0.06488640595603985 350
1757650243930 0.016200711130193855 351
1757650244045 0.063763273872467 352
1757650244160 0.11905738139003598 353
1757650244275 0.009812924517651507 354
1757650244398 0.7143943806553462 355
1757650244514 0.0017479475468134536 356
1757650244634 0.0846961040232424 357
1757650244756 0.01110229639010345 358
1757650244889 0.4958309789751603 359
1757650245012 0.03814962544763179 360
1757650245133 0.08249225410831405 361
1757650245256 0.03798801479911618 362
1757650245380 0.6977334191073535 363
1757650245518 0.05644253808344503 364
1757650245641 0.2474634881706612 365
1757650245773 0.243906096188226 366
1757650245929 0.6992595584443735 367
1757650246060 0.08880741506303762 368
1757650246186 0.0016095758671866164 369
1757650246305 0.08338601517002638 370
1757650246425 0.6051092277172104 371
1757650246547 0.06975221479198958 372
1757650246669 0.31942988818505785 373
1757650246786 0.002871442865568239 374
1757650246901 0.009651472196539961 375
1757650247016 0.5038070068236983 376
1757650247132 0.08699840445439497 377
1757650247251 0.00033373548488348285 378
1757650247373 1.0367202888475722 379
1757650247492 0.026760283252097068 380
1757650247608 0.0008221294988789574 381
1757650247723 0.20519989095013064 382
1757650247842 0.029691439094066227 383
1757650247965 0.00010144964230889475 384
1757650248086 0.018511774320270596 385
1757650248205 0.09089787595296657 386
1757650248320 0.08726935721808428 387
1757650248437 1.294108859695092 388
1757650248556 0.029358417379202965 389
1757650248693 0.09378827216596487 390
1757650248810 0.002559390505442346 391
1757650248926 0.00010935324305385025 392
1757650249042 0.25892677922004387 393
1757650249157 0.004670530920279673 394
1757650249274 0.00188103589746467 395
1757650249391 0.2146324772779349 396
1757650249509 0.2779875429020703 397
1757650249626 0.13205912922403615 398
1757650249743 0.04342564459836178 399
1757650249879 0.00020418097647418627 400
1757650250001 0.1078290909547697 401
1757650250119 0.00011415997035640737 402
1757650250310 0.32266439890835263 403
1757650250437 0.03876763831673666 404
1757650250560 0.0017453259830257776 405
1757650250677 0.003935569953061016 406
1757650250793 0.8197701366451607 407
1757650250912 0.045291163072994065 408
1757650251059 0.19113189743656875 409
1757650251183 0.0012407716386964487 410
1757650251331 0.1563882039942506 411
1757650251457 0.026349883328186555 412
1757650251581 0.012310648377067577 413
1757650251703 0.07433440676477497 414
1757650251824 0.040830939809260454 415
1757650251947 0.009531279033640266 416
1757650252067 0.40828892868864247 417
1757650252183 0.0340842355716171 418
1757650252301 0.04555707845888731 419
1757650252419 0.1363577004377 420
1757650252535 0.3332043090602048 421
1757650252652 0.029297298807545065 422
1757650252768 0.1534450685081514 423
1757650252885 0.07044138051691969 424
1757650253002 0.10054022104833248 425
1757650253119 0.7329290904760503 426
1757650253235 0.5146839664820888 427
1757650253351 0.01719680895695636 428
1757650253468 0.06642690610615311 429
1757650253585 0.2644876490510916 430
1757650253703 0.004615486956281528 431
1757650253820 0.012757108328061305 432
1757650253936 0.23479377624762884 433
1757650254058 0.5006041134733022 434
1757650254175 0.054675243521152 435
1757650254308 0.008357209000744322 436
1757650254426 0.016737556987021143 437
1757650254542 0.06129258046651796 438
1757650254659 0.7137166704452984 439
1757650254780 0.0007595362812438404 440
1757650254912 0.10075451442103549 441
1757650255030 0.1169721743212361 442
1757650255149 0.005223030647691322 443
1757650255266 0.03122548223696492 444
1757650255383 0.06480604321141367 445
1757650255515 0.06849669133304087 446
1757650255636 0.07641981452243185 447
1757650255755 0.006222308651207745 448
1757650255872 0.11059860127993258 449
1757650255992 0.2519863456628861 450
1757650256117 0.0027492134928994516 451
1757650256233 0.055401622539795484 452
1757650256352 0.07949295482888466 453
1757650256469 0.08357590488502205 454
1757650256586 0.016181246068420505 455
1757650256703 0.024355107294133635 456
1757650256820 0.09534076412665239 457
1757650256939 0.12700225779956228 458
1757650257057 0.01104738058845697 459
1757650257175 0.15475098704003667 460
1757650257293 0.032166872827545503 461
1757650257410 0.23251745720231945 462
1757650257529 0.006637792227129843 463
1757650257647 0.03781655486758155 464
1757650257765 0.019674838935596187 465
1757650257883 0.05576534643725027 466
1757650258001 0.37686617902441105 467
1757650258123 0.026360162146437695 468
1757650258242 0.0014275701554846553 469
1757650258359 0.1543961860956615 470
1757650258479 0.03590103440888974 471
1757650258597 0.0337051921070469 472
1757650258713 0.011634582384152605 473
1757650258830 0.0785973288121865 474
1757650258948 1.1356466319198631e-05 475
1757650259066 0.00041963676739096737 476
1757650259182 0.1379349153987451 477
1757650259300 0.046720335534740295 478
1757650259419 0.0037390576748095143 479
1757650259535 0.045854999283090926 480
1757650259651 0.05612140665666811 481
1757650259774 0.00039170466718743094 482
1757650259996 0.18230294641225686 483
1757650260121 0.009096137057905507 484
1757650260240 0.23741708658548963 485
1757650260361 0.48928649814555125 486
1757650260481 0.11338821994453187 487
1757650260599 0.04663452457770535 488
1757650260718 0.21872293917626282 489
1757650260836 0.003281688858882202 490
1757650260954 0.17743567876359687 491
1757650261073 0.0330177737675412 492
1757650261193 0.0001531802845801699 493
1757650261313 0.04021876632916112 494
1757650261431 0.004031305411284316 495
1757650261549 0.1515344058285959 496
1757650261666 0.38282572374401425 497
1757650261785 2.4044537694315984e-05 498
1757650261905 0.10237215427138184 499
