1757635852038 30.79706369668853 0
1757635852091 5.455020734773174 1
1757635852138 1.3385089296382742 2
1757635852186 0.26127290456527846 3
1757635852264 0.10196160966398483 4
1757635852317 0.13492812092163628 5
1757635852373 0.1439787543139002 6
1757635852422 0.13303470010674404 7
1757635852473 0.08762476171892802 8
1757635852524 0.07745113899832475 9
1757635852587 0.1840979071430374 10
1757635852670 0.07734091915792046 11
1757635852736 0.12702713275193958 12
1757635852806 0.0725277737999998 13
1757635852875 0.0773149481765419 14
1757635852941 0.14636892465067555 15
1757635852998 0.12496241465726918 16
1757635853057 0.1276735837971082 17
1757635853111 0.11346430801184598 18
1757635853161 0.15404566818729004 19
1757635853211 0.11377276604071025 20
1757635853263 0.13814891817952485 21
1757635853322 0.13795568866656988 22
1757635853382 0.2547022490130863 23
1757635853450 0.08021341939217717 24
1757635853515 0.10960200303422868 25
1757635853569 0.09147304652147356 26
1757635853625 0.07982142292091944 27
1757635853680 0.05737645846578654 28
1757635853741 0.07528873466616776 29
1757635853806 0.13054146130682578 30
1757635853870 0.09688464929305539 31
1757635853931 0.07148067396687623 32
1757635853988 0.13566025231032602 33
1757635854042 0.16990185214497316 34
1757635854099 0.13087940953136581 35
1757635854153 0.08130598990685482 36
1757635854210 0.09514865903498597 37
1757635854271 0.1161319687506429 38
1757635854332 0.07647525641248827 39
1757635854386 0.1421029812262651 40
1757635854440 0.15025617887102793 41
1757635854499 0.062039948097612374 42
1757635854556 0.13556680942497115 43
1757635854618 0.17010988211036657 44
1757635854679 0.1173244585926812 45
1757635854739 0.09208821312792831 46
1757635854799 0.10262662875864052 47
1757635854864 0.0824768230655286 48
1757635854924 0.08472800516514124 49
1757635854999 0.1584803537196813 50
1757635855063 0.08816887253460258 51
1757635855128 0.09010385896267227 52
1757635855194 0.11451193560895671 53
1757635855259 0.10758541175957761 54
1757635855320 0.08935222162197562 55
1757635855386 0.049669413890108545 56
1757635855457 0.0981092136737131 57
1757635855536 0.08036371657057798 58
1757635855600 0.11193259329355577 59
1757635855659 0.18366513657193634 60
1757635855716 0.11438559025784256 61
1757635855769 0.10507272887272605 62
1757635855826 0.1340197504702108 63
1757635855900 0.10027128566572131 64
1757635855959 0.12418516185165128 65
1757635856049 0.11405005332234533 66
1757635856114 0.040209649190470445 67
1757635856176 0.1262717788737224 68
1757635856237 0.1390264407234829 69
1757635856307 0.19340537359125248 70
1757635856371 0.12508220474809856 71
1757635856430 0.13692518334408874 72
1757635856485 0.09023704054970084 73
1757635856542 0.16300701721403754 74
1757635856598 0.06283935180571153 75
1757635856657 0.10065859836389314 76
1757635856759 0.11157092165091141 77
1757635856854 0.1448041639860314 78
1757635856926 0.11861790866559158 79
1757635856994 0.13281539448294066 80
1757635857057 0.10802167907421197 81
1757635857112 0.10849412474933785 82
1757635857169 0.0873449351504507 83
1757635857232 0.11582041335628869 84
1757635857300 0.11775351530077045 85
1757635857380 0.12429331081557732 86
1757635857455 0.16795571213154914 87
1757635857525 0.07363935703856915 88
1757635857581 0.1200032966486541 89
1757635857637 0.12985819281143304 90
1757635857694 0.0797045528352293 91
1757635857751 0.11448115360429256 92
1757635857814 0.04565729124617401 93
1757635857887 0.14002089353264163 94
1757635857952 0.07035100669387172 95
1757635858016 0.0735097167612557 96
1757635858078 0.13481865461197434 97
1757635858140 0.08955666588074297 98
1757635858202 0.07467407552182545 99
1757635858267 0.0802812105890965 100
1757635858333 0.16070922048101444 101
1757635858396 0.10803508018016167 102
1757635858452 0.13388477651340397 103
1757635858508 0.13490411298093472 104
1757635858564 0.18274756420754656 105
1757635858618 0.09018950479130611 106
1757635858670 0.1637389075563874 107
1757635858721 0.2020489586986795 108
1757635858771 0.06994057279979275 109
1757635858820 0.05733017822736875 110
1757635858870 0.06499977012901084 111
1757635858921 0.11330196646062866 112
1757635858970 0.11158136487025593 113
1757635859021 0.10452927079359264 114
1757635859085 0.09792516587083908 115
1757635859145 0.09895468448962327 116
1757635859203 0.10299951638095772 117
1757635859256 0.08101964947288605 118
1757635859309 0.14214140327902436 119
1757635859361 0.07317150743415363 120
1757635859417 0.12247821870498443 121
1757635859479 0.10295356107777877 122
1757635859545 0.11556260841353723 123
1757635859611 0.14425903040560678 124
1757635859677 0.09043627894298122 125
1757635859743 0.0700712173589948 126
1757635859801 0.1078903102819127 127
1757635859860 0.11420247681111322 128
1757635859931 0.10081490077785668 129
1757635859997 0.06806399744167191 130
1757635860064 0.1072870234449065 131
1757635860128 0.12688773249472632 132
1757635860187 0.09246206894240663 133
1757635860244 0.08348347141523858 134
