1757645915129 119.82215704364322 0
1757645915185 86.68573275209323 1
1757645915237 59.26654052779148 2
1757645915294 42.79622359284266 3
1757645915349 30.996701551834576 4
1757645915413 21.33234895171099 5
1757645915467 14.645566269198065 6
1757645915521 10.522580946583505 7
1757645915584 8.118040970202822 8
1757645915637 5.447617207564851 9
1757645915692 3.885280105558279 10
1757645915743 2.739834260896787 11
1757645915796 1.9233803460555057 12
1757645915849 1.3996461611330855 13
1757645915902 1.1468447097451788 14
1757645915962 0.6818803448460071 15
1757645916019 0.602143930746718 16
1757645916074 0.628224649053267 17
1757645916128 0.5626981798270577 18
1757645916182 0.3534700366184762 19
1757645916237 0.2597515979971868 20
1757645916302 0.2576027990484049 21
1757645916363 0.2012398782622268 22
1757645916422 0.18867191975163122 23
1757645916482 0.13526934093241122 24
1757645916537 0.12991496741461256 25
1757645916593 0.11330224641347035 26
1757645916651 0.23972525536149447 27
1757645916705 0.11748823565643779 28
1757645916759 0.10287548487028635 29
1757645916812 0.17726093584641198 30
1757645916867 0.11869927971729562 31
1757645916923 0.17018479516910107 32
1757645916976 0.07289446879354619 33
1757645917032 0.09565135445710887 34
1757645917086 0.1170712460228124 35
1757645917142 0.11484355700113877 36
1757645917197 0.1057987224691241 37
1757645917250 0.1061053809318338 38
1757645917305 0.15689481732534968 39
1757645917360 0.0811727493549563 40
1757645917417 0.1582796710129776 41
1757645917478 0.11927464663313511 42
1757645917533 0.1063313371379403 43
1757645917587 0.18551705145611821 44
1757645917642 0.19732693205587964 45
1757645917701 0.22417250041846154 46
1757645917756 0.11011788711487146 47
1757645917810 0.19212330088253424 48
1757645917867 0.10433489768990396 49
1757645917922 0.12043643936982061 50
1757645917977 0.11401820351352525 51
1757645918031 0.09466129482360354 52
1757645918086 0.18930904160623765 53
1757645918140 0.1277657515038959 54
1757645918195 0.1517957295407467 55
1757645918248 0.07791942617639334 56
1757645918302 0.09966032610990466 57
1757645918356 0.1015372604296558 58
1757645918411 0.1605032721042309 59
1757645918467 0.14884985369023876 60
1757645918521 0.1262894654889879 61
1757645918576 0.09553395247234814 62
1757645918631 0.0793874328728806 63
1757645918686 0.11330001019954947 64
1757645918740 0.16114355474594694 65
1757645918793 0.07394251111907871 66
1757645918847 0.16405426793228325 67
1757645918901 0.16715772220790032 68
1757645918956 0.13504281703749013 69
1757645919021 0.16029994311671739 70
1757645919087 0.11056401774414937 71
1757645919142 0.10034007417726566 72
1757645919204 0.1947160538947025 73
1757645919264 0.1731462361520521 74
1757645919321 0.15969457206232207 75
1757645919375 0.1023776786074539 76
1757645919431 0.14335597951192364 77
1757645919498 0.1429328441245247 78
1757645919553 0.10024853642252168 79
1757645919608 0.0889063592058224 80
1757645919662 0.16794266589800724 81
1757645919717 0.13206482349840198 82
1757645919771 0.12432988501158095 83
1757645919825 0.12168400575163399 84
1757645919880 0.1636573012255282 85
1757645919936 0.11981678602913082 86
1757645919991 0.0926878579816741 87
1757645920046 0.12577767775465465 88
1757645920101 0.1619919239526111 89
1757645920156 0.14236996289588205 90
1757645920213 0.11169688248882428 91
1757645920267 0.10292956006460154 92
1757645920321 0.13640685608388586 93
1757645920375 0.11774919337288182 94
1757645920429 0.18575348455159782 95
1757645920485 0.13171722455277632 96
1757645920541 0.15686251240874138 97
1757645920596 0.09806488877016756 98
1757645920651 0.06857187439172242 99
1757645920706 0.09484383220899703 100
1757645920761 0.11513127444907682 101
1757645920815 0.12612266445575995 102
1757645920871 0.12113009129755274 103
1757645920928 0.11761102289032238 104
1757645920983 0.12767626807944382 105
1757645921037 0.12461337724677236 106
1757645921092 0.17268164025876834 107
1757645921148 0.09559003782050726 108
1757645921205 0.0977644786666803 109
1757645921260 0.12771211446222996 110
1757645921315 0.14080310334677582 111
1757645921370 0.1538345147987235 112
1757645921425 0.1251417890783992 113
1757645921480 0.13262102495942577 114
1757645921542 0.12448958429063818 115
1757645921598 0.14137357683899657 116
1757645921653 0.14191277414996295 117
1757645921710 0.2211190947181406 118
1757645921767 0.1656748891759802 119
1757645921824 0.1272517576755943 120
1757645921880 0.12966109311334845 121
1757645921936 0.10908990470560098 122
1757645921992 0.1391487755357448 123
1757645922047 0.13156130780062658 124
1757645922106 0.2072088703895339 125
1757645922161 0.1616475782952745 126
1757645922218 0.07662320691719966 127
1757645922274 0.15021622777449956 128
1757645922328 0.08550676322372049 129
1757645922387 0.16033613015082615 130
1757645922443 0.24038493291989158 131
1757645922499 0.1263527368981599 132
1757645922556 0.09373099776135153 133
1757645922612 0.11373135116536728 134
1757645922667 0.1002083582665036 135
1757645922722 0.20042744323074432 136
1757645922778 0.13143381249974737 137
1757645922832 0.09979177034008317 138
1757645922887 0.12416405765461952 139
1757645922943 0.10481437198320595 140
1757645922998 0.14942914918480973 141
1757645923055 0.15478007027014098 142
1757645923111 0.1679027695905076 143
1757645923167 0.14222328370786966 144
1757645923223 0.12426262321995657 145
1757645923279 0.19070338702635786 146
1757645923334 0.1384167798123057 147
1757645923390 0.11604490190319841 148
1757645923446 0.12790996234716745 149
1757645923502 0.09992647096738509 150
1757645923570 0.08238772623665438 151
1757645923627 0.17020025769021685 152
