1757640121861 5.003640875149508 0
1757640121915 0.2595610634079287 1
1757640121967 0.08941600715512255 2
1757640122024 0.08598958103523822 3
1757640122086 0.15159389615931218 4
1757640122148 0.15644377501562873 5
1757640122203 0.22682705051579496 6
1757640122272 0.13269691996871738 7
1757640122336 0.09824225766762683 8
1757640122393 0.1111514540148028 9
1757640122451 0.13662077300586567 10
1757640122507 0.10875357887069231 11
1757640122566 0.13062539723065134 12
1757640122617 0.10262525744908334 13
1757640122673 0.10473219081606978 14
1757640122748 0.08633403406225433 15
1757640122813 0.14791634995875352 16
1757640122866 0.11078764004196846 17
1757640122922 0.2089144225276541 18
1757640122974 0.08697808816236587 19
1757640123025 0.1455929513519662 20
1757640123076 0.1038485423667459 21
1757640123128 0.1143533205638289 22
1757640123179 0.1768093809602367 23
1757640123229 0.11292695302156087 24
1757640123282 0.16525000224925873 25
1757640123334 0.18650285503708977 26
1757640123383 0.16245138239489437 27
1757640123434 0.12899283176099696 28
1757640123483 0.11843211310075469 29
1757640123533 0.17470013890732886 30
1757640123584 0.1406645223113183 31
1757640123633 0.13734910884500653 32
1757640123682 0.07856989384706303 33
1757640123732 0.10521612490863536 34
1757640123781 0.07457031761101066 35
1757640123832 0.10411135517337528 36
1757640123880 0.15236858081048194 37
1757640123929 0.08314128486610049 38
1757640123977 0.20385055433951293 39
1757640124026 0.1694890940497345 40
1757640124076 0.10801139727291167 41
1757640124126 0.101027655116724 42
1757640124176 0.12273495594815079 43
1757640124225 0.12676675088307215 44
1757640124274 0.14014756091520744 45
1757640124324 0.12491960654589629 46
1757640124374 0.07469786801491848 47
1757640124423 0.12371686766045585 48
1757640124472 0.07675207458185315 49
1757640124521 0.11778963544013689 50
1757640124571 0.19382649229735 51
1757640124621 0.21778332945293197 52
1757640124671 0.1358269864260331 53
1757640124729 0.06934404981669821 54
1757640124780 0.1402108208161071 55
1757640124832 0.11093494476145702 56
1757640124882 0.19379740234806145 57
1757640124932 0.09143291313396637 58
1757640124980 0.10835335587413335 59
1757640125030 0.13930867408616865 60
1757640125079 0.12715479150446318 61
1757640125133 0.18980305236847908 62
1757640125183 0.21281304152357738 63
1757640125234 0.173364128055249 64
1757640125282 0.15620240836286925 65
1757640125332 0.12463791605961148 66
1757640125382 0.09073312148688145 67
1757640125432 0.1504370001029714 68
1757640125481 0.1071792256744588 69
1757640125531 0.14625192640253407 70
1757640125581 0.16579769911904266 71
1757640125632 0.08767015586712634 72
1757640125682 0.14980454766865747 73
1757640125732 0.151335150380201 74
1757640125796 0.12316713076138502 75
1757640125850 0.11389079865140317 76
1757640125904 0.11218355924431642 77
1757640125960 0.15972703667162463 78
1757640126011 0.14602734449371255 79
1757640126061 0.09759623989664573 80
1757640126113 0.39953654692699886 81
1757640126164 0.10062851953208168 82
1757640126215 0.08770482014484401 83
1757640126265 0.11980902245150248 84
1757640126315 0.13809430352934346 85
1757640126365 0.1774196399360481 86
1757640126415 0.18655892728846554 87
1757640126466 0.1440877680567159 88
1757640126516 0.14295516318171608 89
1757640126566 0.16070138513617702 90
1757640126618 0.10221576420444199 91
1757640126669 0.2057210685961919 92
1757640126721 0.13519973856489068 93
1757640126777 0.1342382300994847 94
1757640126829 0.11011180865495414 95
1757640126879 0.08163135725068503 96
1757640126929 0.12168064851042092 97
1757640126981 0.11015795840268179 98
1757640127031 0.13353538202194778 99
1757640127081 0.21139886645386036 100
1757640127132 0.20551880618865898 101
1757640127183 0.06706611941614307 102
1757640127235 0.1937863249214831 103
1757640127286 0.12217265333787576 104
1757640127341 0.11123392691897618 105
1757640127391 0.10796620685023499 106
1757640127442 0.08998938254954253 107
1757640127494 0.1271008035856292 108
1757640127544 0.1537721114759014 109
1757640127594 0.10968833088006516 110
1757640127645 0.16490588607783077 111
1757640127696 0.20019174299754064 112
1757640127761 0.19118433104023572 113
1757640127820 0.12895572265269728 114
1757640127873 0.14188446482538442 115
1757640127926 0.15410167497713767 116
1757640127979 0.1031583983631639 117
1757640128029 0.11381284146990721 118
1757640128080 0.1026108296728933 119
1757640128130 0.12342448864767565 120
1757640128183 0.1390138274391877 121
1757640128234 0.1241562016196127 122
1757640128378 0.13719511647065646 123
1757640128434 0.10583792473121277 124
1757640128489 0.14868153711654766 125
1757640128545 0.11746481051086119 126
1757640128600 0.13956489932903896 127
1757640128653 0.16882237959195792 128
1757640128706 0.07686099622668162 129
1757640128761 0.10135374442393234 130
1757640128822 0.12162714494173023 131
1757640128876 0.14787653303949527 132
1757640128930 0.12773075295498024 133
1757640128983 0.2561665713589113 134
1757640129035 0.1256843228191653 135
1757640129087 0.10402630847065124 136
1757640129139 0.06433510877740568 137
1757640129190 0.13089486412993126 138
1757640129241 0.116984792890107 139
1757640129292 0.11056830744060878 140
1757640129345 0.2058701150071979 141
1757640129397 0.09459120978300799 142
1757640129448 0.08220600056702956 143
1757640129499 0.17626619109772332 144
1757640129551 0.1631767536164334 145
1757640129603 0.11319185718118517 146
1757640129654 0.1539615033142431 147
1757640129705 0.14208355080895244 148
1757640129757 0.2086738167019281 149
1757640129809 0.20291614716710324 150
1757640129861 0.08773697235252159 151
1757640129914 0.1329796016912744 152
1757640129966 0.14574636941915506 153
1757640130017 0.14549459494152753 154
1757640130069 0.1257789464736429 155
1757640130121 0.18026403516463163 156
1757640130173 0.15259415143667915 157
1757640130225 0.1056474333658594 158
1757640130277 0.12453025942680773 159
1757640130329 0.15890505911110028 160
1757640130381 0.1581702461219009 161
1757640130434 0.08897975843123102 162
1757640130486 0.12114755360666465 163
1757640130537 0.09360624669689731 164
1757640130589 0.09011819704761694 165
1757640130641 0.09888186997160488 166
1757640130694 0.12783534885992096 167
1757640130746 0.1440339965744632 168
1757640130799 0.13696673080720018 169
1757640130864 0.1434927155651011 170
1757640130917 0.1485950989715753 171
1757640130972 0.057083582582413805 172
1757640131024 0.12379410347448332 173
1757640131076 0.1059033828577073 174
1757640131131 0.07938910084135666 175
1757640131184 0.25499597628849807 176
1757640131236 0.13172347710180038 177
1757640131288 0.14790416505743653 178
1757640131342 0.13583958755034178 179
1757640131396 0.07084898899075455 180
1757640131449 0.10334591479442068 181
1757640131502 0.08224985445154885 182
1757640131554 0.05742193339933863 183
1757640131607 0.1570792482645993 184
1757640131659 0.09952703764295685 185
1757640131713 0.181584771136059 186
1757640131765 0.10594354986837812 187
1757640131818 0.14652674259212373 188
1757640131872 0.12270851263580282 189
1757640131925 0.08139226360597379 190
1757640131978 0.06480122935748284 191
1757640132031 0.11242872966226923 192
1757640132118 0.08634657415792948 193
1757640132222 0.1269985363637348 194
1757640132291 0.13461297288967575 195
1757640132352 0.1172053819317674 196
1757640132412 0.10418620026125194 197
1757640132468 0.11446792459476898 198
1757640132525 0.141760157977298 199
1757640132581 0.04848524808034443 200
1757640132637 0.1310596610720085 201
1757640132692 0.15019102791063663 202
1757640132759 0.20338859755737349 203
1757640132819 0.12518829212472504 204
1757640132881 0.18376303782756132 205
1757640132936 0.10989392225474413 206
1757640132993 0.17269919130870207 207
1757640133049 0.13915400063200478 208
1757640133104 0.15813492707102386 209
1757640133161 0.08178246163152979 210
1757640133217 0.11435538166519975 211
1757640133274 0.10694556186868356 212
1757640133328 0.2163175592948363 213
1757640133382 0.08728047485161437 214
1757640133435 0.08280572817882885 215
1757640133489 0.18322241685098442 216
1757640133543 0.1447036003046707 217
1757640133597 0.1250195661330409 218
1757640133651 0.09918722963608022 219
1757640133704 0.079763811506594 220
1757640133758 0.1434317956880985 221
1757640133812 0.09402264093336937 222
1757640133866 0.09696110102271145 223
1757640133920 0.15026384559796446 224
1757640133973 0.13670719974319798 225
1757640134027 0.11318153502237606 226
1757640134081 0.10306207062363101 227
1757640134135 0.11785652182364341 228
1757640134190 0.1737214882315854 229
1757640134243 0.08519552271259831 230
1757640134298 0.06044285493790523 231
1757640134351 0.18566717527204876 232
1757640134405 0.2062507164885537 233
1757640134458 0.1581864187590976 234
1757640134512 0.10968907616523502 235
1757640134566 0.1347641513554679 236
1757640134621 0.1715213217804901 237
1757640134675 0.12672111299958452 238
1757640134729 0.09269927443888099 239
1757640134784 0.11532511818876223 240
1757640134838 0.1584264414747517 241
1757640134896 0.09275453808916755 242
1757640134951 0.15416715614762194 243
1757640135004 0.16270832757786063 244
1757640135059 0.18494186067267526 245
1757640135113 0.05286397303845807 246
1757640135168 0.14456574472220624 247
1757640135223 0.20777476431324565 248
1757640135277 0.08497576271561627 249
1757640135331 0.10537612866852815 250
1757640135385 0.0830643452639621 251
1757640135440 0.09900161203866994 252
1757640135494 0.12185326324855164 253
1757640135548 0.09730205953944258 254
1757640135603 0.14188425784308764 255
1757640135658 0.1252320940842065 256
1757640135713 0.1062177927798036 257
1757640135769 0.09119141148688718 258
1757640135823 0.17104040764662468 259
1757640135877 0.14792645352434838 260
1757640135932 0.07982674351777068 261
1757640135986 0.13195845629667574 262
1757640136041 0.14197832213009584 263
1757640136096 0.08022160636594461 264
1757640136150 0.12962569998906523 265
1757640136205 0.13877103766578103 266
1757640136259 0.14087396542506772 267
1757640136313 0.14602277291435448 268
1757640136368 0.12133564783406513 269
1757640136422 0.1118044165179932 270
1757640136477 0.12763387803950818 271
1757640136530 0.07355985659723242 272
1757640136584 0.12179476478198253 273
1757640136639 0.10384957294222415 274
1757640136693 0.12429470364150214 275
1757640136748 0.1074694531922649 276
1757640136802 0.1320795890943232 277
1757640136857 0.16642447325341897 278
1757640136913 0.06877914804746914 279
1757640136972 0.12419581339646732 280
1757640137026 0.13641168866392747 281
1757640137081 0.1382060388946529 282
1757640137136 0.10692662651726881 283
1757640137192 0.210060510137553 284
1757640137247 0.19282761226450523 285
1757640137302 0.1281626726582479 286
1757640137357 0.09695250621833754 287
1757640137411 0.17890932812280466 288
1757640137466 0.11872310705331378 289
1757640137520 0.2465012616189572 290
1757640137574 0.08846705915049315 291
1757640137630 0.16346378487180305 292
1757640137685 0.11554028842846295 293
1757640137752 0.14265728818800877 294
1757640137815 0.17779289479487537 295
1757640137870 0.11342061784853469 296
1757640137925 0.13518516704720931 297
1757640137985 0.11233602019590384 298
1757640138040 0.13970449067431134 299
1757640138095 0.14025934951720578 300
1757640138150 0.07153041783860054 301
1757640138206 0.0745873347908558 302
1757640138262 0.1775934171831905 303
1757640138318 0.20198330346501378 304
1757640138373 0.08477359161457855 305
1757640138428 0.14010122174593578 306
1757640138484 0.13686448062854617 307
1757640138539 0.12667985711592825 308
1757640138595 0.08744012286574195 309
1757640138651 0.22705739978244976 310
1757640138706 0.12102007522382491 311
1757640138762 0.12249095544663952 312
1757640138819 0.10828766460901525 313
1757640138874 0.10940614152553978 314
1757640138930 0.1665812872276599 315
1757640138991 0.09353467009191394 316
1757640139046 0.09421132722000852 317
1757640139100 0.12640015607536384 318
1757640139157 0.12706552011563546 319
1757640139213 0.15942831681191671 320
1757640139341 0.12845558292464296 321
1757640139404 0.05983505738079738 322
1757640139464 0.09351914015320399 323
1757640139523 0.08866139585162296 324
1757640139583 0.06837971827307696 325
1757640139640 0.14038263814951868 326
1757640139696 0.14770451249607 327
1757640139752 0.12419009601091113 328
1757640139810 0.10286091818906871 329
1757640139867 0.1199528947256972 330
1757640139924 0.13946514229545057 331
1757640139981 0.11128628252806083 332
1757640140037 0.1259155304327899 333
1757640140093 0.18883292205259913 334
1757640140150 0.1137994230976671 335
1757640140207 0.18768540470115508 336
1757640140270 0.1522180840367305 337
1757640140327 0.13967093137698622 338
1757640140384 0.09402020454906913 339
1757640140441 0.10572102701728082 340
1757640140501 0.14946633287015057 341
1757640140558 0.24755774838788497 342
1757640140615 0.11644442367668982 343
1757640140671 0.1456055187740594 344
1757640140730 0.08554666418223388 345
1757640140788 0.09646309844711892 346
1757640140846 0.19085452364007563 347
1757640140903 0.13565781405661306 348
1757640140959 0.10987327261982825 349
1757640141023 0.21436692276010058 350
1757640141080 0.16737013293593572 351
1757640141138 0.1470910756793024 352
1757640141198 0.080219494955471 353
1757640141256 0.09670829789493683 354
1757640141313 0.14195152797033586 355
1757640141371 0.1169585873168258 356
1757640141428 0.16977346515016783 357
1757640141485 0.09941178886813157 358
1757640141542 0.16979743867965555 359
1757640141599 0.15015182702664936 360
1757640141655 0.1812324932060799 361
1757640141712 0.07925434142606948 362
1757640141771 0.17658079040658986 363
1757640141827 0.08330403914662995 364
1757640141885 0.20412360542199803 365
1757640141941 0.08693931169981703 366
1757640141999 0.13069026559977642 367
1757640142056 0.1673160379302435 368
1757640142113 0.1468242472470885 369
1757640142169 0.13313360924750534 370
1757640142227 0.1158739328091487 371
1757640142296 0.10032453663072613 372
1757640142354 0.11748554807821138 373
1757640142413 0.1967686559707582 374
1757640142470 0.1972138180635479 375
1757640142527 0.1307037251014264 376
1757640142586 0.08201113957229979 377
1757640142644 0.1434942872510149 378
1757640142701 0.10207178785721831 379
1757640142771 0.2841139930322082 380
1757640142832 0.12328206174244778 381
1757640142891 0.10525558809796824 382
1757640142949 0.14082727441592643 383
1757640143007 0.1384623265737193 384
1757640143070 0.079610241294198 385
1757640143128 0.1180070609094658 386
1757640143185 0.09557558373368544 387
1757640143243 0.1627580992714495 388
1757640143302 0.14223575541187608 389
1757640143361 0.10870977134570833 390
1757640143419 0.1568861371024831 391
1757640143478 0.10047253265589025 392
1757640143536 0.17607916250116742 393
1757640143594 0.08562308682104398 394
1757640143652 0.11181113454675105 395
1757640143710 0.09365258709134615 396
1757640143768 0.15276742989296982 397
1757640143828 0.11058688967645718 398
1757640143887 0.09463890361077382 399
1757640143946 0.09163617580897218 400
1757640144004 0.07019559086680975 401
1757640144062 0.16554784066330924 402
1757640144120 0.10974502073700157 403
1757640144179 0.10973151322201725 404
1757640144237 0.1338841229413464 405
1757640144296 0.10435150234356373 406
1757640144354 0.13752183023609088 407
1757640144413 0.19742392572820758 408
1757640144472 0.20776894749636043 409
1757640144531 0.1883808721581535 410
1757640144589 0.13648142369256958 411
1757640144647 0.10659957281275084 412
1757640144705 0.10872371467953337 413
1757640144763 0.11017681869366645 414
1757640144823 0.0845085368805104 415
1757640144881 0.16141016068084638 416
1757640144940 0.11913681773594258 417
1757640144997 0.12222909966746251 418
1757640145059 0.1508274018570096 419
1757640145119 0.08872727611991746 420
1757640145178 0.08984961724988856 421
1757640145237 0.10675568695490378 422
1757640145295 0.13180725430290602 423
1757640145354 0.16425948322384998 424
1757640145413 0.10222005743827865 425
1757640145472 0.14192150309180282 426
1757640145532 0.14760954891752465 427
1757640145590 0.14575511976869351 428
1757640145648 0.13941264036815088 429
1757640145707 0.15121278004307762 430
1757640145765 0.11132802413049983 431
1757640145823 0.1311596705096557 432
1757640145882 0.09975743983059583 433
1757640145941 0.1422399680394842 434
1757640146000 0.10861270061806892 435
1757640146059 0.15681949350072813 436
1757640146118 0.10137180776963968 437
1757640146176 0.13286212585968288 438
1757640146236 0.08575477980996903 439
1757640146293 0.1081840591584368 440
1757640146351 0.1193926141133619 441
1757640146411 0.12252197862004961 442
1757640146470 0.1307186883865816 443
1757640146529 0.12329437734682774 444
1757640146588 0.08815102847215556 445
1757640146647 0.12882099775609354 446
1757640146706 0.18248211999841646 447
1757640146765 0.09873047444415285 448
1757640146824 0.19384596254740596 449
1757640146882 0.09809090025955847 450
1757640146942 0.2221709916137437 451
1757640147001 0.16946384021832336 452
1757640147061 0.08693637047048951 453
1757640147125 0.1442920874309076 454
1757640147185 0.14771800674734745 455
1757640147245 0.14168147977811313 456
1757640147304 0.16685620860760772 457
1757640147363 0.09117656640269968 458
1757640147423 0.1686568584180634 459
1757640147483 0.16992502296517506 460
1757640147543 0.10845920785957443 461
1757640147602 0.09748293551437681 462
1757640147661 0.10068266234056038 463
1757640147724 0.2018267885009816 464
1757640147794 0.16604826175056764 465
1757640147854 0.16521697797158702 466
1757640147915 0.1713824606160043 467
1757640147976 0.20520720127034908 468
1757640148037 0.09607288524134268 469
1757640148097 0.1301332248047481 470
1757640148156 0.09547844989819344 471
1757640148216 0.12712978973632233 472
1757640148275 0.12464392990782897 473
1757640148335 0.09684169220139548 474
1757640148394 0.1612804494025743 475
1757640148455 0.09013646575731285 476
1757640148516 0.14833093654872267 477
1757640148577 0.0895428263164481 478
1757640148636 0.13094928649266874 479
1757640148696 0.1297469167387051 480
1757640148756 0.12041980045654357 481
1757640148817 0.15791971627930634 482
1757640148877 0.13715903299121465 483
1757640148938 0.13130437504133566 484
1757640148999 0.1516291150124647 485
1757640149060 0.09355155155142397 486
1757640149124 0.07508211471879137 487
1757640149186 0.1641509008740234 488
1757640149246 0.09279069421331754 489
1757640149306 0.0653436065326821 490
1757640149366 0.14703650301554033 491
1757640149426 0.1374890005214276 492
1757640149486 0.16043077414029047 493
1757640149550 0.07781348049126795 494
1757640149611 0.16168777671787168 495
1757640149671 0.13286211274403362 496
1757640149730 0.11067422439175191 497
1757640149791 0.08183631197981246 498
1757640149850 0.09885255266693055 499
