1757648477495 161.9127856535934 0
1757648477553 161.8801884507816 1
1757648477610 161.84759788873163 2
1757648477670 161.8150139660574 3
1757648477728 161.78243668137299 4
1757648477786 161.74986603329296 5
1757648477844 161.71730202043207 6
1757648477902 161.68474464140542 7
1757648477959 161.6521938948284 8
1757648478017 161.61964977931672 9
1757648478075 161.58711229348637 10
1757648478133 161.55458143595368 11
1757648478190 161.52205720533524 12
1757648478249 161.489539600248 13
1757648478307 161.45702861930914 14
1757648478366 161.42452426113624 15
1757648478425 161.39202652434707 16
1757648478484 161.35953540755978 17
1757648478540 161.3270509093928 18
1757648478595 161.29457302846487 19
1757648478651 161.26210176339504 20
1757648478709 161.22963711280266 21
1757648478768 161.19717907530742 22
1757648478826 161.16472764952914 23
1757648478883 161.13228283408822 24
1757648478941 161.09984462760514 25
1757648478999 161.06741302870077 26
1757648479055 161.03498803599626 27
1757648479112 161.0025696481131 28
1757648479169 160.97015786367305 29
1757648479232 160.93775268129824 30
1757648479290 160.9053540996109 31
1757648479347 160.87296211723384 32
1757648479406 160.84057673279 33
1757648479478 160.80819794490262 34
1757648479538 160.77582575219535 35
1757648479598 160.74346015329198 36
1757648479656 160.71110114681682 37
1757648479715 160.67874873139428 38
1757648479774 160.64640290564915 39
1757648479832 160.61406366820657 40
1757648479891 160.58173101769188 41
1757648479950 160.54940495273084 42
1757648480008 160.5170854719494 43
1757648480065 160.48477257397386 44
1757648480122 160.45246625743079 45
1757648480177 160.42016652094722 46
1757648480237 160.38787336315022 47
1757648480293 160.35558678266736 48
1757648480351 160.32330677812644 49
1757648480408 160.29103334815554 50
1757648480465 160.25876649138314 51
1757648480526 160.22650620643782 52
1757648480584 160.19425249194873 53
1757648480641 160.16200534654513 54
1757648480699 160.12976476885663 55
1757648480756 160.09753075751308 56
1757648480813 160.0653033111448 57
1757648480871 160.03308242838227 58
1757648480929 160.00086810785623 59
1757648480986 159.96866034819794 60
1757648481043 159.9364591480387 61
1757648481101 159.90426450601024 62
1757648481158 159.87207642074463 63
1757648481216 159.83989489087412 64
1757648481281 159.80771991503138 65
1757648481340 159.7755514918493 66
1757648481398 159.7433896199611 67
1757648481455 159.7112342980003 68
1757648481514 159.67908552460077 69
1757648481571 159.64694329839654 70
1757648481628 159.61480761802204 71
1757648481686 159.58267848211202 72
1757648481745 159.55055588930145 73
1757648481802 159.51843983822567 74
1757648481859 159.48633032752034 75
1757648481917 159.45422735582127 76
1757648481975 159.42213092176476 77
1757648482032 159.3900410239873 78
1757648482089 159.3579576611257 79
1757648482148 159.32588083181702 80
1757648482206 159.29381053469874 81
1757648482265 159.26174676840853 82
1757648482323 159.22968953158437 83
1757648482382 159.1976388228646 84
1757648482440 159.16559464088783 85
1757648482499 159.1335569842929 86
1757648482556 159.10152585171912 87
1757648482614 159.0695012418059 88
1757648482671 159.03748315319305 89
1757648482728 159.0054715845207 90
1757648482788 158.9734665344292 91
1757648482846 158.9414680015593 92
1757648482903 158.90947598455188 93
1757648482961 158.8774904820483 94
1757648483020 158.84551149269018 95
1757648483078 158.81353901511937 96
1757648483137 158.78157304797804 97
1757648483195 158.74961358990862 98
1757648483254 158.71766063955397 99
1757648483322 158.68571419555715 100
1757648483382 158.6537742565615 101
1757648483443 158.6218408212107 102
1757648483501 158.58991388814871 103
1757648483560 158.55799345601977 104
1757648483619 158.52607952346852 105
1757648483679 158.49417208913974 106
1757648483737 158.4622711516786 107
1757648483796 158.43037670973058 108
1757648483856 158.39848876194137 109
1757648483913 158.36660730695712 110
1757648483971 158.3347323434241 111
1757648484031 158.30286386998893 112
1757648484089 158.27100188529852 113
1757648484148 158.23914638800022 114
1757648484207 158.20729737674145 115
1757648484267 158.1754548501701 116
1757648484326 158.14361880693423 117
1757648484384 158.1117892456823 118
1757648484456 158.079966165063 119
1757648484521 158.04814956372542 120
1757648484581 158.01633944031872 121
1757648484641 157.9845357934926 122
1757648484702 157.95273862189697 123
1757648484764 157.92094792418195 124
1757648484835 157.8891636989981 125
1757648484896 157.85738594499608 126
1757648484956 157.82561466082717 127
1757648485016 157.79384984514257 128
1757648485076 157.7621276832387 129
1757648485137 157.73041196367436 130
1757648485197 157.69870268511426 131
1757648485258 157.66699984622338 132
1757648485324 157.63530344566698 133
1757648485386 157.6036134821106 134
1757648485447 157.57192995422017 135
1757648485509 157.54025286066178 136
1757648485569 157.5085822001019 137
1757648485628 157.47691797120723 138
1757648485687 157.4452601726448 139
1757648485747 157.4136088030819 140
1757648485807 157.3819638611861 141
1757648485866 157.35032534562532 142
1757648485926 157.3186932550677 143
1757648485987 157.2870675881817 144
1757648486046 157.255448343636 145
1757648486105 157.22383552009978 146
1757648486171 157.1922291162422 147
1757648486231 157.16062913073293 148
1757648486291 157.12903556224194 149
1757648486351 157.09744840943927 150
1757648486411 157.06586767099543 151
1757648486469 157.0342933455813 152
1757648486533 157.0027254318678 153
1757648486593 156.97116392852624 154
1757648486652 156.93960883422835 155
1757648486712 156.90806014764593 156
1757648486773 156.8765178674513 157
1757648486835 156.8449819923168 158
1757648486894 156.8134525209153 159
1757648486954 156.78192945191984 160
1757648487015 156.75041278400374 161
1757648487073 156.71890251584057 162
1757648487132 156.6873986461044 163
1757648487194 156.65590117346935 164
1757648487254 156.6244100966099 165
1757648487316 156.59292541420086 166
1757648487383 156.56144712491727 167
1757648487444 156.52997522743448 168
1757648487506 156.49850972042813 169
1757648487569 156.46705060257415 170
1757648487631 156.4355978725488 171
1757648487719 156.40415152902852 172
1757648487783 156.3727115706901 173
1757648487847 156.3412779962106 174
1757648487960 156.30985080426743 175
1757648488026 156.27842999353817 176
1757648488090 156.2470155627008 177
1757648488154 156.2156075104335 178
1757648488215 156.1842058354148 179
1757648488276 156.15281053632344 180
1757648488339 156.12142161183854 181
1757648488401 156.09003906063944 182
1757648488464 156.05866288140575 183
1757648488526 156.02729307281746 184
1757648488590 155.99592963355477 185
1757648488653 155.96457256229814 186
1757648488715 155.93322185772837 187
1757648488777 155.90187751852653 188
1757648488838 155.87053954337404 189
1757648488900 155.83920793095245 190
1757648488962 155.80788267994376 191
1757648489025 155.77656378903012 192
1757648489086 155.74525125689402 193
1757648489147 155.71394508221834 194
1757648489208 155.68264526368606 195
1757648489274 155.65135179998055 196
1757648489338 155.6200646897854 197
1757648489407 155.58878393178463 198
1757648489483 155.55750952466235 199
1757648489546 155.52624146710315 200
1757648489609 155.49497975779167 201
1757648489671 155.4637243954131 202
1757648489733 155.4324753786527 203
1757648489797 155.40123270619608 204
1757648489860 155.36999637672926 205
1757648489923 155.33876638893835 206
1757648489986 155.30754274150982 207
1757648490048 155.2763254331304 208
1757648490114 155.2451144624873 209
1757648490177 155.2139098282677 210
1757648490240 155.18271152915926 211
1757648490300 155.15151956384986 212
1757648490361 155.12033393102772 213
1757648490423 155.08915462938126 214
1757648490485 155.05798165759927 215
1757648490549 155.0268150143707 216
1757648490610 154.99565469838498 217
1757648490671 154.96450070833168 218
1757648490733 154.9333530429006 219
1757648490794 154.90221170078198 220
1757648490857 154.87107668066625 221
1757648490917 154.83994798124417 222
1757648490978 154.8088256012067 223
1757648491041 154.77770953924517 224
1757648491102 154.74659979405112 225
1757648491162 154.71549636431646 226
1757648491225 154.6843992487333 227
1757648491286 154.65330844599416 228
1757648491348 154.62222395479162 229
1757648491413 154.59114577381877 230
1757648491478 154.56007390176882 231
1757648491541 154.5290083373353 232
1757648491602 154.4979490792122 233
1757648491664 154.4668961260935 234
1757648491725 154.43584947667367 235
1757648491787 154.40480912964733 236
1757648491849 154.37377508370957 237
1757648491911 154.34274733755552 238
1757648491972 154.31172588988076 239
1757648492033 154.28071073938113 240
1757648492096 154.24970188475265 241
1757648492156 154.21869932469176 242
1757648492216 154.18770305789516 243
1757648492279 154.15671308305969 244
1757648492341 154.1257293988826 245
1757648492403 154.09475200406146 246
1757648492464 154.06378089729398 247
1757648492527 154.03281607727826 248
1757648492590 154.00185754271266 249
1757648492651 153.97090529229575 250
1757648492714 153.93995932472654 251
1757648492774 153.90901963870414 252
1757648492836 153.87808623292804 253
1757648492900 153.847159106098 254
1757648492965 153.81623825691403 255
1757648493026 153.78532368407653 256
1757648493087 153.75441538628598 257
1757648493151 153.7235133622433 258
1757648493213 153.6926176106497 259
1757648493274 153.66172813020654 260
1757648493336 153.63084491961558 261
1757648493400 153.5999679775788 262
1757648493467 153.5690973027985 263
1757648493531 153.53823289397724 264
1757648493595 153.50737474981779 265
1757648493656 153.47652286902334 266
1757648493718 153.4456772502973 267
1757648493782 153.4148378923433 268
1757648493844 153.38400479386533 269
1757648493907 153.35317795356758 270
1757648493970 153.32235737015466 271
1757648494032 153.29154304233128 272
1757648494093 153.26073496880258 273
1757648494156 153.22993314827386 274
1757648494219 153.1991375794508 275
1757648494281 153.16834826103926 276
1757648494342 153.1375651917455 277
1757648494410 153.106788370276 278
1757648494489 153.07601779533746 279
1757648494553 153.04525346563696 280
1757648494618 153.0144953798818 281
1757648494682 152.98374353677957 282
1757648494746 152.95299793503807 283
1757648494827 152.92225857336558 284
1757648494893 152.89152545047045 285
1757648494958 152.86079856506143 286
1757648495023 152.83007791584745 287
1757648495088 152.7993635015378 288
1757648495152 152.76865532084202 289
1757648495217 152.73795337246997 290
1757648495281 152.7072576551317 291
1757648495342 152.67656816753762 292
1757648495405 152.64588490839836 293
1757648495472 152.6152078764249 294
1757648495542 152.5845370703284 295
1757648495607 152.5538724888204 296
1757648495676 152.52321413061262 297
1757648495742 152.49256199441714 298
1757648495807 152.4619160789463 299
1757648495872 152.43127638291264 300
1757648495936 152.40064290502912 301
1757648495998 152.3700156440089 302
1757648496062 152.33939459856535 303
1757648496125 152.30877976741223 304
1757648496187 152.27817114926356 305
1757648496250 152.2475687428335 306
1757648496314 152.21697254683667 307
1757648496377 152.18638255998792 308
1757648496440 152.15579878100235 309
1757648496596 152.1252212085953 310
1757648496662 152.0946498414824 311
1757648496729 152.06408467837966 312
1757648496795 152.03352571800326 313
1757648496868 152.0029729590697 314
1757648496934 151.97242640029572 315
1757648496999 151.94188604039834 316
1757648497064 151.91135187809493 317
1757648497130 151.88082391210307 318
1757648497197 151.85030214114065 319
1757648497262 151.8197865639257 320
1757648497329 151.78927717917682 321
1757648497396 151.7587739856126 322
1757648497462 151.72827698195204 323
1757648497533 151.69778616691443 324
1757648497599 151.66730153921927 325
1757648497665 151.63682309758636 326
1757648497729 151.60635084073576 327
1757648497793 151.5758847673879 328
1757648497857 151.54542487626335 329
1757648497919 151.51497116608306 330
1757648497983 151.48452363556822 331
1757648498048 151.45408228344021 332
1757648498111 151.4236471084209 333
1757648498175 151.3932181092322 334
1757648498240 151.36279528459647 335
1757648498304 151.33237863323615 336
1757648498367 151.30196815387427 337
1757648498433 151.27156384523383 338
1757648498496 151.2411657060382 339
1757648498559 151.2107737350111 340
1757648498623 151.1803879308765 341
1757648498688 151.1500082923585 342
1757648498752 151.1196348181817 343
1757648498816 151.08926750707084 344
1757648498881 151.05890635775094 345
1757648498945 151.02855136894738 346
1757648499008 150.99820253938563 347
1757648499073 150.9678598677917 348
1757648499136 150.93752335289165 349
1757648499199 150.90719299341185 350
1757648499265 150.87686878807912 351
1757648499329 150.8465507356203 352
1757648499393 150.81623883476274 353
1757648499472 150.78593308423387 354
1757648499541 150.75563348276154 355
1757648499612 150.72534002907375 356
1757648499678 150.69505272189886 357
1757648499744 150.66477155996552 358
1757648499811 150.63449654200255 359
1757648499878 150.60422766673918 360
1757648499945 150.5739649329048 361
1757648500012 150.5437083392291 362
1757648500079 150.51345788444212 363
1757648500145 150.48321356727405 364
1757648500210 150.45297538645545 365
1757648500275 150.42274334071715 366
1757648500340 150.39251742879014 367
1757648500404 150.3622976494059 368
1757648500468 150.33208400129593 369
1757648500534 150.3018764831922 370
1757648500599 150.27167509382681 371
1757648500663 150.24147983193228 372
1757648500729 150.21129069624126 373
1757648500794 150.1811076854868 374
1757648500858 150.15093079840216 375
1757648500923 150.12076003372084 376
1757648500988 150.09059539017662 377
1757648501052 150.06043686650364 378
1757648501117 150.0302844614362 379
1757648501183 150.000138173709 380
1757648501248 149.96999800205688 381
1757648501312 149.93986394521505 382
1757648501379 149.90973600191887 383
1757648501444 149.87961417090418 384
1757648501508 149.84949845090685 385
1757648501574 149.81938884066327 386
1757648501645 149.78928533890982 387
1757648501710 149.75918794438343 388
1757648501777 149.72909665582117 389
1757648501843 149.6990114719603 390
1757648501911 149.66893239153853 391
1757648501976 149.63885941329372 392
1757648502042 149.60879253596406 393
1757648502106 149.57873175828794 394
1757648502172 149.5486770790041 395
1757648502237 149.51862849685153 396
1757648502302 149.48858601056946 397
1757648502370 149.45854961889745 398
1757648502439 149.42851932057522 399
1757648502509 149.39849511434298 400
1757648502578 149.36847699894093 401
1757648502645 149.33846497310972 402
1757648502713 149.30845903559026 403
1757648502783 149.27845918512372 404
1757648502851 149.24846542045142 405
1757648502920 149.2184777403152 406
1757648502989 149.1884961434569 407
1757648503056 149.15852062861882 408
1757648503124 149.1285511945435 409
1757648503193 149.09858783997362 410
1757648503261 149.06863056365233 411
1757648503329 149.0386793643229 412
1757648503397 149.00873424072893 413
1757648503465 148.97879519161424 414
1757648503534 148.94886221572307 415
1757648503603 148.9189353117997 416
1757648503686 148.8890144785889 417
1757648503764 148.85909971483557 418
1757648503834 148.82919101928493 419
1757648503904 148.79928839068245 420
1757648503974 148.76939182777386 421
1757648504043 148.73950132930526 422
1757648504130 148.7096168940229 423
1757648504203 148.67973852067337 424
1757648504275 148.6498662080035 425
1757648504346 148.61999995476032 426
1757648504427 148.59013975969128 427
1757648504531 148.56028562154398 428
1757648504605 148.5304375390664 429
1757648504691 148.50059551100668 430
1757648504792 148.47075953611323 431
1757648504896 148.44092961313487 432
1757648505047 148.41110574082052 433
1757648505140 148.38128791791945 434
1757648505215 148.35147614318117 435
1757648505305 148.32167041535553 436
1757648505380 148.29187073319255 437
1757648505453 148.2620770954426 438
1757648505553 148.2322895008563 439
1757648505644 148.2025079481845 440
1757648505725 148.17273243617828 441
1757648505808 148.14296296358916 442
1757648505887 148.11319952916878 443
1757648505962 148.0834421316691 444
1757648506037 148.05369076984232 445
1757648506124 148.02394544244095 446
1757648506197 147.9942061482177 447
1757648506270 147.96447288592563 448
1757648506359 147.93474565431805 449
1757648506437 147.9050244521485 450
1757648506513 147.8753092781708 451
1757648506586 147.84560013113904 452
1757648506659 147.81589700980763 453
1757648506730 147.78619991293115 454
1757648506799 147.75650883926454 455
1757648506873 147.72682378756298 456
1757648506944 147.69714475658185 457
1757648507013 147.66747174507688 458
1757648507085 147.6378047518041 459
1757648507153 147.60814377551966 460
1757648507229 147.57848881498018 461
1757648507297 147.5488398689423 462
1757648507389 147.51919693616315 463
1757648507463 147.48956001540006 464
1757648507534 147.4599291054105 465
1757648507604 147.43030420495248 466
1757648507675 147.40068531278396 467
1757648507749 147.37107242766342 468
1757648507818 147.34146554834945 469
1757648507886 147.31186467360098 470
1757648507955 147.2822698021772 471
1757648508022 147.25268093283756 472
1757648508090 147.22309806434177 473
1757648508161 147.1935211954498 474
1757648508230 147.16395032492193 475
1757648508296 147.13438545151863 476
1757648508363 147.1048265740007 477
1757648508432 147.07527369112924 478
1757648508499 147.04572680166552 479
1757648508566 147.0161859043711 480
1757648508635 146.98665099800786 481
1757648508702 146.9571220813379 482
1757648508769 146.92759915312365 483
1757648508843 146.89808221212766 484
1757648508912 146.86857125711293 485
1757648508980 146.83906628684264 486
1757648509048 146.80956730008015 487
1757648509117 146.78007429558923 488
1757648509183 146.75058727213388 489
1757648509251 146.72110622847828 490
1757648509317 146.691631163387 491
1757648509385 146.6621620756248 492
1757648509500 146.6326989639567 493
1757648509571 146.60324182714797 494
1757648509642 146.57379066396427 495
1757648509711 146.5443454731714 496
1757648509787 146.51490625353546 497
1757648509857 146.4854730038228 498
1757648509927 146.45604572280004 499
