1757649310622 166.784199858659 0
1757649310680 166.7507944593798 1
1757649310739 166.70069600220907 2
1757649310863 166.6422634842482 3
1757649310933 166.57967710666767 4
1757649310997 166.5150271416235 5
1757649311059 166.44935876400564 6
1757649311117 166.38319456689675 7
1757649311176 166.31679584419467 8
1757649311234 166.25029323814215 9
1757649311292 166.1837520646434 10
1757649311349 166.1172049763091 11
1757649311408 166.05066829407454 12
1757649311466 165.98415017303222 13
1757649311525 165.91765468535377 14
1757649311584 165.85118386175222 15
1757649311643 165.7847387122135 16
1757649311701 165.71831973636233 17
1757649311760 165.65192717864468 18
1757649311818 165.5855611559196 19
1757649311878 165.5192217212547 20
1757649311936 165.45290889582415 21
1757649311994 165.3866226848574 22
1757649312052 165.32036308561393 23
1757649312111 165.2541300913702 24
1757649312175 165.1879236934134 25
1757649312234 165.12174388203823 26
1757649312293 165.0555906470453 27
1757649312351 164.98946397799037 28
1757649312415 164.92336386430887 29
1757649312472 164.85729029537825 30
1757649312529 164.79124326054912 31
1757649312587 164.72522274916088 32
1757649312647 164.65922875054937 33
1757649312705 164.59326125405087 34
1757649312761 164.52732024900405 35
1757649312820 164.46140572475082 36
1757649312877 164.395517670637 37
1757649312935 164.3296560760124 38
1757649312999 164.26382093023108 39
1757649313058 164.19801222265124 40
1757649313117 164.13222994263538 41
1757649313175 164.06647407955032 42
1757649313234 164.00074462276714 43
1757649313292 163.9350415616611 44
1757649313348 163.86936488561193 45
1757649313404 163.8037145840035 46
1757649313464 163.73809064622398 47
1757649313522 163.67249306166593 48
1757649313580 163.60692181972604 49
1757649313638 163.54137690980534 50
1757649313696 163.4758583213092 51
1757649313754 163.41036604364717 52
1757649313812 163.3449000662331 53
1757649313870 163.27946037848514 54
1757649313927 163.21404696982566 55
1757649313984 163.14865982968135 56
1757649314042 163.0832989474831 57
1757649314100 163.01796431266612 58
1757649314158 162.9526559146699 59
1757649314216 162.8873737429381 60
1757649314275 162.8221177869187 61
1757649314333 162.756888036064 62
1757649314390 162.6916844798304 63
1757649314449 162.62650710767863 64
1757649314505 162.56135590907377 65
1757649314578 162.49623087348496 66
1757649314641 162.43113199038575 67
1757649314700 162.36605924925385 68
1757649314761 162.3010126395712 69
1757649314821 162.23599215082413 70
1757649314881 162.17099777250297 71
1757649314941 162.10602949410253 72
1757649315004 162.04108730512164 73
1757649315075 161.97617119506359 74
1757649315135 161.91128115343568 75
1757649315240 161.84641716974963 76
1757649315309 161.78157923352128 77
1757649315371 161.7167673342707 78
1757649315431 161.6519814615223 79
1757649315492 161.5872216048046 80
1757649315553 161.5224877536503 81
1757649315614 161.4577798975965 82
1757649315675 161.39309802618442 83
1757649315734 161.32844212895944 84
1757649315793 161.26381219547122 85
1757649315853 161.19920821527373 86
1757649315913 161.13463017792492 87
1757649315974 161.07007807298717 88
1757649316033 161.00555189002702 89
1757649316095 160.9410516186151 90
1757649316155 160.87657724832638 91
1757649316217 160.81212876874 92
1757649316277 160.74770616943928 93
1757649316337 160.68330944001173 94
1757649316396 160.61893857004912 95
1757649316456 160.55459354914737 96
1757649316515 160.49027436690665 97
1757649316575 160.42598101293123 98
1757649316635 160.3617134768296 99
1757649316694 160.29747174821458 100
1757649316755 160.233255816703 101
1757649316814 160.16906567191594 102
1757649316873 160.10490130347873 103
1757649316931 160.04076270102075 104
1757649316991 159.97664985417572 105
1757649317059 159.91256275258147 106
1757649317119 159.84850138587987 107
1757649317179 159.7844657437173 108
1757649317239 159.72045581574395 109
1757649317300 159.65647159161446 110
1757649317359 159.59251306098747 111
1757649317418 159.52858021352594 112
1757649317480 159.4646730388968 113
1757649317541 159.40079152677143 114
1757649317602 159.33693566682504 115
1757649317663 159.27310544873728 116
1757649317723 159.2093008621918 117
1757649317782 159.14552189687657 118
1757649317841 159.08176854248347 119
1757649317901 159.01804078870882 120
1757649317961 158.95433862525292 121
1757649318019 158.89066204182026 122
1757649318082 158.8270110281195 123
1757649318143 158.76338557386342 124
1757649318202 158.699785668769 125
1757649318261 158.63621130255734 126
1757649318322 158.57266246495368 127
1757649318382 158.50913914568739 128
1757649318442 158.44564133449202 129
1757649318503 158.38216902110526 130
1757649318563 158.31872219526895 131
1757649318623 158.25530084672894 132
1757649318681 158.19190496523535 133
1757649318741 158.1285345405425 134
1757649318802 158.06518956240865 135
1757649318861 158.0018700205963 136
1757649318921 157.93857590487207 137
1757649318982 157.87530720500672 138
1757649319043 157.81206391077512 139
1757649319108 157.74884601195623 140
1757649319169 157.68565349833318 141
1757649319231 157.6224863596932 142
1757649319291 157.55934458582766 143
1757649319350 157.496228166532 144
1757649319410 157.4331370916059 145
1757649319470 157.37007135085295 146
1757649319536 157.307030934081 147
1757649319609 157.24401583110205 148
1757649319669 157.18102603173202 149
1757649319731 157.11806152579115 150
1757649319791 157.05512230310362 151
1757649319852 156.99220835349783 152
1757649319914 156.92931966680626 153
1757649319974 156.8664562328654 154
1757649320036 156.80361804151593 155
1757649320097 156.74080508260263 156
1757649320159 156.67801734597435 157
1757649320221 156.61525482148397 158
1757649320284 156.55251749898864 159
1757649320345 156.4898053683494 160
1757649320407 156.42711841943148 161
1757649320466 156.36445664210422 162
1757649320528 156.301820026241 163
1757649320587 156.23920856171927 164
1757649320648 156.1766222384206 165
1757649320710 156.1140610462307 166
1757649320771 156.0515249750392 167
1757649320831 155.9890140147399 168
1757649320988 155.92652815523073 169
1757649321057 155.8640673864136 170
1757649321131 155.80163169819457 171
1757649321199 155.7392210804837 172
1757649321263 155.67683552319514 173
1757649321325 155.61447501624716 174
1757649321386 155.55213954956204 175
1757649321449 155.48982911306615 176
1757649321512 155.42754369668984 177
1757649321575 155.3652832903677 178
1757649321638 155.30304788403825 179
1757649321699 155.24083746764404 180
1757649321761 155.17865203113178 181
1757649321824 155.1164915644522 182
1757649321886 155.05435605756 183
1757649321948 154.99224550041404 184
1757649322009 154.9301598829772 185
1757649322072 154.8680991952164 186
1757649322134 154.80606342710254 187
1757649322197 154.7440525686107 188
1757649322259 154.6820666097199 189
1757649322322 154.62010554041328 190
1757649322391 154.5581693506779 191
1757649322452 154.49625803050498 192
1757649322514 154.4343715698897 193
1757649322576 154.37250995883133 194
1757649322635 154.31067318733315 195
1757649322695 154.24886124540245 196
1757649322762 154.18707412305056 197
1757649322823 154.12531181029289 198
1757649322883 154.0635742971488 199
1757649322945 154.00186157364172 200
1757649323007 153.94017362979912 201
1757649323072 153.87851045565242 202
1757649323136 153.81687204123713 203
1757649323201 153.75525837659276 204
1757649323264 153.69366945176282 205
1757649323325 153.63210525679483 206
1757649323387 153.5705657817404 207
1757649323457 153.5090510166551 208
1757649323521 153.44756095159843 209
1757649323584 153.386095576634 210
1757649323647 153.32465488182945 211
1757649323708 153.26323885725628 212
1757649323771 153.20184749299023 213
1757649323833 153.1404807791108 214
1757649323895 153.0791387057016 215
1757649323957 153.0178212628503 216
1757649324017 152.9565284406484 217
1757649324081 152.89526022919165 218
1757649324144 152.8340166185795 219
1757649324205 152.77279759891562 220
1757649324267 152.71160316030753 221
1757649324330 152.6504332928668 222
1757649324393 152.58928798670902 223
1757649324456 152.5281672319538 224
1757649324520 152.4670710187245 225
1757649324597 152.40599933714873 226
1757649324661 152.344952177358 227
1757649324725 152.28392952948772 228
1757649324789 152.2229313836774 229
1757649324853 152.1619577300704 230
1757649324916 152.1010085588142 231
1757649324979 152.0400838600601 232
1757649325048 151.9791836239635 233
1757649325123 151.91830784068364 234
1757649325192 151.85745650038393 235
1757649325256 151.79662959323153 236
1757649325319 151.73582710939766 237
1757649325383 151.67504903905754 238
1757649325448 151.61429537239033 239
1757649325513 151.5535660995791 240
1757649325577 151.49286121081084 241
1757649325642 151.43218069627673 242
1757649325787 151.37152454617163 243
1757649325855 151.3108927506945 244
1757649325924 151.2502853000483 245
1757649325992 151.18970218443974 246
1757649326055 151.12914339407968 247
1757649326121 151.06860891918285 248
1757649326185 151.00809874996793 249
1757649326249 150.94761287665747 250
1757649326313 150.88715128947817 251
1757649326378 150.82671397866045 252
1757649326442 150.76630093443876 253
1757649326505 150.70591214705155 254
1757649326568 150.64554760674105 255
1757649326632 150.58520730375355 256
1757649326696 150.52489122833933 257
1757649326760 150.4645993707524 258
1757649326825 150.40433172125086 259
1757649326890 150.34408827009668 260
1757649326954 150.28386900755578 261
1757649327018 150.22367392389802 262
1757649327083 150.16350300939715 263
1757649327147 150.10335625433083 264
1757649327214 150.04323364898065 265
1757649327279 149.98313518363216 266
1757649327344 149.92306084857483 267
1757649327407 149.86301063410198 268
1757649327471 149.80298453051083 269
1757649327534 149.74298252810266 270
1757649327599 149.6830046171825 271
1757649327663 149.6230507880594 272
1757649327725 149.56312103104625 273
1757649327789 149.50321533645982 274
1757649327852 149.4433336946209 275
1757649327917 149.38347609585415 276
1757649327979 149.323642530488 277
1757649328041 149.26383298885494 278
1757649328111 149.2040474612913 279
1757649328173 149.14428593813724 280
1757649328237 149.08454840973698 281
1757649328300 149.0248348664385 282
1757649328364 148.96514529859368 283
1757649328428 148.9054796965583 284
1757649328492 148.84583805069212 285
1757649328556 148.78622035135865 286
1757649328619 148.7266265889254 287
1757649328682 148.66705675376366 288
1757649328745 148.60751083624874 289
1757649328809 148.54798882675968 290
1757649328872 148.48849071567946 291
1757649328935 148.42901649339498 292
1757649329000 148.369566150297 293
1757649329065 148.31013967678012 294
1757649329129 148.25073706324278 295
1757649329194 148.19135830008747 296
1757649329264 148.13200337772028 297
1757649329329 148.07267228655144 298
1757649329395 148.01336501699487 299
1757649329458 147.95408155946836 300
1757649329527 147.89482190439367 301
1757649329606 147.83558604219635 302
1757649329671 147.77637396330582 303
1757649329736 147.7171856581554 304
1757649329800 147.65802111718213 305
1757649329866 147.5988803308271 306
1757649329931 147.53976328953513 307
1757649329996 147.48066998375498 308
1757649330062 147.42160040393912 309
1757649330133 147.36255454054398 310
1757649330199 147.30353238402986 311
1757649330265 147.2445339248608 312
1757649330331 147.18555915350484 313
1757649330396 147.12660806043365 314
1757649330460 147.067680636123 315
1757649330523 147.00877687105222 316
1757649330586 146.94989675570474 317
1757649330652 146.89104028056767 318
1757649330717 146.832207436132 319
1757649330781 146.77339821289252 320
1757649330845 146.7146126013479 321
1757649330909 146.65585059200072 322
1757649330974 146.59711217535718 323
1757649331039 146.53839734192744 324
1757649331103 146.4797060822255 325
1757649331167 146.4210383867692 326
1757649331232 146.36239424608007 327
1757649331302 146.30377365068355 328
1757649331369 146.24517659110901 329
1757649331435 146.18660305788947 330
1757649331498 146.12805304156177 331
1757649331562 146.06952653266674 332
1757649331627 146.01102352174883 333
1757649331692 145.9525439993564 334
1757649331756 145.89408795604163 335
1757649331820 145.83565538236044 336
1757649331885 145.77724626887263 337
1757649331948 145.71886060614176 338
1757649332014 145.66049838473523 339
1757649332079 145.60215959522426 340
1757649332143 145.54384422818376 341
1757649332207 145.48555227419257 342
1757649332273 145.4272837238333 343
1757649332338 145.36903856769226 344
1757649332402 145.3108167963597 345
1757649332468 145.25261840042958 346
1757649332532 145.19444337049967 347
1757649332595 145.1362916971715 348
1757649332661 145.07816337105047 349
1757649332726 145.02005838274567 350
1757649332790 144.96197672287005 351
1757649332855 144.90391838204036 352
1757649332921 144.84588335087702 353
1757649332988 144.7878716200043 354
1757649333054 144.72988318005034 355
1757649333120 144.67191802164695 356
1757649333186 144.61397613542968 357
1757649333250 144.55605751203797 358
1757649333320 144.498162142115 359
1757649333392 144.4402900163077 360
1757649333460 144.38244112526672 361
1757649333525 144.32461545964657 362
1757649333592 144.26681301010552 363
1757649333657 144.2090337673056 364
1757649333725 144.15127772191252 365
1757649333790 144.09354486459586 366
1757649333855 144.03583518602892 367
1757649333918 143.9781486768888 368
1757649333984 143.92048532785623 369
1757649334049 143.8628451296159 370
1757649334114 143.8052280728561 371
1757649334179 143.7476341482689 372
1757649334246 143.69006334655018 373
1757649334311 143.6325156583995 374
1757649334377 143.5749910745203 375
1757649334441 143.5174895856196 376
1757649334507 143.4600111824082 377
1757649334588 143.40255585560078 378
1757649334657 143.34512359591562 379
1757649334726 143.2877143940748 380
1757649334794 143.23032824080417 381
1757649334862 143.17296512683325 382
1757649334928 143.11562504289537 383
1757649334996 143.05830797972752 384
1757649335076 143.00101392807045 385
1757649335144 142.9437428786687 386
1757649335211 142.8864948222705 387
1757649335279 142.82926974962783 388
1757649335353 142.77206765149631 389
1757649335422 142.7148885186354 390
1757649335488 142.6577323418082 391
1757649335555 142.6005991117817 392
1757649335621 142.5434888193264 393
1757649335688 142.48640145521657 394
1757649335762 142.42933701023028 395
1757649335829 142.37229547514937 396
1757649335894 142.31527684075917 397
1757649335959 142.2582810978489 398
1757649336027 142.20130823721152 399
1757649336094 142.1443582496436 400
1757649336160 142.08743112594541 401
1757649336227 142.03052685692103 402
1757649336293 141.97364543337824 403
1757649336358 141.91678684612836 404
1757649336424 141.8599510859866 405
1757649336490 141.8031381437719 406
1757649336554 141.74634801030666 407
1757649336621 141.68958067641722 408
1757649336687 141.6328361329335 409
1757649336754 141.5761143706892 410
1757649336821 141.51941538052162 411
1757649336887 141.4627391532718 412
1757649336954 141.4060856797845 413
1757649337021 141.34945495090807 414
1757649337088 141.29284695749476 415
1757649337154 141.2362616904002 416
1757649337220 141.17969914048402 417
1757649337288 141.12315929860932 418
1757649337354 141.06664215564302 419
1757649337430 141.0101477024556 420
1757649337498 140.9536759299213 421
1757649337565 140.89722682891806 422
1757649337634 140.8408003903274 423
1757649337700 140.78439660503452 424
1757649337767 140.72801546392853 425
1757649337832 140.6716569579019 426
1757649337899 140.61532107785092 427
1757649337966 140.5590078146756 428
1757649338033 140.50271715927946 429
1757649338099 140.44644910256983 430
1757649338167 140.3902036354577 431
1757649338233 140.3339807488576 432
1757649338301 140.27778043368787 433
1757649338369 140.22160268087043 434
1757649338434 140.16544748133092 435
1757649338501 140.1093148259985 436
1757649338569 140.05320470580617 437
1757649338636 139.99711711169047 438
1757649338703 139.9410520345916 439
1757649338770 139.88500946545344 440
1757649338838 139.8289893952236 441
1757649338904 139.77299181485313 442
1757649338971 139.71701671529698 443
1757649339039 139.66106408751358 444
1757649339104 139.60513392246497 445
1757649339171 139.549226211117 446
1757649339239 139.49334094443907 447
1757649339307 139.43747811340418 448
1757649339373 139.38163770898902 449
1757649339447 139.325819722174 450
1757649339517 139.27002414394298 451
1757649339600 139.21425096528358 452
1757649339670 139.15850017718705 453
1757649339739 139.10277177064825 454
1757649339808 139.04706573666562 455
1757649339879 138.99138206624139 456
1757649339949 138.9357207503812 457
1757649340019 138.88008178009443 458
1757649340088 138.82446514639415 459
1757649340156 138.76887084029693 460
1757649340223 138.71329885282302 461
1757649340290 138.65774917499624 462
1757649340358 138.60222179784418 463
1757649340423 138.5467167123979 464
1757649340491 138.49123390969206 465
1757649340559 138.43577338076508 466
1757649340628 138.3803351166588 467
1757649340696 138.32491910841887 468
1757649340792 138.26952534709443 469
1757649340858 138.21415382373823 470
1757649340924 138.15880452940664 471
1757649340991 138.1034774551597 472
1757649341058 138.04817259206098 473
1757649341125 137.99288993117764 474
1757649341194 137.93762946358055 475
1757649341261 137.882391180344 476
1757649341330 137.82717507254608 477
1757649341398 137.77198113126835 478
1757649341471 137.71680934759598 479
1757649341541 137.6616597126178 480
1757649341611 137.60653221742612 481
1757649341679 137.55142685311694 482
1757649341746 137.4963436107898 483
1757649341816 137.4412824815479 484
1757649341886 137.38624345649788 485
1757649341953 137.3312265267501 486
1757649342021 137.27623168341847 487
1757649342090 137.22125891762045 488
1757649342158 137.1663082204771 489
1757649342225 137.1113795831131 490
1757649342294 137.05647299665662 491
1757649342361 137.0015884522395 492
1757649342430 136.94672594099708 493
1757649342499 136.89188545406833 494
1757649342568 136.83706698259576 495
1757649342636 136.78227051772544 496
1757649342706 136.72749605060707 497
1757649342776 136.67274357239384 498
1757649342845 136.61801307424258 499
