1757635966392 169.17813275916612 0
1757635966443 165.80819472757315 1
1757635966499 162.50563386161275 2
1757635966545 159.26909386665716 3
1757635966604 156.09724617294674 4
1757635966654 152.98878934931514 5
1757635966714 149.94244853020453 6
1757635966784 146.95697485563002 7
1757635966842 144.0311449237623 8
1757635966893 141.16376025580902 9
1757635966952 138.3536467728835 10
1757635967003 135.59965428455968 11
1757635967052 132.90065598882035 12
1757635967101 130.25554798311546 13
1757635967152 127.66324878625448 14
1757635967207 125.12269887086534 15
1757635967261 122.63286020616049 16
1757635967313 120.19271581075762 17
1757635967362 117.8012693153105 18
1757635967412 115.457544534711 19
1757635967459 113.16058504963202 20
1757635967508 110.90945379718616 21
1757635967558 108.70323267048158 22
1757635967608 106.5410221268629 23
1757635967659 104.42194080463071 24
1757635967705 102.34512514803858 25
1757635967753 100.30972904037289 26
1757635967803 98.31492344492476 27
1757635967852 96.35989605367008 28
1757635967899 94.44385094347716 29
1757635967946 92.56600823966744 30
1757635967991 90.72560378675858 31
1757635968041 88.92188882622446 32
1757635968090 87.15412968111038 33
1757635968142 85.4216074473464 34
1757635968191 83.72361769160567 35
1757635968240 82.05947015555859 36
1757635968288 80.42848846637757 37
1757635968338 78.830009853351 38
1757635968390 77.26338487046827 39
1757635968442 75.72797712484146 40
1757635968493 74.22316301083315 41
1757635968546 72.74833144976188 42
1757635968598 71.30288363506155 43
1757635968645 69.88623278277294 44
1757635968693 68.4978038872491 45
1757635968742 67.13703348195916 46
1757635968790 65.80336940527819 47
1757635968842 64.49627057115285 48
1757635968893 63.21520674453628 49
1757635968946 61.95965832148712 50
1757635968997 60.729116113831125 51
1757635969045 59.5230811382855 52
1757635969099 58.34106440994915 53
1757635969148 57.18258674006364 54
1757635969197 56.047178537952675 55
1757635969250 54.93437961704939 56
1757635969301 53.843739004923584 57
1757635969358 52.77481475722246 58
1757635969412 51.727173775440846 59
1757635969464 50.700391628438794 60
1757635969516 49.69405237762625 61
1757635969566 48.70774840573638 62
1757635969615 47.741080249111114 63
1757635969662 46.793656433423955 64
1757635969713 45.865093312767044 65
1757635969762 44.955014912031096 66
1757635969810 44.063052772508385 67
1757635969857 43.18884580065058 68
1757635969908 42.33204011991484 69
1757635969957 41.4922889256329 70
1757635970005 40.66925234283976 71
1757635970052 39.862597286999346 72
1757635970148 39.07199732756665 73
1757635970200 38.29713255432673 74
1757635970250 37.5376894464523 75
1757635970297 36.79336074422332 76
1757635970345 36.06384532335273 77
1757635970394 35.34884807186401 78
1757635970443 34.64807976946761 79
1757635970492 33.96125696938389 80
1757635970541 33.28810188256206 81
1757635970590 32.62834226424503 82
1757635970640 31.9817113028319 83
1757635970687 31.34794751099014 84
1757635970736 30.726794618971073 85
1757635970803 30.118001470083097 86
1757635970929 29.521321918278044 87
1757635970995 28.936514727807076 88
1757635971051 28.36334347490351 89
1757635971104 27.80157645145073 90
1757635971156 27.250986570594446 91
1757635971208 26.711351274259222 92
1757635971260 26.182452442530256 93
1757635971314 25.664076304862032 94
1757635971370 25.15601335307653 95
1757635971432 24.65805825611407 96
1757635971490 24.170009776501246 97
1757635971550 23.691670688500476 98
1757635971610 23.222847697907042 99
1757635971666 22.763351363459865 100
1757635971725 22.31299601983303 101
1757635971813 21.871599702175875 102
1757635971875 21.43898407217008 103
1757635971939 21.01497434557279 104
1757635971997 20.599399221215542 105
1757635972055 20.192090811429413 106
1757635972113 19.792884573867262 107
1757635972169 19.401619244694846 108
1757635972233 19.018136773122848 109
1757635972296 18.642282257252692 110
1757635972360 18.273903881209396 111
1757635972421 17.91285285353544 112
1757635972481 17.558983346820078 113
1757635972545 17.212152438538993 114
1757635972609 16.87222005307988 115
1757635972670 16.539048904929867 116
1757635972730 16.212504443001336 117
1757635972787 15.892454796073084 118
1757635972848 15.578770719324277 119
1757635972900 15.27132554193912 120
1757635972950 14.969995115760629 121
1757635973004 14.674657764972324 122
1757635973057 14.38519423678709 123
1757635973107 14.101487653122847 124
1757635973157 13.823423463245263 125
1757635973204 13.550889397357766 126
1757635973253 13.283775421120113 127
1757635973303 13.021973691076433 128
1757635973352 12.76537851097474 129
1757635973400 12.51388628895979 130
1757635973448 12.267395495621715 131
1757635973495 12.025806622883385 132
1757635973544 11.789022143709312 133
1757635973591 11.556946472619956 134
1757635973636 11.32948592699489 135
1757635973681 11.10654868914926 136
1757635973727 10.888044769167745 137
1757635973774 10.673885968481061 138
1757635973821 10.463985844169885 139
1757635973867 10.258259673981678 140
1757635973914 10.056624422046157 141
1757635973961 9.858998705275273 142
1757635974007 9.665302760434068 143
1757635974054 9.475458411868871 144
1757635974102 9.28938903987976 145
1757635974147 9.10701954972424 146
1757635974193 8.928276341239599 147
1757635974240 8.753087279071465 148
1757635974287 8.581381663496465 149
1757635974405 8.413090201827039 150
1757635974460 8.248144980386842 151
1757635974510 8.08647943704515 152
1757635974560 7.928028334299229 153
1757635974611 7.772727732893651 154
1757635974660 7.62051496596574 155
1757635974709 7.4713286137066985 156
1757635974758 7.325108478528107 157
1757635974807 7.181795560723588 158
1757635974855 7.041332034615843 159
1757635974902 6.903661225179279 160
1757635974949 6.7687275851287225 161
1757635974996 6.636476672464967 162
1757635975048 6.506855128467922 163
1757635975098 6.379810656128477 164
1757635975148 6.255291999010315 165
1757635975195 6.133248920533063 166
1757635975246 6.013632183668335 167
1757635975298 5.89639353104049 168
1757635975346 5.781485665423938 169
1757635975393 5.668862230629149 170
1757635975440 5.558477792769514 171
1757635975487 5.450287821901554 172
1757635975535 5.344248674030925 173
1757635975582 5.240317573476984 174
1757635975630 5.13845259558871 175
1757635975677 5.0386126498050166 176
1757635975724 4.940757463052511 177
1757635975774 4.844847563474036 178
1757635975822 4.750844264481352 179
1757635975870 4.658709649125491 180
1757635975917 4.568406554778456 181
1757635975964 4.47989855812004 182
1757635976016 4.393149960423724 183
1757635976068 4.30812577313559 184
1757635976123 4.224791703740492 185
1757635976178 4.143114141909742 186
1757635976240 4.0630601459246405 187
1757635976299 3.984597429370415 188
1757635976356 3.9076943480951303 189
1757635976415 3.832319887428321 190
1757635976469 3.7584436496541356 191
1757635976521 3.6860358417339163 192
1757635976571 3.615067263273283 193
1757635976664 3.545509294728797 194
1757635976720 3.477333885849459 195
1757635976786 3.4105135443483463 196
1757635976844 3.345021324799809 197
1757635976898 3.280830817757719 198
1757635976950 3.2179161390903626 199
1757635977000 3.1562519195277066 200
1757635977051 3.0958132944167254 201
1757635977106 3.036575893680684 202
1757635977157 2.9785158319783522 203
1757635977207 2.921609699059088 204
1757635977257 2.8658345503099207 205
1757635977308 2.8111678974908454 206
1757635977357 2.7575876996545268 207
1757635977405 2.7050723542467456 208
1757635977454 2.6536006883840133 209
1757635977502 2.6031519503048073 210
1757635977550 2.5537058009909503 211
1757635977598 2.505242305955808 212
1757635977646 2.4577419271958765 213
1757635977695 2.4111855153026247 214
1757635977743 2.3655543017313008 215
1757635977790 2.3208298912236422 216
1757635977841 2.2769942543813717 217
1757635977890 2.2340297203875292 218
1757635977938 2.1919189698726522 219
1757635977985 2.1506450279229328 220
1757635978034 2.1101912572275348 221
1757635978083 2.070541351362289 222
1757635978133 2.0316793282070607 223
1757635978181 1.9935895234941028 224
1757635978229 1.9562565844848103 225
1757635978278 1.9196654637723247 226
1757635978326 1.8838014132074516 227
1757635978375 1.8486499779454595 228
1757635978423 1.8141969906113622 229
1757635978472 1.780428565581282 230
1757635978520 1.747331093377639 231
1757635978569 1.7148912351758596 232
1757635978618 1.6830959174204014 233
1757635978667 1.6519323265479 234
1757635978716 1.621387903815342 235
1757635978764 1.591450340231133 236
1757635978813 1.5621075715870285 237
1757635978862 1.533347773588937 238
1757635978910 1.5051593570845798 239
1757635978959 1.4775309633861482 240
1757635979010 1.4504514596859985 241
1757635979060 1.4239099345635677 242
1757635979117 1.3978956935817022 243
1757635979167 1.3723982549706017 244
1757635979220 1.3474073453976252 245
1757635979280 1.3229128958212801 246
1757635979337 1.2989050374276998 247
1757635979398 1.2753740976479646 248
1757635979451 1.2523105962546681 249
1757635979503 1.229705241536146 250
1757635979556 1.2075489265468184 251
1757635979611 1.1858327254321432 252
1757635979664 1.1645478898266723 253
1757635979717 1.1436858453237817 254
1757635979769 1.12323818801564 255
1757635979825 1.1031966811019995 256
1757635979879 1.083553251566476 257
1757635979933 1.0642999869189342 258
1757635979986 1.045429132002695 259
1757635980039 1.0269330858652579 260
1757635980092 1.0088043986912776 261
1757635980146 0.9910357687965684 262
1757635980199 0.9736200396818848 263
1757635980252 0.9565501971453411 264
1757635980305 0.9398193664522724 265
1757635980358 0.9234208095613708 266
1757635980418 0.9073479224060499 267
1757635980478 0.8915942322298496 268
1757635980536 0.8761533949748723 269
1757635980591 0.8610191927221723 270
1757635980652 0.8461855311830513 271
1757635980704 0.8316464372402744 272
1757635980757 0.8173960565381811 273
1757635980819 0.8034286511207606 274
1757635980872 0.7897385971166868 275
1757635980924 0.7763203824704187 276
1757635980975 0.7631686047184358 277
1757635981027 0.7502779688097048 278
1757635981078 0.7376432849695002 279
1757635981129 0.7252594666057233 280
1757635981187 0.7131215282568677 281
1757635981237 0.7012245835808044 282
1757635981288 0.6895638433835702 283
1757635981337 0.6781346136873735 284
1757635981387 0.6669322938370283 285
1757635981437 0.6559523746440463 286
1757635981487 0.6451904365676614 287
1757635981536 0.6346421479320212 288
1757635981587 0.6243032631788503 289
1757635981719 0.6141696211548715 290
1757635981784 0.6042371434332762 291
1757635981840 0.5945018326686088 292
1757635981890 0.5849597709843501 293
1757635981947 0.5756071183925855 294
1757635981999 0.5664401112451042 295
1757635982051 0.5574550607153078 296
1757635982101 0.5486483513103146 297
1757635982152 0.5400164394126526 298
1757635982202 0.5315558518509749 299
1757635982252 0.5232631844991816 300
1757635982302 0.5151351009034282 301
1757635982353 0.5071683309364234 302
1757635982403 0.4993596694785083 303
1757635982454 0.4917059751249562 304
1757635982503 0.4842041689189957 305
1757635982554 0.4768512331100244 306
1757635982603 0.46964420993652894 307
1757635982658 0.46258020043320225 308
1757635982708 0.45565636326179665 309
1757635982759 0.44886991356522854 310
1757635982811 0.4422181218444634 311
1757635982862 0.43569831285776 312
1757635982912 0.4293078645417858 313
1757635982964 0.423044206954202 314
1757635983013 0.41690482123727957 315
1757635983064 0.4108872386021221 316
1757635983114 0.4049890393330982 317
1757635983167 0.39920785181206847 318
1757635983221 0.3935413515620216 319
1757635983271 0.3879872603097313 320
1757635983324 0.3825433450670607 321
1757635983374 0.3772074172305206 322
1757635983425 0.37197733169876285 323
1757635983476 0.36685098600760063 324
1757635983526 0.3618263194822465 325
1757635983578 0.35690131240640083 326
1757635983629 0.3520739852078774 327
1757635983681 0.3473423976604106 328
1757635983730 0.34270464810135093 329
1757635983780 0.3381588726649098 330
1757635983831 0.33370324453065214 331
1757635983882 0.32933597318694613 332
1757635983932 0.3250553037090456 333
1757635983983 0.3208595160515409 334
1757635984040 0.31674692435487756 335
1757635984091 0.3127158762656628 336
1757635984152 0.308764752270496 337
1757635984205 0.3048919650430428 338
1757635984257 0.3010959588040925 339
1757635984312 0.2973752086943466 340
1757635984363 0.2937282201596775 341
1757635984414 0.2901535283486128 342
1757635984465 0.28664969752180164 343
1757635984518 0.28321532047322606 344
1757635984570 0.27984901796291994 345
1757635984624 0.2765494381609719 346
1757635984679 0.273315256102582 347
1757635984732 0.2701451731539586 348
1757635984786 0.2670379164888317 349
1757635984841 0.26399223857538334 350
1757635984894 0.261006916673373 351
1757635984948 0.2580807523412707 352
1757635985002 0.2552125709531835 353
1757635985057 0.2524012212253947 354
1757635985110 0.24964557475231694 355
1757635985166 0.2469445255516675 356
1757635985225 0.24429698961869456 357
1757635985280 0.24170190448926865 358
1757635985333 0.239158228811652 359
1757635985387 0.2366649419267981 360
1757635985441 0.2342210434569839 361
1757635985495 0.2318255529026297 362
1757635985549 0.2294775092471343 363
1757635985605 0.22717597056956726 364
1757635985659 0.22492001366506212 365
1757635985714 0.22270873367276206 366
1757635985767 0.22054124371115627 367
1757635985823 0.21841667452067742 368
1757635985884 0.21633417411339556 369
1757635985940 0.21429290742968438 370
1757635985997 0.21229205600171291 371
1757635986051 0.21033081762362682 372
1757635986106 0.2084084060282892 373
1757635986160 0.20652405057045195 374
1757635986214 0.2046769959162185 375
1757635986268 0.20286650173869064 376
1757635986322 0.20109184241966205 377
1757635986376 0.1993523067572428 378
1757635986431 0.19764719767930022 379
1757635986486 0.19597583196259544 380
1757635986539 0.19433753995750527 381
1757635986594 0.1927316653182171 382
1757635986648 0.19115756473828885 383
1757635986702 0.18961460769146593 384
1757635986764 0.18810217617765335 385
1757635986826 0.18661966447393502 386
1757635986881 0.18516647889055052 387
1757635986935 0.1837420375317128 388
1757635986990 0.18234577006119382 389
1757635987044 0.18097711747256162 390
1757635987100 0.17963553186398964 391
1757635987155 0.17832047621754293 392
1757635987209 0.1770314241828531 393
1757635987270 0.17576785986509177 394
1757635987325 0.17452927761716278 395
1757635987380 0.17331518183602515 396
1757635987435 0.17212508676306357 397
1757635987489 0.17095851628843042 398
1757635987544 0.16981500375927705 399
1757635987600 0.1686940917917958 400
1757635987655 0.16759533208700303 401
1757635987710 0.16651828525018095 402
1757635987765 0.1654625206139096 403
1757635987820 0.16442761606461873 404
1757635987875 0.16341315787258862 405
1757635987930 0.1624187405253271 406
1757635987985 0.1614439665642634 407
1757635988041 0.16048844642468513 408
1757635988096 0.15955179827886096 409
1757635988150 0.15863364788227852 410
1757635988205 0.1577336284229425 411
1757635988259 0.15685138037366453 412
1757635988314 0.15598655134729525 413
1757635988369 0.15513879595483052 414
1757635988424 0.15430777566633705 415
1757635988479 0.15349315867464874 416
1757635988534 0.15269461976176785 417
1757635988589 0.1519118401679208 418
1757635988645 0.1511445074632242 419
1757635988700 0.15039231542189482 420
1757635988756 0.14965496389896402 421
1757635988810 0.1489321587094408 422
1757635988866 0.14822361150988037 423
1757635988920 0.14752903968230194 424
1757635988975 0.14684816622042154 425
1757635989030 0.14618071961813803 426
1757635989085 0.14552643376024135 427
1757635989140 0.14488504781529246 428
1757635989196 0.1442563061306309 429
1757635989250 0.1436399581294716 430
1757635989310 0.14303575821004688 431
1757635989365 0.14244346564675053 432
1757635989420 0.14186284449325245 433
1757635989475 0.14129366348753317 434
1757635989530 0.14073569595881127 435
1757635989586 0.14018871973631586 436
1757635989643 0.13965251705987783 437
1757635989698 0.13912687449229513 438
1757635989754 0.13861158283343883 439
1757635989809 0.13810643703607023 440
1757635989864 0.13761123612332876 441
1757635989920 0.13712578310785956 442
1757635989975 0.13664988491255264 443
1757635990032 0.13618335229285067 444
1757635990087 0.13572599976060723 445
1757635990144 0.1352776455094561 446
1757635990201 0.1348381113416628 447
1757635990256 0.13440722259643348 448
1757635990312 0.13398480807964439 449
1757635990368 0.13357069999497076 450
1757635990423 0.1331647338763857 451
1757635990478 0.13276674852199774 452
1757635990533 0.13237658592920426 453
1757635990590 0.13199409123113656 454
1757635990646 0.13161911263436385 455
1757635990701 0.1312515013578394 456
1757635990758 0.13089111157305666 457
1757635990825 0.13053780034539758 458
1757635990882 0.13019142757664467 459
1757635990939 0.1298518559486372 460
1757635991005 0.12951895086804652 461
1757635991065 0.12919258041224868 462
1757635991123 0.12887261527627308 463
1757635991180 0.12855892872080585 464
1757635991236 0.12825139652122564 465
1757635991295 0.1279498969176544 466
1757635991355 0.1276543105659977 467
1757635991411 0.127364520489961 468
1757635991467 0.1270804120340179 469
1757635991523 0.12680187281731425 470
1757635991579 0.1265287926884865 471
1757635991635 0.12626106368138046 472
1757635991692 0.1259985799716474 473
1757635991755 0.1257412378342052 474
1757635991822 0.1254889356015434 475
1757635991878 0.1252415736228573 476
1757635991935 0.12499905422399445 477
1757635991991 0.12476128166819563 478
1757635992047 0.12452816211761863 479
1757635992103 0.12429960359562409 480
1757635992159 0.12407551594981304 481
1757635992216 0.12385581081579666 482
1757635992273 0.12364040158168803 483
1757635992330 0.12342920335329821 484
1757635992387 0.12322213292002489 485
1757635992443 0.12301910872141743 486
1757635992499 0.1228200508144086 487
1757635992556 0.12262488084119459 488
1757635992613 0.1224335219977567 489
1757635992669 0.12224589900300457 490
1757635992725 0.12206193806853644 491
1757635992781 0.12188156686899751 492
1757635992840 0.12170471451302871 493
1757635992897 0.12153131151479188 494
1757635992954 0.12136128976606199 495
1757635993009 0.12119458250887226 496
1757635993069 0.12103112430870383 497
1757635993130 0.12087085102820883 498
1757635993188 0.12071369980145324 499
