1757635995695 164.87092294069922 0
1757635995745 161.53153627276689 1
1757635995918 158.26129997943906 2
1757635995972 155.05871899891937 3
1757635996027 151.9223334094949 4
1757635996078 148.85071747755072 5
1757635996132 145.84247873678183 6
1757635996181 142.89625709737166 7
1757635996231 140.01072398396 8
1757635996281 137.18458150127768 9
1757635996330 134.41656162637435 10
1757635996380 131.70542542641527 11
1757635996430 129.0499623010668 12
1757635996475 126.4489892485346 13
1757635996524 123.90135015436037 14
1757635996573 121.40591510212089 15
1757635996626 118.96157970521121 16
1757635996673 116.56726445893023 17
1757635996721 114.22191411211894 18
1757635996781 111.92449705763605 19
1757635996847 109.67400474098436 20
1757635996904 107.46945108643257 21
1757635996963 105.30987194000315 22
1757635997021 103.19432452872526 23
1757635997073 101.12188693557572 24
1757635997125 99.09165758955571 25
1757635997177 97.10275477037429 26
1757635997229 95.15431612723081 27
1757635997278 93.24549821121003 28
1757635997328 91.37547602082348 29
1757635997376 89.54344256024955 30
1757635997437 87.74860840984282 31
1757635997486 85.99020130850104 32
1757635997533 84.26746574749394 33
1757635997579 82.57966257537431 34
1757635997625 80.92606861360692 35
1757635997672 79.30597628256484 36
1757635997725 77.71869323755702 37
1757635997777 76.16354201456318 38
1757635997831 74.63985968536582 39
1757635997976 73.14699752178043 40
1757635998029 71.68432066869592 41
1757635998076 70.25120782564957 42
1757635998123 68.84705093667024 43
1757635998168 67.47125488813356 44
1757635998216 66.1232372143832 45
1757635998262 64.80242781088057 46
1757635998310 63.50826865465471 47
1757635998355 62.240213531831884 48
1757635998404 60.99772777203331 49
1757635998451 59.7802879894361 50
1757635998499 58.587381830300686 51
1757635998545 57.41850772677443 52
1757635998593 56.273174656788434 53
1757635998638 55.15090190987049 54
1757635998684 54.05121885870378 55
1757635998732 52.973664736266365 56
1757635998777 51.91778841839289 57
1757635998823 50.88314821160456 58
1757635998871 49.869311646059515 59
1757635998918 48.87585527348001 60
1757635998966 47.9023644699183 61
1757635999013 46.94843324322721 62
1757635999061 46.01366404510618 63
1757635999105 45.0976675875977 64
1757635999150 44.200062663913165 65
1757635999194 43.32047597347104 66
1757635999244 42.45854195103441 67
1757635999289 41.61390259983788 68
1757635999341 40.78620732859813 69
1757635999387 39.97511279230517 70
1757635999435 39.180282736695 71
1757635999490 38.401387846307074 72
1757635999539 37.6381055960335 73
1757635999585 36.89012010606918 74
1757635999635 36.157122000175534 75
1757635999681 35.438808267172455 76
1757635999729 34.73488212557637 77
1757635999773 34.04505289130415 78
1757635999820 33.369035848365606 79
1757635999869 32.70655212246907 80
1757635999926 32.05732855746719 81
1757635999980 31.42109759457203 82
1757636000031 30.79759715427064 83
1757636000081 30.186570520874255 84
1757636000135 29.587766229636404 85
1757636000185 29.00093795637665 86
1757636000238 28.425844409549025 87
1757636000291 27.862249224695447 88
1757636000341 27.309920861226416 89
1757636000392 26.76863250147284 90
1757636000442 26.238161951954222 91
1757636000507 25.718291546810278 92
1757636000561 25.208808053344157 93
1757636000612 24.70950257962725 94
1757636000662 24.220170484116483 95
1757636000713 23.740611287236735 96
1757636000775 23.27062858488207 97
1757636000839 22.810029963790715 98
1757636000889 22.35862691875007 99
1757636000940 21.916234771589007 100
1757636000988 21.482672591915975 101
1757636001045 21.05776311956249 102
1757636001101 20.641332688692554 103
1757636001154 20.23321115353972 104
1757636001209 19.833231815734457 105
1757636001266 19.44123135318539 106
1757636001315 19.057049750478814 107
1757636001364 18.680530230762187 108
1757636001414 18.311519189077725 109
1757636001461 17.94986612711328 110
1757636001520 17.595423589338623 111
1757636001570 17.248047100495732 112
1757636001621 16.907595104412877 113
1757636001670 16.573928904112623 114
1757636001719 16.246912603185038 115
1757636001783 15.926413048397633 116
1757636001847 15.612299773514762 117
1757636001897 15.304444944299496 118
1757636001948 15.00272330467167 119
1757636001997 14.707012123996813 120
1757636002048 14.417191145480757 121
1757636002098 14.133142535645675 122
1757636002148 13.85475083486384 123
1757636002197 13.58190290892585 124
1757636002249 13.31448790162063 125
1757636002301 13.052397188305273 126
1757636002352 12.79552433044293 127
1757636002403 12.543765031087844 128
1757636002454 12.29701709129693 129
1757636002505 12.055180367447651 130
1757636002555 11.818156729442808 131
1757636002606 11.585850019782898 132
1757636002657 11.358166013487367 133
1757636002708 11.135012378846515 134
1757636002760 10.916298638986133 135
1757636002809 10.701936134227415 136
1757636002863 10.49183798522515 137
1757636002915 10.28591905686746 138
1757636002966 10.084095922920849 139
1757636003017 9.88628683140461 140
1757636003066 9.692411670679096 141
1757636003118 9.502391936232584 142
1757636003168 9.316150698151924 143
1757636003219 9.133612569262453 144
1757636003269 8.954703673922934 145
1757636003320 8.779351617461728 146
1757636003378 8.607485456240514 147
1757636003429 8.439035668332435 148
1757636003480 8.273934124801569 149
1757636003535 8.112114061571113 150
1757636003588 7.953510051867907 151
1757636003637 7.79805797923112 152
1757636003687 7.64569501107326 153
1757636003737 7.496359572781906 154
1757636003787 7.349991322350891 155
1757636003841 7.20653112552971 156
1757636003891 7.065921031480436 157
1757636003946 6.928104248931462 158
1757636003996 6.79302512281773 159
1757636004046 6.6606291113972524 160
1757636004096 6.5308627638340315 161
1757636004149 6.403673698237654 162
1757636004202 6.279010580150014 163
1757636004251 6.156823101469972 164
1757636004301 6.037061959806711 165
1757636004351 5.919678838253002 166
1757636004403 5.804626385569589 167
1757636004454 5.691858196772264 168
1757636004505 5.581328794113191 169
1757636004555 5.472993608448363 170
1757636004605 5.3668089609832395 171
1757636004655 5.262732045388707 172
1757636004706 5.160720910279715 173
1757636004759 5.06073444204912 174
1757636004808 4.962732348049402 175
1757636004860 4.86667514011511 176
1757636004913 4.772524118418973 177
1757636004964 4.680241355654857 178
1757636005015 4.589789681540788 179
1757636005064 4.501132667635541 180
1757636005115 4.414234612462274 181
1757636005170 4.329060526932969 182
1757636005221 4.245576120067432 183
1757636005272 4.163747785000887 184
1757636005322 4.083542585274237 185
1757636005372 4.004928241401129 186
1757636005425 3.927873117706262 187
1757636005479 3.8523462094292844 188
1757636005533 3.778317130088954 189
1757636005592 3.7057560991021496 190
1757636005646 3.6346339296525567 191
1757636005696 3.5649220168039792 192
1757636005746 3.4965923258531855 193
1757636005797 3.4296173809175055 194
1757636005848 3.363970253752312 195
1757636005938 3.2996245527937367 196
1757636005995 3.2365544124220333 197
1757636006048 3.174734482441079 198
1757636006099 3.114139917769642 199
1757636006150 3.054746368340052 200
1757636006200 2.9965299692001355 201
1757636006252 2.9394673308141916 202
1757636006303 2.8835355295590457 203
1757636006356 2.82871209841116 204
1757636006410 2.774975017820946 205
1757636006461 2.7223027067704937 206
1757636006513 2.6706740140109586 207
1757636006564 2.620068209475979 208
1757636006614 2.5704649758675724 209
1757636006664 2.5218444004109855 210
1757636006715 2.4741869667750938 211
1757636006777 2.4274735471549955 212
1757636006836 2.381685394513481 213
1757636006887 2.33680413497824 214
1757636006940 2.2928117603915696 215
1757636006998 2.2496906210095404 216
1757636007049 2.2074234183476085 217
1757636007099 2.165993198169668 218
1757636007150 2.125383343617696 219
1757636007201 2.085577568479141 220
1757636007253 2.04655991058919 221
1757636007304 2.008314725365343 222
1757636007356 1.9708266794714822 223
1757636007408 1.9340807446088952 224
1757636007458 1.8980621914316747 225
1757636007510 1.862756583583975 226
1757636007561 1.8281497718567057 227
1757636007619 1.794227888461186 228
1757636007672 1.7609773414174654 229
1757636007723 1.728384809054983 230
1757636007774 1.6964372346232721 231
1757636007827 1.6651218210105443 232
1757636007879 1.634426025567927 233
1757636007931 1.604337555037271 234
1757636007980 1.5748443605804205 235
1757636008034 1.5459346329079056 236
1757636008085 1.5175967975050608 237
1757636008138 1.4898195099536191 238
1757636008190 1.462591651346832 239
1757636008242 1.435902323796276 240
1757636008295 1.4097408460284597 241
1757636008348 1.3840967490694607 242
1757636008401 1.3589597720158026 243
1757636008454 1.3343198578898556 244
1757636008505 1.3101671495780394 245
1757636008558 1.286491985850201 246
1757636008609 1.263284897458484 247
1757636008660 1.240536603314161 248
1757636008712 1.2182380067407992 249
1757636008764 1.1963801918022805 250
1757636008816 1.1749544197041317 251
1757636008870 1.1539521252667144 252
1757636008925 1.1333649134688462 253
1757636008976 1.1131845560604081 254
1757636009031 1.09340298824258 255
1757636009083 1.0740123054143385 256
1757636009135 1.0550047599838932 257
1757636009188 1.0363727582437445 258
1757636009241 1.018108857308124 259
1757636009298 1.0002057621115208 260
1757636009351 0.9826563224671073 261
1757636009405 0.9654535301838408 262
1757636009457 0.9485905162410817 263
1757636009509 0.9320605480195638 264
1757636009563 0.9158570265876044 265
1757636009616 0.8999734840414255 266
1757636009673 0.8844035808985189 267
1757636009726 0.8691411035430033 268
1757636009778 0.8541799617218923 269
1757636009830 0.8395141860913148 270
1757636009883 0.8251379258116227 271
1757636009937 0.8110454461904641 272
1757636009990 0.7972311263728306 273
1757636010042 0.7836894570771485 274
1757636010095 0.7704150383764854 275
1757636010148 0.7574025775239829 276
1757636010200 0.7446468868216274 277
1757636010253 0.7321428815314858 278
1757636010306 0.7198855778285558 279
1757636010358 0.7078700907944199 280
1757636010411 0.6960916324508599 281
1757636010465 0.6845455098326405 282
1757636010517 0.673227123098704 283
1757636010569 0.6621319636809695 284
1757636010623 0.6512556124700244 285
1757636010676 0.640593738036927 286
1757636010730 0.6301420948904501 287
1757636010794 0.6198965217690116 288
1757636010853 0.6098529399666288 289
1757636010906 0.6000073516922048 290
1757636010960 0.590355838461492 291
1757636011014 0.5808945595210526 292
1757636011066 0.5716197503036236 293
1757636011127 0.5625277209142087 294
1757636011180 0.5536148546463243 295
1757636011233 0.5448776065277752 296
1757636011285 0.5363125018953772 297
1757636011338 0.5279161349980515 298
1757636011391 0.5196851676277232 299
1757636011444 0.5116163277774575 300
1757636011497 0.5037064083263172 301
1757636011552 0.4959522657503828 302
1757636011606 0.48835081885941817 303
1757636011662 0.480899047558689 304
1757636011717 0.4735939916354006 305
1757636011780 0.4664327495693028 306
1757636011842 0.4594124773669349 307
1757636011896 0.4525303874190856 308
1757636011949 0.44578374738096466 309
1757636012001 0.4391698790746639 310
1757636012053 0.43268615741344846 311
1757636012107 0.42633000934744103 312
1757636012159 0.4200989128302809 313
1757636012212 0.4139903958063336 314
1757636012264 0.4080020352180484 315
1757636012318 0.40213145603305556 316
1757636012372 0.3963763302906067 317
1757636012424 0.39073437616699 318
1757636012477 0.38520335705952063 319
1757636012530 0.37978108068874966 320
1757636012583 0.3744653982185236 321
1757636012636 0.36925420339354287 322
1757636012689 0.36414543169406627 323
1757636012748 0.35913705950742514 324
1757636012800 0.35422710331600193 325
1757636012857 0.3494136189013557 326
1757636012911 0.34469470056417617 327
1757636012967 0.3400684803597349 328
1757636013017 0.3355331273485379 329
1757636013070 0.33108684686187473 330
1757636013124 0.32672787978196693 331
1757636013178 0.3224545018364216 332
1757636013231 0.318265022906714 333
1757636013286 0.3141577863504047 334
1757636013343 0.3101311683368359 335
1757636013397 0.30618357719602773 336
1757636013450 0.302313452780512 337
1757636013504 0.29851926583984745 338
1757636013557 0.29479951740757143 339
1757636013610 0.2911527382003227 340
1757636013664 0.28757748802891225 341
1757636013723 0.28407235522109253 342
1757636013776 0.28063595605579933 343
1757636013830 0.2772669342086303 344
1757636013884 0.2739639602083407 345
1757636013937 0.27072573090414204 346
1757636013991 0.2675509689435791 347
1757636014043 0.26443842226078274 348
1757636014097 0.26138686357488417 349
1757636014150 0.258395089898401 350
1757636014204 0.2554619220553801 351
1757636014258 0.2525862042091206 352
1757636014312 0.24976680339927046 353
1757636014368 0.2470026090881214 354
1757636014423 0.24429253271591564 355
1757636014477 0.24163550726498392 356
1757636014530 0.23903048683254088 357
1757636014585 0.2364764462119617 358
1757636014647 0.23397238048238073 359
1757636014702 0.23151730460643402 360
1757636014756 0.22911025303599558 361
1757636014811 0.22675027932573905 362
1757636014866 0.2244364557543744 363
1757636014930 0.2221678729534082 364
1757636014984 0.21994363954326862 365
1757636015040 0.21776288177666747 366
1757636015096 0.21562474318902894 367
1757636015150 0.21352838425587156 368
1757636015203 0.2114729820569846 369
1757636015257 0.2094577299472753 370
1757636015311 0.2074818372341518 371
1757636015370 0.20554452886130797 372
1757636015425 0.20364504509878803 373
1757636015479 0.20178264123920192 374
1757636015533 0.1999565872999758 375
1757636015588 0.19816616773150744 376
1757636015642 0.19641068113111693 377
1757636015697 0.1946894399626777 378
1757636015757 0.19300177028180915 379
1757636015812 0.19134701146652586 380
1757636015866 0.18972451595323245 381
1757636015921 0.18813364897796025 382
1757636015976 0.1865737883227341 383
1757636016031 0.18504432406697927 384
1757636016084 0.1835446583438588 385
1757636016139 0.18207420510144826 386
1757636016194 0.1806323898686458 387
1757636016248 0.17921864952573424 388
1757636016303 0.1778324320794903 389
1757636016358 0.1764731964427602 390
1757636016515 0.17514041221840634 391
1757636016572 0.17383355948754473 392
1757636016630 0.17255212860197927 393
1757636016686 0.17129561998075954 394
1757636016744 0.17006354391077144 395
1757636016819 0.16885542035128667 396
1757636016875 0.16767077874238898 397
1757636016930 0.1665091578171997 398
1757636016985 0.16537010541783143 399
1757636017042 0.16425317831499098 400
1757636017098 0.16315794203116185 401
1757636017152 0.16208397066729474 402
1757636017206 0.16103084673293297 403
1757636017261 0.15999816097971406 404
1757636017317 0.15898551223816612 405
1757636017372 0.1579925072577471 406
1757636017427 0.1570187605500566 407
1757636017482 0.15606389423515357 408
1757636017537 0.15512753789092598 409
1757636017591 0.1542093284054473 410
1757636017646 0.15330890983225892 411
1757636017701 0.15242593324852727 412
1757636017759 0.15156005661600763 413
1757636017818 0.1507109446447721 414
1757636017875 0.14987826865963522 415
1757636017931 0.14906170646922995 416
1757636017986 0.1482609422376799 417
1757636018040 0.14747566635881526 418
1757636018095 0.14670557533288747 419
1757636018150 0.14595037164571978 420
1757636018204 0.1452097636502633 421
1757636018259 0.14448346545049567 422
1757636018315 0.14377119678762318 423
1757636018372 0.143072682928539 424
1757636018427 0.14238765455649383 425
1757636018482 0.1417158476639326 426
1757636018537 0.1410570034474577 427
1757636018592 0.1404108682048713 428
1757636018648 0.13977719323426221 429
1757636018703 0.13915573473509082 430
1757636018758 0.13854625371123452 431
1757636018820 0.13794851587595877 432
1757636018876 0.13736229155876606 433
1757636018931 0.13678735561409539 434
1757636018987 0.13622348733183087 435
1757636019043 0.1356704703495825 436
1757636019098 0.13512809256670613 437
1757636019154 0.13459614606002962 438
1757636019209 0.13407442700124386 439
1757636019265 0.1335627355759382 440
1757636019320 0.13306087590423377 441
1757636019377 0.13256865596299375 442
1757636019432 0.13208588750957262 443
1757636019488 0.13161238600707936 444
1757636019543 0.13114797055111713 445
1757636019599 0.13069246379797972 446
1757636019654 0.13024569189426694 447
1757636019710 0.12980748440789466 448
1757636019766 0.12937767426047558 449
1757636019832 0.128956097661034 450
1757636019888 0.12854259404103932 451
1757636019945 0.12813700599072228 452
1757636020001 0.12773917919665478 453
1757636020057 0.12734896238056762 454
1757636020112 0.12696620723937657 455
1757636020170 0.12659076838639957 456
1757636020225 0.12622250329373802 457
1757636020281 0.12586127223579602 458
1757636020338 0.125506938233924 459
1757636020395 0.12515936700215272 460
1757636020451 0.1248184268940079 461
1757636020507 0.1244839888503725 462
1757636020564 0.1241559263483865 463
1757636020619 0.12383411535135484 464
1757636020675 0.12351843425964944 465
1757636020731 0.12320876386258396 466
1757636020809 0.12290498729123882 467
1757636020883 0.12260698997222402 468
1757636020939 0.12231465958235378 469
1757636020995 0.12202788600422204 470
1757636021051 0.12174656128265415 471
1757636021107 0.12147057958202429 472
1757636021164 0.1211998371444144 473
1757636021220 0.12093423224860456 474
1757636021275 0.1206736651698732 475
1757636021333 0.1204180381405942 476
1757636021389 0.12016725531161214 477
1757636021445 0.11992122271438545 478
1757636021501 0.11967984822387584 479
1757636021557 0.11944304152217324 480
1757636021613 0.11921071406284071 481
1757636021671 0.11898277903596645 482
1757636021727 0.118759151333904 483
1757636021796 0.11853974751769458 484
1757636021863 0.11832448578415074 485
1757636021919 0.11811328593359299 486
1757636021975 0.11790606933822419 487
1757636022033 0.11770275891113083 488
1757636022090 0.11750327907589536 489
1757636022252 0.11730755573681258 490
1757636022316 0.11711551624969276 491
1757636022374 0.11692708939324507 492
1757636022432 0.1167422053410245 493
1757636022488 0.11656079563393505 494
1757636022553 0.1163827931532773 495
1757636022612 0.11620813209432772 496
1757636022670 0.11603674794044266 497
1757636022730 0.1158685774376722 498
1757636022789 0.11570355856987784 499
