1757634875375 170.9784136161722 0
1757634875423 167.5682734296349 1
1757634875469 161.21802599165258 2
1757634875518 152.45174385800414 3
1757634875582 141.8139958019553 4
1757634875625 129.84218871611304 5
1757634875673 117.04473121717875 6
1757634875725 103.88474116272808 7
1757634875772 90.76885501075837 8
1757634875818 78.04058045592699 9
1757634875865 65.97756130555118 10
1757634875909 54.79209014227052 11
1757634875955 44.63420418264582 12
1757634876009 35.59672669062723 13
1757634876061 27.72128898262152 14
1757634876110 21.00545904636014 15
1757634876163 15.411453855121339 16
1757634876211 10.873378767447011 17
1757634876258 7.3039957676598695 18
1757634876314 4.602490902683443 19
1757634876359 2.6592625902136966 20
1757634876403 1.362374295999279 21
1757634876456 0.6007345410154619 22
1757634876525 0.2680344434781289 23
1757634876581 0.26578991598931645 24
1757634876639 0.5047794014470807 25
1757634876721 0.9055239893645382 26
1757634876776 1.3999549118601062 27
1757634876824 1.9314423304584738 28
1757634876868 2.454982921989265 29
1757634876917 2.9359587048914224 30
1757634876961 3.349591505183766 31
1757634877013 3.67985693453875 32
1757634877064 3.9182860798363257 33
1757634877109 4.062753693652486 34
1757634877152 4.116101467049826 35
1757634877308 4.085079735252477 36
1757634877401 3.979250168121237 37
1757634877459 3.809614411668687 38
1757634877507 3.5884376269987333 39
1757634877568 3.328258635585066 40
1757634877624 3.041244204063845 41
1757634877669 2.738834901350032 42
1757634877720 2.431485388536035 43
1757634877765 2.1283149125593503 44
1757634877810 1.8367826503666234 45
1757634877854 1.562833836959557 46
1757634877899 1.3106165227950632 47
1757634878017 1.0830965554825793 48
1757634878075 0.8819268674321649 49
1757634878124 0.707792638272763 50
1757634878172 0.5606534723675881 51
1757634878228 0.4395522951610123 52
1757634878273 0.34262790114621633 53
1757634878317 0.26772933523400233 54
1757634878361 0.2124374462827922 55
1757634878407 0.17388091875736342 56
1757634878451 0.14941923504622023 57
1757634878495 0.1363417284041559 58
1757634878540 0.1322089601073831 59
1757634878588 0.13484791235446256 60
1757634878632 0.14243168773502468 61
1757634878676 0.15330463346089482 62
1757634878724 0.1661306790964617 63
1757634878770 0.179182494588552 64
1757634878814 0.1914918927864428 65
1757634878860 0.20251231125994848 66
1757634878906 0.21195430807642146 67
1757634878950 0.21932995223887486 68
1757634878994 0.22461943269056425 69
1757634879040 0.2278279119137671 70
1757634879095 0.22910265551773595 71
1757634879139 0.2284323843577798 72
1757634879183 0.22628554454248062 73
1757634879232 0.22274504821335425 74
1757634879277 0.2180289732114055 75
1757634879323 0.2122906069385863 76
1757634879367 0.20590371412121805 77
1757634879413 0.19862336217828683 78
1757634879458 0.1909960753936056 79
1757634879504 0.18372564479887057 80
1757634879551 0.17701438173802964 81
1757634879599 0.17081945508855875 82
1757634879650 0.1650645899869543 83
1757634879695 0.15994876787955556 84
1757634879742 0.15541821370896608 85
1757634879798 0.15142780409869436 86
1757634879853 0.14805679627222132 87
1757634879906 0.14552294710944796 88
1757634879971 0.1435982094685041 89
1757634880018 0.14169745924596946 90
1757634880068 0.1400921798863474 91
1757634880141 0.138875962155547 92
1757634880200 0.13825461971436678 93
1757634880246 0.1381163385334591 94
1757634880296 0.13823555926489572 95
1757634880344 0.13859662245741855 96
1757634880396 0.13844329495441565 97
1757634880485 0.13800497182305155 98
1757634880533 0.13777380852524096 99
1757634880580 0.1377621550816497 100
1757634880629 0.13778513400101097 101
1757634880675 0.1379221758529652 102
1757634880722 0.1381515261295558 103
1757634880770 0.13836574130094453 104
1757634880830 0.13871182853672384 105
1757634880879 0.13893306888106036 106
1757634880927 0.13851769196136124 107
1757634880974 0.13790931496272205 108
1757634881021 0.13751609176693688 109
1757634881069 0.13732589626766128 110
1757634881124 0.1371553692992736 111
1757634881183 0.13706360136264606 112
1757634881232 0.1370395068108618 113
1757634881282 0.13685918473137584 114
1757634881330 0.13664754277499036 115
1757634881392 0.13662713877479302 116
1757634881482 0.13676136807662528 117
1757634881556 0.13671322660061414 118
1757634881611 0.13634024466760258 119
1757634881671 0.13611636528473348 120
1757634881727 0.1357879652348614 121
1757634881806 0.13568777335248633 122
1757634881869 0.13579796779430886 123
1757634881918 0.1356861615000503 124
1757634881970 0.1356393160712406 125
1757634882025 0.1358410124929314 126
1757634882075 0.13626663473985812 127
1757634882125 0.13646627485337098 128
1757634882180 0.13620445603163245 129
1757634882242 0.13589555470508063 130
1757634882333 0.13571724865950702 131
1757634882380 0.13540666277023178 132
1757634882427 0.13535734509175437 133
1757634882475 0.13550398830194196 134
1757634882524 0.13587474228715385 135
1757634882582 0.13635260286905562 136
1757634882635 0.13660052506675613 137
1757634882685 0.136669772551043 138
1757634882734 0.13654969558498972 139
1757634882781 0.1362610627704145 140
1757634882834 0.13612255335302237 141
1757634882882 0.1362369652194062 142
1757634882930 0.13636751721494228 143
1757634882978 0.1364619435039993 144
1757634883027 0.1366831703715063 145
1757634883075 0.13673453397943017 146
1757634883123 0.13668137459892324 147
1757634883171 0.13661192213948253 148
1757634883224 0.1367327760725595 149
1757634883272 0.13692005383990438 150
1757634883320 0.1369504019113585 151
1757634883371 0.13684179168946017 152
1757634883418 0.13659083977194378 153
1757634883465 0.13660058461842672 154
1757634883513 0.13668978597209214 155
1757634883561 0.1368083874181969 156
1757634883611 0.1369622162658981 157
1757634883658 0.13692952612328535 158
1757634883712 0.13676064744681932 159
1757634883761 0.1364971316470097 160
1757634883808 0.13624974162157633 161
1757634883861 0.13611721250267922 162
1757634883909 0.13596572307519894 163
1757634883956 0.13574585593476904 164
1757634884005 0.13577998019538062 165
1757634884083 0.1360626392595402 166
1757634884151 0.13651268128069888 167
1757634884200 0.13692422738149443 168
1757634884258 0.13689641574986502 169
1757634884306 0.1365748543328645 170
1757634884360 0.1361750436445628 171
1757634884415 0.13582486116368217 172
1757634884470 0.13575336661814116 173
1757634884522 0.13581385583122138 174
1757634884570 0.13585352372285114 175
1757634884620 0.13596723972281244 176
1757634884670 0.13610375091163707 177
1757634884727 0.13641428140743456 178
1757634884787 0.13669542367179616 179
1757634884844 0.13670636131602332 180
1757634884900 0.13648090369368415 181
1757634884956 0.13626881439984054 182
1757634885010 0.13592220315252068 183
1757634885063 0.1358406950895073 184
1757634885120 0.13588289208364446 185
1757634885171 0.13604601989548662 186
1757634885221 0.1363340116893394 187
1757634885278 0.13656325109889003 188
1757634885333 0.13674936194921755 189
1757634885385 0.1368571180564168 190
1757634885435 0.13660359101933645 191
1757634885484 0.136275763164262 192
1757634885535 0.13590713718170946 193
1757634885601 0.13561392064427866 194
1757634885743 0.1353934522987603 195
1757634885952 0.13533804611162759 196
1757634886008 0.13543774876427425 197
1757634886064 0.13571208703378673 198
1757634886122 0.13614861860694047 199
1757634886180 0.1366667149237174 200
1757634886236 0.13685726345850788 201
1757634886292 0.13675642254103898 202
1757634886350 0.13654394401742326 203
1757634886404 0.13630736402397456 204
1757634886456 0.13601799073245172 205
1757634886521 0.13578817019270756 206
1757634886582 0.13576952253411936 207
1757634886635 0.13598535655666885 208
1757634886688 0.13622659385032182 209
1757634886739 0.13664810921318996 210
1757634886790 0.1367930473184659 211
1757634886840 0.13672344976948594 212
1757634886890 0.13662443955113632 213
1757634886944 0.13642000247868927 214
1757634886994 0.13621163158995103 215
1757634887042 0.13614476537861164 216
1757634887096 0.13625940286576202 217
1757634887147 0.13647903709474726 218
1757634887197 0.13673840444709573 219
1757634887246 0.13705954865899686 220
1757634887297 0.13691184479990332 221
1757634887351 0.13668125110568563 222
1757634887402 0.13648387437153503 223
1757634887457 0.13624788275513727 224
1757634887507 0.1362725394303527 225
1757634887558 0.13626082676064596 226
1757634887609 0.13618246077524027 227
1757634887659 0.1362854677833901 228
1757634887721 0.13660404131464612 229
1757634887771 0.1368784839133432 230
1757634887821 0.13684920363961062 231
1757634887871 0.13687628464430426 232
1757634887921 0.13678790404830157 233
1757634887982 0.13666323742135877 234
1757634888032 0.13628294281831468 235
1757634888082 0.13615152717534224 236
1757634888132 0.136068826505447 237
1757634888183 0.13610458418935564 238
1757634888233 0.1362315489604311 239
1757634888282 0.13624699068684729 240
1757634888334 0.13645352359172028 241
1757634888387 0.1365403981947303 242
1757634888437 0.13634933716346262 243
1757634888493 0.13619572410634456 244
1757634888543 0.13587893318724673 245
1757634888593 0.1358342147392591 246
1757634888643 0.13586892201018974 247
1757634888693 0.13575801249314895 248
1757634888745 0.13577791721257654 249
1757634888795 0.13598143749876523 250
1757634888845 0.1363526482848002 251
1757634888896 0.13671024124780515 252
1757634888948 0.13685338458509355 253
1757634889002 0.13687213650480007 254
1757634889052 0.13667506302487842 255
1757634889103 0.13614892472933326 256
1757634889154 0.13567671136805903 257
1757634889204 0.13535489601442915 258
1757634889255 0.13519542254088648 259
1757634889305 0.13517109129341975 260
1757634889357 0.13514400904679041 261
1757634889412 0.1353603314199621 262
1757634889464 0.13561436171385827 263
1757634889517 0.1357749025112971 264
1757634889568 0.13595394001776756 265
1757634889618 0.13608920390280732 266
1757634889670 0.1361486153737917 267
1757634889720 0.13644843836981285 268
1757634889770 0.13647109030715807 269
1757634889821 0.13615103433813486 270
1757634889872 0.13593746865744344 271
1757634889924 0.135782376983956 272
1757634889978 0.13588122903470837 273
1757634890057 0.13605422698740807 274
1757634890117 0.1362506064694854 275
1757634890170 0.13652543599786468 276
1757634890221 0.13670873066488862 277
1757634890274 0.1366962823946673 278
1757634890332 0.13647766758095026 279
1757634890398 0.13646255753596692 280
1757634890473 0.1363768241396928 281
1757634890536 0.1362243447853046 282
1757634890591 0.13616656798196586 283
1757634890649 0.1363012941294192 284
1757634890703 0.13629872880780297 285
1757634890758 0.13653935929864547 286
1757634890810 0.13694548393566336 287
1757634890862 0.1368285885357681 288
1757634890914 0.1363166903960036 289
1757634890965 0.1358972682704294 290
1757634891022 0.13576732885278814 291
1757634891076 0.1358853836924989 292
1757634891129 0.13591723496489946 293
1757634891184 0.13601846619470515 294
1757634891235 0.13623530553833202 295
1757634891285 0.13617506606476223 296
1757634891338 0.13614767969372876 297
1757634891389 0.13636779449999417 298
1757634891444 0.13669112405547038 299
1757634891501 0.13683739343603216 300
1757634891567 0.1366985420947475 301
1757634891619 0.1365521405062717 302
1757634891671 0.13637789074382428 303
1757634891722 0.13627635488351425 304
1757634891772 0.13616296441192843 305
1757634891823 0.13599946174135016 306
1757634891872 0.13604090416256434 307
1757634891925 0.13625848910191465 308
1757634891977 0.1362863963528631 309
1757634892035 0.13603534939414233 310
1757634892090 0.13575995187424775 311
1757634892142 0.13564635825346702 312
1757634892208 0.13567340107901404 313
1757634892261 0.135880307601691 314
1757634892313 0.13610101417034476 315
1757634892365 0.136208370134768 316
1757634892420 0.13615284601499 317
1757634892490 0.13618466764860127 318
1757634892606 0.136266011980812 319
1757634892678 0.13613058794500915 320
1757634892757 0.13579105756395335 321
1757634892847 0.13566500542247215 322
1757634892914 0.1357393013158116 323
1757634892986 0.13600588729505186 324
1757634893152 0.13631205377904695 325
1757634893275 0.13644903214873477 326
1757634893412 0.13649357483955338 327
1757634893532 0.13656883780671825 328
1757634893657 0.13667710153619192 329
1757634893762 0.1365949495175779 330
1757634893954 0.1364404796712503 331
1757634894085 0.1364210954023222 332
1757634894194 0.13623728876953328 333
1757634894332 0.13608605248332328 334
1757634894553 0.13588149588115633 335
1757634894694 0.13589213788507581 336
1757634894820 0.1361495344721609 337
1757634894989 0.1364554819489517 338
1757634895143 0.1367529128148305 339
1757634895274 0.13700646698581911 340
1757634895421 0.1368233094759616 341
1757634895571 0.13647344902240138 342
1757634895682 0.13639473350051776 343
1757634895795 0.1362985103554069 344
1757634895883 0.13639497551659013 345
1757634895974 0.1365473814970724 346
1757634896071 0.13658472433863578 347
1757634896168 0.1366305693784473 348
1757634896323 0.13650112438036474 349
1757634896449 0.13637671360137493 350
1757634896644 0.1362125015341552 351
1757634896722 0.1359155746271783 352
1757634896785 0.13570674231487384 353
1757634896840 0.13570291736041012 354
1757634896899 0.1359025892177195 355
1757634896961 0.1362790055830783 356
1757634897025 0.13659821292359828 357
1757634897082 0.13657419153266817 358
1757634897138 0.13629837928803162 359
1757634897193 0.1362028321170798 360
1757634897249 0.13610844486445017 361
1757634897304 0.13625085310315255 362
1757634897359 0.13650124941177716 363
1757634897412 0.1365470081850342 364
1757634897466 0.13650985116560052 365
1757634897520 0.13649847128611026 366
1757634897576 0.1365152639896469 367
1757634897631 0.13635061796636427 368
1757634897693 0.13627557705156898 369
1757634897751 0.136322165603715 370
1757634897808 0.13620950604406148 371
1757634897869 0.13629744459993937 372
1757634897936 0.13630920106821437 373
1757634898005 0.13645106611467575 374
1757634898071 0.1365518226812074 375
1757634898144 0.13651289579393974 376
1757634898204 0.136512243233984 377
1757634898259 0.13637632905230224 378
1757634898312 0.13632116302425915 379
1757634898366 0.13637801360989074 380
1757634898419 0.13644608767522762 381
1757634898473 0.13644039348008188 382
1757634898536 0.13632475549952897 383
1757634898607 0.1364110116972742 384
1757634898675 0.13629812956774512 385
1757634898741 0.13589457577727643 386
1757634898806 0.13547094083376507 387
1757634898869 0.13523160727834796 388
1757634898929 0.13525027043328441 389
1757634898996 0.1354456615361567 390
1757634899069 0.13577298757245676 391
1757634899126 0.13626443747577444 392
1757634899179 0.13670010184898215 393
1757634899249 0.13690870248450263 394
1757634899319 0.1367403861321138 395
1757634899383 0.1363826752613364 396
1757634899447 0.1359538499710294 397
1757634899514 0.1358240935509777 398
1757634899582 0.13575866040340936 399
1757634899650 0.13570844769872298 400
1757634899727 0.1358158465439695 401
1757634899858 0.13615695337617864 402
1757634899949 0.13640990712311077 403
1757634900009 0.13647036534688123 404
1757634900067 0.13650031384683203 405
1757634900134 0.13650646517575662 406
1757634900205 0.13642321778099495 407
1757634900266 0.1362422742979593 408
1757634900337 0.13599075196006402 409
1757634900392 0.13583125962200257 410
1757634900474 0.13582336963957972 411
1757634900534 0.13606227625896153 412
1757634900598 0.1362620967226261 413
1757634900662 0.1364712436868621 414
1757634900722 0.13669889234073626 415
1757634900794 0.13652713530339994 416
1757634900866 0.1364210802499303 417
1757634900925 0.13628801770864202 418
1757634900979 0.136149549014077 419
1757634901033 0.13621749513955733 420
1757634901087 0.1364571686955043 421
1757634901143 0.13679477635126452 422
1757634901197 0.13679525035077555 423
1757634901250 0.13646090775770633 424
1757634901304 0.1359985198689447 425
1757634901361 0.13571692499041207 426
1757634901543 0.1356457860091947 427
1757634901630 0.1356082483774371 428
1757634901691 0.13575034681795994 429
1757634901748 0.13606630244285375 430
1757634901808 0.13640770058788507 431
1757634901862 0.13677757368020133 432
1757634901918 0.13682972522916834 433
1757634901972 0.13673441778422196 434
1757634902026 0.1363736493231649 435
1757634902080 0.13598522485503128 436
1757634902134 0.1356284873368742 437
1757634902192 0.13540097358562517 438
1757634902251 0.1353994931914477 439
1757634902306 0.1355304480631252 440
1757634902363 0.1358290062129873 441
1757634902418 0.13585420600281034 442
1757634902472 0.135582740860403 443
1757634902527 0.13537375614735736 444
1757634902581 0.1353141274091806 445
1757634902636 0.13549539155184362 446
1757634902694 0.13579907668096597 447
1757634902748 0.13621989880894142 448
1757634902806 0.13651906570647196 449
1757634902861 0.13655973691695944 450
1757634902918 0.13645901603165247 451
1757634902973 0.13634416812237177 452
1757634903030 0.13619999984857276 453
1757634903084 0.13599972464988086 454
1757634903139 0.136068019003296 455
1757634903196 0.13631090786927424 456
1757634903254 0.1366017655611394 457
1757634903316 0.13664100159686945 458
1757634903375 0.13663161856275757 459
1757634903433 0.1366741693242361 460
1757634903487 0.1365697572893889 461
1757634903541 0.13626340008576784 462
1757634903595 0.13607197684109776 463
1757634903650 0.13613061534433615 464
1757634903709 0.13612100199468397 465
1757634903781 0.13608345386639956 466
1757634903843 0.13611949741240192 467
1757634903897 0.1362146395536374 468
1757634903955 0.13616859593754047 469
1757634904008 0.1363214204042647 470
1757634904125 0.13650090119450023 471
1757634904186 0.13667931908110362 472
1757634904250 0.1366209517386744 473
1757634904307 0.13659977611277727 474
1757634904362 0.13643283620025112 475
1757634904416 0.1362837535358685 476
1757634904474 0.1361714487003212 477
1757634904528 0.1363106100268037 478
1757634904583 0.13625496628238137 479
1757634904704 0.136441699941531 480
1757634904771 0.13643917996302413 481
1757634904833 0.1365749955444327 482
1757634904913 0.13688780418387533 483
1757634904986 0.13675210754497713 484
1757634905054 0.1365251125363801 485
1757634905115 0.13637784338393066 486
1757634905172 0.13632705527797562 487
1757634905230 0.13652063438016748 488
1757634905286 0.1366677752236622 489
1757634905341 0.13667503988404817 490
1757634905404 0.13669628585125154 491
1757634905479 0.13658149165915948 492
1757634905546 0.1364300123181315 493
1757634905607 0.13621964988932295 494
1757634905671 0.13616957295043647 495
1757634905738 0.13618747180249002 496
1757634905799 0.13623619526116423 497
1757634905859 0.1363628348635992 498
1757634905926 0.1364064227305668 499
