1757650997244 0.002202423651793427 0
1757650997376 0.005492167924026802 1
1757650997501 0.004313689161198933 2
1757650997616 0.01403756670432306 3
1757650997730 0.1494242681156808 4
1757650997842 0.0012173379548170795 5
1757650997954 0.016006581896665983 6
1757650998060 0.018214012272837865 7
1757650998169 0.48302417741468007 8
1757650998278 0.0007433336470675808 9
1757650998389 0.016385140694866563 10
1757650998500 0.17820150003402013 11
1757650998608 0.08264970532321436 12
1757650998716 0.08913468425545555 13
1757650998823 0.06691057617025112 14
1757650998931 0.021785024137963942 15
1757650999042 0.03240634985702316 16
1757650999151 0.08037856007198754 17
1757650999259 0.014712561222371301 18
1757650999364 0.05449463088203513 19
1757650999474 0.14952747009557735 20
1757650999594 0.017124424668011545 21
1757650999706 0.10847538242966025 22
1757650999817 0.02064512857897298 23
1757650999929 0.09140930868823877 24
1757651000051 0.007668398268249549 25
1757651000161 0.09484360809364435 26
1757651000269 0.20783856177722834 27
1757651000377 0.022140166541407158 28
1757651000486 0.09439313169810779 29
1757651000591 0.32197768447243164 30
1757651000695 0.27350986221697215 31
1757651000804 0.19129323316301997 32
1757651000908 0.013493580901545791 33
1757651001013 0.015673169803861967 34
1757651001125 0.4095674971164173 35
1757651001233 0.0018104248938104956 36
1757651001338 0.027458822930413712 37
1757651001443 0.17719553306158434 38
1757651001547 0.059618390578833017 39
1757651001652 0.03672954801898418 40
1757651001756 0.008880606199698257 41
1757651001861 0.14860118618665982 42
1757651001965 0.5090288964554514 43
1757651002069 0.015670252685433254 44
1757651002174 0.4067759046543798 45
1757651002279 0.037689088965744556 46
1757651002385 0.05280894370673317 47
1757651002490 0.02519791561631829 48
1757651002595 2.7296277414899586e-05 49
1757651002700 0.14041388905010355 50
1757651002812 0.9063474774816953 51
1757651002918 0.028030220850714938 52
1757651003024 0.1430628853474533 53
1757651003131 0.09428742694071257 54
1757651003237 0.18681120905381926 55
1757651003343 0.4665731845658577 56
1757651003449 0.09035305774880249 57
1757651003560 0.025726900282196662 58
1757651003672 0.05632996248083444 59
1757651003781 0.012904062925157916 60
1757651003886 0.07952698125351354 61
1757651003991 0.0027955474186093193 62
1757651004096 0.0001235110415478016 63
1757651004201 0.038041681097734995 64
1757651004306 0.051411240596585535 65
1757651004414 0.04858227974010699 66
1757651004519 0.006453466806163716 67
1757651004625 0.05100155629963992 68
1757651004730 0.0006483290023827668 69
1757651004835 0.009882138492282271 70
1757651004941 0.011378741249559 71
1757651005062 0.18255080604591795 72
1757651005175 0.12021160888503604 73
1757651005288 0.007995140543937447 74
1757651005395 0.08939045590222432 75
1757651005500 0.04739417315617357 76
1757651005608 0.0006736351138408872 77
1757651005743 0.0037807403488343233 78
1757651005854 0.26477066297750246 79
1757651005970 0.08238153569674872 80
1757651006102 1.246825455562062 81
1757651006214 0.058317254728883494 82
1757651006330 0.30221703582928466 83
1757651006438 0.24776969858354728 84
1757651006544 0.08755221340830667 85
1757651006652 0.013986492811151238 86
1757651006760 0.001360773925507689 87
1757651006866 0.0342613918285125 88
1757651006973 0.2685978247923078 89
1757651007079 2.8935195548076064e-06 90
1757651007192 0.05585081948680064 91
1757651007302 0.03369608719925336 92
1757651007508 0.0082251892364004 93
1757651007628 0.5821195822384673 94
1757651007749 8.398812047268547e-05 95
1757651007861 0.03138079107888616 96
1757651007971 0.0253797822959054 97
1757651008081 0.006339490146563389 98
1757651008195 0.00015636210635527474 99
1757651008309 0.0178955057062057 100
1757651008431 0.0731049282182211 101
1757651008545 0.014072180642712291 102
1757651008653 0.04270873003203846 103
1757651008820 0.07000622922239544 104
1757651008939 0.6209815557871615 105
1757651009051 0.1971061166291607 106
1757651009159 0.025680979248037986 107
1757651009272 0.009319834665716571 108
1757651009380 0.020009177988344753 109
1757651009490 0.0010717839190754518 110
1757651009613 0.023527500938649637 111
1757651009864 0.2303150486195539 112
1757651010028 0.10081032626437127 113
1757651010171 0.008338772178725577 114
1757651010326 0.025699976465463733 115
1757651010468 0.004804324829310106 116
1757651010596 0.06794927729086786 117
1757651010718 0.01110452005891862 118
1757651010850 0.37044413722536873 119
1757651010976 0.1671613722733196 120
1757651011089 0.16185274533597413 121
1757651011200 0.3137175754988737 122
1757651011321 0.08635877249336575 123
1757651011445 0.1269750009738624 124
1757651011577 0.09343564882281812 125
1757651011702 0.0020215009133754316 126
1757651011825 0.0454546559067037 127
1757651011949 0.11940412389636387 128
1757651012070 0.003572334078075762 129
1757651012193 0.0015998580768061738 130
1757651012312 6.582894370214505e-05 131
1757651012446 0.0004979025078842233 132
1757651012597 0.07948935834527557 133
1757651012735 0.27934612329335096 134
1757651012894 0.3445654236782594 135
1757651013020 0.035137860851325656 136
1757651013139 0.10508320234912143 137
1757651013256 0.024026327888965096 138
1757651013393 0.2918076766034019 139
1757651013510 0.0015922407477497902 140
1757651013666 1.0371651352479463 141
1757651013882 0.289646630180849 142
1757651014021 8.841163998225674e-05 143
1757651014172 0.01905893249562066 144
1757651014328 0.40241932342859954 145
1757651014453 0.00639386351800935 146
1757651014579 0.010034785208986393 147
1757651014744 0.14439735616647564 148
1757651014896 0.09534108238816796 149
1757651015128 0.01159072114208874 150
1757651015328 0.13715557219990035 151
1757651015533 0.014876490741557578 152
1757651015758 0.2283851822597184 153
1757651016056 0.09291564776969623 154
1757651016231 0.0011183798583043697 155
1757651016431 0.09852663747138106 156
1757651016624 0.0011576200096612163 157
1757651016829 0.0036099165038635467 158
1757651016989 0.04912231886343257 159
1757651017129 0.09532443870272689 160
1757651017364 0.0512106585745589 161
1757651017510 0.011032533142688273 162
1757651017637 0.08009724809098456 163
1757651017759 0.31372352355487254 164
1757651017876 0.05708936991049232 165
1757651018003 0.052108607027715956 166
1757651018180 0.0007670382075171422 167
1757651018353 0.006142354253141188 168
1757651018497 0.01236779905263071 169
1757651018635 0.014490395090497397 170
1757651018762 0.2546590977584266 171
1757651018883 0.1500151196392165 172
1757651019002 0.058649534311724205 173
1757651019125 0.008215615829906108 174
1757651019238 0.01614479434443628 175
1757651019352 0.0037554404698011555 176
1757651019468 0.05829487052580428 177
1757651019585 0.08654200062455827 178
1757651019698 0.0026128593969705948 179
1757651019834 0.02952221149918634 180
1757651019986 0.0852469378677144 181
1757651020192 0.002950422356634473 182
1757651020364 0.061704162115903315 183
1757651020541 0.009743918332158541 184
1757651020716 0.000622501624718005 185
1757651020891 0.025219147680915033 186
1757651021068 0.16879446271405055 187
1757651021244 0.032593412319222505 188
1757651021411 7.285961170026038e-05 189
1757651021557 0.005692137823166415 190
1757651021711 0.07403709873933939 191
1757651021878 0.9534581864565165 192
1757651022053 0.07652038996838921 193
1757651022228 0.4555221547315979 194
1757651022398 0.0002088691174859922 195
1757651022548 0.05459431222663045 196
1757651022698 0.015604549459784052 197
1757651022844 0.07048663349318704 198
1757651022985 0.08383372627089695 199
1757651023113 0.18794082676674176 200
1757651023237 0.0019053243396501389 201
1757651023365 0.017425109120036898 202
1757651023489 0.07984568848121175 203
1757651023615 0.11319959422951964 204
1757651023733 0.010055265061342808 205
1757651023848 0.026155666412188805 206
1757651023964 0.08190296296087483 207
1757651024105 0.28288997977373787 208
1757651024265 0.056224508637603816 209
1757651024431 0.35868298264150883 210
1757651024596 0.021190275921174975 211
1757651024776 0.019061207851700457 212
1757651024915 0.011338061689303468 213
1757651025118 0.14795456992948483 214
1757651025310 0.04000945932691037 215
1757651025490 0.0009040215770412648 216
1757651025699 0.29564519978425374 217
1757651025879 0.0029114904870240817 218
1757651026047 0.010421161079634202 219
1757651026231 0.0521823453937436 220
1757651026366 0.009472353714547068 221
1757651026494 0.04332676148688448 222
1757651026643 0.011071378898732455 223
1757651026776 0.039719791741587344 224
1757651026908 0.6591732055655517 225
1757651027099 0.14604198984422775 226
1757651027239 0.5013196679022907 227
1757651027383 1.2606561636334192e-05 228
1757651027695 0.0013533234235742254 229
1757651027862 0.0261524968831253 230
1757651028026 0.00036224081399281125 231
1757651028154 0.004353300143226995 232
1757651028277 0.030322167870260944 233
1757651028395 0.013833214970997564 234
1757651028510 0.06258465841141402 235
1757651028623 0.023785747223321746 236
1757651028736 0.3792440616499526 237
1757651028850 0.032140846228871006 238
1757651028961 0.024998611201665095 239
1757651029076 0.012337085666304723 240
1757651029212 0.001634259012440506 241
1757651029344 0.004093625541397468 242
1757651029468 0.11629699963972179 243
1757651029586 0.01076904909552517 244
1757651029704 0.27880295352845713 245
1757651029823 0.19484989001366565 246
1757651029963 0.4370618214846014 247
1757651030120 0.02582742615223365 248
1757651030241 0.004071338381508668 249
1757651030359 0.017610995495349974 250
1757651030484 0.12036999274858116 251
1757651030631 0.029459706674992148 252
1757651030804 0.6517402418812962 253
1757651030960 0.027317280677614363 254
1757651031137 0.004265673045107855 255
1757651031292 1.926703599977964e-05 256
1757651031461 0.12446822233982477 257
1757651031636 0.5913999256956405 258
1757651031787 0.3633347176430254 259
1757651031997 0.6936326982033822 260
1757651032164 0.30395724985207023 261
1757651032382 0.005600777724619191 262
1757651032582 0.27272654352688946 263
1757651032781 0.33995654276149734 264
1757651032964 0.003206500451550405 265
1757651033107 0.0001237958817997699 266
1757651033321 1.2562707990798518 267
1757651033470 0.03345843303510378 268
1757651033605 0.23746936243477332 269
1757651033749 0.007482275876156943 270
1757651033935 0.4028922858710525 271
1757651034129 0.33089935602707204 272
1757651034296 0.63301794395596 273
1757651034432 0.06281755975608964 274
1757651034560 0.06554027815134499 275
1757651034682 0.02907021771645796 276
1757651034801 0.09947868673869947 277
1757651034917 0.05999646968038601 278
1757651035042 0.2549217945510233 279
1757651035159 0.024002920227836053 280
1757651035274 0.0018292910288435764 281
1757651035394 0.1260323344757187 282
1757651035511 0.03378578358178079 283
1757651035628 0.002982129209164583 284
1757651035751 0.10629669492955067 285
1757651035865 0.06405336532312711 286
1757651035978 0.10178129846203021 287
1757651036090 0.00023856271898948256 288
1757651036201 0.0187973092740811 289
1757651036311 0.3204363676102182 290
1757651036422 0.0002899798028124948 291
1757651036532 0.00030417776139233334 292
1757651036644 0.0646426661231406 293
1757651036755 0.07644875620838823 294
1757651036864 0.49817069493709976 295
1757651036972 0.002194863490355691 296
1757651037080 0.001503123331929733 297
1757651037188 0.002341556553261516 298
1757651037295 0.06494569100108866 299
1757651037403 0.00029362020669625226 300
1757651037515 0.11592080626111072 301
1757651037623 0.0017428591042162726 302
1757651037733 0.06571595092875546 303
1757651037844 0.00017963804271891782 304
1757651037960 0.08562811164705587 305
1757651038069 0.45317069428261775 306
1757651038178 0.06281257554302722 307
1757651038287 0.004219745636498202 308
1757651038396 0.003981648109826247 309
1757651038504 0.08516549333418319 310
1757651038613 0.21698914323148225 311
1757651038721 0.0005628512598314173 312
1757651038834 0.09961593465329299 313
1757651038941 0.0041008640186944315 314
1757651039051 3.2054223144836e-06 315
1757651039160 0.020588894958874584 316
1757651039273 0.15772646571016033 317
1757651039382 0.0014671783474017627 318
1757651039491 0.07924956639204514 319
1757651039599 0.02290930957693492 320
1757651039707 0.0520916050848439 321
1757651039816 0.06422356800276004 322
1757651039926 0.0008233698506258625 323
1757651040048 0.02011667105373264 324
1757651040161 0.04336157851650227 325
1757651040273 0.027624708979175298 326
1757651040386 0.5031557528118581 327
1757651040497 0.03531978905877264 328
1757651040609 0.7531670722563749 329
1757651040719 0.0014104629904006395 330
1757651040828 0.5374284985585308 331
1757651040936 0.010192910719128917 332
1757651041047 0.2309672845863658 333
1757651041159 0.21042775319977297 334
1757651041271 0.018315290676541772 335
1757651041381 0.012365896575583101 336
1757651041490 0.06638644785181329 337
1757651041602 0.09296773422721052 338
1757651041738 0.036819139482730634 339
1757651041879 0.15225714483524883 340
1757651042008 0.22588337139283562 341
1757651042132 0.008570262185892527 342
1757651042282 0.4087871957058372 343
1757651042450 0.05940947431958478 344
1757651042595 0.07388416267583976 345
1757651042755 0.021700225097472204 346
1757651042890 0.2979213581161318 347
1757651043017 4.413609584560994e-05 348
1757651043139 0.00044591093118928745 349
1757651043257 3.7385328900705456e-07 350
1757651043374 0.0002265397027822657 351
1757651043491 0.0013068696451661375 352
1757651043604 0.0010710309022759692 353
1757651043720 0.021167047750137006 354
1757651043833 0.060694726489117806 355
1757651043945 0.03624334735030097 356
1757651044061 0.00457217537222959 357
1757651044173 0.05301963953891622 358
1757651044286 0.43436880016196894 359
1757651044397 0.03216577761369461 360
1757651044511 0.045268460649844314 361
1757651044622 0.07365241711174587 362
1757651044731 0.37938628880874586 363
1757651044841 0.09491721519012174 364
1757651044950 0.0014154353382232246 365
1757651045074 0.0008433842174037846 366
1757651045188 0.0019217071111060386 367
1757651045299 0.006998636716965861 368
1757651045411 0.00015318321334609235 369
1757651045523 0.017911717713402945 370
1757651045637 0.009749771073835642 371
1757651045756 0.2232770996273902 372
1757651045873 0.08104994483109894 373
1757651045988 0.0007871433896086448 374
1757651046110 0.0010818400240122856 375
1757651046223 0.25965662831598335 376
1757651046335 0.2748661829272146 377
1757651046448 0.22465191100303955 378
1757651046561 0.006628221363504183 379
1757651046673 0.3992639798393663 380
1757651046786 0.007493405293518248 381
1757651046898 0.03314701576361053 382
1757651047009 0.048837579238202235 383
1757651047176 0.22127101929077145 384
1757651047292 0.004199339756708502 385
1757651047406 0.0003443829596063761 386
1757651047522 0.0030506538704151214 387
1757651047636 0.9137791391578804 388
1757651047750 0.23265572061300627 389
1757651047862 0.02383210979372788 390
1757651047974 0.07444111773488035 391
1757651048091 0.054615202507611066 392
1757651048204 0.033501555922320146 393
1757651048316 0.18789413030870145 394
1757651048429 0.2891050489015655 395
1757651048541 1.0164500796499945 396
1757651048653 0.02132641296537927 397
1757651048765 0.000644016603019388 398
1757651048879 0.07936744406612697 399
1757651048992 0.042980336258891194 400
1757651049104 0.2894781474048709 401
1757651049217 0.004716602025760344 402
1757651049327 0.0006519473159477117 403
1757651049438 0.09780793770023713 404
1757651049549 1.039113447103765 405
1757651049660 0.13280667823978767 406
1757651049771 0.00034395753908925895 407
1757651049883 0.09958751930715729 408
1757651049998 0.0002256740982012186 409
1757651050122 0.006431731281172607 410
1757651050237 1.3253966749654802 411
1757651050371 0.18258335754174307 412
1757651050544 4.7823573871404084e-05 413
1757651050685 0.07480311211339304 414
1757651051011 0.009579436106817007 415
1757651051276 1.4167581501385478 416
1757651051418 0.29278482782921034 417
1757651051550 0.03159034712519056 418
1757651051675 0.02464877028801672 419
1757651051796 0.08006762228668599 420
1757651051916 0.1638074295939816 421
1757651052034 0.004358267435187227 422
1757651052156 0.139333567851806 423
1757651052271 0.006055854615571294 424
1757651052385 0.11403681562699733 425
1757651052498 0.19425779578490307 426
1757651052612 0.00861958729025272 427
1757651052725 0.06539613543131285 428
1757651052839 0.21868781481168637 429
1757651052951 0.24553232898518457 430
1757651053061 0.012948494864701971 431
1757651053172 0.044885159058515575 432
1757651053284 0.02668297956776135 433
1757651053396 0.1318851687773975 434
1757651053508 0.025618987321786885 435
1757651053620 0.017572070211040545 436
1757651053731 0.04626858539536343 437
1757651053847 0.8065578138969207 438
1757651053962 0.029620863152456278 439
1757651054077 0.3993563151164974 440
1757651054193 0.25656758536928753 441
1757651054307 0.5779406450150584 442
1757651054424 0.4042708413687409 443
1757651054574 0.040161153116586745 444
1757651054730 0.12633555287601148 445
1757651054894 0.013236691453273608 446
1757651055100 0.2366598327666448 447
1757651055284 0.017134141544524518 448
1757651055439 0.05647159077435322 449
1757651055607 0.004266982971459293 450
1757651055788 0.0243072749679677 451
1757651055926 0.007177667650136858 452
1757651056065 0.014592252580296042 453
1757651056243 0.024162159461481706 454
1757651056411 0.1548126684975193 455
1757651056549 0.02723252749150039 456
1757651056681 0.017210367183860237 457
1757651056805 0.04679951580002564 458
1757651056925 5.06227982498374 459
1757651057044 0.011823351782942191 460
1757651057162 0.6018225921884766 461
1757651057276 0.03068147584834179 462
1757651057400 0.011423590638240708 463
1757651057534 0.33822422444339495 464
1757651057657 0.0018382575845842814 465
1757651057777 0.13795277645326204 466
1757651057896 0.0006980443327921372 467
1757651058023 0.23092376542081214 468
1757651058142 0.0017215006525971503 469
1757651058264 0.0027193355408806465 470
1757651058380 0.1777489846302801 471
1757651058495 0.07993135365016868 472
1757651058610 0.038428216507028136 473
1757651058726 0.03475422914348756 474
1757651058841 0.03728857667414726 475
1757651058954 0.04614561615839941 476
1757651059066 0.000624780959167929 477
1757651059181 0.00021504092794358918 478
1757651059294 0.04804121441867043 479
1757651059414 0.7742786778831782 480
1757651059530 0.0023087920180566903 481
1757651059643 0.0006837086171803332 482
1757651059755 0.024427148143263768 483
1757651059867 0.15468370125989184 484
1757651059982 0.005234492414964461 485
1757651060110 0.48382348117548074 486
1757651060226 0.012346732036134343 487
1757651060365 0.2510666500793723 488
1757651060513 0.3697221423353062 489
1757651060636 0.00012541743814172164 490
1757651060759 0.043896684112781206 491
1757651060912 0.019727249779420596 492
1757651061052 0.10927625875590462 493
1757651061180 0.003982110260629382 494
1757651061333 0.01141602398123322 495
1757651061509 0.004588155329964785 496
1757651061693 0.39722739965507164 497
1757651061860 0.01637477884000353 498
1757651062005 0.012529396227403648 499
