1757627595347 0.13599742455566483 0
1757627595430 0.11930752352727665 1
1757627595519 0.11915887456624621 2
1757627595603 5.9223181707005533e-05 3
1757627595688 0.046508256276198895 4
1757627595775 0.008723939793352084 5
1757627595858 1.5758895555389154 6
1757627595941 0.20383484377393907 7
1757627596027 0.0631652706782047 8
1757627596109 0.0561042794493363 9
1757627596192 0.01008344124791733 10
1757627596276 0.019007575980858924 11
1757627596370 0.013310284722440642 12
1757627596455 0.12435474690438458 13
1757627596541 0.21547033844443053 14
1757627596635 0.012326007956554728 15
1757627596731 0.05873946716155881 16
1757627596835 0.18573530132519678 17
1757627596921 0.09972272989216885 18
1757627597004 0.1430977093400694 19
1757627597089 0.043403245598771956 20
1757627597172 0.5528683715786652 21
1757627597264 0.3596645560960092 22
1757627597350 0.00983416436888207 23
1757627597439 0.11937367200290835 24
1757627597523 0.09620007084175142 25
1757627597608 0.0004998140571740382 26
1757627597696 0.49079300952531535 27
1757627597804 0.012384155209189207 28
1757627597892 0.010849988038687914 29
1757627597978 0.0348960377012783 30
1757627598064 0.09769027380715259 31
1757627598150 0.030846020000649142 32
1757627598235 0.16431130867325472 33
1757627598320 0.3424474884221506 34
1757627598414 0.08083732849917424 35
1757627598498 0.0775686423519012 36
1757627598582 0.04202642319563695 37
1757627598671 0.08488022814183174 38
1757627598756 0.27815303216709486 39
1757627598843 0.5200466007199303 40
1757627598929 0.09281204777027165 41
1757627599014 0.033983855572225885 42
1757627599100 0.002547765565859994 43
1757627599186 0.28849959301328165 44
1757627599273 0.18199999597161795 45
1757627599361 0.010889990567622005 46
1757627599448 0.025529903813263963 47
1757627599533 0.1840196396710515 48
1757627599624 0.019540143478713457 49
1757627599712 0.08212181887789866 50
1757627599796 0.01725047170583848 51
1757627599904 0.0003688473465671206 52
1757627599990 0.04772909273588336 53
1757627600080 0.11944106498266559 54
1757627600165 5.664896551156966e-05 55
1757627600251 3.492223103596308e-05 56
1757627600339 0.04298518192897032 57
1757627600430 0.1360682251664507 58
1757627600513 0.07832480096121382 59
1757627600600 0.0631078992037596 60
1757627600685 0.12742883185484344 61
1757627600769 0.0006328833161190524 62
1757627600855 0.10691924611690247 63
1757627600944 0.26738221013343877 64
1757627601028 0.09699136483100253 65
1757627601116 0.00020314160429422593 66
1757627601202 3.6517229123028855e-05 67
1757627601288 0.14842965749318185 68
1757627601372 1.744714044775597e-07 69
1757627601461 0.0016684386986245193 70
1757627601545 0.21971951749698038 71
1757627601631 0.710122611372079 72
1757627601722 0.015677710605714542 73
1757627601807 0.4914475510203889 74
1757627601896 0.05298968410602332 75
1757627601988 0.11095935793759545 76
1757627602077 0.1246748953764841 77
1757627602161 0.048613317466698606 78
1757627602250 0.01548163053700147 79
1757627602337 0.09809012197187729 80
1757627602432 0.7327270208181128 81
1757627602521 0.04724773382372128 82
1757627602611 0.5166742285616227 83
1757627602698 0.13479949583845416 84
1757627602783 0.14360334513917464 85
1757627602870 0.00021914811768353643 86
1757627602959 0.00014326463937876772 87
1757627603046 0.1135541920965137 88
1757627603135 0.0004082761260103299 89
1757627603222 0.0009222320091512485 90
1757627603308 0.04720535360689099 91
1757627603394 0.10806256145265633 92
1757627603481 0.13831250670504722 93
1757627603570 0.003849772650798226 94
1757627603658 0.4312578486880572 95
1757627603746 0.0100721084763578 96
1757627603833 0.004322945267267096 97
1757627603919 0.018492499932772716 98
1757627604005 0.1494504241602725 99
1757627604092 0.0794157662606091 100
1757627604180 0.003163226966173371 101
1757627604265 0.00010400014777499105 102
1757627604352 0.010638173938744097 103
1757627604446 0.35149649966012403 104
1757627604534 0.016523940037464782 105
1757627604621 0.7489880480576169 106
1757627604710 0.0054635254077090994 107
1757627604796 0.007570023062485477 108
1757627604900 0.15453286927958124 109
1757627604990 0.008593467483112585 110
1757627605078 0.0064370098422022745 111
1757627605167 0.03067566407228428 112
1757627605256 0.08727113041141885 113
1757627605345 1.1208207116929765 114
1757627605432 0.040203361733140625 115
1757627605540 1.656044115475121 116
1757627605732 0.03719136500432686 117
1757627605824 0.29824961610647666 118
1757627605915 0.0006994162755349924 119
1757627606006 0.2296376034837766 120
1757627606096 0.04419757204219585 121
1757627606183 0.0006672167297334096 122
1757627606271 0.23155827302507487 123
1757627606359 0.04415957957755652 124
1757627606447 0.042761223237933556 125
1757627606541 0.6183253111054705 126
1757627606629 0.18659730564237326 127
1757627606717 0.040302730611241 128
1757627606805 0.043733202423543636 129
1757627606892 0.0002241648823242252 130
1757627606980 0.03800203156368709 131
1757627607069 0.024428071928869862 132
1757627607156 0.5563541283452803 133
1757627607243 0.08845804269781611 134
1757627607330 0.040108509032816084 135
1757627607418 0.018400086775856927 136
1757627607507 0.15456813688509158 137
1757627607596 0.13558674888685965 138
1757627607684 0.004493844301030945 139
1757627607782 5.36038235782117e-06 140
1757627607874 0.027006254154567814 141
1757627607962 0.17693823963866484 142
1757627608050 0.49496981639641285 143
1757627608140 0.005599547250803152 144
1757627608229 0.42282408577084457 145
1757627608317 0.013206490432058564 146
1757627608406 0.22804818482089004 147
1757627608498 0.17154016885185636 148
1757627608591 0.10534599660600674 149
1757627608679 0.021957842625612442 150
1757627608767 0.14510181429559016 151
1757627608857 0.0001379312504499676 152
1757627608945 0.1922275893051879 153
1757627609034 0.00027683072602616675 154
1757627609123 0.04214182033032044 155
1757627609212 0.49924494806739017 156
1757627609300 0.20186969693030601 157
1757627609389 3.9719314999929885e-05 158
1757627609478 0.04387017618969204 159
1757627609566 0.008769019637413684 160
1757627609654 0.015921634039108252 161
1757627609744 0.016060082213989045 162
1757627609838 0.18064358280563664 163
1757627609940 0.45345294432704925 164
1757627610031 0.07773024197729587 165
1757627610121 0.029943128982319163 166
1757627610209 0.04473896434967169 167
1757627610298 0.025886301202357655 168
1757627610388 0.010533926262855856 169
1757627610478 0.014915323123851593 170
1757627610571 0.02414103375346315 171
1757627610662 0.02461939266552085 172
1757627610752 0.041232412594434886 173
1757627610841 0.005056165362763828 174
1757627610931 0.16339190672851073 175
1757627611020 0.02087435186662183 176
1757627611110 0.000251989244872335 177
1757627611198 0.01992208908055037 178
1757627611286 0.007923156272151096 179
1757627611374 0.9135826512453521 180
1757627611463 6.597807234144686e-05 181
1757627611553 0.0019493578638987098 182
1757627611643 0.05442964893860629 183
1757627611731 0.17006822339057806 184
1757627611820 0.07694320390559471 185
1757627611908 0.013443586953967005 186
1757627611997 0.005394055855253232 187
1757627612093 0.10797650034923055 188
1757627612180 0.011392287732141794 189
1757627612271 0.007112894106176595 190
1757627612362 0.15567075987631127 191
1757627612454 0.19446347182510135 192
1757627612542 0.004633625976313198 193
1757627612636 0.06371115240782123 194
1757627612725 0.06588587441697576 195
1757627612816 0.002129958736934831 196
1757627612904 0.33331664330446675 197
1757627612998 0.03764392390503707 198
1757627613115 0.005889717870049801 199
1757627613207 0.1574863194661663 200
1757627613299 0.02117347902907293 201
1757627613457 1.0080541936173288 202
1757627613552 0.2218995375202931 203
1757627613645 0.0837841906179412 204
1757627613735 0.03368505668231907 205
1757627613825 0.027277134559882385 206
1757627613915 0.39257453957725846 207
1757627614005 0.08362247553551626 208
1757627614097 0.1302944463953377 209
1757627614186 0.0007993016135831673 210
1757627614333 0.048494108729791055 211
1757627614480 0.024830749183581628 212
1757627614600 0.03647998973025376 213
1757627614705 0.005700648177154152 214
1757627614801 0.1756132010464251 215
1757627614909 0.0037773063305566678 216
1757627615006 0.012644090586967988 217
1757627615103 0.06761658299598286 218
1757627615206 0.36816061528742816 219
1757627615300 0.008916025339811607 220
1757627615392 0.0037607454645381976 221
1757627615482 0.010678604679218716 222
1757627615592 0.14675003035171555 223
1757627615692 0.0214039384315087 224
1757627615785 0.048300131460115 225
1757627615878 0.02526433565041038 226
1757627615971 0.3625753482064227 227
1757627616065 0.0006326702178033301 228
1757627616156 0.05790246762395923 229
1757627616251 0.12595065876993577 230
1757627616346 0.5112022255778341 231
1757627616437 0.0045301736197941875 232
1757627616551 0.2336095815510632 233
1757627616648 0.01987799289377766 234
1757627616740 0.014020262874708058 235
1757627616832 0.0662337816001612 236
1757627616945 0.05500830786850464 237
1757627617047 0.04769298248741878 238
1757627617147 0.18350578321089764 239
1757627617278 0.014752887888118354 240
1757627617374 0.5343646140199335 241
1757627617468 0.10236022016977514 242
1757627617558 0.2668166411362251 243
1757627617684 0.2683965912941342 244
1757627617796 0.34126509041957886 245
1757627617916 0.0974195441712238 246
1757627618031 0.0621590314983792 247
1757627618145 0.03487545736165436 248
1757627618249 0.0663087569645581 249
1757627618347 0.21791504898938602 250
1757627618487 1.266298615523716e-05 251
1757627618591 0.0002849744882878824 252
1757627618700 0.4555976150072192 253
1757627618795 0.0011708912306297367 254
1757627618886 0.022737549981289917 255
1757627619030 0.0009661035746373108 256
1757627619156 0.5845158073620796 257
1757627619255 0.0005983907555727367 258
1757627619359 0.3341061757657532 259
1757627619482 0.023567041639819406 260
1757627619590 0.26277832853649497 261
1757627619683 0.04201888873479977 262
1757627619774 0.007974290357570817 263
1757627619883 0.2958067372248784 264
1757627619982 0.01463406065228148 265
1757627620074 0.3609807955973614 266
1757627620167 0.01126405166643819 267
1757627620257 0.006124084042249797 268
1757627620350 0.38227397626067783 269
1757627620443 0.003094378879040873 270
1757627620534 0.01966851054114535 271
1757627620628 0.19792259834719417 272
1757627620735 0.15139976253214604 273
1757627620832 0.8024533812576442 274
1757627620930 0.039588904959599304 275
1757627621028 0.3884406107335157 276
1757627621125 0.0009352471837792519 277
1757627621219 0.21488818296042458 278
1757627621312 0.18767539420791374 279
1757627621404 0.10014704693536353 280
1757627621496 0.04013939821988229 281
1757627621588 0.49079283511470573 282
1757627621687 0.43354564874429996 283
1757627621785 0.36095877488892014 284
1757627621878 0.8797173402013979 285
1757627621969 0.03920343534552965 286
1757627622065 0.14005002014001156 287
1757627622160 0.021457099566254845 288
1757627622251 0.07191014363135613 289
1757627622345 0.13982018016844328 290
1757627622437 0.032328716547806585 291
1757627622530 0.03330223284623367 292
1757627622622 0.072354962471567 293
1757627622723 0.08859650990666543 294
1757627622820 0.005310691231302449 295
1757627622912 0.008459890168219257 296
1757627623007 0.009104815390923606 297
1757627623099 0.09579593818907117 298
1757627623193 0.010510109379143763 299
1757627623284 0.02682353312854894 300
1757627623376 0.0026164357939404176 301
1757627623470 0.03416404757306626 302
1757627623563 0.04416331127234275 303
1757627623656 0.000643161783146832 304
1757627623750 0.06373728766023201 305
1757627623842 0.013988285782286208 306
1757627623934 0.11153016592052944 307
1757627624026 0.041978364186969125 308
1757627624120 0.4173595377422678 309
1757627624213 0.006619153279174059 310
1757627624306 0.10174527144871055 311
1757627624398 0.39329609157091633 312
1757627624492 0.21389941451076575 313
1757627624585 0.08237056597553528 314
1757627624680 0.0026440417138524036 315
1757627624778 0.07255388275937874 316
1757627624888 0.033543969147822233 317
1757627624988 0.05068407711177913 318
1757627625082 0.12675516441532356 319
1757627625175 0.018063180760957424 320
1757627625267 0.15957271127294892 321
1757627625361 0.24554454955758168 322
1757627625454 0.41423913763830966 323
1757627625547 0.30065031932810915 324
1757627625641 0.02313637187368424 325
1757627625742 0.013257926765816433 326
1757627625837 0.6880189489357736 327
1757627625931 0.0017231132118170752 328
1757627626025 0.00028524984108970527 329
1757627626119 0.004290478507340278 330
1757627626214 0.287586330085922 331
1757627626306 0.00011546458758063079 332
1757627626399 0.2599970263449903 333
1757627626493 0.10071752890527613 334
1757627626586 0.12792126733731882 335
1757627626680 0.4377433944003392 336
1757627626773 0.03311755439299423 337
1757627626871 0.049686661461276184 338
1757627626963 0.4965453866167212 339
1757627627056 0.3516709316642183 340
1757627627151 0.09155995040010802 341
1757627627243 0.0267720101415102 342
1757627627336 0.1911280978497065 343
1757627627431 0.14027823352964125 344
1757627627524 0.10170373350145333 345
1757627627618 0.05461587596900704 346
1757627627713 0.5228772870779043 347
1757627627830 0.3228123643727362 348
1757627627925 0.0013108479592887094 349
1757627628018 0.4140548315901698 350
1757627628114 0.03671800086780348 351
1757627628210 0.44265808554352926 352
1757627628308 0.06951144456808797 353
1757627628403 0.08835635808567815 354
1757627628498 0.23609830456691316 355
1757627628592 0.0003050160455757364 356
1757627628686 0.014959845560252824 357
1757627628780 0.2416599079393683 358
1757627628879 0.3465120866085135 359
1757627628974 0.04196516297242682 360
1757627629069 0.22647551249523148 361
1757627629164 0.0003322457568944949 362
1757627629260 0.13387189574276462 363
1757627629354 0.24832693298098837 364
1757627629449 0.08623160061469143 365
1757627629544 0.011839101180805677 366
1757627629644 0.48414443536788593 367
1757627629766 0.06783281249215892 368
1757627629874 0.006389880521521057 369
1757627629974 0.018320165458958933 370
1757627630070 0.08603429917593429 371
1757627630165 0.23420786938340768 372
1757627630259 0.05578933138092148 373
1757627630354 0.05949539151877978 374
1757627630450 0.09508357442115971 375
1757627630543 0.05178603317049637 376
1757627630636 0.005785077680299961 377
1757627630730 0.03966307090842439 378
1757627630824 0.0198563258190085 379
1757627630925 0.019535445011572318 380
1757627631021 0.12599993936880005 381
1757627631115 0.20699271662687238 382
1757627631209 0.2603485787606242 383
1757627631351 0.13740329220711434 384
1757627631492 0.08871823667728915 385
1757627631604 0.1072326469298641 386
1757627631723 0.26650711064625754 387
1757627631826 0.16136398833189514 388
1757627631926 0.00181199699377062 389
1757627632034 0.0025706634680992616 390
1757627632147 0.2675563301999983 391
1757627632253 0.353132261498859 392
1757627632363 0.13391460284634335 393
1757627632461 0.054103919645941946 394
1757627632559 0.36724900773171393 395
1757627632660 0.03437692667096055 396
1757627632782 0.056204413243135805 397
1757627632897 0.010126479744157212 398
1757627633006 0.0078123714982201746 399
1757627633136 0.010032008383948056 400
1757627633241 0.012128421168117149 401
1757627633348 0.14085604945314292 402
1757627633446 0.387266615057388 403
1757627633551 0.005168253597523449 404
1757627633654 0.014157917611695848 405
1757627633760 0.14716800732013413 406
1757627633861 0.3205815596680648 407
1757627633966 0.1164267640014435 408
1757627634066 0.0008723142145178451 409
1757627634162 0.0022302624270527692 410
1757627634260 0.042741379827988125 411
1757627634359 0.011405301881193547 412
1757627634461 0.007023409748343992 413
1757627634564 0.35189592762482397 414
1757627634669 0.8562338817880327 415
1757627634772 0.04620510816666419 416
1757627634884 0.10372347405770661 417
1757627634996 0.03278140429210017 418
1757627635101 0.4595574837607646 419
1757627635202 0.2901864075249095 420
1757627635487 0.09868250526098687 421
1757627635599 0.05020244614220927 422
1757627635707 0.2720972350507917 423
1757627635808 0.9354439046572202 424
1757627635911 0.002399572303979243 425
1757627636011 0.24058224003325962 426
1757627636109 0.14172672439002001 427
1757627636212 0.10528821985654295 428
1757627636318 0.04463108699089652 429
1757627636419 0.03860982792452006 430
1757627636519 0.05423127839998949 431
1757627636622 0.009765050162378948 432
1757627636729 0.06730879040069913 433
1757627636839 0.06465657503087315 434
1757627636939 0.002968049230721622 435
1757627637042 0.3710733441985005 436
1757627637142 0.0444601009940674 437
1757627637238 0.0030192190014267603 438
1757627637335 0.05123217521655673 439
1757627637438 0.008298535187422794 440
1757627637539 4.513301236317803e-05 441
1757627637637 0.03514412405208171 442
1757627637737 0.07070263634575481 443
1757627637846 0.05490002462079194 444
1757627637944 0.009186464531315362 445
1757627638046 0.39419816547916364 446
1757627638148 0.24821325723330795 447
1757627638249 0.21453882801526408 448
1757627638350 0.06985830313265042 449
1757627638449 0.0034336835669625475 450
1757627638551 0.13808518797382108 451
1757627638655 0.004072284417695441 452
1757627638757 1.1904787178637886 453
1757627638858 0.039162245519074955 454
1757627638956 0.3225156148003695 455
1757627639059 0.0036513553428670245 456
1757627639159 0.04127842998333352 457
1757627639258 0.013038646974126154 458
1757627639357 0.030498783041710244 459
1757627639457 0.0995095247368645 460
1757627639565 0.05131954310269384 461
1757627639673 0.060599574041190304 462
1757627639783 0.018409955232915415 463
1757627639909 0.7781488665031578 464
1757627640010 0.010334670894055927 465
1757627640118 0.02225350834763123 466
1757627640221 0.06304689165163795 467
1757627640322 0.1641101397992342 468
1757627640422 0.000943077382251518 469
1757627640524 0.08407008024544792 470
1757627640624 0.0060710157041366335 471
1757627640726 0.3555973376659012 472
1757627640833 0.2410137446951884 473
1757627640937 0.13602630125837814 474
1757627641043 0.2672556607761451 475
1757627641145 0.01758444485755247 476
1757627641245 0.012291168143905703 477
1757627641346 0.15643490578570302 478
1757627641447 0.01361214430643467 479
1757627641546 0.005989507829031793 480
1757627641645 0.2396164908214544 481
1757627641748 0.05922664151629965 482
1757627641862 0.36815955933894784 483
1757627641968 0.23819879607053823 484
1757627642084 0.10846563631347833 485
1757627642228 0.06209159571800271 486
1757627642329 0.014150183144866673 487
1757627642429 0.02340462548955572 488
1757627642526 0.030907102400871193 489
1757627642640 0.05209190866386377 490
1757627642755 0.001086663628744013 491
1757627642854 1.6344832192473453 492
1757627642955 0.03696629547731012 493
1757627643088 0.06786696827822261 494
1757627643210 0.024215901148888774 495
1757627643326 0.6651660041514604 496
1757627643442 0.009675115862127853 497
1757627643557 0.42725187961001665 498
1757627643694 0.17403289984314457 499
