1757626291263 29.147530350685393 0
1757626291307 5.343364088385836 1
1757626291347 2.474626129474232 2
1757626291390 0.38929767004917104 3
1757626291432 0.0858324698945648 4
1757626291483 0.11157588246527593 5
1757626291529 0.1212562292559136 6
1757626291573 0.08961510530055282 7
1757626291615 0.13646848213145074 8
1757626291660 0.08151193680364968 9
1757626291701 0.09612291679387305 10
1757626291744 0.09319429069482857 11
1757626291789 0.16411172466200272 12
1757626291837 0.10344880066393677 13
1757626291882 0.10896947886043983 14
1757626291926 0.10692785562923526 15
1757626291968 0.16837168714820236 16
1757626292021 0.1254510215637201 17
1757626292067 0.17035367587272 18
1757626292118 0.107944650886907 19
1757626292163 0.14849034548973136 20
1757626292206 0.15191489952764836 21
1757626292249 0.06603718011789832 22
1757626292292 0.15196121671986243 23
1757626292335 0.09682337434349052 24
1757626292377 0.125357126597241 25
1757626292420 0.150109084469571 26
1757626292467 0.08428818002396657 27
1757626292521 0.08260137456394821 28
1757626292571 0.13076125009064268 29
1757626292624 0.1359827118533634 30
1757626292682 0.11513048020929975 31
1757626292734 0.09954719648172569 32
1757626292781 0.13126488597287264 33
1757626292827 0.13513791483813947 34
1757626292872 0.1514732899235984 35
1757626292917 0.15373479277535787 36
1757626292963 0.10014835612772117 37
1757626293018 0.10616201098540604 38
1757626293073 0.08203626646110602 39
1757626293139 0.07298949443341612 40
1757626293198 0.04299812726794213 41
1757626293254 0.06719983668931064 42
1757626293309 0.10616190157417676 43
1757626293366 0.14387207018158144 44
1757626293422 0.09268448474693719 45
1757626293478 0.10385156891180757 46
1757626293536 0.08424646240862801 47
1757626293586 0.13898993704811613 48
1757626293655 0.09612768853362923 49
1757626293713 0.14373289140519194 50
1757626293763 0.08182329227274988 51
1757626293811 0.09576691647831367 52
1757626293862 0.09979162466639145 53
1757626293920 0.10052890855057363 54
1757626294004 0.06853195236578409 55
1757626294063 0.09266118552891695 56
1757626294126 0.08381195930984235 57
1757626294184 0.10035215698493782 58
1757626294239 0.14562201996654067 59
1757626294297 0.10921948705643132 60
1757626294352 0.10464555418234543 61
1757626294416 0.1265606635720852 62
1757626294483 0.08824186456421748 63
1757626294540 0.10669968069812155 64
1757626294588 0.0984416408847222 65
1757626294637 0.12475693787298077 66
1757626294685 0.1147218838376772 67
1757626294735 0.09442407450803696 68
1757626294784 0.0771344856606001 69
1757626294831 0.10516323655267286 70
1757626294877 0.2987380897837309 71
1757626294925 0.08465197414440541 72
1757626294970 0.12855752460462228 73
1757626295017 0.0791311256936838 74
1757626295066 0.14810513704544326 75
1757626295111 0.049570264375597216 76
1757626295163 0.14630546514118414 77
1757626295209 0.08089728773357811 78
1757626295255 0.07843717264062104 79
1757626295302 0.06690965851133836 80
1757626295346 0.12647962166047327 81
1757626295392 0.0877145704038548 82
1757626295436 0.09346961890815138 83
1757626295480 0.08309188200178387 84
1757626295526 0.10833486208373062 85
1757626295572 0.12644861193983672 86
1757626295617 0.08064141646759336 87
1757626295662 0.0964647953734523 88
1757626295707 0.10142761144642641 89
1757626295751 0.10731524909948298 90
1757626295796 0.11968654396965939 91
1757626295840 0.18780123710692562 92
1757626295885 0.07916769203858634 93
1757626295930 0.06751109986002853 94
1757626295991 0.08994214120274026 95
1757626296042 0.09097062277788043 96
1757626296087 0.11359652056616193 97
1757626296132 0.13191968513103536 98
1757626296177 0.10153805011221019 99
1757626296222 0.08849878066828615 100
1757626296268 0.11807036363089832 101
1757626296314 0.10805363376477219 102
1757626296357 0.10814351823797726 103
1757626296410 0.09453304025241965 104
1757626296464 0.0754084638810283 105
1757626296509 0.07361283855931476 106
1757626296555 0.09293974998351195 107
1757626296601 0.1370173904826882 108
1757626296648 0.11577335857711768 109
1757626296693 0.16202678989329708 110
1757626296738 0.17997416466245622 111
1757626296784 0.11411699313048287 112
1757626296831 0.08379140069393756 113
1757626296876 0.14071993104573413 114
1757626296922 0.10686779958889578 115
1757626296971 0.11301638900510579 116
1757626297017 0.08862768092225044 117
1757626297066 0.1394340983822949 118
1757626297111 0.16277356759123585 119
1757626297157 0.13005140382015165 120
1757626297209 0.0945919338979747 121
1757626297258 0.05562395062769561 122
1757626297307 0.09180763603792766 123
1757626297364 0.06738594985440874 124
1757626297410 0.08339977902891112 125
1757626297458 0.09557425158666365 126
1757626297503 0.14064570932101017 127
1757626297550 0.11371684197314759 128
1757626297598 0.12296287757494713 129
1757626297645 0.14003423701650877 130
1757626297695 0.0936360201608947 131
1757626297747 0.11278102353055657 132
1757626297798 0.42279359260622856 133
1757626297847 0.11375854674108903 134
1757626297895 0.06500873294368115 135
1757626297941 0.07648223148347387 136
1757626297986 0.06529696859846715 137
1757626298032 0.09939858141823106 138
1757626298079 0.13387082733641337 139
1757626298125 0.04871874232042232 140
1757626298171 0.11064372193093507 141
1757626298218 0.11546082592314602 142
1757626298265 0.0863488345455531 143
1757626298312 0.14905146234388333 144
1757626298361 0.14149430047648642 145
1757626298408 0.12101251082687633 146
1757626298454 0.14571900579939767 147
1757626298501 0.0994320316750846 148
1757626298548 0.08358167022725312 149
1757626298595 0.11310990751347334 150
1757626298642 0.10826449962829175 151
1757626298691 0.09265783905911894 152
1757626298737 0.05970691063028421 153
1757626298785 0.1451560250233189 154
1757626298831 0.07809249069171091 155
1757626298879 0.06366464713137422 156
1757626298942 0.14106445534511097 157
1757626299003 0.12526414742115705 158
1757626299063 0.07184950359465384 159
1757626299123 0.06092203648064301 160
1757626299181 0.10428491401212374 161
1757626299246 0.10041985252353851 162
1757626299302 0.07709372586199133 163
1757626299360 0.1016900214102057 164
1757626299414 0.11236727913160693 165
1757626299471 0.12267817025768141 166
1757626299524 0.08270377860840399 167
1757626299578 0.0743263127512722 168
1757626299637 0.1110439027771392 169
1757626299694 0.09580967000290874 170
1757626299751 0.10981931377988499 171
1757626299805 0.11172819705388501 172
1757626299865 0.07468870358520584 173
1757626299918 0.12977140757918768 174
1757626299968 0.08111917280180637 175
1757626300139 0.11701623683979685 176
1757626300201 0.08937687863828653 177
1757626300271 0.11071790404264886 178
1757626300337 0.1041109187024863 179
1757626300399 0.1388339586769386 180
1757626300461 0.11280550529542083 181
1757626300519 0.13997593602746367 182
1757626300581 0.08587495623172904 183
1757626300641 0.09340369956472809 184
1757626300696 0.3334069524143646 185
1757626300747 0.09385714469895123 186
1757626300800 0.11266795182334616 187
1757626300850 0.10030694203352068 188
1757626300898 0.08457715431030273 189
1757626300951 0.10652359858013961 190
1757626301026 0.06241902058887021 191
1757626301083 0.07058312164124281 192
1757626301138 0.12013875648306466 193
1757626301200 0.11558677716271225 194
1757626301273 0.06465755727864068 195
1757626301332 0.12454937204499805 196
1757626301388 0.12078756691521741 197
1757626301465 0.15993277471297754 198
1757626301539 0.12235763781233407 199
1757626301678 0.156995932189807 200
1757626301737 0.2047573104166277 201
1757626301794 0.12075470383980308 202
1757626301852 0.09533325333241835 203
1757626301911 0.0802961663778109 204
1757626301966 0.07224657657694414 205
1757626302047 0.08208955336775971 206
1757626302103 0.12303418245483273 207
1757626302159 0.05773780323132172 208
