1757636434604 33.63727529163789 0
1757636434696 10.831691316526525 1
1757636434792 0.6713612419443908 2
1757636434884 0.4780742872306178 3
1757636434995 0.041743921187818785 4
1757636435101 0.041154534882141144 5
1757636435194 0.0058518035128362015 6
1757636435287 0.08451990391548553 7
1757636435378 0.1174750587147497 8
1757636435469 7.636673780718244e-05 9
1757636435560 0.032201942388362645 10
1757636435652 0.029117825350301007 11
1757636435750 0.04836613601155524 12
1757636435846 0.0008663071948793293 13
1757636435936 0.04320153111905192 14
1757636436027 0.0002884884904197414 15
1757636436120 0.0636578264583626 16
1757636436210 5.251772681600194e-05 17
1757636436303 0.42762378996116485 18
1757636436393 0.011789749044897602 19
1757636436484 0.0024772988162734006 20
1757636436575 0.0009739381817610651 21
1757636436667 0.00850813275308778 22
1757636436758 0.04480985476946969 23
1757636436850 0.025341544327611158 24
1757636436958 0.04756413119410714 25
1757636437051 0.1551783345133902 26
1757636437143 0.0837928134932456 27
1757636437235 0.9857066738340365 28
1757636437328 0.0035492195797548714 29
1757636437420 0.01220998703550329 30
1757636437511 0.08855543606150339 31
1757636437602 1.244314132886045 32
1757636437694 0.07438629212290179 33
1757636437792 0.5967694909332337 34
1757636437884 0.15216209164217492 35
1757636437977 0.08744353857105301 36
1757636438069 0.1743755301264353 37
1757636438162 0.22307624568594212 38
1757636438254 0.003799898217640881 39
1757636438346 0.26874635085147386 40
1757636438439 0.09598584308185579 41
1757636438531 0.00832731455244133 42
1757636438624 0.16575146681575495 43
1757636438716 0.22215153675548313 44
1757636438808 0.003109738179458786 45
1757636438901 0.12323298689380723 46
1757636438994 0.02458051012061465 47
1757636439085 9.409013698622925e-05 48
1757636439178 0.023183010393845176 49
1757636439270 0.000782272586431463 50
1757636439362 0.10834081356423494 51
1757636439456 0.0551420204887781 52
1757636439547 0.27788827349022405 53
1757636439639 0.08758008608328148 54
1757636439733 0.0021722709865158885 55
1757636439833 0.266397303813252 56
1757636439924 0.08140681123104422 57
1757636440028 0.030087067880781127 58
1757636440129 0.060008425064868726 59
1757636440232 0.08005448670256535 60
1757636440329 0.1104525957334555 61
1757636440424 0.1855950169799914 62
1757636440520 0.018782132436507375 63
1757636440616 0.15093049968973182 64
1757636440707 0.036245587455188605 65
1757636440799 0.03656393587255243 66
1757636440891 0.3918946871656265 67
1757636440992 0.5246374003073551 68
1757636441086 0.046831733880978256 69
1757636441268 0.0002616770926825424 70
1757636441361 0.08059082169749451 71
1757636441453 0.005402032908138982 72
1757636441545 0.0007085740562758258 73
1757636441639 0.5269567142723877 74
1757636441731 0.011642368424905153 75
1757636441829 0.0761701070306006 76
1757636441934 0.15915766800249606 77
1757636442030 0.018851309394185774 78
1757636442122 0.08381579512466096 79
1757636442215 0.0034896050281789793 80
1757636442309 0.001738455820100985 81
1757636442402 0.005077544400065131 82
1757636442494 0.04740374206660893 83
1757636442587 0.0369100185921607 84
1757636442679 0.09277009446199895 85
1757636442772 0.005274550616911525 86
1757636442866 0.04013267134417627 87
1757636442961 0.061747752198659515 88
1757636443055 0.0007769236996616957 89
1757636443148 0.021662587846446552 90
1757636443241 0.14498860889365728 91
1757636443336 0.006045195176913849 92
1757636443429 0.0011457022876050712 93
1757636443523 0.08846666347042223 94
1757636443615 0.06247252343512372 95
1757636443708 0.003623759732490417 96
1757636443802 0.04629502283035563 97
1757636443901 0.4445188330590134 98
1757636443995 0.29172624791845947 99
1757636444087 7.053945871698341e-05 100
1757636444243 0.0004302816311438916 101
1757636444364 0.8878070743288707 102
1757636444461 0.1680670258499062 103
1757636444557 2.8345229769207063 104
1757636444651 0.008747777366123555 105
1757636444764 0.03487240934183807 106
1757636444959 0.040474115954482484 107
1757636445062 0.40052150685741184 108
1757636445163 0.43567831163185217 109
1757636445258 0.26078190322614603 110
1757636445353 0.022388949096637183 111
1757636445452 0.0004333351431072174 112
1757636445548 0.2637854789395817 113
1757636445642 0.07275722307955246 114
1757636445756 0.13505063179655336 115
1757636445901 0.017091491198067223 116
1757636445998 0.10331048912405495 117
1757636446095 0.35515493709924273 118
1757636446189 0.47507534586613787 119
1757636446283 0.04638720614319505 120
1757636446381 0.2565658506014371 121
1757636446475 0.00010374327051837337 122
1757636446569 0.049866583553617484 123
1757636446664 0.0041762070100780264 124
1757636446758 0.03935935521886965 125
1757636446927 0.08799660468152025 126
1757636447032 1.7732299855170988e-06 127
1757636447127 0.08016952768443925 128
1757636447221 0.01005601601227622 129
1757636447316 0.00401741962827957 130
1757636447410 0.5460139557712451 131
1757636447505 0.06341520214637632 132
1757636447599 0.6351298073498463 133
1757636447693 0.3113124325705883 134
1757636447789 0.08304229584380438 135
1757636447888 0.020400513548625817 136
1757636447991 0.15279850838695963 137
1757636448087 0.19818212994880577 138
1757636448184 0.04389611321345105 139
1757636448279 0.276091827688861 140
1757636448377 0.039898600193105906 141
1757636448471 0.001996702921055268 142
1757636448567 0.007771887108999419 143
1757636448662 0.01354403106353958 144
1757636448757 0.02352570576799061 145
1757636448852 0.07943854098653139 146
1757636448946 0.041678996978968715 147
1757636449041 0.002866753005397343 148
1757636449135 0.24861727844741255 149
1757636449230 0.00016951158821860646 150
1757636449332 0.04050445790464381 151
1757636449430 1.5176751777942452 152
1757636449525 0.14587750019859663 153
1757636449620 0.03462546054963734 154
1757636449714 0.021551169081594917 155
1757636449808 0.03453551040895675 156
1757636449903 0.07671635975927693 157
1757636450005 0.0020057705152126807 158
1757636450103 0.41219541456237774 159
1757636450238 0.020539308523165267 160
1757636450336 0.12804937872905126 161
1757636450432 0.005448012486566498 162
1757636450527 0.3143983009900092 163
1757636450623 0.19872063569704956 164
1757636450717 0.0014143459232857816 165
1757636450812 0.052069777702642324 166
1757636450912 0.05389707900259312 167
1757636451021 0.004273099740609134 168
1757636451118 0.00013999390364104314 169
1757636451214 0.09209420542616883 170
1757636451311 0.0008828264629259697 171
1757636451408 0.26332887595651766 172
1757636451503 0.059728626057840954 173
1757636451598 0.19320456192839094 174
1757636451694 0.00373192367391707 175
1757636451789 0.024263932166150554 176
1757636451892 0.9962699245307219 177
1757636452008 0.07298455688882424 178
1757636452105 0.2712353602342978 179
1757636452201 0.002014257105599093 180
1757636452296 0.044726756546225974 181
1757636452392 0.000963549822151373 182
1757636452489 0.16263553564296504 183
1757636452585 0.05733012045807161 184
1757636452681 0.001907185763650561 185
1757636452777 0.00015325377927014007 186
1757636452874 0.036458634018670444 187
1757636452972 0.19007203418538623 188
1757636453068 0.0573941657475723 189
1757636453165 0.4464869545939911 190
1757636453261 0.2479329053656385 191
1757636453358 0.11269532893324503 192
1757636453453 0.12114326347071719 193
1757636453552 0.17947219433370454 194
1757636453648 6.911937558097255e-05 195
1757636453743 0.6637078340891118 196
1757636453839 0.0035259812183025484 197
1757636453936 0.2530129471364542 198
1757636454037 0.004264573304382881 199
1757636454135 0.09773873661523878 200
1757636454231 0.08009512596857461 201
1757636454327 0.00031518925538327194 202
1757636454423 0.015089785186161015 203
1757636454521 0.2877565812476987 204
1757636454618 0.020763132040696294 205
1757636454715 0.034179048533219396 206
1757636454811 5.643346225599503e-05 207
1757636454908 0.1117669177884542 208
1757636455004 0.14917506453574333 209
1757636455100 0.0027534325484027834 210
1757636455197 0.37552198828735217 211
1757636455294 0.050073349073413216 212
1757636455390 0.002856296617808947 213
1757636455488 0.0001841922591858338 214
1757636455583 0.058076143315562316 215
1757636455682 0.10446895871067308 216
1757636455778 0.1174359172196965 217
1757636455874 0.02741906772430651 218
1757636455970 0.03523215016651905 219
1757636456072 0.0407015473586358 220
1757636456168 0.00021791320329412977 221
1757636456264 0.0016139619831865507 222
1757636456361 0.011482671972559953 223
1757636456456 0.0019196441749820912 224
1757636456553 0.15903039851280643 225
1757636456650 0.008232026750538014 226
1757636456749 0.0036031950407729788 227
1757636456847 0.08962506317444015 228
1757636456957 0.001578860341593979 229
1757636457054 0.021594852700435232 230
1757636457152 0.6442226836542465 231
1757636457249 0.0006549116255008233 232
1757636457346 0.0010987910735393788 233
1757636457443 0.00022090529334079507 234
1757636457541 0.1681766419547825 235
1757636457637 0.21785053602075274 236
1757636457734 0.005194759507951444 237
1757636457831 0.3182102707468586 238
1757636457929 0.2746411138031545 239
1757636458027 0.2719987277448388 240
1757636458129 0.006910837301009692 241
1757636458227 0.6450213466624982 242
1757636458326 1.4600251195452953 243
1757636458424 0.04041485689750835 244
1757636458522 0.05004351588287727 245
1757636458620 0.17782106380304036 246
1757636458716 0.25367113690145443 247
1757636458813 1.788107412673473e-05 248
1757636458910 0.0033394393990692248 249
1757636459009 0.06675146300226018 250
1757636459106 0.1843781986590644 251
1757636459204 0.0005563346852819005 252
1757636459300 0.301415711777129 253
1757636459398 0.09638280200276053 254
1757636459495 0.44146392427654174 255
1757636459593 0.5885576304258104 256
1757636459689 0.16490925204847848 257
1757636459787 0.05815068642229784 258
1757636459885 0.1761727618531414 259
1757636459982 0.013005302643818505 260
1757636460079 0.05135927825309337 261
1757636460186 0.003933894475755543 262
1757636460285 0.29123232243653585 263
1757636460380 0.00020589332149025875 264
1757636460479 0.028876879085194398 265
1757636460579 0.02613365516247195 266
1757636460677 0.019984151480246924 267
1757636460775 0.00023080012234278353 268
1757636460873 0.06328609402184536 269
1757636460978 0.047617496715248814 270
1757636461077 1.6756118911245184 271
1757636461175 1.4226792037998475 272
1757636461274 0.0002699085000143779 273
1757636461371 0.02976274264181155 274
1757636461469 0.008967668330174773 275
1757636461567 0.04017265540125064 276
1757636461666 0.006397592028904786 277
1757636461764 0.04318610957848139 278
1757636461862 0.2443262235248171 279
1757636462018 9.405740172522272e-05 280
1757636462121 0.004662917672496299 281
1757636462225 0.007856732478438811 282
1757636462324 0.05491305411000534 283
1757636462422 0.24667090752907114 284
1757636462522 0.00022998856944618498 285
1757636462620 1.66322667891308 286
1757636462718 0.1733394820676498 287
1757636462817 0.006175084457466237 288
1757636462915 0.038573804407419976 289
1757636463016 0.11120709421700602 290
1757636463115 0.002004740517434126 291
1757636463213 0.08243214603330702 292
1757636463312 0.42865196781495735 293
1757636463410 0.024805119211519448 294
1757636463510 0.4197837273652565 295
1757636463609 0.08380937796475581 296
1757636463707 0.13008889621066128 297
1757636463806 0.08212288405748605 298
1757636463904 0.015278340696199794 299
1757636464003 0.01173878581473051 300
1757636464102 0.10173934212421988 301
1757636464204 0.06954160712095767 302
1757636464304 0.5315650062466314 303
1757636464404 0.08551669087902468 304
1757636464502 0.06034451028507872 305
1757636464601 0.2697769505733173 306
1757636464700 0.4202170878164931 307
1757636464798 0.003096507625446252 308
1757636464899 0.009760637682757896 309
1757636464999 0.03345770322891133 310
1757636465100 0.0003848778088757508 311
1757636465198 0.002707944317024219 312
1757636465297 0.05069810455884347 313
1757636465395 0.3700531668297985 314
1757636465494 0.01926155399744732 315
1757636465593 0.045888396336342195 316
1757636465694 0.01745475640736551 317
1757636465793 0.05942134583264229 318
1757636465900 0.18025748495939758 319
1757636466007 0.30551853484914904 320
1757636466109 0.11481023153153407 321
1757636466212 0.2507937815993447 322
1757636466312 0.057965389740695046 323
1757636466415 0.06709011915504724 324
1757636466515 0.22949927464421427 325
1757636466615 0.3872484162992922 326
1757636466714 0.02435983353063697 327
1757636466814 0.25806089539503296 328
1757636466920 1.834381456481376e-05 329
1757636467025 0.00806945091679806 330
1757636467125 0.045519330232785475 331
1757636467224 0.15836143006723505 332
1757636467324 0.06088524277097008 333
1757636467423 0.19109637553337291 334
1757636467524 0.0054317123619112406 335
1757636467623 0.38112583998002686 336
1757636467722 0.015929532704837684 337
1757636467821 0.0005913841320845188 338
1757636467921 0.053588332120043304 339
1757636468021 0.006886356475666091 340
1757636468123 0.07510702363561074 341
1757636468223 0.03814246800253186 342
1757636468327 0.001240329819140892 343
1757636468427 0.00014013529030810674 344
1757636468526 0.006662316168691239 345
1757636468625 0.006272888413494259 346
1757636468724 0.01930010553026126 347
1757636468823 0.004003540872839055 348
1757636468923 0.06789036162976145 349
1757636469026 0.04822380635655431 350
1757636469127 0.01274859686053354 351
1757636469226 0.0064091269815259805 352
1757636469326 0.0020099959908025794 353
1757636469425 1.646342879551738e-05 354
1757636469524 2.909179424918412e-05 355
1757636469624 0.0060114922731677135 356
1757636469724 0.00012142481112221456 357
1757636469824 0.0015537786223056458 358
1757636469923 0.09713029432232 359
1757636470023 0.10079587461737131 360
1757636470124 0.17268742467177822 361
1757636470224 0.002477112979361898 362
1757636470329 0.34970485411835056 363
1757636470428 1.798047003132283 364
1757636470528 0.0003357750302613694 365
1757636470628 0.9255483945309635 366
1757636470727 0.01727836900634191 367
1757636470828 0.023968477221911092 368
1757636470928 0.10196003174738248 369
1757636471039 0.006036109552016599 370
1757636471139 0.0026378527267966016 371
1757636471239 0.2619993894065069 372
1757636471339 3.2872390121172934e-06 373
1757636471439 0.2296177250113708 374
1757636471539 0.04038405389775413 375
1757636471639 0.06784236410656513 376
1757636471738 0.0019880280175290153 377
1757636471895 0.021775015514312858 378
1757636472030 0.09886944758849289 379
1757636472135 0.09058683145199822 380
1757636472236 0.08135938031032647 381
1757636472340 0.1338381231059195 382
1757636472442 0.0026727807359439165 383
1757636472543 0.0017989453929265135 384
1757636472643 0.057562912872785095 385
1757636472743 0.16436030591882006 386
1757636472843 0.26033224236254915 387
1757636472943 5.3636364325318855e-05 388
1757636473046 0.08795651924547983 389
1757636473144 0.9624421866499214 390
1757636473246 0.011413096454454624 391
1757636473346 0.001614287645050427 392
1757636473447 0.007625160570442747 393
1757636473550 0.04551379703705273 394
1757636473653 0.0237770933670294 395
1757636473753 0.1788563071925908 396
1757636473854 0.028270732773900114 397
1757636473955 0.0004510669367089435 398
1757636474057 0.0008529026770916874 399
1757636474157 0.07313868001222432 400
1757636474257 0.0026520697025469017 401
1757636474362 0.4101757079861105 402
1757636474463 1.3135435692312681e-05 403
1757636474563 0.019827088085468236 404
1757636474668 0.00974012931975328 405
1757636474769 0.2886617179377342 406
1757636474868 0.26516193984073827 407
1757636474969 1.175141798110463 408
1757636475070 0.000693558080049209 409
1757636475171 0.0192902908876477 410
1757636475272 0.001809231085206449 411
1757636475372 0.0021851469626921814 412
1757636475474 0.3464312885764941 413
1757636475577 0.040325270888626925 414
1757636475677 0.04494874029557985 415
1757636475780 0.06094497632078263 416
1757636475881 0.2744654757959761 417
1757636475983 0.30228991160232405 418
1757636476084 0.09792377145662019 419
1757636476185 0.03212990115712393 420
1757636476287 0.2984765736379832 421
1757636476392 0.01015196855261152 422
1757636476494 0.034544826103500015 423
1757636476603 0.06422903281063914 424
1757636476704 0.0031356892478101935 425
1757636476847 0.054301208884051544 426
1757636476966 0.008181045654946798 427
1757636477068 0.0014170997830647695 428
1757636477171 0.0839935096303437 429
1757636477272 0.15725398152014006 430
1757636477374 0.12104242319813423 431
1757636477475 0.025085289783160696 432
1757636477577 0.013589656201148416 433
1757636477678 0.022837198942461837 434
1757636477780 0.2989783776629067 435
1757636477881 0.00981994375782583 436
1757636477983 0.0410576517275107 437
1757636478085 0.2307257077041551 438
1757636478187 0.04724720479486138 439
1757636478289 0.0021450163103645383 440
1757636478394 0.047544173908566995 441
1757636478498 0.34444000883704884 442
1757636478599 0.020913398855582768 443
1757636478703 0.09103935343850203 444
1757636478805 0.08665954897064859 445
1757636478907 0.17511503908288273 446
1757636479008 0.0003367745825510665 447
1757636479110 0.43513529298341946 448
1757636479212 0.06063421356959958 449
1757636479314 0.035566011596826944 450
1757636479415 0.012108819049774974 451
1757636479517 0.1073364769929834 452
1757636479620 0.030286150492135445 453
1757636479722 0.0055838360552239626 454
1757636479824 0.011348446387617011 455
1757636479925 0.20597206282559893 456
1757636480027 0.003949007464669301 457
1757636480130 0.4479741286689962 458
1757636480233 0.0025128867739347633 459
1757636480334 5.492985133656952e-05 460
1757636480441 0.08116970090998325 461
1757636480543 0.015299607326537379 462
1757636480646 0.18424382940774048 463
1757636480748 0.015156549121722469 464
1757636480850 0.03784218759842538 465
1757636480956 0.0018050570448159872 466
1757636481061 0.0570312207819614 467
1757636481163 0.022009194914016733 468
1757636481267 0.13257412345341896 469
1757636481372 0.013529227954977009 470
1757636481474 1.191682514339271 471
1757636481577 0.003592055971423131 472
1757636481680 0.38278876891683056 473
1757636481782 0.025919397883556777 474
1757636481886 0.012719773258482876 475
1757636482001 0.007557238318212473 476
1757636482105 0.16745584603191863 477
1757636482208 1.0270031369581216 478
1757636482310 0.07769317807789713 479
1757636482412 0.4393991315054061 480
1757636482520 0.2101653330904392 481
1757636482622 0.2947046056232229 482
1757636482727 0.172900300065121 483
1757636482829 0.10663060840246169 484
1757636482930 0.0005004148162646705 485
1757636483035 0.006442225303153275 486
1757636483137 0.0016654804642790913 487
1757636483240 1.1252717243600998 488
1757636483343 0.018122709662838504 489
1757636483447 0.0008459907726422863 490
1757636483550 0.13413479484882693 491
1757636483654 0.0006810999740261428 492
1757636483757 0.1413298816061044 493
1757636483860 0.18216844657696274 494
1757636483962 0.25007482543900694 495
1757636484065 4.424552461413528e-05 496
1757636484168 1.0444106982633032 497
1757636484271 0.0715315713217825 498
1757636484374 0.021094574464697816 499
