1757630109242 5.161412286752749 0
1757630109292 0.2872380298951089 1
1757630109355 0.14841057077967576 2
1757630109412 0.22542458032619378 3
1757630109463 0.08894149733360258 4
1757630109518 0.1474109587136582 5
1757630109567 0.1073321400556106 6
1757630109618 0.07924105492538809 7
1757630109667 0.09337550033728544 8
1757630109718 0.11487022493521003 9
1757630109766 0.16644363960253794 10
1757630109821 0.1389468806434684 11
1757630109872 0.07237168989264203 12
1757630109922 0.10820844449591939 13
1757630109969 0.130885481332079 14
1757630110019 0.19261219430455537 15
1757630110068 0.13812088262071368 16
1757630110118 0.13021448044265288 17
1757630110165 0.1413763722043279 18
1757630110214 0.11823280731369767 19
1757630110269 0.1057587517714098 20
1757630110324 0.13646715312802588 21
1757630110388 0.12146543550126791 22
1757630110455 0.13235978382083405 23
1757630110529 0.17416436601995572 24
1757630110595 0.1392606163758185 25
1757630110654 0.0705412474918133 26
1757630110710 0.10144805880927837 27
1757630110762 0.1998336028253171 28
1757630110816 0.07441422337142595 29
1757630110869 0.2526877355776047 30
1757630110921 0.15550200306506215 31
1757630110972 0.09152740729236045 32
1757630111028 0.12212000514396883 33
1757630111083 0.10249647302367405 34
1757630111136 0.10846882972771246 35
1757630111190 0.11135178786068504 36
1757630111243 0.07250931162638924 37
1757630111299 0.09408594147073471 38
1757630111353 0.17081943576107492 39
1757630111417 0.15079154811448905 40
1757630111471 0.09106127634043566 41
1757630111527 0.10176015099328106 42
1757630111582 0.09210801462664615 43
1757630111635 0.09473287616160339 44
1757630111688 0.13926781479150635 45
1757630111739 0.07540570201724861 46
1757630111792 0.10595696429544123 47
1757630111844 0.11943347257959475 48
1757630111895 0.13193470632935392 49
1757630111949 0.06809232943146999 50
1757630112004 0.05549511388732274 51
1757630112062 0.13036917412472973 52
1757630112120 0.12777097705088156 53
1757630112175 0.1383548380452898 54
1757630112231 0.08959074268822327 55
1757630112285 0.12021859964637759 56
1757630112341 0.10965285118623665 57
1757630112396 0.2347704672584903 58
1757630112449 0.1500585724056746 59
1757630112506 0.09700848255892833 60
1757630112560 0.16078814943267 61
1757630112614 0.19263604203058812 62
1757630112667 0.17467302942960186 63
1757630112719 0.08839597201961004 64
1757630112774 0.19631036081296624 65
1757630112829 0.09870322378872336 66
1757630112885 0.23451437538734038 67
1757630112947 0.10257513821758883 68
1757630113002 0.0797252330111433 69
1757630113056 0.10445394876016102 70
1757630113112 0.07691031535179264 71
1757630113169 0.12961207608775102 72
1757630113223 0.1375752742832441 73
1757630113277 0.16887027172533725 74
1757630113337 0.1079587238850887 75
1757630113392 0.05872360274876306 76
1757630113456 0.17392626408715048 77
1757630113513 0.178046788253373 78
1757630113568 0.15446628543391888 79
1757630113623 0.11119333364799754 80
1757630113677 0.1270571244933592 81
1757630113734 0.09944692145541154 82
1757630113789 0.1136335725279277 83
1757630113842 0.09726661746386138 84
1757630113896 0.13529894800310482 85
1757630113948 0.17010062633894923 86
1757630114001 0.14982746657006532 87
1757630114055 0.10283511909161833 88
1757630114118 0.11490284750230781 89
1757630114176 0.1374881568171562 90
1757630114228 0.1233243154662456 91
1757630114283 0.12592759107727663 92
1757630114338 0.12801927736123625 93
1757630114392 0.07727680571289264 94
1757630114448 0.1035243877758956 95
1757630114505 0.11119357142312383 96
1757630114566 0.17395283387823743 97
1757630114627 0.14400141583093695 98
1757630114684 0.1264502858293341 99
1757630114744 0.1487562773650943 100
1757630114799 0.12604149929949834 101
1757630114855 0.11652970547807136 102
1757630114910 0.22185378059358146 103
1757630114964 0.08588841195480168 104
1757630115020 0.10806909410474652 105
1757630115076 0.15226631639818736 106
1757630115133 0.2316634954620093 107
1757630115271 0.14629469187244099 108
1757630115346 0.08496274855209476 109
1757630115408 0.09663211386395398 110
1757630115492 0.1502820561532216 111
1757630115566 0.12818694076402923 112
1757630115625 0.08378123946036184 113
1757630115684 0.12242074084862084 114
1757630115745 0.1099325379825765 115
1757630115803 0.12569567224567965 116
1757630115860 0.1097025884393394 117
1757630115917 0.05884828949805137 118
1757630115971 0.06782231099066562 119
1757630116027 0.10678604487790129 120
1757630116083 0.17324255100289598 121
1757630116138 0.06984900019706235 122
1757630116195 0.06848131118994719 123
1757630116248 0.12768237403767077 124
1757630116303 0.1859610320544625 125
1757630116355 0.10237872409198842 126
1757630116412 0.15484899288391893 127
1757630116466 0.1816505767950826 128
1757630116530 0.09393330041235101 129
1757630116593 0.17115606269022518 130
1757630116650 0.11439403892634402 131
1757630116709 0.10969466453090378 132
1757630116765 0.11195281778671969 133
1757630116822 0.12714633587878135 134
1757630116878 0.12426824521606411 135
1757630116933 0.1514924501615398 136
1757630116989 0.20159115025103358 137
1757630117044 0.08200358432755472 138
1757630117101 0.13273170545583998 139
1757630117157 0.1493487730120645 140
1757630117212 0.12412400827439325 141
1757630117266 0.08891937753918411 142
1757630117323 0.08813807468953548 143
1757630117380 0.1033612592055347 144
1757630117433 0.1567322015486091 145
1757630117486 0.14513554866726897 146
1757630117548 0.1318189263269409 147
1757630117607 0.11148889826914808 148
1757630117661 0.11760398607254699 149
1757630117716 0.0570246286171608 150
1757630117769 0.08787225049009176 151
1757630117824 0.08648930297670222 152
1757630117875 0.14296365604767944 153
1757630117929 0.082762898508659 154
1757630117981 0.09053402808585542 155
1757630118037 0.12292801407803856 156
1757630118094 0.1140162460786528 157
1757630118148 0.10606874317798999 158
1757630118200 0.21597775577634398 159
1757630118251 0.18204135730822818 160
1757630118305 0.1441003302406441 161
1757630118359 0.1194756852151504 162
1757630118417 0.13164994431959717 163
1757630118480 0.10874462811892294 164
1757630118574 0.07638781314284693 165
1757630118638 0.1359792908561841 166
1757630118695 0.09705256719088932 167
1757630118752 0.13875145271875033 168
1757630118809 0.09197078688434193 169
1757630118869 0.1287944666259951 170
1757630118926 0.1603559585371482 171
1757630118984 0.15490081688937143 172
1757630119038 0.13019247269336898 173
1757630119095 0.15516306678830508 174
1757630119149 0.1483832159282019 175
1757630119204 0.0878352167589693 176
1757630119262 0.11496741874149612 177
1757630119317 0.19820793477216847 178
1757630119370 0.08361086174145567 179
1757630119434 0.11894199593753 180
1757630119499 0.14994850466260287 181
1757630119577 0.08593886934659042 182
1757630119707 0.10323023668715249 183
1757630119768 0.10862378727160009 184
1757630119830 0.09375731638580433 185
1757630119891 0.12357594465291892 186
1757630119948 0.15765055054861798 187
1757630120004 0.13619729693623386 188
1757630120060 0.13023017217564908 189
1757630120117 0.10795691164940673 190
1757630120173 0.12405920402895537 191
1757630120229 0.14048968313552054 192
1757630120284 0.09119785644159938 193
1757630120338 0.07970347436129237 194
1757630120393 0.19922564101310883 195
1757630120450 0.12384360932843116 196
1757630120521 0.1099953640209453 197
1757630120589 0.19719519131425642 198
1757630120646 0.11426669592573176 199
1757630120704 0.1336885166630177 200
1757630120759 0.15361354501749858 201
1757630120822 0.10672930137013817 202
1757630120877 0.05559090139265215 203
1757630120932 0.15644759097125752 204
1757630120987 0.12933330737357165 205
1757630121041 0.18717188883230346 206
1757630121100 0.127553335103547 207
1757630121155 0.24073657781189753 208
1757630121208 0.08718961300358935 209
1757630121262 0.11153309102277317 210
1757630121317 0.08997443761831694 211
1757630121371 0.08282885251687333 212
1757630121426 0.08114352095443572 213
1757630121479 0.11440094082757366 214
1757630121534 0.14328262993743293 215
1757630121592 0.14161634717348026 216
1757630121650 0.17663010770746976 217
1757630121705 0.09772408872282638 218
1757630121759 0.09603406435606203 219
1757630121813 0.09224325073126104 220
1757630121866 0.07995652122359115 221
1757630121920 0.059311674340453875 222
1757630121973 0.1233888918169203 223
1757630122027 0.1533193197725729 224
1757630122161 0.10566604754536303 225
1757630122213 0.05937634547847706 226
1757630122263 0.160231283595485 227
1757630122315 0.12878754596981287 228
1757630122366 0.1639905399582457 229
1757630122418 0.1477373265770445 230
1757630122473 0.14823175555939075 231
1757630122526 0.15409366387252016 232
1757630122577 0.0756064090655263 233
1757630122627 0.10186802885521787 234
1757630122680 0.08733406297312478 235
1757630122732 0.10911247188618194 236
1757630122783 0.15131206831392052 237
1757630122834 0.14084090685950523 238
1757630122886 0.1664101629831336 239
1757630122939 0.19343661276941293 240
1757630122991 0.12181054877683783 241
1757630123044 0.09113921958349087 242
1757630123095 0.0797723656311343 243
1757630123147 0.16559334133226924 244
1757630123198 0.17566116150073371 245
1757630123250 0.06404420010583366 246
1757630123303 0.10081433538660395 247
1757630123353 0.05872517175245901 248
1757630123405 0.06804324714456698 249
1757630123459 0.13865451290166128 250
1757630123513 0.1424984804843288 251
1757630123565 0.1480189816180022 252
1757630123620 0.08637379037292087 253
1757630123675 0.12109894703549334 254
1757630123727 0.08385567483340334 255
1757630123779 0.12599987226162618 256
1757630123830 0.11502512178872845 257
1757630123881 0.11047201178974538 258
1757630123935 0.07604850559088831 259
1757630123986 0.1089919939604571 260
1757630124038 0.13676533252042383 261
1757630124089 0.09847645362195921 262
1757630124141 0.12520580921142693 263
1757630124194 0.13417032491016462 264
1757630124245 0.14939095070831718 265
1757630124298 0.15423076308652378 266
1757630124350 0.15003098976769355 267
1757630124402 0.11284636365161592 268
1757630124455 0.0898771770620324 269
1757630124507 0.17864089687519785 270
1757630124558 0.22662295108078098 271
1757630124612 0.11970340853755129 272
1757630124664 0.16989495221156162 273
1757630124716 0.09209720188676677 274
1757630124769 0.1609745650613672 275
1757630124821 0.1155746688583291 276
1757630124873 0.13374333893431284 277
1757630124928 0.06723542313044686 278
1757630124980 0.16574422045718962 279
1757630125032 0.10297577456807358 280
1757630125084 0.15581354941678138 281
1757630125136 0.16894468525586953 282
1757630125237 0.10257219848958751 283
1757630125300 0.10334472599968902 284
1757630125355 0.05716643321293285 285
1757630125411 0.13550260597145328 286
1757630125477 0.11538576191266299 287
1757630125547 0.09604332672680488 288
1757630125604 0.11576638411439626 289
1757630125665 0.1329681337783559 290
1757630125720 0.10750812192902211 291
1757630125775 0.14946102487886287 292
1757630125828 0.18499738184565584 293
1757630125882 0.17375189103550817 294
1757630125940 0.18271748307118302 295
1757630125997 0.13633182499483582 296
1757630126053 0.22512904266457537 297
1757630126109 0.07406467080804344 298
1757630126163 0.0986808125619859 299
1757630126219 0.11752433590271545 300
1757630126274 0.12071294457244813 301
1757630126328 0.1341950391837979 302
1757630126382 0.1279946486877267 303
1757630126438 0.1582387567836483 304
1757630126492 0.20684480501878635 305
1757630126548 0.1192055229618341 306
1757630126603 0.11796707258347511 307
1757630126657 0.0779188377594521 308
1757630126711 0.1256126810027351 309
1757630126763 0.17577275784696714 310
1757630126817 0.09607102851072745 311
1757630126869 0.0818843056400874 312
1757630126923 0.13389684249168068 313
1757630126976 0.12857709883808296 314
1757630127032 0.1451979787785044 315
1757630127084 0.13054675227234722 316
1757630127137 0.10702278879428609 317
1757630127190 0.17108634813612694 318
1757630127243 0.11580897060094288 319
1757630127298 0.10980347464470278 320
1757630127350 0.14699610490989437 321
1757630127404 0.112357312208852 322
1757630127458 0.06066151601613516 323
1757630127513 0.1506547256150616 324
1757630127567 0.08779358549779344 325
1757630127621 0.12181337380890457 326
1757630127679 0.16262505967883006 327
1757630127736 0.11390791087910551 328
1757630127791 0.10423621756850097 329
1757630127844 0.18299904576401943 330
1757630127899 0.09195817462210047 331
1757630127960 0.15282112995806277 332
1757630128016 0.13919440627324897 333
1757630128070 0.09315122158237094 334
1757630128126 0.07181938569230281 335
1757630128179 0.13162621723981904 336
1757630128235 0.10869784209490425 337
1757630128288 0.08417138037750682 338
1757630128341 0.1280910776641069 339
1757630128397 0.05653070399870225 340
1757630128456 0.12252949081229997 341
1757630128530 0.1239418159921972 342
1757630128587 0.10977843901605189 343
1757630128645 0.1513142651708745 344
1757630128703 0.14111253633601134 345
1757630128760 0.1120359676413558 346
1757630128817 0.11103386126304512 347
1757630128872 0.13888764244882296 348
1757630128930 0.06796682583222631 349
1757630128987 0.10066330231633978 350
1757630129045 0.13044830496474127 351
1757630129099 0.18028175906377236 352
1757630129153 0.08883186265433973 353
1757630129207 0.13295878943264555 354
1757630129260 0.1692886338549385 355
1757630129315 0.10465588411253537 356
1757630129369 0.0998203073821294 357
1757630129425 0.13112654763224307 358
1757630129479 0.11453182310414149 359
1757630129535 0.12004897952706173 360
1757630129590 0.14446319161896146 361
1757630129645 0.07305381577927944 362
1757630129704 0.17855626868805022 363
1757630129763 0.14340240138986812 364
1757630129820 0.16102772226209813 365
1757630129874 0.15221136929257043 366
1757630129932 0.11996057077682938 367
1757630129987 0.09248064142424256 368
1757630130042 0.09144244953009746 369
1757630130097 0.2255237630827887 370
1757630130151 0.09604142633702319 371
1757630130214 0.15474803672405552 372
1757630130270 0.10679549052623563 373
1757630130325 0.10213522861449834 374
1757630130380 0.15800800134282064 375
1757630130438 0.13336754191442254 376
1757630130508 0.16287739176375343 377
1757630130570 0.08168447657936352 378
1757630130626 0.0591945008443008 379
1757630130682 0.1206505696031098 380
1757630130739 0.11314671992481265 381
1757630130798 0.10452679494683675 382
1757630130856 0.1495327776702166 383
1757630130913 0.2556516464488889 384
1757630130969 0.10109985278704627 385
1757630131027 0.1053587367434655 386
1757630131084 0.11604066269822991 387
1757630131141 0.11268052191673424 388
1757630131197 0.13917766842021292 389
1757630131252 0.08156464962167004 390
1757630131306 0.08114946570159777 391
1757630131360 0.14703962092263823 392
1757630131415 0.10223211107223186 393
1757630131471 0.17784007713125008 394
1757630131525 0.1436067529308245 395
1757630131581 0.09822879266340455 396
1757630131635 0.06405787570911396 397
1757630131689 0.1423786421282493 398
1757630131749 0.11448590557568208 399
1757630131809 0.16519476382776158 400
1757630131865 0.07877548360687497 401
1757630131923 0.09799100790637504 402
1757630131979 0.12833537522834118 403
1757630132034 0.07970717718443765 404
1757630132088 0.1023464391921908 405
1757630132142 0.11212492641841781 406
1757630132197 0.1704366673252833 407
1757630132252 0.17756493166632037 408
1757630132306 0.10094073522448084 409
1757630132360 0.20641744797381847 410
1757630132414 0.1758770075198245 411
1757630132469 0.2106108361864508 412
1757630132524 0.07952448432036574 413
1757630132578 0.18429872335138878 414
1757630132632 0.14534034138600474 415
1757630132687 0.1645232144695001 416
1757630132742 0.15542491996753127 417
1757630132797 0.18524360337921744 418
1757630132851 0.25928676285888186 419
1757630132906 0.1285791615760643 420
1757630132962 0.10756036711497528 421
1757630133018 0.08808626580535638 422
1757630133074 0.12657819310155632 423
1757630133130 0.13242161959409177 424
1757630133185 0.09263638251813759 425
1757630133239 0.16652773304493074 426
1757630133294 0.08833924863513237 427
1757630133350 0.18224727853627698 428
1757630133405 0.15569246053737412 429
1757630133461 0.1607758300193038 430
1757630133516 0.13329672863075978 431
1757630133571 0.12980734844349168 432
1757630133626 0.16727559715310605 433
1757630133682 0.09155372059151468 434
1757630133737 0.06466813606179413 435
1757630133798 0.08855337496678677 436
1757630133854 0.08767794088988598 437
1757630133909 0.11680466988996259 438
1757630133964 0.11401713599044708 439
1757630134020 0.08013768323598434 440
1757630134078 0.06690076710653481 441
1757630134134 0.11604088991189689 442
1757630134189 0.17655811564354998 443
1757630134245 0.1518754852042192 444
1757630134301 0.11541063887873647 445
1757630134357 0.17357565162275604 446
1757630134413 0.2046751957250194 447
1757630134469 0.11010144975379542 448
1757630134525 0.23961682100191764 449
1757630134582 0.12915101396127715 450
1757630134647 0.11002648239258754 451
1757630134704 0.11590998435076855 452
1757630134759 0.09931334983008638 453
1757630134817 0.15744253004542527 454
1757630134875 0.08723699178799812 455
1757630134930 0.17750867471536122 456
1757630134986 0.2066068562534426 457
1757630135043 0.07104596938810527 458
1757630135099 0.10464560122317221 459
1757630135156 0.1314423584046013 460
1757630135212 0.10443292563924769 461
1757630135268 0.16392670663797046 462
1757630135325 0.1910149556692155 463
1757630135382 0.19244535977180932 464
1757630135438 0.110078259311236 465
1757630135508 0.1518543353566839 466
1757630135571 0.1458658574956327 467
1757630135644 0.08124049868610081 468
1757630135729 0.13776069099668448 469
1757630135790 0.11618861415463798 470
1757630135856 0.06946738509998193 471
1757630135914 0.09433623236686646 472
1757630135972 0.07188518176402052 473
1757630136030 0.1055607997781367 474
1757630136089 0.09485658893670197 475
1757630136149 0.07465447272392726 476
1757630136206 0.17132785027018205 477
1757630136262 0.1036105677589984 478
1757630136318 0.12592247222081293 479
1757630136374 0.16477294247243632 480
1757630136430 0.14037187276512017 481
1757630136499 0.14467072374058884 482
1757630136559 0.14189955368791723 483
1757630136615 0.2095943983343714 484
1757630136671 0.20617616732622443 485
1757630136728 0.09899820290096209 486
1757630136784 0.1916201960144602 487
1757630136840 0.06481191994385822 488
1757630136898 0.09403452207149081 489
1757630136954 0.07973191116014149 490
1757630137011 0.12954879306811512 491
1757630137067 0.1095699177418469 492
1757630137124 0.1148604530789637 493
1757630137180 0.13356658824494289 494
1757630137238 0.13349134901682802 495
1757630137294 0.1220308003174933 496
1757630137350 0.12260060662316631 497
1757630137407 0.10994622767063404 498
1757630137526 0.15572105651796667 499
