1757624646942 182.6408086743894 0
1757624646982 179.00203624870736 1
1757624647023 172.2250570270123 2
1757624647071 162.86754278713056 3
1757624647113 151.50891301751804 4
1757624647153 138.7211941990776 5
1757624647194 125.04599342363454 6
1757624647234 110.97727282798407 7
1757624647275 96.9494526310598 8
1757624647315 83.33025967331226 9
1757624647358 70.41858787218473 10
1757624647399 58.44256279706113 11
1757624647441 47.56407665894511 12
1757624647481 37.88396748989871 13
1757624647522 29.448663984713374 14
1757624647563 22.257750865476773 15
1757624647604 16.271979590724456 16
1757624647644 11.421323901258152 17
1757624647686 7.61275533335672 18
1757624647727 4.737487369086608 19
1757624647766 2.67750592805166 20
1757624647807 1.311266660116679 21
1757624647848 0.5184947774130749 22
1757624647889 0.18407028342977164 23
1757624647931 0.20102017685189613 24
1757624647972 0.47266965512800524 25
1757624648065 0.9140269371493157 26
1757624648113 1.4524917061472633 27
1757624648161 2.027986137096066 28
1757624648214 2.5926109056721836 29
1757624648263 3.1099274081982182 30
1757624648312 3.553962582158232 31
1757624648354 3.908025095824933 32
1757624648398 4.163412100017438 33
1757624648439 4.318074948015977 34
1757624648480 4.375300937989302 35
1757624648523 4.342506246353567 36
1757624648564 4.229886713859722 37
1757624648606 4.049541864593589 38
1757624648647 3.8145718331467187 39
1757624648687 3.538316726668485 40
1757624648730 3.233739231932881 41
1757624648773 2.9129457845935205 42
1757624648814 2.5868373423754174 43
1757624648855 2.2648776761276115 44
1757624648898 1.9549650123178344 45
1757624648940 1.663391706975482 46
1757624648982 1.394876271504052 47
1757624649024 1.1526523676954166 48
1757624649070 0.9386002065930523 49
1757624649117 0.7534069937662305 50
1757624649159 0.5967445422706337 51
1757624649201 0.4674538169022753 52
1757624649245 0.36372788638245984 53
1757624649300 0.28328646596969786 54
1757624649350 0.2235368689208739 55
1757624649403 0.18171770305394244 56
1757624649444 0.1550230138577601 57
1757624649486 0.14070576593686665 58
1757624649529 0.13616055866585622 59
1757624649573 0.13898628753260323 60
1757624649615 0.14701110429322004 61
1757624649656 0.15833388854732403 62
1757624649699 0.17135150173032787 63
1757624649742 0.18475686185501614 64
1757624649784 0.19752671731835084 65
1757624649827 0.20890149145644193 66
1757624649869 0.21835942582437207 67
1757624649911 0.22558704792138326 68
1757624649954 0.23044774731939974 69
1757624649996 0.2329499797958998 70
1757624650039 0.23321634665638472 71
1757624650081 0.23145452801103053 72
1757624650122 0.22793079392721627 73
1757624650165 0.22294658333093467 74
1757624650208 0.21681155343031117 75
1757624650248 0.20982700684825892 76
1757624650292 0.20228608258999642 77
1757624650337 0.19446263304550312 78
1757624650381 0.1866030206272141 79
1757624650423 0.17892059465948046 80
1757624650466 0.17159255388270336 81
1757624650509 0.16475886529736952 82
1757624650552 0.15852289372438205 83
1757624650595 0.15295339580159673 84
1757624650638 0.14807464962653172 85
1757624650680 0.14388599955342302 86
1757624650724 0.14036803364426578 87
1757624650767 0.13748622756914844 88
1757624650809 0.13519447519016778 89
1757624650852 0.13343839962885312 90
1757624650895 0.13215836800651667 91
1757624650938 0.13129551549661186 92
1757624650981 0.13077872139197294 93
1757624651024 0.13054142484462467 94
1757624651070 0.13052281298551477 95
1757624651118 0.13066858368447085 96
1757624651161 0.13093133952850516 97
1757624651205 0.13127067236106912 98
1757624651248 0.13163826467343323 99
1757624651290 0.13200208784148973 100
1757624651333 0.13233952604294605 101
1757624651377 0.13263606347139117 102
1757624651420 0.13288390633877972 103
1757624651463 0.13308639795157848 104
1757624651507 0.13323733567832588 105
1757624651551 0.13333572593190735 106
1757624651596 0.1333845895408431 107
1757624651640 0.13338984216794383 108
1757624651685 0.13334792570211668 109
1757624651730 0.13326493717669294 110
1757624651774 0.13314942819885509 111
1757624651818 0.13301131315667358 112
1757624651862 0.1328643356554145 113
1757624651907 0.13271201678560374 114
1757624651951 0.13255912775587755 115
1757624651995 0.1324110694421284 116
1757624652040 0.13227333961437254 117
1757624652084 0.13214032231738804 118
1757624652128 0.13201277215003718 119
1757624652171 0.13189296440976073 120
1757624652215 0.13178405845391758 121
1757624652258 0.13169356498353216 122
1757624652302 0.13161901553620686 123
1757624652345 0.13155939872065 124
1757624652391 0.131514728557243 125
1757624652435 0.13147642837835108 126
1757624652480 0.13144270278522063 127
1757624652524 0.13141358274784604 128
1757624652569 0.1313903339558066 129
1757624652613 0.13137617345049554 130
1757624652658 0.13136741357917261 131
1757624652702 0.13136257884402527 132
1757624652746 0.13136183469587054 133
1757624652789 0.13136645326569216 134
1757624652834 0.13136893751844497 135
1757624652878 0.13136692627197302 136
1757624652923 0.1313604547287762 137
